12.12.2023 17:00:10.763  12.04000000  12039.99197   0.00 -115.2   20.8  28.0 30.56  226.0     0.0  225.96    0.00    0.00     0.0  225.96    0.00    0.00     0.0  225.96    0.00    0.00    8.6     61210.763      5.50   47.24000   39.71000  "Undefined"          0.0    -8.03  0.00000000
12.12.2023 17:00:10.763  12.04000000  12039.99124   0.00  -91.6   44.4  28.0 29.98  226.1     0.0  226.10    0.00    0.00     0.0  226.10    0.00    0.00     0.0  226.10    0.00    0.00    5.8     61210.763      5.50   47.24000   39.71000  "Undefined"          0.0    -8.76  0.00000000
12.12.2023 17:00:42.512  12.04000000  12039.99015   0.00 -113.0   23.0  28.0 31.25  227.6     0.0  227.64    0.00    0.00     0.0  227.64    0.00    0.00     0.0  227.64    0.00    0.00    5.7     61242.512      5.50   47.24000   39.71000  "Undefined"          0.0    -9.85  0.00000000
12.12.2023 17:00:42.512  12.04000000  12039.99197   0.00 -112.3   23.7  28.0 28.21  226.3     0.0  226.34    0.00    0.00     0.0  226.34    0.00    0.00     0.0  226.34    0.00    0.00    6.1     61242.512      5.50   47.24000   39.71000  "Undefined"          0.0    -8.03  0.00000000
12.12.2023 17:00:42.512  12.04000000  12039.99100   0.00  -96.7   39.3  28.0 28.56  224.9     0.0  224.85    0.00    0.00     0.0  224.85    0.00    0.00     0.0  224.85    0.00    0.00    5.6     61242.512      5.50   47.24000   39.71000  "Undefined"          0.0    -9.00  0.00000000
12.12.2023 17:01:14.325  12.04000000  12039.99027   0.00 -115.7   20.3  28.0 32.50  229.5     0.0  229.51    0.00    0.00     0.0  229.51    0.00    0.00     0.0  229.51    0.00    0.00    6.9     61274.325      5.50   47.24000   39.71000  "Undefined"          0.0    -9.73  0.00000000
12.12.2023 17:01:14.325  12.04000000  12039.99088   0.00 -106.2   29.8  28.0 31.24  224.6     0.0  224.64    0.00    0.00     0.0  224.64    0.00    0.00     0.0  224.64    0.00    0.00    5.0     61274.325      5.50   47.24000   39.71000  "Undefined"          0.0    -9.12  0.00000000
12.12.2023 17:01:14.325  12.04000000  12039.99124   0.00 -101.7   34.3  28.0 34.10  226.3     0.0  226.32    0.00    0.00     0.0  226.32    0.00    0.00     0.0  226.32    0.00    0.00   12.1     61274.325      5.50   47.24000   39.71000  "Undefined"          0.0    -8.76  0.00000000
12.12.2023 17:01:46.164  12.04000000  12039.99210   0.00 -115.5   20.5  28.0 29.19  228.4     0.0  228.40    0.00    0.00     0.0  228.40    0.00    0.00     0.0  228.40    0.00    0.00    5.6     61306.164      5.50   47.24000   39.71000  "Undefined"          0.0    -7.90  0.00000000
12.12.2023 17:01:46.164  12.04000000  12039.98979   0.00 -114.9   21.1  28.0 31.83  227.6     0.0  227.61    0.00    0.00     0.0  227.61    0.00    0.00     0.0  227.61    0.00    0.00    6.4     61306.164      5.50   47.24000   39.71000  "Undefined"          0.0   -10.21  0.00000000
12.12.2023 17:01:46.164  12.04000000  12039.99112   0.00  -93.5   42.5  28.0 30.29  226.7     0.0  226.73    0.00    0.00     0.0  226.73    0.00    0.00     0.0  226.73    0.00    0.00    7.0     61306.164      5.50   47.24000   39.71000  "Undefined"          0.0    -8.88  0.00000000
12.12.2023 17:02:18.085  12.04000000  12039.99015   0.00 -114.6   21.4  28.0 32.34  227.1     0.0  227.12    0.00    0.00     0.0  227.12    0.00    0.00     0.0  227.12    0.00    0.00    6.6     61338.085      5.50   47.24000   39.71000  "Undefined"          0.0    -9.85  0.00000000
12.12.2023 17:02:18.085  12.04000000  12039.99124   0.00  -94.9   41.1  28.0 32.02  227.0     0.0  227.01    0.00    0.00     0.0  227.01    0.00    0.00     0.0  227.01    0.00    0.00    6.6     61338.085      5.50   47.24000   39.71000  "Undefined"          0.0    -8.76  0.00000000
12.12.2023 17:02:49.891  12.04000000  12039.99137   0.00 -105.2   30.8  28.0 28.51  225.4     0.0  225.43    0.00    0.00     0.0  225.43    0.00    0.00     0.0  225.43    0.00    0.00    6.6     61369.891      5.50   47.24000   39.71000  "Undefined"          0.0    -8.63  0.00000000
12.12.2023 17:02:49.891  12.04000000  12039.99088   0.00 -103.0   33.0  28.0 31.72  227.0     0.0  226.95    0.00    0.00     0.0  226.95    0.00    0.00     0.0  226.95    0.00    0.00    6.9     61369.891      5.50   47.24000   39.71000  "Undefined"          0.0    -9.12  0.00000000
12.12.2023 17:03:21.648  12.04000000  12039.99197   0.00 -115.1   20.9  28.0 27.88  226.0     0.0  226.02    0.00    0.00     0.0  226.02    0.00    0.00     0.0  226.02    0.00    0.00    7.7     61401.648      5.50   47.24000   39.71000  "Undefined"          0.0    -8.03  0.00000000
12.12.2023 17:03:21.648  12.04000000  12039.98954   0.00 -115.0   21.0  28.0 30.03  224.7     0.0  224.73    0.00    0.00     0.0  224.73    0.00    0.00     0.0  224.73    0.00    0.00    6.9     61401.648      5.50   47.24000   39.71000  "Undefined"          0.0   -10.46  0.00000000
12.12.2023 17:03:21.648  12.04000000  12039.99015   0.00 -111.0   25.0  28.0 33.15  226.1     0.0  226.09    0.00    0.00     0.0  226.09    0.00    0.00     0.0  226.09    0.00    0.00    8.4     61401.648      5.50   47.24000   39.71000  "Undefined"          0.0    -9.85  0.00000000
12.12.2023 17:03:21.648  12.04000000  12039.99088   0.00 -103.3   32.7  28.0 30.64  226.4     0.0  226.43    0.00    0.00     0.0  226.43    0.00    0.00     0.0  226.43    0.00    0.00    6.8     61401.648      5.50   47.24000   39.71000  "Undefined"          0.0    -9.12  0.00000000
12.12.2023 17:03:21.648  12.04000000  12039.99124   0.00  -91.0   45.0  28.0 33.14  228.1     0.0  228.07    0.00    0.00     0.0  228.07    0.00    0.00     0.0  228.07    0.00    0.00    8.5     61401.648      5.50   47.24000   39.71000  "Undefined"          0.0    -8.76  0.00000000
12.12.2023 17:03:53.434  12.04000000  12039.99052   0.00 -115.3   20.7  28.0 30.18  226.9     0.0  226.93    0.00    0.00     0.0  226.93    0.00    0.00     0.0  226.93    0.00    0.00    7.6     61433.434      5.50   47.24000   39.71000  "Undefined"          0.0    -9.48  0.00000000
12.12.2023 17:03:53.434  12.04000000  12039.99161   0.00 -112.9   23.1  28.0 29.33  226.8     0.0  226.81    0.00    0.00     0.0  226.81    0.00    0.00     0.0  226.81    0.00    0.00    6.4     61433.434      5.50   47.24000   39.71000  "Undefined"          0.0    -8.39  0.00000000
12.12.2023 17:03:53.434  12.04000000  12039.99124   0.00 -104.3   31.7  28.0 34.36  225.2     0.0  225.19    0.00    0.00     0.0  225.19    0.00    0.00     0.0  225.19    0.00    0.00   13.8     61433.434      5.50   47.24000   39.71000  "Undefined"          0.0    -8.76  0.00000000
12.12.2023 17:03:53.434  12.04000000  12039.99100   0.00 -103.4   32.6  28.0 26.68  223.0     0.0  223.03    0.00    0.00     0.0  223.03    0.00    0.00     0.0  223.03    0.00    0.00    3.0     61433.434      5.50   47.24000   39.71000  "Undefined"          0.0    -9.00  0.00000000
12.12.2023 17:04:25.174  12.04000000  12039.99197   0.00 -115.6   20.4  28.0 26.51  224.9     0.0  224.90    0.00    0.00     0.0  224.90    0.00    0.00     0.0  224.90    0.00    0.00    5.3     61465.174      5.50   47.24000   39.71000  "Undefined"          0.0    -8.03  0.00000000
12.12.2023 17:04:25.174  12.04000000  12039.99039   0.00 -115.2   20.8  28.0 31.18  223.4     0.0  223.43    0.00    0.00     0.0  223.43    0.00    0.00     0.0  223.43    0.00    0.00    5.9     61465.174      5.50   47.24000   39.71000  "Undefined"          0.0    -9.61  0.00000000
12.12.2023 17:04:25.174  12.04000000  12039.99100   0.00  -98.4   37.6  28.0 32.22  226.6     0.0  226.58    0.00    0.00     0.0  226.58    0.00    0.00     0.0  226.58    0.00    0.00    8.5     61465.174      5.50   47.24000   39.71000  "Undefined"          0.0    -9.00  0.00000000
12.12.2023 17:04:25.174  12.04000000  12039.99124   0.00  -97.5   38.5  28.0 29.96  226.8     0.0  226.76    0.00    0.00     0.0  226.76    0.00    0.00     0.0  226.76    0.00    0.00    3.8     61465.174      5.50   47.24000   39.71000  "Undefined"          0.0    -8.76  0.00000000
12.12.2023 17:04:56.954  12.04000000  12039.99173   0.00 -115.9   20.1  28.0 28.46  226.4     0.0  226.43    0.00    0.00     0.0  226.43    0.00    0.00     0.0  226.43    0.00    0.00    4.7     61496.954      5.50   47.24000   39.71000  "Undefined"          0.0    -8.27  0.00000000
12.12.2023 17:04:56.954  12.04000000  12039.99015   0.00 -113.8   22.2  28.0 28.65  226.8     0.0  226.82    0.00    0.00     0.0  226.82    0.00    0.00     0.0  226.82    0.00    0.00    4.1     61496.954      5.50   47.24000   39.71000  "Undefined"          0.0    -9.85  0.00000000
12.12.2023 17:04:56.954  12.04000000  12039.99088   0.00  -98.0   38.0  28.0 31.52  226.6     0.0  226.64    0.00    0.00     0.0  226.64    0.00    0.00     0.0  226.64    0.00    0.00    6.4     61496.954      5.50   47.24000   39.71000  "Undefined"          0.0    -9.12  0.00000000
12.12.2023 17:05:39.276  12.04000000  12039.99173   0.00 -113.7   20.3  28.0 34.31  229.9     0.0  229.93    0.00    0.00     0.0  229.93    0.00    0.00     0.0  229.93    0.00    0.00   10.3     61539.276      5.50   47.24000   39.71000  "Undefined"          0.0    -8.27  0.00000000
12.12.2023 17:05:39.276  12.04000000  12039.99100   0.00  -89.6   44.4  28.0 33.28  227.2     0.0  227.25    0.00    0.00     0.0  227.25    0.00    0.00     0.0  227.25    0.00    0.00    7.7     61539.276      5.50   47.24000   39.71000  "Undefined"          0.0    -9.00  0.00000000
12.12.2023 17:06:11.115  12.04000000  12039.99185   0.00 -115.1   20.9  28.0 26.64  225.8     0.0  225.79    0.00    0.00     0.0  225.79    0.00    0.00     0.0  225.79    0.00    0.00    4.2     61571.115      5.50   47.24000   39.71000  "Undefined"          0.0    -8.15  0.00000000
12.12.2023 17:06:11.115  12.04000000  12039.99100   0.00  -96.8   39.2  28.0 33.30  226.3     0.0  226.33    0.00    0.00     0.0  226.33    0.00    0.00     0.0  226.33    0.00    0.00    9.4     61571.115      5.50   47.24000   39.71000  "Undefined"          0.0    -9.00  0.00000000
12.12.2023 17:06:42.987  12.04000000  12039.99210   0.00 -114.1   21.9  28.0 30.61  227.3     0.0  227.32    0.00    0.00     0.0  227.32    0.00    0.00     0.0  227.32    0.00    0.00    4.0     61602.987      5.50   47.24000   39.71000  "Undefined"          0.0    -7.90  0.00000000
12.12.2023 17:06:42.987  12.04000000  12039.99100   0.00  -94.1   41.9  28.0 31.94  226.9     0.0  226.90    0.00    0.00     0.0  226.90    0.00    0.00     0.0  226.90    0.00    0.00    6.8     61602.987      5.50   47.24000   39.71000  "Undefined"          0.0    -9.00  0.00000000
12.12.2023 17:07:14.842  12.04000000  12039.98954   0.00 -115.8   20.2  28.0 28.77  228.0     0.0  228.04    0.00    0.00     0.0  228.04    0.00    0.00     0.0  228.04    0.00    0.00    7.8     61634.842      5.50   47.24000   39.71000  "Undefined"          0.0   -10.46  0.00000000
12.12.2023 17:07:14.842  12.04000000  12039.99112   0.00  -95.5   40.5  28.0 33.01  228.0     0.0  228.01    0.00    0.00     0.0  228.01    0.00    0.00     0.0  228.01    0.00    0.00    7.5     61634.842      5.50   47.24000   39.71000  "Undefined"          0.0    -8.88  0.00000000
12.12.2023 17:07:46.635  12.04000000  12039.99100   0.00  -90.5   43.5  28.0 30.98  226.5     0.0  226.50    0.00    0.00     0.0  226.50    0.00    0.00     0.0  226.50    0.00    0.00    6.4     61666.635      5.50   47.24000   39.71000  "Undefined"          0.0    -9.00  0.00000000
12.12.2023 17:08:18.421  12.04000000  12039.99039   0.00 -113.2   22.8  28.0 30.84  225.4     0.0  225.39    0.00    0.00     0.0  225.39    0.00    0.00     0.0  225.39    0.00    0.00    9.9     61698.421      5.50   47.24000   39.71000  "Undefined"          0.0    -9.61  0.00000000
12.12.2023 17:08:18.421  12.04000000  12039.99100   0.00  -97.9   38.1  28.0 33.13  227.0     0.0  227.04    0.00    0.00     0.0  227.04    0.00    0.00     0.0  227.04    0.00    0.00   10.6     61698.421      5.50   47.24000   39.71000  "Undefined"          0.0    -9.00  0.00000000
12.12.2023 17:08:18.421  12.04000000  12039.99124   0.00  -97.0   39.0  28.0 31.04  229.6     0.0  229.65    0.00    0.00     0.0  229.65    0.00    0.00     0.0  229.65    0.00    0.00    7.3     61698.421      5.50   47.24000   39.71000  "Undefined"          0.0    -8.76  0.00000000
12.12.2023 17:08:50.148  12.04000000  12039.99185   0.00 -108.6   27.4  28.0 28.48  226.7     0.0  226.73    0.00    0.00     0.0  226.73    0.00    0.00     0.0  226.73    0.00    0.00    5.4     61730.148      5.50   47.24000   39.71000  "Undefined"         -0.0    -8.15  0.00000000
12.12.2023 17:08:50.148  12.04000000  12039.99137   0.00 -107.2   28.8  28.0 32.92  228.3     0.0  228.29    0.00    0.00     0.0  228.29    0.00    0.00     0.0  228.29    0.00    0.00    6.6     61730.148      5.50   47.24000   39.71000  "Undefined"         -0.0    -8.63  0.00000000
12.12.2023 17:08:50.148  12.04000000  12039.99100   0.00  -97.0   39.0  28.0 30.86  226.9     0.0  226.87    0.00    0.00     0.0  226.87    0.00    0.00     0.0  226.87    0.00    0.00    9.7     61730.148      5.50   47.24000   39.71000  "Undefined"         -0.0    -9.00  0.00000000
12.12.2023 17:09:21.901  12.04000000  12039.99161   0.00 -112.1   23.9  28.0 29.88  224.4     0.0  224.39    0.00    0.00     0.0  224.39    0.00    0.00     0.0  224.39    0.00    0.00    6.0     61761.901      5.50   47.24000   39.71000  "Undefined"          0.0    -8.39  0.00000000
12.12.2023 17:09:21.901  12.04000000  12039.99100   0.00  -91.6   44.4  28.0 30.27  227.0     0.0  226.96    0.00    0.00     0.0  226.96    0.00    0.00     0.0  226.96    0.00    0.00    5.7     61761.901      5.50   47.24000   39.71000  "Undefined"          0.0    -9.00  0.00000000
12.12.2023 17:10:04.221  12.04000000  12039.99197   0.00 -113.3   22.7  28.0 30.05  226.7     0.0  226.69    0.00    0.00     0.0  226.69    0.00    0.00     0.0  226.69    0.00    0.00    7.3     61804.221      5.50   47.24000   39.71000  "Undefined"          0.0    -8.03  0.00000000
12.12.2023 17:10:04.221  12.04000000  12039.99173   0.00 -113.0   23.0  28.0 30.01  225.0     0.0  224.99    0.00    0.00     0.0  224.99    0.00    0.00     0.0  224.99    0.00    0.00    4.4     61804.221      5.50   47.24000   39.71000  "Undefined"          0.0    -8.27  0.00000000
12.12.2023 17:10:04.221  12.04000000  12039.99137   0.00 -100.9   35.1  28.0 31.88  230.8     0.0  230.84    0.00    0.00     0.0  230.84    0.00    0.00     0.0  230.84    0.00    0.00   12.7     61804.221      5.50   47.24000   39.71000  "Undefined"          0.0    -8.63  0.00000000
12.12.2023 17:10:04.221  12.04000000  12039.99100   0.00 -100.5   35.5  28.0 27.48  228.6     0.0  228.57    0.00    0.00     0.0  228.57    0.00    0.00     0.0  228.57    0.00    0.00    4.8     61804.221      5.50   47.24000   39.71000  "Undefined"          0.0    -9.00  0.00000000
12.12.2023 17:10:35.911  12.04000000  12039.99112   0.00  -95.3   40.7  28.0 28.88  226.0     0.0  225.99    0.00    0.00     0.0  225.99    0.00    0.00     0.0  225.99    0.00    0.00    6.5     61835.911      5.50   47.24000   39.71000  "Undefined"          0.0    -8.88  0.00000000
12.12.2023 17:11:07.684  12.04000000  12039.98833   0.00 -113.7   22.3  28.0 29.04  227.6     0.0  227.61    0.00    0.00     0.0  227.61    0.00    0.00     0.0  227.61    0.00    0.00    4.3     61867.684      5.50   47.24000   39.71000  "Undefined"          0.0   -11.67  0.00000000
12.12.2023 17:11:07.684  12.04000000  12039.99197   0.00 -113.5   22.5  28.0 27.51  227.7     0.0  227.69    0.00    0.00     0.0  227.69    0.00    0.00     0.0  227.69    0.00    0.00    6.4     61867.684      5.50   47.24000   39.71000  "Undefined"          0.0    -8.03  0.00000000
12.12.2023 17:11:07.684  12.04000000  12039.99039   0.00 -112.6   23.4  28.0 28.86  228.7     0.0  228.68    0.00    0.00     0.0  228.68    0.00    0.00     0.0  228.68    0.00    0.00    2.1     61867.684      5.50   47.24000   39.71000  "Undefined"          0.0    -9.61  0.00000000
12.12.2023 17:11:07.684  12.04000000  12039.99100   0.00  -92.1   43.9  28.0 29.01  226.2     0.0  226.17    0.00    0.00     0.0  226.17    0.00    0.00     0.0  226.17    0.00    0.00    4.1     61867.684      5.50   47.24000   39.71000  "Undefined"          0.0    -9.00  0.00000000
12.12.2023 17:11:39.539  12.04000000  12039.98979   0.00 -115.6   20.4  28.0 34.81  226.3     0.0  226.31    0.00    0.00     0.0  226.31    0.00    0.00     0.0  226.31    0.00    0.00    9.1     61899.539      5.50   47.24000   39.71000  "Undefined"          0.0   -10.21  0.00000000
12.12.2023 17:11:39.539  12.04000000  12039.99161   0.00 -112.1   23.9  28.0 31.24  226.6     0.0  226.64    0.00    0.00     0.0  226.64    0.00    0.00     0.0  226.64    0.00    0.00    4.7     61899.539      5.50   47.24000   39.71000  "Undefined"          0.0    -8.39  0.00000000
12.12.2023 17:11:39.539  12.04000000  12039.99197   0.00 -111.0   25.0  28.0 30.85  228.5     0.0  228.51    0.00    0.00     0.0  228.51    0.00    0.00     0.0  228.51    0.00    0.00    7.5     61899.539      5.50   47.24000   39.71000  "Undefined"          0.0    -8.03  0.00000000
12.12.2023 17:11:39.539  12.04000000  12039.99052   0.00 -110.3   25.7  28.0 30.51  222.6     0.0  222.59    0.00    0.00     0.0  222.59    0.00    0.00     0.0  222.59    0.00    0.00    4.6     61899.539      5.50   47.24000   39.71000  "Undefined"          0.0    -9.48  0.00000000
12.12.2023 17:11:39.539  12.04000000  12039.99100   0.00  -93.8   42.2  28.0 32.80  228.5     0.0  228.49    0.00    0.00     0.0  228.49    0.00    0.00     0.0  228.49    0.00    0.00    6.2     61899.539      5.50   47.24000   39.71000  "Undefined"          0.0    -9.00  0.00000000
12.12.2023 17:12:11.344  12.04000000  12039.99015   0.00 -111.2   24.8  28.0 31.78  225.3     0.0  225.34    0.00    0.00     0.0  225.34    0.00    0.00     0.0  225.34    0.00    0.00    8.9     61931.344      5.50   47.24000   39.71000  "Undefined"          0.0    -9.85  0.00000000
12.12.2023 17:12:11.344  12.04000000  12039.99137   0.00  -96.5   39.5  28.0 30.32  227.6     0.0  227.58    0.00    0.00     0.0  227.58    0.00    0.00     0.0  227.58    0.00    0.00    4.3     61931.344      5.50   47.24000   39.71000  "Undefined"          0.0    -8.63  0.00000000
12.12.2023 17:12:11.344  12.04000000  12039.99100   0.00  -91.5   44.5  28.0 33.35  228.8     0.0  228.80    0.00    0.00     0.0  228.80    0.00    0.00     0.0  228.80    0.00    0.00    8.7     61931.344      5.50   47.24000   39.71000  "Undefined"          0.0    -9.00  0.00000000
12.12.2023 17:12:53.766  12.04000000  12039.99185   0.00 -111.1   24.9  28.0 29.54  225.6     0.0  225.63    0.00    0.00     0.0  225.63    0.00    0.00     0.0  225.63    0.00    0.00    5.1     61973.766      5.50   47.24000   39.71000  "Undefined"          0.0    -8.15  0.00000000
12.12.2023 17:12:53.766  12.04000000  12039.99064   0.00  -99.1   36.9  28.0 29.24  226.8     0.0  226.77    0.00    0.00     0.0  226.77    0.00    0.00     0.0  226.77    0.00    0.00    5.1     61973.766      5.50   47.24000   39.71000  "Undefined"          0.0    -9.36  0.00000000
12.12.2023 17:12:53.766  12.04000000  12039.99112   0.00  -98.5   37.5  28.0 28.68  225.3     0.0  225.32    0.00    0.00     0.0  225.32    0.00    0.00     0.0  225.32    0.00    0.00    7.2     61973.766      5.50   47.24000   39.71000  "Undefined"          0.0    -8.88  0.00000000
12.12.2023 17:13:25.581  12.04000000  12039.99003   0.00 -115.5   20.5  28.0 30.11  223.0     0.0  223.01    0.00    0.00     0.0  223.01    0.00    0.00     0.0  223.01    0.00    0.00    8.3     62005.581      5.50   47.24000   39.71000  "Undefined"          0.0    -9.97  0.00000000
12.12.2023 17:13:25.581  12.04000000  12039.99197   0.00 -112.3   23.7  28.0 29.70  225.8     0.0  225.82    0.00    0.00     0.0  225.82    0.00    0.00     0.0  225.82    0.00    0.00    4.6     62005.581      5.50   47.24000   39.71000  "Undefined"          0.0    -8.03  0.00000000
12.12.2023 17:13:25.581  12.04000000  12039.99076   0.00 -100.5   35.5  28.0 28.93  227.4     0.0  227.45    0.00    0.00     0.0  227.45    0.00    0.00     0.0  227.45    0.00    0.00    5.7     62005.581      5.50   47.24000   39.71000  "Undefined"          0.0    -9.24  0.00000000
12.12.2023 17:13:25.581  12.04000000  12039.99100   0.00  -97.6   38.4  28.0 32.93  229.1     0.0  229.10    0.00    0.00     0.0  229.10    0.00    0.00     0.0  229.10    0.00    0.00   10.6     62005.581      5.50   47.24000   39.71000  "Undefined"          0.0    -9.00  0.00000000
12.12.2023 17:13:57.385  12.04000000  12039.99149   0.00 -114.4   21.6  28.0 26.64  230.3     0.0  230.32    0.00    0.00     0.0  230.32    0.00    0.00     0.0  230.32    0.00    0.00    2.8     62037.385      5.50   47.24000   39.71000  "Undefined"          0.0    -8.51  0.00000000
12.12.2023 17:13:57.385  12.04000000  12039.99039   0.00 -114.3   21.7  28.0 28.70  226.5     0.0  226.55    0.00    0.00     0.0  226.55    0.00    0.00     0.0  226.55    0.00    0.00    6.6     62037.385      5.50   47.24000   39.71000  "Undefined"          0.0    -9.61  0.00000000
12.12.2023 17:13:57.385  12.04000000  12039.99173   0.00 -113.4   22.6  28.0 26.63  225.7     0.0  225.72    0.00    0.00     0.0  225.72    0.00    0.00     0.0  225.72    0.00    0.00   13.6     62037.385      5.50   47.24000   39.71000  "Undefined"          0.0    -8.27  0.00000000
12.12.2023 17:13:57.385  12.04000000  12039.99100   0.00  -93.5   42.5  28.0 29.12  227.1     0.0  227.09    0.00    0.00     0.0  227.09    0.00    0.00     0.0  227.09    0.00    0.00    8.9     62037.385      5.50   47.24000   39.71000  "Undefined"          0.0    -9.00  0.00000000
12.12.2023 17:14:29.191  12.04000000  12039.99015   0.00 -115.0   21.0  28.0 25.35  219.9     0.0  219.87    0.00    0.00     0.0  219.87    0.00    0.00     0.0  219.87    0.00    0.00    4.1     62069.191      5.50   47.24000   39.71000  "Undefined"          0.0    -9.85  0.00000000
12.12.2023 17:14:29.191  12.04000000  12039.99197   0.00 -110.4   25.6  28.0 29.27  227.9     0.0  227.86    0.00    0.00     0.0  227.86    0.00    0.00     0.0  227.86    0.00    0.00    4.9     62069.191      5.50   47.24000   39.71000  "Undefined"          0.0    -8.03  0.00000000
12.12.2023 17:14:29.191  12.04000000  12039.99052   0.00 -106.5   29.5  28.0 32.67  228.5     0.0  228.54    0.00    0.00     0.0  228.54    0.00    0.00     0.0  228.54    0.00    0.00    7.1     62069.191      5.50   47.24000   39.71000  "Undefined"          0.0    -9.48  0.00000000
12.12.2023 17:14:29.191  12.04000000  12039.99100   0.00 -104.9   31.1  28.0 36.21  224.9     0.0  224.86    0.00    0.00     0.0  224.86    0.00    0.00     0.0  224.86    0.00    0.00   15.2     62069.191      5.50   47.24000   39.71000  "Undefined"          0.0    -9.00  0.00000000
12.12.2023 17:14:29.191  12.04000000  12039.99124   0.00 -103.2   32.8  28.0 29.82  228.9     0.0  228.94    0.00    0.00     0.0  228.94    0.00    0.00     0.0  228.94    0.00    0.00    6.5     62069.191      5.50   47.24000   39.71000  "Undefined"          0.0    -8.76  0.00000000
12.12.2023 17:15:11.428  12.04000000  12039.99185   0.00 -111.7   24.3  28.0 30.25  228.1     0.0  228.13    0.00    0.00     0.0  228.13    0.00    0.00     0.0  228.13    0.00    0.00    6.2     62111.428      5.50   47.24000   39.71000  "Undefined"          0.0    -8.15  0.00000000
12.12.2023 17:15:11.428  12.04000000  12039.99088   0.00  -98.8   37.2  28.0 33.31  229.7     0.0  229.66    0.00    0.00     0.0  229.66    0.00    0.00     0.0  229.66    0.00    0.00   11.1     62111.428      5.50   47.24000   39.71000  "Undefined"          0.0    -9.12  0.00000000
12.12.2023 17:15:11.428  12.04000000  12039.99112   0.00  -98.4   37.6  28.0 27.45  221.2     0.0  221.23    0.00    0.00     0.0  221.23    0.00    0.00     0.0  221.23    0.00    0.00    4.3     62111.428      5.50   47.24000   39.71000  "Undefined"          0.0    -8.88  0.00000000
12.12.2023 17:15:43.170  12.04000000  12039.99149   0.00 -112.7   23.3  28.0 29.76  225.3     0.0  225.30    0.00    0.00     0.0  225.30    0.00    0.00     0.0  225.30    0.00    0.00   13.2     62143.170      5.50   47.24000   39.71000  "Undefined"          0.0    -8.51  0.00000000
12.12.2023 17:15:43.170  12.04000000  12039.99064   0.00 -103.6   32.4  28.0 31.37  228.5     0.0  228.46    0.00    0.00     0.0  228.46    0.00    0.00     0.0  228.46    0.00    0.00    6.7     62143.170      5.50   47.24000   39.71000  "Undefined"          0.0    -9.36  0.00000000
12.12.2023 17:15:43.170  12.04000000  12039.99100   0.00 -101.4   34.6  28.0 28.27  229.5     0.0  229.53    0.00    0.00     0.0  229.53    0.00    0.00     0.0  229.53    0.00    0.00    6.0     62143.170      5.50   47.24000   39.71000  "Undefined"          0.0    -9.00  0.00000000
12.12.2023 17:16:14.946  12.04000000  12039.99210   0.00 -115.5   20.5  28.0 28.91  228.4     0.0  228.44    0.00    0.00     0.0  228.44    0.00    0.00     0.0  228.44    0.00    0.00    7.6     62174.946      5.50   47.24000   39.71000  "Undefined"          0.0    -7.90  0.00000000
12.12.2023 17:16:14.946  12.04000000  12039.99137   0.00 -104.2   31.8  28.0 22.75  227.5     0.0  227.53    0.00    0.00     0.0  227.53    0.00    0.00     0.0  227.53    0.00    0.00   10.6     62174.946      5.50   47.24000   39.71000  "Undefined"          0.0    -8.63  0.00000000
12.12.2023 17:16:14.946  12.04000000  12039.99100   0.00  -95.7   40.3  28.0 28.86  226.8     0.0  226.84    0.00    0.00     0.0  226.84    0.00    0.00     0.0  226.84    0.00    0.00    7.0     62174.946      5.50   47.24000   39.71000  "Undefined"          0.0    -9.00  0.00000000
12.12.2023 17:16:46.815  12.04000000  12039.99039   0.00 -115.6   20.4  28.0 38.60  221.2     0.0  221.18    0.00    0.00     0.0  221.18    0.00    0.00     0.0  221.18    0.00    0.00   22.2     62206.815      5.50   47.24000   39.71000  "Undefined"          0.0    -9.61  0.00000000
12.12.2023 17:16:46.815  12.04000000  12039.99185   0.00 -109.2   26.8  28.0 31.95  228.1     0.0  228.08    0.00    0.00     0.0  228.08    0.00    0.00     0.0  228.08    0.00    0.00    7.6     62206.815      5.50   47.24000   39.71000  "Undefined"          0.0    -8.15  0.00000000
12.12.2023 17:16:46.815  12.04000000  12039.99149   0.00 -102.1   33.9  28.0 28.85  228.7     0.0  228.68    0.00    0.00     0.0  228.68    0.00    0.00     0.0  228.68    0.00    0.00    7.0     62206.815      5.50   47.24000   39.71000  "Undefined"          0.0    -8.51  0.00000000
12.12.2023 17:16:46.815  12.04000000  12039.99076   0.00 -101.5   34.5  28.0 37.48  229.3     0.0  229.26    0.00    0.00     0.0  229.26    0.00    0.00     0.0  229.26    0.00    0.00   15.1     62206.815      5.50   47.24000   39.71000  "Undefined"          0.0    -9.24  0.00000000
12.12.2023 17:16:46.815  12.04000000  12039.99112   0.00  -95.2   40.8  28.0 30.52  227.4     0.0  227.43    0.00    0.00     0.0  227.43    0.00    0.00     0.0  227.43    0.00    0.00    5.4     62206.815      5.50   47.24000   39.71000  "Undefined"          0.0    -8.88  0.00000000
12.12.2023 17:17:18.572  12.04000000  12039.99197   0.00 -106.1   29.9  28.0 26.59  227.1     0.0  227.11    0.00    0.00     0.0  227.11    0.00    0.00     0.0  227.11    0.00    0.00    6.4     62238.572      5.50   47.24000   39.71000  "Undefined"          0.0    -8.03  0.00000000
12.12.2023 17:17:18.572  12.04000000  12039.99100   0.00  -89.5   46.5  28.0 29.31  226.3     0.0  226.33    0.00    0.00     0.0  226.33    0.00    0.00     0.0  226.33    0.00    0.00    6.0     62238.572      5.50   47.24000   39.71000  "Undefined"          0.0    -9.00  0.00000000
12.12.2023 17:17:50.430  12.04000000  12039.99197   0.00 -110.7   25.3  28.0 32.16  228.9     0.0  228.86    0.00    0.00     0.0  228.86    0.00    0.00     0.0  228.86    0.00    0.00    6.2     62270.430      5.50   47.24000   39.71000  "Undefined"          0.0    -8.03  0.00000000
12.12.2023 17:17:50.430  12.04000000  12039.99076   0.00  -95.5   40.5  28.0 30.41  227.0     0.0  227.02    0.00    0.00     0.0  227.02    0.00    0.00     0.0  227.02    0.00    0.00    4.5     62270.430      5.50   47.24000   39.71000  "Undefined"          0.0    -9.24  0.00000000
12.12.2023 17:17:50.430  12.04000000  12039.99112   0.00  -93.0   43.0  28.0 30.47  227.6     0.0  227.55    0.00    0.00     0.0  227.55    0.00    0.00     0.0  227.55    0.00    0.00    7.9     62270.430      5.50   47.24000   39.71000  "Undefined"          0.0    -8.88  0.00000000
12.12.2023 17:18:32.714  12.04000000  12039.99027   0.00 -112.0   24.0  28.0 34.30  217.1     0.0  217.14    0.00    0.00     0.0  217.14    0.00    0.00     0.0  217.14    0.00    0.00   10.4     62312.714      5.50   47.24000   39.71000  "Undefined"          0.0    -9.73  0.00000000
12.12.2023 17:18:32.714  12.04000000  12039.99137   0.00 -107.8   28.2  28.0 27.01  226.8     0.0  226.75    0.00    0.00     0.0  226.75    0.00    0.00     0.0  226.75    0.00    0.00    2.1     62312.714      5.50   47.24000   39.71000  "Undefined"          0.0    -8.63  0.00000000
12.12.2023 17:18:32.714  12.04000000  12039.99197   0.00 -107.7   28.3  28.0 29.47  227.4     0.0  227.38    0.00    0.00     0.0  227.38    0.00    0.00     0.0  227.38    0.00    0.00    3.1     62312.714      5.50   47.24000   39.71000  "Undefined"          0.0    -8.03  0.00000000
12.12.2023 17:18:32.714  12.04000000  12039.99076   0.00  -97.4   38.6  28.0 27.96  227.0     0.0  227.04    0.00    0.00     0.0  227.04    0.00    0.00     0.0  227.04    0.00    0.00    2.0     62312.714      5.50   47.24000   39.71000  "Undefined"          0.0    -9.24  0.00000000
12.12.2023 17:18:32.714  12.04000000  12039.99100   0.00  -97.0   39.0  28.0 25.53  225.1     0.0  225.09    0.00    0.00     0.0  225.09    0.00    0.00     0.0  225.09    0.00    0.00    6.1     62312.714      5.50   47.24000   39.71000  "Undefined"          0.0    -9.00  0.00000000
12.12.2023 17:19:04.533  12.04000000  12039.99173   0.00 -107.3   28.7  28.0 29.45  224.9     0.0  224.92    0.00    0.00     0.0  224.92    0.00    0.00     0.0  224.92    0.00    0.00    5.7     62344.533      5.50   47.24000   39.71000  "Undefined"          0.0    -8.27  0.00000000
12.12.2023 17:19:04.533  12.04000000  12039.99124   0.00 -105.6   30.4  28.0 30.56  231.2     0.0  231.24    0.00    0.00     0.0  231.24    0.00    0.00     0.0  231.24    0.00    0.00   21.7     62344.533      5.50   47.24000   39.71000  "Undefined"          0.0    -8.76  0.00000000
12.12.2023 17:19:04.533  12.04000000  12039.99064   0.00  -91.6   44.4  28.0 28.02  226.8     0.0  226.82    0.00    0.00     0.0  226.82    0.00    0.00     0.0  226.82    0.00    0.00    3.8     62344.533      5.50   47.24000   39.71000  "Undefined"          0.0    -9.36  0.00000000
12.12.2023 17:19:36.362  12.04000000  12039.98918   0.00 -114.0   22.0  28.0 27.37  226.9     0.0  226.94    0.00    0.00     0.0  226.94    0.00    0.00     0.0  226.94    0.00    0.00    5.8     62376.362      5.50   47.24000   39.71000  "Undefined"          0.0   -10.82  0.00000000
12.12.2023 17:19:36.362  12.04000000  12039.99003   0.00 -113.3   22.7  28.0 32.09  222.1     0.0  222.12    0.00    0.00     0.0  222.12    0.00    0.00     0.0  222.12    0.00    0.00    5.6     62376.362      5.50   47.24000   39.71000  "Undefined"          0.0    -9.97  0.00000000
12.12.2023 17:19:36.362  12.04000000  12039.99173   0.00 -107.8   28.2  28.0 28.27  227.4     0.0  227.36    0.00    0.00     0.0  227.36    0.00    0.00     0.0  227.36    0.00    0.00    3.7     62376.362      5.50   47.24000   39.71000  "Undefined"          0.0    -8.27  0.00000000
12.12.2023 17:19:36.362  12.04000000  12039.99076   0.00  -89.5   46.5  28.0 29.12  226.2     0.0  226.20    0.00    0.00     0.0  226.20    0.00    0.00     0.0  226.20    0.00    0.00    4.4     62376.362      5.50   47.24000   39.71000  "Undefined"          0.0    -9.24  0.00000000
12.12.2023 17:20:08.131  12.04000000  12039.99039   0.00 -110.5   25.5  28.0 37.51  219.6     0.0  219.62    0.00    0.00     0.0  219.62    0.00    0.00     0.0  219.62    0.00    0.00   13.9     62408.131      5.50   47.24000   39.71000  "Undefined"          0.0    -9.61  0.00000000
12.12.2023 17:20:08.131  12.04000000  12039.99003   0.00 -110.1   25.9  28.0 31.52  222.5     0.0  222.51    0.00    0.00     0.0  222.51    0.00    0.00     0.0  222.51    0.00    0.00    4.0     62408.131      5.50   47.24000   39.71000  "Undefined"          0.0    -9.97  0.00000000
12.12.2023 17:20:08.131  12.04000000  12039.99197   0.00 -107.2   28.8  28.0 27.64  225.8     0.0  225.80    0.00    0.00     0.0  225.80    0.00    0.00     0.0  225.80    0.00    0.00    3.7     62408.131      5.50   47.24000   39.71000  "Undefined"          0.0    -8.03  0.00000000
12.12.2023 17:20:08.131  12.04000000  12039.99100   0.00  -93.9   42.1  28.0  0.03   84.0     0.0   83.95    0.00    0.00     0.0   83.95    0.00    0.00     0.0   83.95    0.00    0.00   12.4     62408.131      5.50   47.24000   39.71000  "Undefined"          0.0    -9.00  0.00000000
12.12.2023 17:20:50.546  12.04000000  12039.99112   0.00 -102.6   33.4  28.0 28.03  228.2     0.0  228.20    0.00    0.00     0.0  228.20    0.00    0.00     0.0  228.20    0.00    0.00    3.1     62450.546      5.50   47.24000   39.71000  "Undefined"          0.0    -8.88  0.00000000
12.12.2023 17:20:50.546  12.04000000  12039.99185   0.00 -102.1   33.9  28.0 28.80  226.6     0.0  226.57    0.00    0.00     0.0  226.57    0.00    0.00     0.0  226.57    0.00    0.00    6.2     62450.546      5.50   47.24000   39.71000  "Undefined"          0.0    -8.15  0.00000000
12.12.2023 17:20:50.546  12.04000000  12039.99137   0.00 -101.9   34.1  28.0 30.78  228.2     0.0  228.18    0.00    0.00     0.0  228.18    0.00    0.00     0.0  228.18    0.00    0.00    6.0     62450.546      5.50   47.24000   39.71000  "Undefined"          0.0    -8.63  0.00000000
12.12.2023 17:20:50.546  12.04000000  12039.99088   0.00 -101.3   34.7  28.0 35.89  234.9     0.0  234.90    0.00    0.00     0.0  234.90    0.00    0.00     0.0  234.90    0.00    0.00   10.7     62450.546      5.50   47.24000   39.71000  "Undefined"          0.0    -9.12  0.00000000
12.12.2023 17:21:43.355  12.04000000  12039.99197   0.00 -107.1   28.9  28.0 30.38  226.4     0.0  226.35    0.00    0.00     0.0  226.35    0.00    0.00     0.0  226.35    0.00    0.00   10.5     62503.355      5.50   47.24000   39.71000  "Undefined"          0.0    -8.03  0.00000000
12.12.2023 17:21:43.355  12.04000000  12039.99124   0.00  -99.0   37.0  28.0 27.53  226.4     0.0  226.39    0.00    0.00     0.0  226.39    0.00    0.00     0.0  226.39    0.00    0.00    2.7     62503.355      5.50   47.24000   39.71000  "Undefined"          0.0    -8.76  0.00000000
12.12.2023 17:21:43.355  12.04000000  12039.99088   0.00  -98.1   37.9  28.0 28.38  225.0     0.0  225.00    0.00    0.00     0.0  225.00    0.00    0.00     0.0  225.00    0.00    0.00    7.5     62503.355      5.50   47.24000   39.71000  "Undefined"          0.0    -9.12  0.00000000
12.12.2023 17:22:15.236  12.04000000  12039.99003   0.00 -107.0   27.0  28.0 32.67  224.1     0.0  224.14    0.00    0.00     0.0  224.14    0.00    0.00     0.0  224.14    0.00    0.00    5.5     62535.236      5.50   47.24000   39.71000  "Undefined"          0.0    -9.97  0.00000000
12.12.2023 17:22:15.236  12.04000000  12039.99197   0.00  -99.8   34.2  28.0 30.78  227.4     0.0  227.41    0.00    0.00     0.0  227.41    0.00    0.00     0.0  227.41    0.00    0.00    6.4     62535.236      5.50   47.24000   39.71000  "Undefined"          0.0    -8.03  0.00000000
12.12.2023 17:22:15.236  12.04000000  12039.99100   0.00  -85.9   48.1  28.0 30.01  228.6     0.0  228.56    0.00    0.00     0.0  228.56    0.00    0.00     0.0  228.56    0.00    0.00    6.0     62535.236      5.50   47.24000   39.71000  "Undefined"          0.0    -9.00  0.00000000
12.12.2023 17:22:47.098  12.04000000  12039.98954   0.00 -112.3   21.7  28.0 29.22  229.0     0.0  229.02    0.00    0.00     0.0  229.02    0.00    0.00     0.0  229.02    0.00    0.00    5.1     62567.098      5.50   47.24000   39.71000  "Undefined"          0.0   -10.46  0.00000000
12.12.2023 17:22:47.098  12.04000000  12039.99185   0.00 -109.5   24.5  28.0 37.88  225.1     0.0  225.05    0.00    0.00     0.0  225.05    0.00    0.00     0.0  225.05    0.00    0.00   22.4     62567.098      5.50   47.24000   39.71000  "Undefined"          0.0    -8.15  0.00000000
12.12.2023 17:22:47.098  12.04000000  12039.99124   0.00  -97.1   36.9  28.0 30.47  227.3     0.0  227.26    0.00    0.00     0.0  227.26    0.00    0.00     0.0  227.26    0.00    0.00    5.8     62567.098      5.50   47.24000   39.71000  "Undefined"          0.0    -8.76  0.00000000
12.12.2023 17:22:47.098  12.04000000  12039.99100   0.00  -91.0   43.0  28.0 30.21  228.1     0.0  228.06    0.00    0.00     0.0  228.06    0.00    0.00     0.0  228.06    0.00    0.00    6.7     62567.098      5.50   47.24000   39.71000  "Undefined"          0.0    -9.00  0.00000000
12.12.2023 17:23:18.917  12.04000000  12039.99039   0.00 -108.8   25.2  28.0 30.69  220.8     0.0  220.83    0.00    0.00     0.0  220.83    0.00    0.00     0.0  220.83    0.00    0.00    7.5     62598.917      5.50   47.24000   39.71000  "Undefined"          0.0    -9.61  0.00000000
12.12.2023 17:23:18.917  12.04000000  12039.99161   0.00 -108.4   25.6  28.0 29.96  227.6     0.0  227.61    0.00    0.00     0.0  227.61    0.00    0.00     0.0  227.61    0.00    0.00    6.5     62598.917      5.50   47.24000   39.71000  "Undefined"          0.0    -8.39  0.00000000
12.12.2023 17:23:18.917  12.04000000  12039.99197   0.00 -101.0   33.0  28.0 28.05  227.9     0.0  227.94    0.00    0.00     0.0  227.94    0.00    0.00     0.0  227.94    0.00    0.00    4.9     62598.917      5.50   47.24000   39.71000  "Undefined"          0.0    -8.03  0.00000000
12.12.2023 17:23:18.917  12.04000000  12039.99124   0.00  -93.2   40.8  28.0 30.37  228.2     0.0  228.16    0.00    0.00     0.0  228.16    0.00    0.00     0.0  228.16    0.00    0.00    7.1     62598.917      5.50   47.24000   39.71000  "Undefined"          0.0    -8.76  0.00000000
12.12.2023 17:23:18.917  12.04000000  12039.99088   0.00  -90.2   43.8  28.0 30.44  227.0     0.0  226.95    0.00    0.00     0.0  226.95    0.00    0.00     0.0  226.95    0.00    0.00    6.0     62598.917      5.50   47.24000   39.71000  "Undefined"          0.0    -9.12  0.00000000
12.12.2023 17:23:50.767  12.04000000  12039.99234   0.00 -115.2   20.8  28.0 27.66  226.4     0.0  226.42    0.00    0.00     0.0  226.42    0.00    0.00     0.0  226.42    0.00    0.00    7.0     62630.767      5.50   47.24000   39.71000  "Undefined"          0.0    -7.66  0.00000000
12.12.2023 17:23:50.767  12.04000000  12039.98991   0.00 -113.0   23.0  28.0 32.07  225.6     0.0  225.60    0.00    0.00     0.0  225.60    0.00    0.00     0.0  225.60    0.00    0.00    6.3     62630.767      5.50   47.24000   39.71000  "Undefined"          0.0   -10.09  0.00000000
12.12.2023 17:23:50.767  12.04000000  12039.99210   0.00 -108.7   27.3  28.0 25.28  226.4     0.0  226.38    0.00    0.00     0.0  226.38    0.00    0.00     0.0  226.38    0.00    0.00    9.5     62630.767      5.50   47.24000   39.71000  "Undefined"          0.0    -7.90  0.00000000
12.12.2023 17:23:50.767  12.04000000  12039.99124   0.00  -96.3   39.7  28.0 26.45  226.6     0.0  226.64    0.00    0.00     0.0  226.64    0.00    0.00     0.0  226.64    0.00    0.00    3.2     62630.767      5.50   47.24000   39.71000  "Undefined"          0.0    -8.76  0.00000000
12.12.2023 17:23:50.767  12.04000000  12039.99088   0.00  -94.5   41.5  28.0 28.77  226.8     0.0  226.84    0.00    0.00     0.0  226.84    0.00    0.00     0.0  226.84    0.00    0.00    5.7     62630.767      5.50   47.24000   39.71000  "Undefined"          0.0    -9.12  0.00000000
12.12.2023 17:24:22.545  12.04000000  12039.99015   0.00 -115.1   20.9  28.0 31.76  224.8     0.0  224.83    0.00    0.00     0.0  224.83    0.00    0.00     0.0  224.83    0.00    0.00    7.0     62662.545      5.50   47.24000   39.71000  "Undefined"          0.0    -9.85  0.00000000
12.12.2023 17:24:22.545  12.04000000  12039.99258   0.00 -115.1   20.9  28.0 29.67  226.2     0.0  226.22    0.00    0.00     0.0  226.22    0.00    0.00     0.0  226.22    0.00    0.00    4.5     62662.545      5.50   47.24000   39.71000  "Undefined"          0.0    -7.42  0.00000000
12.12.2023 17:24:22.545  12.04000000  12039.98930   0.00 -114.8   21.2  28.0 30.42  225.6     0.0  225.65    0.00    0.00     0.0  225.65    0.00    0.00     0.0  225.65    0.00    0.00    4.0     62662.545      5.50   47.24000   39.71000  "Undefined"          0.0   -10.70  0.00000000
12.12.2023 17:24:22.545  12.04000000  12039.99197   0.00 -102.7   33.3  28.0 26.82  226.8     0.0  226.82    0.00    0.00     0.0  226.82    0.00    0.00     0.0  226.82    0.00    0.00    5.5     62662.545      5.50   47.24000   39.71000  "Undefined"          0.0    -8.03  0.00000000
12.12.2023 17:24:22.545  12.04000000  12039.99100   0.00  -90.8   45.2  28.0 30.62  227.0     0.0  227.02    0.00    0.00     0.0  227.02    0.00    0.00     0.0  227.02    0.00    0.00    4.0     62662.545      5.50   47.24000   39.71000  "Undefined"          0.0    -9.00  0.00000000
12.12.2023 17:24:54.381  12.04000000  12039.99027   0.00 -114.8   21.2  28.0 30.35  211.5     0.0  211.50    0.00    0.00     0.0  211.50    0.00    0.00     0.0  211.50    0.00    0.00    7.4     62694.381      5.50   47.24000   39.71000  "Undefined"          0.0    -9.73  0.00000000
12.12.2023 17:24:54.381  12.04000000  12039.99064   0.00 -107.1   28.9  28.0 25.19  228.1     0.0  228.05    0.00    0.00     0.0  228.05    0.00    0.00     0.0  228.05    0.00    0.00    9.6     62694.381      5.50   47.24000   39.71000  "Undefined"          0.0    -9.36  0.00000000
12.12.2023 17:24:54.381  12.04000000  12039.99197   0.00 -104.3   31.7  28.0 27.90  225.6     0.0  225.59    0.00    0.00     0.0  225.59    0.00    0.00     0.0  225.59    0.00    0.00    7.6     62694.381      5.50   47.24000   39.71000  "Undefined"          0.0    -8.03  0.00000000
12.12.2023 17:24:54.381  12.04000000  12039.99112   0.00  -95.4   40.6  28.0 23.77  224.6     0.0  224.58    0.00    0.00     0.0  224.58    0.00    0.00     0.0  224.58    0.00    0.00    7.7     62694.381      5.50   47.24000   39.71000  "Undefined"          0.0    -8.88  0.00000000
12.12.2023 17:25:26.163  12.04000000  12039.99015   0.00 -113.7   20.3  28.0 28.42  229.4     0.0  229.37    0.00    0.00     0.0  229.37    0.00    0.00     0.0  229.37    0.00    0.00    4.2     62726.163      5.50   47.24000   39.71000  "Undefined"          0.0    -9.85  0.00000000
12.12.2023 17:25:26.163  12.04000000  12039.98893   0.00 -113.2   20.8  28.0 29.79  227.9     0.0  227.95    0.00    0.00     0.0  227.95    0.00    0.00     0.0  227.95    0.00    0.00    5.1     62726.163      5.50   47.24000   39.71000  "Undefined"          0.0   -11.07  0.00000000
12.12.2023 17:25:26.163  12.04000000  12039.99052   0.00 -113.1   20.9  28.0 37.13  219.6     0.0  219.58    0.00    0.00     0.0  219.58    0.00    0.00     0.0  219.58    0.00    0.00   12.2     62726.163      5.50   47.24000   39.71000  "Undefined"          0.0    -9.48  0.00000000
12.12.2023 17:25:26.163  12.04000000  12039.99210   0.00 -113.1   20.9  28.0 28.35  227.9     0.0  227.94    0.00    0.00     0.0  227.94    0.00    0.00     0.0  227.94    0.00    0.00    5.4     62726.163      5.50   47.24000   39.71000  "Undefined"          0.0    -7.90  0.00000000
12.12.2023 17:25:26.163  12.04000000  12039.99331   0.00 -112.6   21.4  28.0 30.63  228.4     0.0  228.41    0.00    0.00     0.0  228.41    0.00    0.00     0.0  228.41    0.00    0.00    3.9     62726.163      5.50   47.24000   39.71000  "Undefined"          0.0    -6.69  0.00000000
12.12.2023 17:25:26.163  12.04000000  12039.99173   0.00 -111.0   23.0  28.0 32.08  227.9     0.0  227.91    0.00    0.00     0.0  227.91    0.00    0.00     0.0  227.91    0.00    0.00    6.0     62726.163      5.50   47.24000   39.71000  "Undefined"          0.0    -8.27  0.00000000
12.12.2023 17:25:26.163  12.04000000  12039.99112   0.00  -85.2   48.8  28.0 31.08  228.4     0.0  228.39    0.00    0.00     0.0  228.39    0.00    0.00     0.0  228.39    0.00    0.00    5.3     62726.163      5.50   47.24000   39.71000  "Undefined"          0.0    -8.88  0.00000000
12.12.2023 17:25:58.112  12.04000000  12039.99003   0.00 -112.0   22.0  28.0 34.43  222.8     0.0  222.78    0.00    0.00     0.0  222.78    0.00    0.00     0.0  222.78    0.00    0.00   11.3     62758.112      5.50   47.24000   39.71000  "Undefined"          0.0    -9.97  0.00000000
12.12.2023 17:25:58.112  12.04000000  12039.99197   0.00 -102.5   31.5  28.0 29.24  226.1     0.0  226.11    0.00    0.00     0.0  226.11    0.00    0.00     0.0  226.11    0.00    0.00    3.2     62758.112      5.50   47.24000   39.71000  "Undefined"          0.0    -8.03  0.00000000
12.12.2023 17:25:58.112  12.04000000  12039.99100   0.00  -85.2   48.8  28.0 31.10  227.4     0.0  227.38    0.00    0.00     0.0  227.38    0.00    0.00     0.0  227.38    0.00    0.00    8.5     62758.112      5.50   47.24000   39.71000  "Undefined"          0.0    -9.00  0.00000000
12.12.2023 17:26:30.039  12.04000000  12039.99210   0.00 -104.9   29.1  28.0 28.68  228.5     0.0  228.54    0.00    0.00     0.0  228.54    0.00    0.00     0.0  228.54    0.00    0.00    4.6     62790.039      5.50   47.24000   39.71000  "Undefined"          0.0    -7.90  0.00000000
12.12.2023 17:26:30.039  12.04000000  12039.99088   0.00  -96.2   37.8  28.0 26.51  223.1     0.0  223.08    0.00    0.00     0.0  223.08    0.00    0.00     0.0  223.08    0.00    0.00    4.7     62790.039      5.50   47.24000   39.71000  "Undefined"          0.0    -9.12  0.00000000
12.12.2023 17:26:30.039  12.04000000  12039.99124   0.00  -89.4   44.6  28.0 30.39  228.5     0.0  228.48    0.00    0.00     0.0  228.48    0.00    0.00     0.0  228.48    0.00    0.00    4.6     62790.039      5.50   47.24000   39.71000  "Undefined"          0.0    -8.76  0.00000000
12.12.2023 17:27:01.861  12.04000000  12039.99197   0.00 -105.7   28.3  28.0 27.12  226.0     0.0  225.98    0.00    0.00     0.0  225.98    0.00    0.00     0.0  225.98    0.00    0.00    4.3     62821.861      5.50   47.24000   39.71000  "Undefined"          0.0    -8.03  0.00000000
12.12.2023 17:27:01.861  12.04000000  12039.99088   0.00  -93.8   40.2  28.0 31.03  226.7     0.0  226.70    0.00    0.00     0.0  226.70    0.00    0.00     0.0  226.70    0.00    0.00    7.0     62821.861      5.50   47.24000   39.71000  "Undefined"          0.0    -9.12  0.00000000
12.12.2023 17:27:01.861  12.04000000  12039.99124   0.00  -92.8   41.2  28.0 28.05  225.8     0.0  225.83    0.00    0.00     0.0  225.83    0.00    0.00     0.0  225.83    0.00    0.00    6.2     62821.861      5.50   47.24000   39.71000  "Undefined"          0.0    -8.76  0.00000000
12.12.2023 17:27:33.673  12.04000000  12039.98906   0.00 -115.7   20.3  28.0 27.43  227.8     0.0  227.80    0.00    0.00     0.0  227.80    0.00    0.00     0.0  227.80    0.00    0.00    6.3     62853.673      5.50   47.24000   39.71000  "Undefined"          0.0   -10.94  0.00000000
12.12.2023 17:27:33.673  12.04000000  12039.98942   0.00 -115.5   20.5  28.0 32.65  227.2     0.0  227.15    0.00    0.00     0.0  227.15    0.00    0.00     0.0  227.15    0.00    0.00    6.0     62853.673      5.50   47.24000   39.71000  "Undefined"          0.0   -10.58  0.00000000
12.12.2023 17:27:33.673  12.04000000  12039.99185   0.00 -106.4   29.6  28.0 27.61  223.2     0.0  223.21    0.00    0.00     0.0  223.21    0.00    0.00     0.0  223.21    0.00    0.00    4.3     62853.673      5.50   47.24000   39.71000  "Undefined"          0.0    -8.15  0.00000000
12.12.2023 17:27:33.673  12.04000000  12039.99064   0.00 -101.0   35.0  28.0 29.78  226.3     0.0  226.31    0.00    0.00     0.0  226.31    0.00    0.00     0.0  226.31    0.00    0.00    5.5     62853.673      5.50   47.24000   39.71000  "Undefined"          0.0    -9.36  0.00000000
12.12.2023 17:27:33.673  12.04000000  12039.99112   0.00  -89.9   46.1  28.0 30.83  225.8     0.0  225.77    0.00    0.00     0.0  225.77    0.00    0.00     0.0  225.77    0.00    0.00    5.0     62853.673      5.50   47.24000   39.71000  "Undefined"          0.0    -8.88  0.00000000
12.12.2023 17:28:05.525  12.04000000  12039.99185   0.00 -106.8   27.2  28.0 27.68  225.2     0.0  225.15    0.00    0.00     0.0  225.15    0.00    0.00     0.0  225.15    0.00    0.00    7.2     62885.525      5.50   47.24000   39.71000  "Undefined"          0.0    -8.15  0.00000000
12.12.2023 17:28:05.525  12.04000000  12039.99088   0.00  -92.0   42.0  28.0 36.71  228.0     0.0  227.96    0.00    0.00     0.0  227.96    0.00    0.00     0.0  227.96    0.00    0.00   15.3     62885.525      5.50   47.24000   39.71000  "Undefined"          0.0    -9.12  0.00000000
12.12.2023 17:29:40.838  12.04000000  12039.99088   0.00 -115.6   20.4  28.0 33.73  174.2     0.0  174.22    0.00    0.00     0.0  174.22    0.00    0.00     0.0  174.22    0.00    0.00   11.0     62980.838      5.50   47.24000   39.71000  "Undefined"          0.0    -9.12  0.00000000
12.12.2023 17:31:16.039  12.04000000  12039.99076   0.00 -115.7   20.3  28.0 35.81   32.3     0.0   32.26    0.00    0.00     0.0   32.26    0.00    0.00     0.0   32.26    0.00    0.00   19.1     63076.039      5.50   47.24000   39.71000  "Undefined"          0.0    -9.24  0.00000000
12.12.2023 17:32:51.506  12.04000000  12039.99076   0.00 -114.0   22.0  28.0 24.73  240.2     0.0  240.17    0.00    0.00     0.0  240.17    0.00    0.00     0.0  240.17    0.00    0.00    3.8     63171.506      5.50   47.24000   39.71000  "Undefined"          0.0    -9.24  0.00000000
12.12.2023 17:36:12.632  12.04000000  12039.99039   0.00 -115.3   20.7  28.0 29.99  238.4     0.0  238.39    0.00    0.00     0.0  238.39    0.00    0.00     0.0  238.39    0.00    0.00    9.7     63372.632      5.50   47.24000   39.71000  "Undefined"          0.0    -9.61  0.00000000
12.12.2023 17:36:12.632  12.04000000  12039.99076   0.00 -114.3   21.7  28.0 26.58  177.2     0.0  177.17    0.00    0.00     0.0  177.17    0.00    0.00     0.0  177.17    0.00    0.00   13.4     63372.632      5.50   47.24000   39.71000  "Undefined"          0.0    -9.24  0.00000000
12.12.2023 17:36:44.382  12.04000000  12039.99088   0.00 -113.1   22.9  28.0 26.64  176.5     0.0  176.46    0.00    0.00     0.0  176.46    0.00    0.00     0.0  176.46    0.00    0.00    4.8     63404.382      5.50   47.24000   39.71000  "Undefined"          0.0    -9.12  0.00000000
12.12.2023 17:37:16.105  12.04000000  12039.99076   0.00 -113.7   22.3  28.0 22.41  247.5     0.0  247.53    0.00    0.00     0.0  247.53    0.00    0.00     0.0  247.53    0.00    0.00   16.1     63436.105      5.50   47.24000   39.71000  "Undefined"          0.0    -9.24  0.00000000
12.12.2023 17:37:47.865  12.04000000  12039.99076   0.00 -111.1   24.9  28.0 17.59  171.4     0.0  171.45    0.00    0.00     0.0  171.45    0.00    0.00     0.0  171.45    0.00    0.00    4.1     63467.865      5.50   47.24000   39.71000  "Undefined"          0.0    -9.24  0.00000000
12.12.2023 17:38:19.605  12.04000000  12039.99076   0.00 -114.0   22.0  28.0 25.38  175.9     0.0  175.92    0.00    0.00     0.0  175.92    0.00    0.00     0.0  175.92    0.00    0.00    8.2     63499.605      5.50   47.24000   39.71000  "Undefined"          0.0    -9.24  0.00000000
12.12.2023 17:38:51.303  12.04000000  12039.99112   0.00 -116.0   20.0  28.0 25.58  235.4     0.0  235.39    0.00    0.00     0.0  235.39    0.00    0.00     0.0  235.39    0.00    0.00   21.7     63531.303      5.50   47.24000   39.71000  "Undefined"          0.0    -8.88  0.00000000
12.12.2023 17:39:54.815  12.04000000  12039.99088   0.00 -109.4   26.6  28.0 26.91  174.6     0.0  174.59    0.00    0.00     0.0  174.59    0.00    0.00     0.0  174.59    0.00    0.00    4.4     63594.815      5.50   47.24000   39.71000  "Undefined"          0.0    -9.12  0.00000000
12.12.2023 17:41:40.555  12.04000000  12039.99088   0.00 -108.5   27.5  28.0 24.92  173.8     0.0  173.76    0.00    0.00     0.0  173.76    0.00    0.00     0.0  173.76    0.00    0.00    4.8     63700.555      5.50   47.24000   39.71000  "Undefined"          0.0    -9.12  0.00000000
12.12.2023 17:42:12.302  12.04000000  12039.99076   0.00 -111.8   24.2  28.0 20.31  171.9     0.0  171.93    0.00    0.00     0.0  171.93    0.00    0.00     0.0  171.93    0.00    0.00   12.3     63732.302      5.50   47.24000   39.71000  "Undefined"          0.0    -9.24  0.00000000
12.12.2023 17:42:44.026  12.04000000  12039.99088   0.00 -108.6   27.4  28.0 23.68  174.1     0.0  174.07    0.00    0.00     0.0  174.07    0.00    0.00     0.0  174.07    0.00    0.00    5.3     63764.026      5.50   47.24000   39.71000  "Undefined"          0.0    -9.12  0.00000000
12.12.2023 17:43:26.273  12.04000000  12039.99076   0.00 -113.0   23.0  28.0 35.73   27.0     0.0   26.95    0.00    0.00     0.0   26.95    0.00    0.00     0.0   26.95    0.00    0.00   21.2     63806.273      5.50   47.24000   39.71000  "Undefined"          0.0    -9.24  0.00000000
12.12.2023 17:43:58.003  12.04000000  12039.99100   0.00 -114.7   21.3  28.0 27.95  175.1     0.0  175.13    0.00    0.00     0.0  175.13    0.00    0.00     0.0  175.13    0.00    0.00    5.3     63838.003      5.50   47.24000   39.71000  "Undefined"          0.0    -9.00  0.00000000
12.12.2023 17:44:29.717  12.04000000  12039.99088   0.00 -108.9   27.1  28.0 23.78  174.0     0.0  174.00    0.00    0.00     0.0  174.00    0.00    0.00     0.0  174.00    0.00    0.00    8.2     63869.717      5.50   47.24000   39.71000  "Undefined"          0.0    -9.12  0.00000000
12.12.2023 17:45:01.457  12.04000000  12039.99088   0.00 -109.6   26.4  28.0 22.48  175.0     0.0  175.00    0.00    0.00     0.0  175.00    0.00    0.00     0.0  175.00    0.00    0.00    7.0     63901.457      5.50   47.24000   39.71000  "Undefined"          0.0    -9.12  0.00000000
12.12.2023 17:46:15.424  12.04000000  12039.99088   0.00 -114.4   21.6  28.0 21.02  176.2     0.0  176.22    0.00    0.00     0.0  176.22    0.00    0.00     0.0  176.22    0.00    0.00    7.7     63975.424      5.50   47.24000   39.71000  "Undefined"          0.0    -9.12  0.00000000
12.12.2023 17:47:18.864  12.04000000  12039.99112   0.00 -113.5   22.5  28.0 25.77  177.2     0.0  177.18    0.00    0.00     0.0  177.18    0.00    0.00     0.0  177.18    0.00    0.00   13.4     64038.864      5.50   47.24000   39.71000  "Undefined"          0.0    -8.88  0.00000000
12.12.2023 17:47:18.864  12.04000000  12039.99076   0.00 -110.9   25.1  28.0 32.13  173.6     0.0  173.65    0.00    0.00     0.0  173.65    0.00    0.00     0.0  173.65    0.00    0.00    9.7     64038.864      5.50   47.24000   39.71000  "Undefined"          0.0    -9.24  0.00000000
12.12.2023 17:48:22.365  12.04000000  12039.99088   0.00 -112.3   23.7  28.0 25.55  177.7     0.0  177.71    0.00    0.00     0.0  177.71    0.00    0.00     0.0  177.71    0.00    0.00    8.4     64102.365      5.50   47.24000   39.71000  "Undefined"          0.0    -9.12  0.00000000
12.12.2023 17:49:04.630  12.04000000  12039.99052   0.00 -112.6   23.4  28.0 26.78  178.5     0.0  178.54    0.00    0.00     0.0  178.54    0.00    0.00     0.0  178.54    0.00    0.00   19.7     64144.630      5.50   47.24000   39.71000  "Undefined"          0.0    -9.48  0.00000000
12.12.2023 17:49:04.630  12.04000000  12039.99088   0.00 -111.0   25.0  28.0 23.74  173.0     0.0  173.01    0.00    0.00     0.0  173.01    0.00    0.00     0.0  173.01    0.00    0.00    6.8     64144.630      5.50   47.24000   39.71000  "Undefined"          0.0    -9.12  0.00000000
12.12.2023 17:49:36.384  12.04000000  12039.99112   0.00 -113.3   22.7  28.0 21.62  171.9     0.0  171.86    0.00    0.00     0.0  171.86    0.00    0.00     0.0  171.86    0.00    0.00    8.8     64176.384      5.50   47.24000   39.71000  "Undefined"          0.0    -8.88  0.00000000
12.12.2023 17:49:36.384  12.04000000  12039.99076   0.00 -108.0   28.0  28.0 27.25  176.5     0.0  176.53    0.00    0.00     0.0  176.53    0.00    0.00     0.0  176.53    0.00    0.00    8.4     64176.384      5.50   47.24000   39.71000  "Undefined"          0.0    -9.24  0.00000000
12.12.2023 17:50:08.111  12.04000000  12039.99100   0.00 -115.3   20.7  28.0 28.46  181.7     0.0  181.68    0.00    0.00     0.0  181.68    0.00    0.00     0.0  181.68    0.00    0.00   10.3     64208.111      5.50   47.24000   39.71000  "Undefined"          0.0    -9.00  0.00000000
12.12.2023 17:50:08.111  12.04000000  12039.99064   0.00 -114.8   21.2  28.0 28.04  234.1     0.0  234.11    0.00    0.00     0.0  234.11    0.00    0.00     0.0  234.11    0.00    0.00   12.8     64208.111      5.50   47.24000   39.71000  "Undefined"          0.0    -9.36  0.00000000
12.12.2023 17:50:39.875  12.04000000  12039.99100   0.00 -108.6   27.4  28.0 22.87  172.3     0.0  172.27    0.00    0.00     0.0  172.27    0.00    0.00     0.0  172.27    0.00    0.00    3.4     64239.875      5.50   47.24000   39.71000  "Undefined"          0.0    -9.00  0.00000000
12.12.2023 17:51:22.151  12.04000000  12039.99112   0.00 -112.3   23.7  28.0 25.30  239.2     0.0  239.20    0.00    0.00     0.0  239.20    0.00    0.00     0.0  239.20    0.00    0.00   15.4     64282.151      5.50   47.24000   39.71000  "Undefined"          0.0    -8.88  0.00000000
12.12.2023 17:51:22.151  12.04000000  12039.99088   0.00 -110.0   26.0  28.0 24.68  173.2     0.0  173.15    0.00    0.00     0.0  173.15    0.00    0.00     0.0  173.15    0.00    0.00    7.2     64282.151      5.50   47.24000   39.71000  "Undefined"          0.0    -9.12  0.00000000
12.12.2023 17:52:14.937  12.04000000  12039.99100   0.00 -110.5   25.5  28.0 23.37  176.4     0.0  176.40    0.00    0.00     0.0  176.40    0.00    0.00     0.0  176.40    0.00    0.00    6.1     64334.937      5.50   47.24000   39.71000  "Undefined"          0.0    -9.00  0.00000000
12.12.2023 17:52:46.680  12.04000000  12039.99100   0.00 -109.9   26.1  28.0 28.62  173.7     0.0  173.68    0.00    0.00     0.0  173.68    0.00    0.00     0.0  173.68    0.00    0.00   11.1     64366.680      5.50   47.24000   39.71000  "Undefined"          0.0    -9.00  0.00000000
12.12.2023 17:53:18.424  12.04000000  12039.99100   0.00 -110.2   25.8  28.0 23.83  174.0     0.0  173.96    0.00    0.00     0.0  173.96    0.00    0.00     0.0  173.96    0.00    0.00    8.1     64398.424      5.50   47.24000   39.71000  "Undefined"          0.0    -9.00  0.00000000
12.12.2023 17:54:21.891  12.04000000  12039.99100   0.00 -106.9   29.1  28.0 26.50  175.1     0.0  175.14    0.00    0.00     0.0  175.14    0.00    0.00     0.0  175.14    0.00    0.00    4.6     64461.891      5.50   47.24000   39.71000  "Undefined"          0.0    -9.00  0.00000000
12.12.2023 17:54:53.634  12.04000000  12039.99088   0.00 -114.3   21.7  28.0 26.41  176.1     0.0  176.11    0.00    0.00     0.0  176.11    0.00    0.00     0.0  176.11    0.00    0.00    5.5     64493.634      5.50   47.24000   39.71000  "Undefined"          0.0    -9.12  0.00000000
12.12.2023 17:54:53.634  12.04000000  12039.99124   0.00 -112.0   24.0  28.0 25.91  178.3     0.0  178.27    0.00    0.00     0.0  178.27    0.00    0.00     0.0  178.27    0.00    0.00   15.9     64493.634      5.50   47.24000   39.71000  "Undefined"          0.0    -8.76  0.00000000
12.12.2023 17:55:25.357  12.04000000  12039.99112   0.00 -111.6   24.4  28.0 25.33  173.2     0.0  173.15    0.00    0.00     0.0  173.15    0.00    0.00     0.0  173.15    0.00    0.00    6.5     64525.357      5.50   47.24000   39.71000  "Undefined"          0.0    -8.88  0.00000000
12.12.2023 17:55:57.086  12.04000000  12039.99100   0.00 -113.4   22.6  28.0 28.00  174.7     0.0  174.72    0.00    0.00     0.0  174.72    0.00    0.00     0.0  174.72    0.00    0.00    4.0     64557.086      5.50   47.24000   39.71000  "Undefined"          0.0    -9.00  0.00000000
12.12.2023 17:56:28.838  12.04000000  12039.99100   0.00 -111.5   24.5  28.0 27.63  173.0     0.0  173.05    0.00    0.00     0.0  173.05    0.00    0.00     0.0  173.05    0.00    0.00    5.1     64588.838      5.50   47.24000   39.71000  "Undefined"          0.0    -9.00  0.00000000
12.12.2023 17:57:00.566  12.04000000  12039.99124   0.00 -113.2   22.8  28.0 27.43  175.3     0.0  175.30    0.00    0.00     0.0  175.30    0.00    0.00     0.0  175.30    0.00    0.00   18.1     64620.566      5.50   47.24000   39.71000  "Undefined"          0.0    -8.76  0.00000000
12.12.2023 17:57:32.305  12.04000000  12039.99112   0.00 -108.7   27.3  28.0 23.31  175.1     0.0  175.15    0.00    0.00     0.0  175.15    0.00    0.00     0.0  175.15    0.00    0.00    7.9     64652.305      5.50   47.24000   39.71000  "Undefined"          0.0    -8.88  0.00000000
12.12.2023 17:58:04.059  12.04000000  12039.99112   0.00 -109.2   26.8  28.0 23.64  175.1     0.0  175.09    0.00    0.00     0.0  175.09    0.00    0.00     0.0  175.09    0.00    0.00    7.6     64684.059      5.50   47.24000   39.71000  "Undefined"          0.0    -8.88  0.00000000
12.12.2023 17:58:35.838  12.04000000  12039.99124   0.00 -116.6   21.4  28.0 23.66  175.8     0.0  175.85    0.00    0.00     0.0  175.85    0.00    0.00     0.0  175.85    0.00    0.00   22.5     64715.838      5.50   47.24000   39.71000  "Undefined"          0.0    -8.76  0.00000000
12.12.2023 17:59:07.565  12.04000000  12039.99076   0.00 -114.0   22.0  28.0 15.14  241.5     0.0  241.47    0.00    0.00     0.0  241.47    0.00    0.00     0.0  241.47    0.00    0.00    6.8     64747.565      5.50   47.24000   39.71000  "Undefined"          0.0    -9.24  0.00000000
