14.12.2023 17:00:10.512  12.04000000  12039.99112   0.00  -96.0   40.0  28.0 27.72  227.1     0.0  227.10    0.00    0.00     0.0  227.10    0.00    0.00     0.0  227.10    0.00    0.00    4.3     61210.512      5.50   47.24000   39.71000  "Undefined"          0.0    -8.88  0.00000000
14.12.2023 17:00:42.243  12.04000000  12039.99100   0.00  -98.4   37.6  28.0 27.20  228.1     0.0  228.05    0.00    0.00     0.0  228.05    0.00    0.00     0.0  228.05    0.00    0.00    4.2     61242.243      5.50   47.24000   39.71000  "Undefined"          0.0    -9.00  0.00000000
14.12.2023 17:01:14.009  12.04000000  12039.99112   0.00  -95.3   40.7  28.0 29.06  228.9     0.0  228.86    0.00    0.00     0.0  228.86    0.00    0.00     0.0  228.86    0.00    0.00    4.5     61274.009      5.50   47.24000   39.71000  "Undefined"          0.0    -8.88  0.00000000
14.12.2023 17:01:56.381  12.04000000  12039.99088   0.00 -110.3   25.7  28.0 26.32  221.8     0.0  221.82    0.00    0.00     0.0  221.82    0.00    0.00     0.0  221.82    0.00    0.00   11.9     61316.381      5.50   47.24000   39.71000  "Undefined"          0.0    -9.12  0.00000000
14.12.2023 17:01:56.381  12.04000000  12039.99124   0.00 -107.2   28.8  28.0 40.08  231.3     0.0  231.28    0.00    0.00     0.0  231.28    0.00    0.00     0.0  231.28    0.00    0.00   19.0     61316.381      5.50   47.24000   39.71000  "Undefined"          0.0    -8.76  0.00000000
14.12.2023 17:02:59.746  12.04000000  12039.99076   0.00 -113.1   22.9  28.0 31.09   87.0     0.0   86.95    0.00    0.00     0.0   86.95    0.00    0.00     0.0   86.95    0.00    0.00   12.6     61379.746      5.50   47.24000   39.71000  "Undefined"          0.0    -9.24  0.00000000
14.12.2023 17:02:59.746  12.04000000  12039.99112   0.00 -102.9   33.1  28.0 28.81  231.2     0.0  231.19    0.00    0.00     0.0  231.19    0.00    0.00     0.0  231.19    0.00    0.00    3.3     61379.746      5.50   47.24000   39.71000  "Undefined"          0.0    -8.88  0.00000000
14.12.2023 17:03:31.515  12.04000000  12039.99100   0.00  -95.5   40.5  28.0 27.53  228.5     0.0  228.50    0.00    0.00     0.0  228.50    0.00    0.00     0.0  228.50    0.00    0.00    4.1     61411.515      5.50   47.24000   39.71000  "Undefined"          0.0    -9.00  0.00000000
14.12.2023 17:04:03.344  12.04000000  12039.99039   0.00 -114.0   22.0  28.0 24.98  227.7     0.0  227.74    0.00    0.00     0.0  227.74    0.00    0.00     0.0  227.74    0.00    0.00    4.9     61443.344      5.50   47.24000   39.71000  "Undefined"          0.0    -9.61  0.00000000
14.12.2023 17:04:03.344  12.04000000  12039.99112   0.00 -112.6   23.4  28.0 21.11  234.0     0.0  234.04    0.00    0.00     0.0  234.04    0.00    0.00     0.0  234.04    0.00    0.00    7.1     61443.344      5.50   47.24000   39.71000  "Undefined"          0.0    -8.88  0.00000000
14.12.2023 17:04:03.344  12.04000000  12039.99076   0.00 -101.1   34.9  28.0 25.42  228.0     0.0  228.02    0.00    0.00     0.0  228.02    0.00    0.00     0.0  228.02    0.00    0.00    2.9     61443.344      5.50   47.24000   39.71000  "Undefined"          0.0    -9.24  0.00000000
14.12.2023 17:04:35.282  12.04000000  12039.99088   0.00 -101.9   34.1  28.0 29.10  228.7     0.0  228.73    0.00    0.00     0.0  228.73    0.00    0.00     0.0  228.73    0.00    0.00    6.7     61475.282      5.50   47.24000   39.71000  "Undefined"          0.0    -9.12  0.00000000
14.12.2023 17:05:07.076  12.04000000  12039.99064   0.00 -108.1   27.9  28.0 27.03  228.0     0.0  227.96    0.00    0.00     0.0  227.96    0.00    0.00     0.0  227.96    0.00    0.00    3.3     61507.076      5.50   47.24000   39.71000  "Undefined"          0.0    -9.36  0.00000000
14.12.2023 17:05:07.076  12.04000000  12039.99100   0.00 -104.9   31.1  28.0 22.63  230.6     0.0  230.56    0.00    0.00     0.0  230.56    0.00    0.00     0.0  230.56    0.00    0.00    1.0     61507.076      5.50   47.24000   39.71000  "Undefined"          0.0    -9.00  0.00000000
14.12.2023 17:05:38.901  12.04000000  12039.99064   0.00 -104.8   31.2  28.0 26.24  225.4     0.0  225.39    0.00    0.00     0.0  225.39    0.00    0.00     0.0  225.39    0.00    0.00    5.7     61538.901      5.50   47.24000   39.71000  "Undefined"          0.0    -9.36  0.00000000
14.12.2023 17:05:38.901  12.04000000  12039.99100   0.00 -103.0   33.0  28.0 26.45  227.1     0.0  227.13    0.00    0.00     0.0  227.13    0.00    0.00     0.0  227.13    0.00    0.00    6.2     61538.901      5.50   47.24000   39.71000  "Undefined"          0.0    -9.00  0.00000000
14.12.2023 17:06:10.753  12.04000000  12039.99100   0.00 -102.1   33.9  28.0 12.77  229.2     0.0  229.22    0.00    0.00     0.0  229.22    0.00    0.00     0.0  229.22    0.00    0.00   10.0     61570.753      5.50   47.24000   39.71000  "Undefined"          0.0    -9.00  0.00000000
14.12.2023 17:06:10.753  12.04000000  12039.99064   0.00  -96.2   39.8  28.0 27.56  228.0     0.0  227.97    0.00    0.00     0.0  227.97    0.00    0.00     0.0  227.97    0.00    0.00    4.7     61570.753      5.50   47.24000   39.71000  "Undefined"          0.0    -9.36  0.00000000
14.12.2023 17:06:42.776  12.04000000  12039.99088   0.00  -88.8   45.2  28.0 26.66  229.3     0.0  229.32    0.00    0.00     0.0  229.32    0.00    0.00     0.0  229.32    0.00    0.00    2.9     61602.776      5.50   47.24000   39.71000  "Undefined"          0.0    -9.12  0.00000000
14.12.2023 17:07:14.717  12.04000000  12039.99052   0.00  -99.6   36.4  28.0 28.75  228.1     0.0  228.11    0.00    0.00     0.0  228.11    0.00    0.00     0.0  228.11    0.00    0.00    3.6     61634.717      5.50   47.24000   39.71000  "Undefined"          0.0    -9.48  0.00000000
14.12.2023 17:07:14.717  12.04000000  12039.99100   0.00  -97.7   38.3  28.0 25.95  229.5     0.0  229.47    0.00    0.00     0.0  229.47    0.00    0.00     0.0  229.47    0.00    0.00    4.6     61634.717      5.50   47.24000   39.71000  "Undefined"          0.0    -9.00  0.00000000
14.12.2023 17:07:46.594  12.04000000  12039.99039   0.00 -105.3   30.7  28.0 29.54  228.0     0.0  228.02    0.00    0.00     0.0  228.02    0.00    0.00     0.0  228.02    0.00    0.00    6.0     61666.594      5.50   47.24000   39.71000  "Undefined"          0.0    -9.61  0.00000000
14.12.2023 17:07:46.594  12.04000000  12039.99100   0.00  -99.0   37.0  28.0 26.90  229.2     0.0  229.20    0.00    0.00     0.0  229.20    0.00    0.00     0.0  229.20    0.00    0.00    3.6     61666.594      5.50   47.24000   39.71000  "Undefined"          0.0    -9.00  0.00000000
14.12.2023 17:08:18.332  12.04000000  12039.99015   0.00 -111.6   24.4  28.0 26.40  230.1     0.0  230.12    0.00    0.00     0.0  230.12    0.00    0.00     0.0  230.12    0.00    0.00    3.0     61698.332      5.50   47.24000   39.71000  "Undefined"          0.0    -9.85  0.00000000
14.12.2023 17:08:18.332  12.04000000  12039.99064   0.00  -97.5   38.5  28.0 27.15  229.0     0.0  229.02    0.00    0.00     0.0  229.02    0.00    0.00     0.0  229.02    0.00    0.00    4.3     61698.332      5.50   47.24000   39.71000  "Undefined"          0.0    -9.36  0.00000000
14.12.2023 17:08:18.332  12.04000000  12039.99088   0.00  -95.8   40.2  28.0 23.18  227.4     0.0  227.38    0.00    0.00     0.0  227.38    0.00    0.00     0.0  227.38    0.00    0.00    5.8     61698.332      5.50   47.24000   39.71000  "Undefined"          0.0    -9.12  0.00000000
14.12.2023 17:08:50.191  12.04000000  12039.99076   0.00 -102.9   33.1  28.0 22.68  231.9     0.0  231.94    0.00    0.00     0.0  231.94    0.00    0.00     0.0  231.94    0.00    0.00    3.2     61730.191      5.50   47.24000   39.71000  "Undefined"          0.0    -9.24  0.00000000
14.12.2023 17:09:22.003  12.04000000  12039.99015   0.00 -111.3   24.7  28.0 24.87  228.6     0.0  228.63    0.00    0.00     0.0  228.63    0.00    0.00     0.0  228.63    0.00    0.00    3.4     61762.003      5.50   47.24000   39.71000  "Undefined"          0.0    -9.85  0.00000000
14.12.2023 17:09:22.003  12.04000000  12039.99052   0.00 -106.1   29.9  28.0 24.79  227.8     0.0  227.76    0.00    0.00     0.0  227.76    0.00    0.00     0.0  227.76    0.00    0.00    5.6     61762.003      5.50   47.24000   39.71000  "Undefined"          0.0    -9.48  0.00000000
14.12.2023 17:09:22.003  12.04000000  12039.99088   0.00  -94.6   41.4  28.0 26.07  228.6     0.0  228.56    0.00    0.00     0.0  228.56    0.00    0.00     0.0  228.56    0.00    0.00    3.2     61762.003      5.50   47.24000   39.71000  "Undefined"          0.0    -9.12  0.00000000
14.12.2023 17:09:53.903  12.04000000  12039.99027   0.00 -107.3   28.7  28.0 24.68  227.8     0.0  227.78    0.00    0.00     0.0  227.78    0.00    0.00     0.0  227.78    0.00    0.00    3.7     61793.903      5.50   47.24000   39.71000  "Undefined"          0.0    -9.73  0.00000000
14.12.2023 17:09:53.903  12.04000000  12039.99064   0.00 -103.5   32.5  28.0 36.55  232.1     0.0  232.07    0.00    0.00     0.0  232.07    0.00    0.00     0.0  232.07    0.00    0.00   12.7     61793.903      5.50   47.24000   39.71000  "Undefined"          0.0    -9.36  0.00000000
14.12.2023 17:09:53.903  12.04000000  12039.99088   0.00 -100.4   35.6  28.0 22.23  227.5     0.0  227.54    0.00    0.00     0.0  227.54    0.00    0.00     0.0  227.54    0.00    0.00    3.4     61793.903      5.50   47.24000   39.71000  "Undefined"          0.0    -9.12  0.00000000
14.12.2023 17:10:25.638  12.04000000  12039.99027   0.00 -110.7   25.3  28.0 24.21  229.3     0.0  229.27    0.00    0.00     0.0  229.27    0.00    0.00     0.0  229.27    0.00    0.00    4.2     61825.638      5.50   47.24000   39.71000  "Undefined"          0.0    -9.73  0.00000000
14.12.2023 17:10:25.638  12.04000000  12039.99064   0.00 -104.9   31.1  28.0 26.14  227.3     0.0  227.31    0.00    0.00     0.0  227.31    0.00    0.00     0.0  227.31    0.00    0.00    3.9     61825.638      5.50   47.24000   39.71000  "Undefined"          0.0    -9.36  0.00000000
14.12.2023 17:10:25.638  12.04000000  12039.99100   0.00 -102.5   33.5  28.0 23.46  229.0     0.0  229.03    0.00    0.00     0.0  229.03    0.00    0.00     0.0  229.03    0.00    0.00    1.9     61825.638      5.50   47.24000   39.71000  "Undefined"          0.0    -9.00  0.00000000
14.12.2023 17:10:57.457  12.04000000  12039.99015   0.00 -112.3   23.7  28.0 36.31  227.1     0.0  227.14    0.00    0.00     0.0  227.14    0.00    0.00     0.0  227.14    0.00    0.00   11.3     61857.457      5.50   47.24000   39.71000  "Undefined"          0.0    -9.85  0.00000000
14.12.2023 17:10:57.457  12.04000000  12039.99076   0.00 -102.4   33.6  28.0 27.77  226.1     0.0  226.06    0.00    0.00     0.0  226.06    0.00    0.00     0.0  226.06    0.00    0.00    5.8     61857.457      5.50   47.24000   39.71000  "Undefined"          0.0    -9.24  0.00000000
14.12.2023 17:11:29.305  12.04000000  12039.98966   0.00 -115.9   20.1  28.0 21.20  229.5     0.0  229.50    0.00    0.00     0.0  229.50    0.00    0.00     0.0  229.50    0.00    0.00    1.7     61889.305      5.50   47.24000   39.71000  "Undefined"          0.0   -10.34  0.00000000
14.12.2023 17:11:29.305  12.04000000  12039.99210   0.00 -115.5   20.5  28.0 26.56  228.3     0.0  228.34    0.00    0.00     0.0  228.34    0.00    0.00     0.0  228.34    0.00    0.00    4.1     61889.305      5.50   47.24000   39.71000  "Undefined"          0.0    -7.90  0.00000000
14.12.2023 17:11:29.305  12.04000000  12039.99088   0.00  -91.7   44.3  28.0 25.60  228.4     0.0  228.44    0.00    0.00     0.0  228.44    0.00    0.00     0.0  228.44    0.00    0.00    3.6     61889.305      5.50   47.24000   39.71000  "Undefined"          0.0    -9.12  0.00000000
14.12.2023 17:12:01.219  12.04000000  12039.99064   0.00  -99.0   37.0  28.0 29.11  230.3     0.0  230.34    0.00    0.00     0.0  230.34    0.00    0.00     0.0  230.34    0.00    0.00    6.2     61921.219      5.50   47.24000   39.71000  "Undefined"          0.0    -9.36  0.00000000
14.12.2023 17:12:01.219  12.04000000  12039.99088   0.00  -94.5   41.5  28.0 27.08  228.1     0.0  228.14    0.00    0.00     0.0  228.14    0.00    0.00     0.0  228.14    0.00    0.00    3.6     61921.219      5.50   47.24000   39.71000  "Undefined"          0.0    -9.12  0.00000000
14.12.2023 17:12:33.178  12.04000000  12039.99027   0.00 -104.7   31.3  28.0 30.36  226.7     0.0  226.66    0.00    0.00     0.0  226.66    0.00    0.00     0.0  226.66    0.00    0.00    7.8     61953.178      5.50   47.24000   39.71000  "Undefined"          0.0    -9.73  0.00000000
14.12.2023 17:12:33.178  12.04000000  12039.99064   0.00 -101.8   34.2  28.0 26.08  229.0     0.0  228.96    0.00    0.00     0.0  228.96    0.00    0.00     0.0  228.96    0.00    0.00    4.2     61953.178      5.50   47.24000   39.71000  "Undefined"          0.0    -9.36  0.00000000
14.12.2023 17:12:33.178  12.04000000  12039.99088   0.00 -100.3   35.7  28.0 26.57  227.9     0.0  227.85    0.00    0.00     0.0  227.85    0.00    0.00     0.0  227.85    0.00    0.00    4.1     61953.178      5.50   47.24000   39.71000  "Undefined"          0.0    -9.12  0.00000000
14.12.2023 17:13:05.086  12.04000000  12039.99015   0.00 -115.3   20.7  28.0 17.35  226.9     0.0  226.88    0.00    0.00     0.0  226.88    0.00    0.00     0.0  226.88    0.00    0.00    3.8     61985.086      5.50   47.24000   39.71000  "Undefined"          0.0    -9.85  0.00000000
14.12.2023 17:13:05.086  12.04000000  12039.99039   0.00 -108.4   27.6  28.0 31.92  230.6     0.0  230.63    0.00    0.00     0.0  230.63    0.00    0.00     0.0  230.63    0.00    0.00    6.5     61985.086      5.50   47.24000   39.71000  "Undefined"          0.0    -9.61  0.00000000
14.12.2023 17:13:05.086  12.04000000  12039.99088   0.00 -103.4   32.6  28.0 25.69  229.5     0.0  229.49    0.00    0.00     0.0  229.49    0.00    0.00     0.0  229.49    0.00    0.00    3.4     61985.086      5.50   47.24000   39.71000  "Undefined"          0.0    -9.12  0.00000000
14.12.2023 17:13:36.947  12.04000000  12039.99052   0.00 -110.1   25.9  28.0 23.09  224.3     0.0  224.33    0.00    0.00     0.0  224.33    0.00    0.00     0.0  224.33    0.00    0.00    5.3     62016.947      5.50   47.24000   39.71000  "Undefined"          0.0    -9.48  0.00000000
14.12.2023 17:13:36.947  12.04000000  12039.99027   0.00 -108.3   27.7  28.0 32.03  228.1     0.0  228.06    0.00    0.00     0.0  228.06    0.00    0.00     0.0  228.06    0.00    0.00    7.6     62016.947      5.50   47.24000   39.71000  "Undefined"          0.0    -9.73  0.00000000
14.12.2023 17:13:36.947  12.04000000  12039.99088   0.00 -104.1   31.9  28.0 21.04  228.1     0.0  228.09    0.00    0.00     0.0  228.09    0.00    0.00     0.0  228.09    0.00    0.00    4.4     62016.947      5.50   47.24000   39.71000  "Undefined"          0.0    -9.12  0.00000000
14.12.2023 17:14:08.884  12.04000000  12039.99052   0.00 -103.6   32.4  28.0 30.16  227.0     0.0  227.00    0.00    0.00     0.0  227.00    0.00    0.00     0.0  227.00    0.00    0.00    6.0     62048.884      5.50   47.24000   39.71000  "Undefined"          0.0    -9.48  0.00000000
14.12.2023 17:14:08.884  12.04000000  12039.99088   0.00 -101.0   35.0  28.0 26.64  226.6     0.0  226.56    0.00    0.00     0.0  226.56    0.00    0.00     0.0  226.56    0.00    0.00    6.4     62048.884      5.50   47.24000   39.71000  "Undefined"          0.0    -9.12  0.00000000
14.12.2023 17:14:40.601  12.04000000  12039.99064   0.00  -96.4   39.6  28.0 32.33  228.8     0.0  228.80    0.00    0.00     0.0  228.80    0.00    0.00     0.0  228.80    0.00    0.00    8.5     62080.601      5.50   47.24000   39.71000  "Undefined"          0.0    -9.36  0.00000000
14.12.2023 17:15:12.427  12.04000000  12039.99027   0.00 -108.0   28.0  28.0 20.50  227.7     0.0  227.73    0.00    0.00     0.0  227.73    0.00    0.00     0.0  227.73    0.00    0.00    5.9     62112.427      5.50   47.24000   39.71000  "Undefined"          0.0    -9.73  0.00000000
14.12.2023 17:15:12.427  12.04000000  12039.99088   0.00 -100.1   35.9  28.0 25.02  229.4     0.0  229.39    0.00    0.00     0.0  229.39    0.00    0.00     0.0  229.39    0.00    0.00    4.5     62112.427      5.50   47.24000   39.71000  "Undefined"          0.0    -9.12  0.00000000
14.12.2023 17:15:12.427  12.04000000  12039.99064   0.00  -96.3   39.7  28.0 30.05  230.4     0.0  230.37    0.00    0.00     0.0  230.37    0.00    0.00     0.0  230.37    0.00    0.00    5.3     62112.427      5.50   47.24000   39.71000  "Undefined"          0.0    -9.36  0.00000000
14.12.2023 17:15:54.805  12.04000000  12039.99112   0.00 -111.8   24.2  28.0 28.41  227.2     0.0  227.20    0.00    0.00     0.0  227.20    0.00    0.00     0.0  227.20    0.00    0.00    1.6     62154.805      5.50   47.24000   39.71000  "Undefined"          0.0    -8.88  0.00000000
14.12.2023 17:15:54.805  12.04000000  12039.99076   0.00  -98.6   37.4  28.0 27.40  227.8     0.0  227.79    0.00    0.00     0.0  227.79    0.00    0.00     0.0  227.79    0.00    0.00    4.6     62154.805      5.50   47.24000   39.71000  "Undefined"          0.0    -9.24  0.00000000
14.12.2023 17:16:26.536  12.04000000  12039.99088   0.00  -98.0   38.0  28.0 27.02  227.1     0.0  227.10    0.00    0.00     0.0  227.10    0.00    0.00     0.0  227.10    0.00    0.00    3.7     62186.536      5.50   47.24000   39.71000  "Undefined"          0.0    -9.12  0.00000000
14.12.2023 17:16:58.319  12.04000000  12039.99088   0.00  -98.8   37.2  28.0 25.20  229.0     0.0  228.96    0.00    0.00     0.0  228.96    0.00    0.00     0.0  228.96    0.00    0.00    3.1     62218.319      5.50   47.24000   39.71000  "Undefined"          0.0    -9.12  0.00000000
14.12.2023 17:17:30.167  12.04000000  12039.99088   0.00  -94.5   41.5  28.0 25.03  228.0     0.0  228.02    0.00    0.00     0.0  228.02    0.00    0.00     0.0  228.02    0.00    0.00    3.6     62250.167      5.50   47.24000   39.71000  "Undefined"          0.0    -9.12  0.00000000
14.12.2023 17:18:02.017  12.04000000  12039.99039   0.00 -106.4   29.6  28.0 29.66  227.6     0.0  227.60    0.00    0.00     0.0  227.60    0.00    0.00     0.0  227.60    0.00    0.00    5.6     62282.017      5.50   47.24000   39.71000  "Undefined"          0.0    -9.61  0.00000000
14.12.2023 17:18:02.017  12.04000000  12039.99088   0.00 -100.6   35.4  28.0 24.66  228.3     0.0  228.31    0.00    0.00     0.0  228.31    0.00    0.00     0.0  228.31    0.00    0.00    2.5     62282.017      5.50   47.24000   39.71000  "Undefined"          0.0    -9.12  0.00000000
14.12.2023 17:18:33.921  12.04000000  12039.99052   0.00 -103.0   33.0  28.0 28.68  228.7     0.0  228.66    0.00    0.00     0.0  228.66    0.00    0.00     0.0  228.66    0.00    0.00    6.4     62313.921      5.50   47.24000   39.71000  "Undefined"          0.0    -9.48  0.00000000
14.12.2023 17:18:33.921  12.04000000  12039.99100   0.00 -102.8   33.2  28.0 25.16  229.5     0.0  229.49    0.00    0.00     0.0  229.49    0.00    0.00     0.0  229.49    0.00    0.00    4.5     62313.921      5.50   47.24000   39.71000  "Undefined"          0.0    -9.00  0.00000000
14.12.2023 17:18:33.921  12.04000000  12039.99076   0.00 -100.0   36.0  28.0 26.13  227.2     0.0  227.23    0.00    0.00     0.0  227.23    0.00    0.00     0.0  227.23    0.00    0.00    2.3     62313.921      5.50   47.24000   39.71000  "Undefined"          0.0    -9.24  0.00000000
14.12.2023 17:19:05.753  12.04000000  12039.99064   0.00 -101.7   34.3  28.0 29.73  229.0     0.0  229.04    0.00    0.00     0.0  229.04    0.00    0.00     0.0  229.04    0.00    0.00    4.6     62345.753      5.50   47.24000   39.71000  "Undefined"          0.0    -9.36  0.00000000
14.12.2023 17:19:05.753  12.04000000  12039.99088   0.00 -100.9   35.1  28.0 28.00  228.7     0.0  228.74    0.00    0.00     0.0  228.74    0.00    0.00     0.0  228.74    0.00    0.00    3.0     62345.753      5.50   47.24000   39.71000  "Undefined"          0.0    -9.12  0.00000000
14.12.2023 17:19:37.545  12.04000000  12039.99112   0.00 -107.5   28.5  28.0 21.82  228.8     0.0  228.84    0.00    0.00     0.0  228.84    0.00    0.00     0.0  228.84    0.00    0.00    3.2     62377.545      5.50   47.24000   39.71000  "Undefined"          0.0    -8.88  0.00000000
14.12.2023 17:19:37.545  12.04000000  12039.99064   0.00 -104.9   31.1  28.0 27.43  225.8     0.0  225.84    0.00    0.00     0.0  225.84    0.00    0.00     0.0  225.84    0.00    0.00    6.4     62377.545      5.50   47.24000   39.71000  "Undefined"          0.0    -9.36  0.00000000
14.12.2023 17:20:09.299  12.04000000  12039.99088   0.00  -97.2   38.8  28.0 25.41  227.6     0.0  227.64    0.00    0.00     0.0  227.64    0.00    0.00     0.0  227.64    0.00    0.00    4.4     62409.299      5.50   47.24000   39.71000  "Undefined"          0.0    -9.12  0.00000000
14.12.2023 17:20:41.230  12.04000000  12039.99088   0.00 -100.9   35.1  28.0 23.27  228.3     0.0  228.26    0.00    0.00     0.0  228.26    0.00    0.00     0.0  228.26    0.00    0.00    4.0     62441.230      5.50   47.24000   39.71000  "Undefined"          0.0    -9.12  0.00000000
14.12.2023 17:21:23.585  12.04000000  12039.99076   0.00 -104.3   31.7  28.0 29.35  228.5     0.0  228.51    0.00    0.00     0.0  228.51    0.00    0.00     0.0  228.51    0.00    0.00    3.2     62483.585      5.50   47.24000   39.71000  "Undefined"          0.0    -9.24  0.00000000
14.12.2023 17:21:55.316  12.04000000  12039.99064   0.00 -101.2   34.8  28.0 27.91  228.2     0.0  228.18    0.00    0.00     0.0  228.18    0.00    0.00     0.0  228.18    0.00    0.00    3.2     62515.316      5.50   47.24000   39.71000  "Undefined"          0.0    -9.36  0.00000000
14.12.2023 17:22:27.046  12.04000000  12039.99064   0.00 -106.3   29.7  28.0 22.97  227.6     0.0  227.62    0.00    0.00     0.0  227.62    0.00    0.00     0.0  227.62    0.00    0.00    4.0     62547.046      5.50   47.24000   39.71000  "Undefined"          0.0    -9.36  0.00000000
14.12.2023 17:22:58.766  12.04000000  12039.99064   0.00  -98.7   37.3  28.0 28.14  227.2     0.0  227.23    0.00    0.00     0.0  227.23    0.00    0.00     0.0  227.23    0.00    0.00    5.2     62578.766      5.50   47.24000   39.71000  "Undefined"          0.0    -9.36  0.00000000
14.12.2023 17:23:30.516  12.04000000  12039.99088   0.00 -101.6   34.4  28.0 26.61  230.1     0.0  230.05    0.00    0.00     0.0  230.05    0.00    0.00     0.0  230.05    0.00    0.00    3.7     62610.516      5.50   47.24000   39.71000  "Undefined"          0.0    -9.12  0.00000000
14.12.2023 17:23:30.516  12.04000000  12039.99052   0.00  -98.4   37.6  28.0 28.96  228.4     0.0  228.37    0.00    0.00     0.0  228.37    0.00    0.00     0.0  228.37    0.00    0.00    3.5     62610.516      5.50   47.24000   39.71000  "Undefined"          0.0    -9.48  0.00000000
14.12.2023 17:24:12.872  12.04000000  12039.99027   0.00 -108.8   27.2  28.0 28.75  227.0     0.0  227.02    0.00    0.00     0.0  227.02    0.00    0.00     0.0  227.02    0.00    0.00    3.7     62652.872      5.50   47.24000   39.71000  "Undefined"          0.0    -9.73  0.00000000
14.12.2023 17:24:12.872  12.04000000  12039.99064   0.00  -92.1   43.9  28.0 26.78  227.6     0.0  227.55    0.00    0.00     0.0  227.55    0.00    0.00     0.0  227.55    0.00    0.00    3.2     62652.872      5.50   47.24000   39.71000  "Undefined"          0.0    -9.36  0.00000000
14.12.2023 17:24:44.690  12.04000000  12039.99112   0.00 -108.8   27.2  28.0 23.58  233.8     0.0  233.79    0.00    0.00     0.0  233.79    0.00    0.00     0.0  233.79    0.00    0.00    6.4     62684.690      5.50   47.24000   39.71000  "Undefined"          0.0    -8.88  0.00000000
14.12.2023 17:24:44.690  12.04000000  12039.99052   0.00 -102.7   33.3  28.0 28.83  228.7     0.0  228.68    0.00    0.00     0.0  228.68    0.00    0.00     0.0  228.68    0.00    0.00    3.9     62684.690      5.50   47.24000   39.71000  "Undefined"          0.0    -9.48  0.00000000
14.12.2023 17:24:44.690  12.04000000  12039.99076   0.00  -99.3   36.7  28.0 23.73  229.1     0.0  229.08    0.00    0.00     0.0  229.08    0.00    0.00     0.0  229.08    0.00    0.00    3.3     62684.690      5.50   47.24000   39.71000  "Undefined"          0.0    -9.24  0.00000000
14.12.2023 17:25:16.467  12.04000000  12039.99112   0.00 -111.5   24.5  28.0 26.18  228.1     0.0  228.14    0.00    0.00     0.0  228.14    0.00    0.00     0.0  228.14    0.00    0.00    1.9     62716.467      5.50   47.24000   39.71000  "Undefined"          0.0    -8.88  0.00000000
14.12.2023 17:25:16.467  12.04000000  12039.99076   0.00  -90.2   45.8  28.0 27.18  228.1     0.0  228.10    0.00    0.00     0.0  228.10    0.00    0.00     0.0  228.10    0.00    0.00    4.8     62716.467      5.50   47.24000   39.71000  "Undefined"          0.0    -9.24  0.00000000
14.12.2023 17:25:58.905  12.04000000  12039.99027   0.00 -111.4   24.6  28.0 29.91  227.1     0.0  227.14    0.00    0.00     0.0  227.14    0.00    0.00     0.0  227.14    0.00    0.00    5.3     62758.905      5.50   47.24000   39.71000  "Undefined"          0.0    -9.73  0.00000000
14.12.2023 17:25:58.905  12.04000000  12039.99100   0.00  -98.9   37.1  28.0 24.54  227.6     0.0  227.60    0.00    0.00     0.0  227.60    0.00    0.00     0.0  227.60    0.00    0.00    3.4     62758.905      5.50   47.24000   39.71000  "Undefined"          0.0    -9.00  0.00000000
14.12.2023 17:25:58.905  12.04000000  12039.99064   0.00  -97.5   38.5  28.0 27.97  228.4     0.0  228.38    0.00    0.00     0.0  228.38    0.00    0.00     0.0  228.38    0.00    0.00    4.8     62758.905      5.50   47.24000   39.71000  "Undefined"          0.0    -9.36  0.00000000
14.12.2023 17:26:30.690  12.04000000  12039.99100   0.00 -101.2   34.8  28.0 26.26  228.8     0.0  228.82    0.00    0.00     0.0  228.82    0.00    0.00     0.0  228.82    0.00    0.00    3.7     62790.690      5.50   47.24000   39.71000  "Undefined"          0.0    -9.00  0.00000000
14.12.2023 17:26:30.690  12.04000000  12039.99076   0.00 -100.1   35.9  28.0 29.60  227.8     0.0  227.82    0.00    0.00     0.0  227.82    0.00    0.00     0.0  227.82    0.00    0.00    4.7     62790.690      5.50   47.24000   39.71000  "Undefined"          0.0    -9.24  0.00000000
14.12.2023 17:27:02.447  12.04000000  12039.99100   0.00 -106.2   29.8  28.0 26.45  227.7     0.0  227.66    0.00    0.00     0.0  227.66    0.00    0.00     0.0  227.66    0.00    0.00    5.4     62822.447      5.50   47.24000   39.71000  "Undefined"          0.0    -9.00  0.00000000
14.12.2023 17:27:02.447  12.04000000  12039.99064   0.00 -101.9   34.1  28.0 30.03  228.7     0.0  228.71    0.00    0.00     0.0  228.71    0.00    0.00     0.0  228.71    0.00    0.00    4.0     62822.447      5.50   47.24000   39.71000  "Undefined"          0.0    -9.36  0.00000000
14.12.2023 17:27:34.190  12.04000000  12039.99076   0.00  -96.0   40.0  28.0 27.36  229.2     0.0  229.25    0.00    0.00     0.0  229.25    0.00    0.00     0.0  229.25    0.00    0.00    3.0     62854.190      5.50   47.24000   39.71000  "Undefined"          0.0    -9.24  0.00000000
14.12.2023 17:28:05.990  12.04000000  12039.99076   0.00  -99.5   36.5  28.0 29.39  229.8     0.0  229.84    0.00    0.00     0.0  229.84    0.00    0.00     0.0  229.84    0.00    0.00    4.7     62885.990      5.50   47.24000   39.71000  "Undefined"          0.0    -9.24  0.00000000
14.12.2023 17:28:48.217  12.04000000  12039.99039   0.00 -108.4   27.6  28.0 31.91  193.3     0.0  193.26    0.00    0.00     0.0  193.26    0.00    0.00     0.0  193.26    0.00    0.00    9.0     62928.217      5.50   47.24000   39.71000  "Undefined"          0.0    -9.61  0.00000000
14.12.2023 17:29:19.986  12.04000000  12039.99003   0.00 -115.1   20.9  28.0 22.50  178.4     0.0  178.36    0.00    0.00     0.0  178.36    0.00    0.00     0.0  178.36    0.00    0.00    9.8     62959.986      5.50   47.24000   39.71000  "Undefined"          0.0    -9.97  0.00000000
14.12.2023 17:29:19.986  12.04000000  12039.99039   0.00 -113.2   22.8  28.0 31.33  188.1     0.0  188.12    0.00    0.00     0.0  188.12    0.00    0.00     0.0  188.12    0.00    0.00   11.6     62959.986      5.50   47.24000   39.71000  "Undefined"          0.0    -9.61  0.00000000
14.12.2023 17:29:51.727  12.04000000  12039.99052   0.00 -114.2   21.8  28.0 33.44  180.6     0.0  180.57    0.00    0.00     0.0  180.57    0.00    0.00     0.0  180.57    0.00    0.00   23.0     62991.727      5.50   47.24000   39.71000  "Undefined"          0.0    -9.48  0.00000000
14.12.2023 17:29:51.727  12.04000000  12039.99003   0.00 -113.3   22.7  28.0 30.21  170.2     0.0  170.23    0.00    0.00     0.0  170.23    0.00    0.00     0.0  170.23    0.00    0.00    4.9     62991.727      5.50   47.24000   39.71000  "Undefined"          0.0    -9.97  0.00000000
14.12.2023 17:30:23.492  12.04000000  12039.99027   0.00 -113.2   22.8  28.0 22.98  185.3     0.0  185.27    0.00    0.00     0.0  185.27    0.00    0.00     0.0  185.27    0.00    0.00   10.2     63023.492      5.50   47.24000   39.71000  "Undefined"          0.0    -9.73  0.00000000
14.12.2023 17:30:55.273  12.04000000  12039.99015   0.00 -111.6   24.4  28.0 25.01  178.1     0.0  178.07    0.00    0.00     0.0  178.07    0.00    0.00     0.0  178.07    0.00    0.00    6.9     63055.273      5.50   47.24000   39.71000  "Undefined"          0.0    -9.85  0.00000000
14.12.2023 17:31:27.164  12.04000000  12039.98979   0.00 -113.5   22.5  28.0 26.77  175.6     0.0  175.60    0.00    0.00     0.0  175.60    0.00    0.00     0.0  175.60    0.00    0.00    8.4     63087.164      5.50   47.24000   39.71000  "Undefined"          0.0   -10.21  0.00000000
14.12.2023 17:32:51.734  12.04000000  12039.99027   0.00 -113.5   22.5  28.0 23.86  177.4     0.0  177.36    0.00    0.00     0.0  177.36    0.00    0.00     0.0  177.36    0.00    0.00   10.0     63171.734      5.50   47.24000   39.71000  "Undefined"          0.0    -9.73  0.00000000
14.12.2023 17:32:51.734  12.04000000  12039.98979   0.00 -112.9   23.1  28.0 24.39  174.3     0.0  174.29    0.00    0.00     0.0  174.29    0.00    0.00     0.0  174.29    0.00    0.00    6.2     63171.734      5.50   47.24000   39.71000  "Undefined"          0.0   -10.21  0.00000000
14.12.2023 17:33:34.042  12.04000000  12039.99052   0.00 -114.5   21.5  28.0 21.92  181.6     0.0  181.59    0.00    0.00     0.0  181.59    0.00    0.00     0.0  181.59    0.00    0.00   19.9     63214.042      5.50   47.24000   39.71000  "Undefined"          0.0    -9.48  0.00000000
14.12.2023 17:34:05.805  12.04000000  12039.99052   0.00 -112.8   23.2  28.0 30.60  190.9     0.0  190.89    0.00    0.00     0.0  190.89    0.00    0.00     0.0  190.89    0.00    0.00    4.6     63245.805      5.50   47.24000   39.71000  "Undefined"          0.0    -9.48  0.00000000
14.12.2023 17:34:05.805  12.04000000  12039.98979   0.00 -111.0   25.0  28.0 26.99  173.5     0.0  173.46    0.00    0.00     0.0  173.46    0.00    0.00     0.0  173.46    0.00    0.00    7.9     63245.805      5.50   47.24000   39.71000  "Undefined"          0.0   -10.21  0.00000000
14.12.2023 17:34:37.569  12.04000000  12039.98991   0.00 -112.6   23.4  28.0 23.72  175.8     0.0  175.84    0.00    0.00     0.0  175.84    0.00    0.00     0.0  175.84    0.00    0.00    9.1     63277.569      5.50   47.24000   39.71000  "Undefined"          0.0   -10.09  0.00000000
14.12.2023 17:35:09.362  12.04000000  12039.99052   0.00 -115.8   20.2  28.0 26.78  303.7     0.0  303.73    0.00    0.00     0.0  303.73    0.00    0.00     0.0  303.73    0.00    0.00   16.5     63309.362      5.50   47.24000   39.71000  "Undefined"          0.0    -9.48  0.00000000
14.12.2023 17:35:09.362  12.04000000  12039.99015   0.00 -108.4   27.6  28.0 22.43  175.5     0.0  175.50    0.00    0.00     0.0  175.50    0.00    0.00     0.0  175.50    0.00    0.00    7.9     63309.362      5.50   47.24000   39.71000  "Undefined"          0.0    -9.85  0.00000000
14.12.2023 17:36:12.891  12.04000000  12039.99015   0.00 -112.1   23.9  28.0 24.08  174.8     0.0  174.76    0.00    0.00     0.0  174.76    0.00    0.00     0.0  174.76    0.00    0.00    8.7     63372.891      5.50   47.24000   39.71000  "Undefined"          0.0    -9.85  0.00000000
14.12.2023 17:36:44.658  12.04000000  12039.99015   0.00 -111.3   24.7  28.0 26.20  173.9     0.0  173.88    0.00    0.00     0.0  173.88    0.00    0.00     0.0  173.88    0.00    0.00    8.1     63404.658      5.50   47.24000   39.71000  "Undefined"          0.0    -9.85  0.00000000
14.12.2023 17:37:16.427  12.04000000  12039.99003   0.00 -112.0   24.0  28.0 19.74  174.5     0.0  174.52    0.00    0.00     0.0  174.52    0.00    0.00     0.0  174.52    0.00    0.00    9.7     63436.427      5.50   47.24000   39.71000  "Undefined"          0.0    -9.97  0.00000000
14.12.2023 17:37:48.197  12.04000000  12039.98979   0.00 -114.2   21.8  28.0 24.19  173.8     0.0  173.77    0.00    0.00     0.0  173.77    0.00    0.00     0.0  173.77    0.00    0.00   12.2     63468.197      5.50   47.24000   39.71000  "Undefined"          0.0   -10.21  0.00000000
14.12.2023 17:38:19.931  12.04000000  12039.99052   0.00 -115.2   20.8  28.0 20.35  305.1     0.0  305.12    0.00    0.00     0.0  305.12    0.00    0.00     0.0  305.12    0.00    0.00    7.8     63499.931      5.50   47.24000   39.71000  "Undefined"          0.0    -9.48  0.00000000
14.12.2023 17:38:19.931  12.04000000  12039.99015   0.00 -112.6   23.4  28.0 22.20  170.8     0.0  170.82    0.00    0.00     0.0  170.82    0.00    0.00     0.0  170.82    0.00    0.00    7.2     63499.931      5.50   47.24000   39.71000  "Undefined"          0.0    -9.85  0.00000000
14.12.2023 17:38:51.687  12.04000000  12039.99003   0.00 -112.7   23.3  28.0 28.53  171.4     0.0  171.43    0.00    0.00     0.0  171.43    0.00    0.00     0.0  171.43    0.00    0.00    6.6     63531.687      5.50   47.24000   39.71000  "Undefined"          0.0    -9.97  0.00000000
14.12.2023 17:39:23.454  12.04000000  12039.99039   0.00 -114.4   21.6  28.0 11.47  171.5     0.0  171.50    0.00    0.00     0.0  171.50    0.00    0.00     0.0  171.50    0.00    0.00   16.6     63563.454      5.50   47.24000   39.71000  "Undefined"          0.0    -9.61  0.00000000
14.12.2023 17:39:23.454  12.04000000  12039.98991   0.00 -112.9   23.1  28.0 27.41  175.8     0.0  175.76    0.00    0.00     0.0  175.76    0.00    0.00     0.0  175.76    0.00    0.00    7.0     63563.454      5.50   47.24000   39.71000  "Undefined"          0.0   -10.09  0.00000000
14.12.2023 17:39:23.454  12.04000000  12039.99015   0.00 -112.8   23.2  28.0 28.28  174.7     0.0  174.70    0.00    0.00     0.0  174.70    0.00    0.00     0.0  174.70    0.00    0.00    7.3     63563.454      5.50   47.24000   39.71000  "Undefined"          0.0    -9.85  0.00000000
14.12.2023 17:40:26.927  12.04000000  12039.98979   0.00 -115.4   20.6  28.0 27.51  175.2     0.0  175.16    0.00    0.00     0.0  175.16    0.00    0.00     0.0  175.16    0.00    0.00    8.8     63626.927      5.50   47.24000   39.71000  "Undefined"          0.0   -10.21  0.00000000
14.12.2023 17:40:58.704  12.04000000  12039.98991   0.00 -115.5   20.5  28.0 25.40  171.0     0.0  171.01    0.00    0.00     0.0  171.01    0.00    0.00     0.0  171.01    0.00    0.00   10.0     63658.704      5.50   47.24000   39.71000  "Undefined"          0.0   -10.09  0.00000000
14.12.2023 17:41:30.444  12.04000000  12039.99027   0.00 -112.3   23.7  28.0 31.19  178.4     0.0  178.42    0.00    0.00     0.0  178.42    0.00    0.00     0.0  178.42    0.00    0.00    7.6     63690.444      5.50   47.24000   39.71000  "Undefined"          0.0    -9.73  0.00000000
14.12.2023 17:42:02.184  12.04000000  12039.98991   0.00 -114.1   21.9  28.0 25.62  176.0     0.0  176.03    0.00    0.00     0.0  176.03    0.00    0.00     0.0  176.03    0.00    0.00    6.4     63722.184      5.50   47.24000   39.71000  "Undefined"          0.0   -10.09  0.00000000
14.12.2023 17:43:05.686  12.04000000  12039.99003   0.00 -115.9   20.1  28.0 25.74  170.6     0.0  170.63    0.00    0.00     0.0  170.63    0.00    0.00     0.0  170.63    0.00    0.00    7.8     63785.686      5.50   47.24000   39.71000  "Undefined"          0.0    -9.97  0.00000000
14.12.2023 17:43:37.427  12.04000000  12039.99015   0.00 -112.5   23.5  28.0 20.97  173.6     0.0  173.63    0.00    0.00     0.0  173.63    0.00    0.00     0.0  173.63    0.00    0.00    9.1     63817.427      5.50   47.24000   39.71000  "Undefined"          0.0    -9.85  0.00000000
14.12.2023 17:46:26.612  12.04000000  12039.98991   0.00 -115.9   20.1  28.0 21.66  171.8     0.0  171.78    0.00    0.00     0.0  171.78    0.00    0.00     0.0  171.78    0.00    0.00   10.8     63986.612      5.50   47.24000   39.71000  "Undefined"          0.0   -10.09  0.00000000
14.12.2023 17:46:58.365  12.04000000  12039.99027   0.00 -115.6   20.4  28.0 29.03  177.5     0.0  177.49    0.00    0.00     0.0  177.49    0.00    0.00     0.0  177.49    0.00    0.00    7.4     64018.365      5.50   47.24000   39.71000  "Undefined"          0.0    -9.73  0.00000000
14.12.2023 17:49:37.013  12.04000000  12039.99003   0.00 -115.7   20.3  28.0 28.57  177.1     0.0  177.15    0.00    0.00     0.0  177.15    0.00    0.00     0.0  177.15    0.00    0.00   14.7     64177.013      5.50   47.24000   39.71000  "Undefined"          0.0    -9.97  0.00000000
14.12.2023 17:52:57.884  12.04000000  12039.99027   0.00 -114.5   21.5  28.0  9.16  295.1     0.0  295.15    0.00    0.00     0.0  295.15    0.00    0.00     0.0  295.15    0.00    0.00   15.0     64377.884      5.50   47.24000   39.71000  "Undefined"          0.0    -9.73  0.00000000
14.12.2023 17:59:50.582  12.04000000  12039.99015   0.00 -114.7   21.3  28.0 10.75  288.0     0.0  288.04    0.00    0.00     0.0  288.04    0.00    0.00     0.0  288.04    0.00    0.00   13.8     64790.582      5.50   47.24000   39.71000  "Undefined"          0.0    -9.85  0.00000000
