09.12.2023 18:00:03.026  12.04000000  12039.99137   0.00 -116.0   20.0  28.0 21.80  164.8     0.0  164.79    0.00    0.00     0.0  164.79    0.00    0.00     0.0  164.79    0.00    0.00    4.7     64803.026      5.50   47.24000   39.71000  "Undefined"          0.0    -8.63  0.00000000
09.12.2023 18:00:03.026  12.04000000  12039.99100   0.00 -116.0   20.0  28.0 25.59  176.5     0.0  176.52    0.00    0.00     0.0  176.52    0.00    0.00     0.0  176.52    0.00    0.00    4.7     64803.026      5.50   47.24000   39.71000  "Undefined"          0.0    -9.00  0.00000000
09.12.2023 18:00:34.767  12.04000000  12039.99076   0.00 -115.2   20.8  28.0 21.60  171.2     0.0  171.23    0.00    0.00     0.0  171.23    0.00    0.00     0.0  171.23    0.00    0.00    7.4     64834.767      5.50   47.24000   39.71000  "Undefined"          0.0    -9.24  0.00000000
09.12.2023 18:00:34.767  12.04000000  12039.99112   0.00 -113.0   23.0  28.0 22.03  175.6     0.0  175.57    0.00    0.00     0.0  175.57    0.00    0.00     0.0  175.57    0.00    0.00    3.7     64834.767      5.50   47.24000   39.71000  "Undefined"          0.0    -8.88  0.00000000
09.12.2023 18:01:06.477  12.04000000  12039.99100   0.00 -115.0   23.0  28.0 22.57  178.3     0.0  178.28    0.00    0.00     0.0  178.28    0.00    0.00     0.0  178.28    0.00    0.00    4.9     64866.477      5.50   47.24000   39.71000  "Undefined"          0.0    -9.00  0.00000000
09.12.2023 18:01:38.191  12.04000000  12039.99100   0.00 -114.2   23.8  28.0 22.61  177.6     0.0  177.58    0.00    0.00     0.0  177.58    0.00    0.00     0.0  177.58    0.00    0.00    2.9     64898.191      5.50   47.24000   39.71000  "Undefined"          0.0    -9.00  0.00000000
09.12.2023 18:02:09.913  12.04000000  12039.99064   0.00 -117.2   20.8  28.0 22.57  177.4     0.0  177.35    0.00    0.00     0.0  177.35    0.00    0.00     0.0  177.35    0.00    0.00    4.2     64929.913      5.50   47.24000   39.71000  "Undefined"          0.0    -9.36  0.00000000
09.12.2023 18:02:09.913  12.04000000  12039.99112   0.00 -112.8   25.2  28.0 24.81  178.5     0.0  178.52    0.00    0.00     0.0  178.52    0.00    0.00     0.0  178.52    0.00    0.00    4.1     64929.913      5.50   47.24000   39.71000  "Undefined"          0.0    -8.88  0.00000000
09.12.2023 18:02:41.667  12.04000000  12039.99100   0.00 -117.3   20.7  28.0 22.65  178.7     0.0  178.71    0.00    0.00     0.0  178.71    0.00    0.00     0.0  178.71    0.00    0.00    6.7     64961.667      5.50   47.24000   39.71000  "Undefined"          0.0    -9.00  0.00000000
09.12.2023 18:03:13.427  12.04000000  12039.99027   0.00 -116.4   21.6  28.0 21.74  175.4     0.0  175.45    0.00    0.00     0.0  175.45    0.00    0.00     0.0  175.45    0.00    0.00    5.2     64993.427      5.50   47.24000   39.71000  "Undefined"          0.0    -9.73  0.00000000
09.12.2023 18:04:16.888  12.04000000  12039.99112   0.00 -114.5   21.5  28.0 20.32  171.2     0.0  171.25    0.00    0.00     0.0  171.25    0.00    0.00     0.0  171.25    0.00    0.00    5.1     65056.888      5.50   47.24000   39.71000  "Undefined"          0.0    -8.88  0.00000000
09.12.2023 18:07:27.223  12.04000000  12039.99124   0.00 -115.0   21.0  28.0 20.60  167.4     0.0  167.40    0.00    0.00     0.0  167.40    0.00    0.00     0.0  167.40    0.00    0.00    5.0     65247.223      5.50   47.24000   39.71000  "Undefined"          0.0    -8.76  0.00000000
09.12.2023 18:08:41.153  12.04000000  12039.99039   0.00 -114.3   21.7  28.0 21.71  173.8     0.0  173.76    0.00    0.00     0.0  173.76    0.00    0.00     0.0  173.76    0.00    0.00    2.8     65321.153      5.50   47.24000   39.71000  "Undefined"          0.0    -9.61  0.00000000
09.12.2023 18:09:12.861  12.04000000  12039.99100   0.00 -113.1   22.9  28.0 22.26  174.0     0.0  173.97    0.00    0.00     0.0  173.97    0.00    0.00     0.0  173.97    0.00    0.00    4.3     65352.861      5.50   47.24000   39.71000  "Undefined"          0.0    -9.00  0.00000000
09.12.2023 18:10:16.362  12.04000000  12039.99064   0.00 -115.4   20.6  28.0 22.65  175.9     0.0  175.88    0.00    0.00     0.0  175.88    0.00    0.00     0.0  175.88    0.00    0.00    6.2     65416.362      5.50   47.24000   39.71000  "Undefined"          0.0    -9.36  0.00000000
09.12.2023 18:10:16.362  12.04000000  12039.99112   0.00 -114.6   21.4  28.0 22.31  168.0     0.0  168.01    0.00    0.00     0.0  168.01    0.00    0.00     0.0  168.01    0.00    0.00    5.0     65416.362      5.50   47.24000   39.71000  "Undefined"          0.0    -8.88  0.00000000
09.12.2023 18:10:48.075  12.04000000  12039.99100   0.00 -114.2   21.8  28.0 21.74  174.2     0.0  174.20    0.00    0.00     0.0  174.20    0.00    0.00     0.0  174.20    0.00    0.00    3.5     65448.075      5.50   47.24000   39.71000  "Undefined"          0.0    -9.00  0.00000000
09.12.2023 18:11:51.470  12.04000000  12039.99088   0.00 -116.1   21.9  28.0 19.55  169.1     0.0  169.14    0.00    0.00     0.0  169.14    0.00    0.00     0.0  169.14    0.00    0.00    3.4     65511.470      5.50   47.24000   39.71000  "Undefined"          0.0    -9.12  0.00000000
09.12.2023 18:12:33.700  12.04000000  12039.99088   0.00 -115.6   20.4  28.0 18.80  169.3     0.0  169.27    0.00    0.00     0.0  169.27    0.00    0.00     0.0  169.27    0.00    0.00    8.2     65553.700      5.50   47.24000   39.71000  "Undefined"          0.0    -9.12  0.00000000
09.12.2023 18:12:33.700  12.04000000  12039.99124   0.00 -114.4   21.6  28.0 23.41  172.0     0.0  172.03    0.00    0.00     0.0  172.03    0.00    0.00     0.0  172.03    0.00    0.00    4.2     65553.700      5.50   47.24000   39.71000  "Undefined"          0.0    -8.76  0.00000000
09.12.2023 18:13:37.148  12.04000000  12039.99124   0.00 -110.8   25.2  28.0 23.39  180.3     0.0  180.26    0.00    0.00     0.0  180.26    0.00    0.00     0.0  180.26    0.00    0.00    6.1     65617.148      5.50   47.24000   39.71000  "Undefined"          0.0    -8.76  0.00000000
09.12.2023 18:15:12.250  12.04000000  12039.99149   0.00 -112.7   23.3  28.0 18.25  178.5     0.0  178.50    0.00    0.00     0.0  178.50    0.00    0.00     0.0  178.50    0.00    0.00    3.7     65712.250      5.50   47.24000   39.71000  "Undefined"          0.0    -8.51  0.00000000
09.12.2023 18:15:43.971  12.04000000  12039.99137   0.00 -113.7   22.3  28.0 21.09  176.9     0.0  176.89    0.00    0.00     0.0  176.89    0.00    0.00     0.0  176.89    0.00    0.00    4.0     65743.971      5.50   47.24000   39.71000  "Undefined"          0.0    -8.63  0.00000000
09.12.2023 18:16:26.229  12.04000000  12039.99124   0.00 -114.5   21.5  28.0 25.75  175.1     0.0  175.14    0.00    0.00     0.0  175.14    0.00    0.00     0.0  175.14    0.00    0.00    4.0     65786.229      5.50   47.24000   39.71000  "Undefined"          0.0    -8.76  0.00000000
09.12.2023 18:16:57.911  12.04000000  12039.99112   0.00 -113.5   22.5  28.0 26.00  174.2     0.0  174.19    0.00    0.00     0.0  174.19    0.00    0.00     0.0  174.19    0.00    0.00    4.4     65817.911      5.50   47.24000   39.71000  "Undefined"          0.0    -8.88  0.00000000
09.12.2023 18:18:01.362  12.04000000  12039.99124   0.00 -115.9   20.1  28.0 14.03  179.5     0.0  179.47    0.00    0.00     0.0  179.47    0.00    0.00     0.0  179.47    0.00    0.00    3.1     65881.362      5.50   47.24000   39.71000  "Undefined"          0.0    -8.76  0.00000000
09.12.2023 18:18:43.595  12.04000000  12039.99100   0.00 -114.8   21.2  28.0 20.76  176.9     0.0  176.93    0.00    0.00     0.0  176.93    0.00    0.00     0.0  176.93    0.00    0.00    4.7     65923.595      5.50   47.24000   39.71000  "Undefined"          0.0    -9.00  0.00000000
09.12.2023 18:19:15.285  12.04000000  12039.99124   0.00 -116.6   21.4  28.0 22.84  172.8     0.0  172.76    0.00    0.00     0.0  172.76    0.00    0.00     0.0  172.76    0.00    0.00    5.0     65955.285      5.50   47.24000   39.71000  "Undefined"          0.0    -8.76  0.00000000
09.12.2023 18:19:47.003  12.04000000  12039.99124   0.00 -109.2   26.8  28.0 21.81  180.6     0.0  180.64    0.00    0.00     0.0  180.64    0.00    0.00     0.0  180.64    0.00    0.00    3.7     65987.003      5.50   47.24000   39.71000  "Undefined"          0.0    -8.76  0.00000000
09.12.2023 18:22:36.109  12.04000000  12039.99124   0.00 -115.1   20.9  28.0 23.76  175.3     0.0  175.33    0.00    0.00     0.0  175.33    0.00    0.00     0.0  175.33    0.00    0.00    8.3     66156.109      5.50   47.24000   39.71000  "Undefined"          0.0    -8.76  0.00000000
09.12.2023 18:24:42.828  12.04000000  12039.99149   0.00 -115.1   22.9  28.0 20.25  180.9     0.0  180.92    0.00    0.00     0.0  180.92    0.00    0.00     0.0  180.92    0.00    0.00    3.0     66282.828      5.50   47.24000   39.71000  "Undefined"          0.0    -8.51  0.00000000
09.12.2023 18:25:14.563  12.04000000  12039.99112   0.00 -112.9   23.1  28.0 18.17  173.8     0.0  173.78    0.00    0.00     0.0  173.78    0.00    0.00     0.0  173.78    0.00    0.00    4.7     66314.563      5.50   47.24000   39.71000  "Undefined"          0.0    -8.88  0.00000000
09.12.2023 18:26:17.960  12.04000000  12039.99112   0.00 -115.1   20.9  28.0 18.38  180.6     0.0  180.59    0.00    0.00     0.0  180.59    0.00    0.00     0.0  180.59    0.00    0.00    3.1     66377.960      5.50   47.24000   39.71000  "Undefined"          0.0    -8.88  0.00000000
09.12.2023 18:28:56.404  12.04000000  12039.99124   0.00 -117.8   20.2  28.0 20.99  174.8     0.0  174.77    0.00    0.00     0.0  174.77    0.00    0.00     0.0  174.77    0.00    0.00    7.1     66536.404      5.50   47.24000   39.71000  "Undefined"          0.0    -8.76  0.00000000
09.12.2023 18:29:28.130  12.04000000  12039.99100   0.00 -115.4   20.6  28.0 22.81  176.0     0.0  175.97    0.00    0.00     0.0  175.97    0.00    0.00     0.0  175.97    0.00    0.00    4.7     66568.130      5.50   47.24000   39.71000  "Undefined"          0.0    -9.00  0.00000000
09.12.2023 18:56:44.236  12.04000000  12039.99878   0.00 -115.7   22.3  28.0 27.87  210.9     0.0  210.87    0.00    0.00     0.0  210.87    0.00    0.00     0.0  210.87    0.00    0.00   22.3     68204.236      5.50   47.24000   39.71000  "Undefined"          0.0    -1.22  0.00000000
09.12.2023 18:57:47.608  12.04000000  12039.99878   0.00 -116.2   21.8  28.0 15.48  225.7     0.0  225.66    0.00    0.00     0.0  225.66    0.00    0.00     0.0  225.66    0.00    0.00    9.3     68267.608      5.50   47.24000   39.71000  "Undefined"          0.0    -1.22  0.00000000
09.12.2023 18:58:19.269  12.04000000  12039.99878   0.00 -111.1   24.9  28.0 17.07  210.8     0.0  210.84    0.00    0.00     0.0  210.84    0.00    0.00     0.0  210.84    0.00    0.00   22.8     68299.269      5.50   47.24000   39.71000  "Undefined"          0.0    -1.22  0.00000000
09.12.2023 18:58:50.941  12.04000000  12039.99878   0.00 -115.8   20.2  28.0 26.59  209.5     0.0  209.46    0.00    0.00     0.0  209.46    0.00    0.00     0.0  209.46    0.00    0.00    6.4     68330.941      5.50   47.24000   39.71000  "Undefined"          0.0    -1.22  0.00000000
