07.12.2023 16:30:17.960  12.04000000  12039.99866   0.00 -115.9   20.1  28.0 27.92  172.6     0.0  172.60    0.00    0.00     0.0  172.60    0.00    0.00     0.0  172.60    0.00    0.00   11.0     59417.960      5.50   47.24000   39.71000  "Undefined"          0.0    -1.34  0.00000000
07.12.2023 16:30:17.960  12.04000000  12040.00061   0.00 -114.8   21.2  28.0 20.74  159.2     0.0  159.20    0.00    0.00     0.0  159.20    0.00    0.00     0.0  159.20    0.00    0.00    5.8     59417.960      5.50   47.24000   39.71000  "Undefined"          0.0     0.61  0.00000000
07.12.2023 16:30:17.960  12.04000000  12039.99915   0.00 -109.6   26.4  28.0 15.56  167.3     0.0  167.29    0.00    0.00     0.0  167.29    0.00    0.00     0.0  167.29    0.00    0.00   10.8     59417.960      5.50   47.24000   39.71000  "Undefined"          0.0    -0.85  0.00000000
07.12.2023 16:30:17.960  12.04000000  12039.99951   0.00 -108.6   27.4  28.0 27.10  177.8     0.0  177.84    0.00    0.00     0.0  177.84    0.00    0.00     0.0  177.84    0.00    0.00   15.3     59417.960      5.50   47.24000   39.71000  "Undefined"          0.0    -0.49  0.00000000
07.12.2023 16:30:49.719  12.04000000  12040.00073   0.00 -114.7   21.3  28.0  4.72  158.5     0.0  158.51    0.00    0.00     0.0  158.51    0.00    0.00     0.0  158.51    0.00    0.00    9.0     59449.719      5.50   47.24000   39.71000  "Undefined"          0.0     0.73  0.00000000
07.12.2023 16:30:49.719  12.04000000  12039.99769   0.00 -114.6   21.4  28.0  0.01  160.5     0.0  160.47    0.00    0.00     0.0  160.47    0.00    0.00     0.0  160.47    0.00    0.00    5.0     59449.719      5.50   47.24000   39.71000  "Undefined"          0.0    -2.31  0.00000000
07.12.2023 16:30:49.719  12.04000000  12039.99915   0.00 -108.9   27.1  28.0 10.37  168.7     0.0  168.72    0.00    0.00     0.0  168.72    0.00    0.00     0.0  168.72    0.00    0.00   10.4     59449.719      5.50   47.24000   39.71000  "Undefined"          0.0    -0.85  0.00000000
07.12.2023 16:30:49.719  12.04000000  12040.00000   0.00  -97.0   39.0  28.0 18.96  294.4     0.0  294.44    0.00    0.00     0.0  294.44    0.00    0.00     0.0  294.44    0.00    0.00    2.5     59449.719      5.50   47.24000   39.71000  "Undefined"          0.0     0.00  0.00000000
07.12.2023 16:31:32.049  12.04000000  12039.99866   0.00 -113.8   22.2  28.0 18.92  168.8     0.0  168.83    0.00    0.00     0.0  168.83    0.00    0.00     0.0  168.83    0.00    0.00    4.8     59492.049      5.50   47.24000   39.71000  "Undefined"          0.0    -1.34  0.00000000
07.12.2023 16:31:32.049  12.04000000  12040.00073   0.00 -113.7   22.3  28.0 11.68  161.9     0.0  161.91    0.00    0.00     0.0  161.91    0.00    0.00     0.0  161.91    0.00    0.00    2.4     59492.049      5.50   47.24000   39.71000  "Undefined"          0.0     0.73  0.00000000
07.12.2023 16:31:32.049  12.04000000  12039.99818   0.00 -112.7   23.3  28.0 10.31  170.2     0.0  170.17    0.00    0.00     0.0  170.17    0.00    0.00     0.0  170.17    0.00    0.00    1.9     59492.049      5.50   47.24000   39.71000  "Undefined"          0.0    -1.82  0.00000000
07.12.2023 16:31:32.049  12.04000000  12039.99915   0.00 -112.0   24.0  28.0 51.25   49.6     0.0   49.61    0.00    0.00     0.0   49.61    0.00    0.00     0.0   49.61    0.00    0.00   20.9     59492.049      5.50   47.24000   39.71000  "Undefined"          0.0    -0.85  0.00000000
07.12.2023 16:31:32.049  12.04000000  12039.99964   0.00 -110.2   25.8  28.0 24.26  310.5     0.0  310.54    0.00    0.00     0.0  310.54    0.00    0.00     0.0  310.54    0.00    0.00    5.3     59492.049      5.50   47.24000   39.71000  "Undefined"          0.0    -0.36  0.00000000
07.12.2023 16:31:32.049  12.04000000  12040.00000   0.00  -98.5   37.5  28.0 11.13  294.0     0.0  293.96    0.00    0.00     0.0  293.96    0.00    0.00     0.0  293.96    0.00    0.00    2.7     59492.049      5.50   47.24000   39.71000  "Undefined"          0.0     0.00  0.00000000
07.12.2023 16:32:03.790  12.04000000  12039.99903   0.00 -112.7   23.3  28.0 12.84  172.2     0.0  172.24    0.00    0.00     0.0  172.24    0.00    0.00     0.0  172.24    0.00    0.00    5.9     59523.790      5.50   47.24000   39.71000  "Undefined"          0.0    -0.97  0.00000000
07.12.2023 16:32:03.790  12.04000000  12040.00073   0.00 -111.1   24.9  28.0 19.36  170.0     0.0  170.00    0.00    0.00     0.0  170.00    0.00    0.00     0.0  170.00    0.00    0.00    2.6     59523.790      5.50   47.24000   39.71000  "Undefined"          0.0     0.73  0.00000000
07.12.2023 16:32:03.790  12.04000000  12039.99951   0.00 -104.5   31.5  28.0 32.91  177.2     0.0  177.23    0.00    0.00     0.0  177.23    0.00    0.00     0.0  177.23    0.00    0.00    6.2     59523.790      5.50   47.24000   39.71000  "Undefined"          0.0    -0.49  0.00000000
07.12.2023 16:32:03.790  12.04000000  12040.00012   0.00  -91.2   44.8  28.0  3.95  293.7     0.0  293.69    0.00    0.00     0.0  293.69    0.00    0.00     0.0  293.69    0.00    0.00    1.2     59523.790      5.50   47.24000   39.71000  "Undefined"          0.0     0.12  0.00000000
07.12.2023 16:32:35.512  12.04000000  12040.00061   0.00 -111.6   24.4  28.0 13.90  159.6     0.0  159.55    0.00    0.00     0.0  159.55    0.00    0.00     0.0  159.55    0.00    0.00    3.8     59555.512      5.50   47.24000   39.71000  "Undefined"          0.0     0.61  0.00000000
07.12.2023 16:32:35.512  12.04000000  12039.99976   0.00 -110.8   25.2  28.0 17.72  174.4     0.0  174.44    0.00    0.00     0.0  174.44    0.00    0.00     0.0  174.44    0.00    0.00    2.6     59555.512      5.50   47.24000   39.71000  "Undefined"          0.0    -0.24  0.00000000
07.12.2023 16:32:35.512  12.04000000  12039.99866   0.00 -107.4   28.6  28.0 14.65  163.5     0.0  163.51    0.00    0.00     0.0  163.51    0.00    0.00     0.0  163.51    0.00    0.00    3.3     59555.512      5.50   47.24000   39.71000  "Undefined"          0.0    -1.34  0.00000000
07.12.2023 16:32:35.512  12.04000000  12040.00012   0.00 -105.9   30.1  28.0 20.62  296.2     0.0  296.22    0.00    0.00     0.0  296.22    0.00    0.00     0.0  296.22    0.00    0.00   10.8     59555.512      5.50   47.24000   39.71000  "Undefined"          0.0     0.12  0.00000000
07.12.2023 16:32:35.512  12.04000000  12039.99939   0.00 -105.4   30.6  28.0 18.80  168.4     0.0  168.42    0.00    0.00     0.0  168.42    0.00    0.00     0.0  168.42    0.00    0.00    6.4     59555.512      5.50   47.24000   39.71000  "Undefined"          0.0    -0.61  0.00000000
07.12.2023 16:33:07.278  12.04000000  12039.99842   0.00 -115.8   20.2  28.0 19.57  165.0     0.0  165.04    0.00    0.00     0.0  165.04    0.00    0.00     0.0  165.04    0.00    0.00    0.9     59587.278      5.50   47.24000   39.71000  "Undefined"          0.0    -1.58  0.00000000
07.12.2023 16:33:07.278  12.04000000  12040.00085   0.00 -113.9   22.1  28.0 13.03  164.6     0.0  164.63    0.00    0.00     0.0  164.63    0.00    0.00     0.0  164.63    0.00    0.00    2.5     59587.278      5.50   47.24000   39.71000  "Undefined"          0.0     0.85  0.00000000
07.12.2023 16:33:07.278  12.04000000  12039.99891   0.00 -111.1   24.9  28.0 11.61  168.1     0.0  168.08    0.00    0.00     0.0  168.08    0.00    0.00     0.0  168.08    0.00    0.00    6.6     59587.278      5.50   47.24000   39.71000  "Undefined"          0.0    -1.09  0.00000000
07.12.2023 16:33:07.278  12.04000000  12039.99915   0.00 -110.4   25.6  28.0 15.25  253.1     0.0  253.08    0.00    0.00     0.0  253.08    0.00    0.00     0.0  253.08    0.00    0.00    7.1     59587.278      5.50   47.24000   39.71000  "Undefined"          0.0    -0.85  0.00000000
07.12.2023 16:33:07.278  12.04000000  12039.99964   0.00 -109.3   26.7  28.0 30.55  176.9     0.0  176.87    0.00    0.00     0.0  176.87    0.00    0.00     0.0  176.87    0.00    0.00   12.0     59587.278      5.50   47.24000   39.71000  "Undefined"          0.0    -0.36  0.00000000
07.12.2023 16:33:39.051  12.04000000  12039.99891   0.00 -110.3   25.7  28.0 19.05  168.8     0.0  168.81    0.00    0.00     0.0  168.81    0.00    0.00     0.0  168.81    0.00    0.00    2.2     59619.051      5.50   47.24000   39.71000  "Undefined"          0.0    -1.09  0.00000000
07.12.2023 16:33:39.051  12.04000000  12039.99976   0.00 -107.5   28.5  28.0  0.03  235.0     0.0  235.05    0.00    0.00     0.0  235.05    0.00    0.00     0.0  235.05    0.00    0.00    9.1     59619.051      5.50   47.24000   39.71000  "Undefined"          0.0    -0.24  0.00000000
07.12.2023 16:33:39.051  12.04000000  12040.00012   0.00 -107.4   28.6  28.0  0.04  294.6     0.0  294.62    0.00    0.00     0.0  294.62    0.00    0.00     0.0  294.62    0.00    0.00   13.2     59619.051      5.50   47.24000   39.71000  "Undefined"          0.0     0.12  0.00000000
07.12.2023 16:34:10.767  12.04000000  12039.99988   0.00 -111.2   24.8  28.0 18.13  173.9     0.0  173.94    0.00    0.00     0.0  173.94    0.00    0.00     0.0  173.94    0.00    0.00   12.4     59650.767      5.50   47.24000   39.71000  "Undefined"          0.0    -0.12  0.00000000
07.12.2023 16:34:10.767  12.04000000  12040.00024   0.00 -110.9   25.1  28.0  0.00  334.5     0.0  334.47    0.00    0.00     0.0  334.47    0.00    0.00     0.0  334.47    0.00    0.00   17.8     59650.767      5.50   47.24000   39.71000  "Undefined"          0.0     0.24  0.00000000
07.12.2023 16:34:42.496  12.04000000  12039.99878   0.00 -111.6   24.4  28.0 13.04  172.1     0.0  172.05    0.00    0.00     0.0  172.05    0.00    0.00     0.0  172.05    0.00    0.00    3.8     59682.496      5.50   47.24000   39.71000  "Undefined"          0.0    -1.22  0.00000000
07.12.2023 16:34:42.496  12.04000000  12039.99903   0.00 -111.4   24.6  28.0 35.87  174.1     0.0  174.09    0.00    0.00     0.0  174.09    0.00    0.00     0.0  174.09    0.00    0.00   16.6     59682.496      5.50   47.24000   39.71000  "Undefined"          0.0    -0.97  0.00000000
07.12.2023 16:34:42.496  12.04000000  12040.00012   0.00 -110.7   25.3  28.0  0.01  163.5     0.0  163.49    0.00    0.00     0.0  163.49    0.00    0.00     0.0  163.49    0.00    0.00    9.7     59682.496      5.50   47.24000   39.71000  "Undefined"          0.0     0.12  0.00000000
07.12.2023 16:34:42.496  12.04000000  12039.99976   0.00 -109.8   26.2  28.0 32.43   55.8     0.0   55.76    0.00    0.00     0.0   55.76    0.00    0.00     0.0   55.76    0.00    0.00   18.7     59682.496      5.50   47.24000   39.71000  "Undefined"          0.0    -0.24  0.00000000
07.12.2023 16:35:24.790  12.04000000  12040.00036   0.00 -111.7   24.3  28.0  0.01  164.8     0.0  164.82    0.00    0.00     0.0  164.82    0.00    0.00     0.0  164.82    0.00    0.00    3.2     59724.790      5.50   47.24000   39.71000  "Undefined"          0.0     0.36  0.00000000
07.12.2023 16:35:24.790  12.04000000  12040.00000   0.00 -111.4   24.6  28.0 17.34  110.9     0.0  110.87    0.00    0.00     0.0  110.87    0.00    0.00     0.0  110.87    0.00    0.00   12.5     59724.790      5.50   47.24000   39.71000  "Undefined"          0.0     0.00  0.00000000
07.12.2023 16:35:24.790  12.04000000  12039.99927   0.00 -108.4   27.6  28.0 16.73  172.8     0.0  172.77    0.00    0.00     0.0  172.77    0.00    0.00     0.0  172.77    0.00    0.00   12.5     59724.790      5.50   47.24000   39.71000  "Undefined"          0.0    -0.73  0.00000000
07.12.2023 16:35:56.513  12.04000000  12040.00049   0.00 -114.0   22.0  28.0 12.54  165.1     0.0  165.13    0.00    0.00     0.0  165.13    0.00    0.00     0.0  165.13    0.00    0.00    2.3     59756.513      5.50   47.24000   39.71000  "Undefined"          0.0     0.49  0.00000000
07.12.2023 16:35:56.513  12.04000000  12040.00012   0.00 -110.0   26.0  28.0 20.32  163.7     0.0  163.68    0.00    0.00     0.0  163.68    0.00    0.00     0.0  163.68    0.00    0.00    4.6     59756.513      5.50   47.24000   39.71000  "Undefined"          0.0     0.12  0.00000000
07.12.2023 16:35:56.513  12.04000000  12039.99891   0.00 -109.7   26.3  28.0  0.15  161.7     0.0  161.67    0.00    0.00     0.0  161.67    0.00    0.00     0.0  161.67    0.00    0.00    3.4     59756.513      5.50   47.24000   39.71000  "Undefined"          0.0    -1.09  0.00000000
07.12.2023 16:35:56.513  12.04000000  12039.99976   0.00 -108.6   27.4  28.0 30.80   20.0     0.0   20.02    0.00    0.00     0.0   20.02    0.00    0.00     0.0   20.02    0.00    0.00   24.5     59756.513      5.50   47.24000   39.71000  "Undefined"          0.0    -0.24  0.00000000
07.12.2023 16:36:28.266  12.04000000  12039.99854   0.00 -114.3   21.7  28.0 17.51  168.5     0.0  168.51    0.00    0.00     0.0  168.51    0.00    0.00     0.0  168.51    0.00    0.00    3.2     59788.266      5.50   47.24000   39.71000  "Undefined"          0.0    -1.46  0.00000000
07.12.2023 16:36:28.266  12.04000000  12040.00000   0.00 -108.9   27.1  28.0 24.87  172.3     0.0  172.33    0.00    0.00     0.0  172.33    0.00    0.00     0.0  172.33    0.00    0.00   19.7     59788.266      5.50   47.24000   39.71000  "Undefined"          0.0     0.00  0.00000000
07.12.2023 16:36:28.266  12.04000000  12039.99951   0.00 -105.5   30.5  28.0  0.04  332.5     0.0  332.52    0.00    0.00     0.0  332.52    0.00    0.00     0.0  332.52    0.00    0.00   20.3     59788.266      5.50   47.24000   39.71000  "Undefined"          0.0    -0.49  0.00000000
07.12.2023 16:36:59.980  12.04000000  12039.99976   0.00 -113.1   22.9  28.0 19.65   69.7     0.0   69.68    0.00    0.00     0.0   69.68    0.00    0.00     0.0   69.68    0.00    0.00    5.6     59819.980      5.50   47.24000   39.71000  "Undefined"          0.0    -0.24  0.00000000
07.12.2023 16:36:59.980  12.04000000  12040.00024   0.00 -111.0   25.0  28.0 18.97  166.5     0.0  166.52    0.00    0.00     0.0  166.52    0.00    0.00     0.0  166.52    0.00    0.00    7.1     59819.980      5.50   47.24000   39.71000  "Undefined"          0.0     0.24  0.00000000
07.12.2023 16:36:59.980  12.04000000  12039.99927   0.00 -108.0   28.0  28.0 21.97  164.7     0.0  164.69    0.00    0.00     0.0  164.69    0.00    0.00     0.0  164.69    0.00    0.00    3.9     59819.980      5.50   47.24000   39.71000  "Undefined"          0.0    -0.73  0.00000000
07.12.2023 16:37:42.276  12.04000000  12040.00061   0.00 -111.8   24.2  28.0 12.46  161.3     0.0  161.32    0.00    0.00     0.0  161.32    0.00    0.00     0.0  161.32    0.00    0.00    2.2     59862.276      5.50   47.24000   39.71000  "Undefined"          0.0     0.61  0.00000000
07.12.2023 16:37:42.276  12.04000000  12040.00012   0.00 -109.7   26.3  28.0  0.01  166.3     0.0  166.33    0.00    0.00     0.0  166.33    0.00    0.00     0.0  166.33    0.00    0.00   18.0     59862.276      5.50   47.24000   39.71000  "Undefined"          0.0     0.12  0.00000000
07.12.2023 16:38:13.989  12.04000000  12039.99964   0.00 -111.2   24.8  28.0 17.16  112.3     0.0  112.31    0.00    0.00     0.0  112.31    0.00    0.00     0.0  112.31    0.00    0.00   24.7     59893.989      5.50   47.24000   39.71000  "Undefined"          0.0    -0.36  0.00000000
07.12.2023 16:38:13.989  12.04000000  12040.00000   0.00 -104.2   31.8  28.0  0.06  294.5     0.0  294.45    0.00    0.00     0.0  294.45    0.00    0.00     0.0  294.45    0.00    0.00    6.0     59893.989      5.50   47.24000   39.71000  "Undefined"          0.0     0.00  0.00000000
07.12.2023 16:38:45.740  12.04000000  12040.00049   0.00 -115.6   20.4  28.0 19.06  159.5     0.0  159.47    0.00    0.00     0.0  159.47    0.00    0.00     0.0  159.47    0.00    0.00   10.8     59925.740      5.50   47.24000   39.71000  "Undefined"          0.0     0.49  0.00000000
07.12.2023 16:38:45.740  12.04000000  12039.99927   0.00 -115.6   20.4  28.0 29.91  169.7     0.0  169.69    0.00    0.00     0.0  169.69    0.00    0.00     0.0  169.69    0.00    0.00    9.1     59925.740      5.50   47.24000   39.71000  "Undefined"          0.0    -0.73  0.00000000
07.12.2023 16:38:45.740  12.04000000  12039.99964   0.00 -115.5   20.5  28.0  1.44  248.8     0.0  248.76    0.00    0.00     0.0  248.76    0.00    0.00     0.0  248.76    0.00    0.00    8.1     59925.740      5.50   47.24000   39.71000  "Undefined"          0.0    -0.36  0.00000000
07.12.2023 16:38:45.740  12.04000000  12039.99854   0.00 -113.7   22.3  28.0 15.25  166.5     0.0  166.53    0.00    0.00     0.0  166.53    0.00    0.00     0.0  166.53    0.00    0.00    1.8     59925.740      5.50   47.24000   39.71000  "Undefined"          0.0    -1.46  0.00000000
07.12.2023 16:38:45.740  12.04000000  12040.00012   0.00 -109.6   26.4  28.0  0.01  290.4     0.0  290.36    0.00    0.00     0.0  290.36    0.00    0.00     0.0  290.36    0.00    0.00   19.2     59925.740      5.50   47.24000   39.71000  "Undefined"          0.0     0.12  0.00000000
07.12.2023 16:39:17.542  12.04000000  12039.99927   0.00 -111.9   24.1  28.0 40.15   56.7     0.0   56.66    0.00    0.00     0.0   56.66    0.00    0.00     0.0   56.66    0.00    0.00   16.2     59957.542      5.50   47.24000   39.71000  "Undefined"          0.0    -0.73  0.00000000
07.12.2023 16:39:17.542  12.04000000  12040.00000   0.00 -111.0   25.0  28.0 43.64  187.6     0.0  187.57    0.00    0.00     0.0  187.57    0.00    0.00     0.0  187.57    0.00    0.00   22.1     59957.542      5.50   47.24000   39.71000  "Undefined"          0.0     0.00  0.00000000
07.12.2023 16:39:17.542  12.04000000  12039.99964   0.00 -106.4   29.6  28.0 18.22  239.3     0.0  239.30    0.00    0.00     0.0  239.30    0.00    0.00     0.0  239.30    0.00    0.00    9.8     59957.542      5.50   47.24000   39.71000  "Undefined"          0.0    -0.36  0.00000000
07.12.2023 16:40:00.203  12.04000000  12039.99878   0.00 -115.2   20.8  28.0 13.41  167.9     0.0  167.88    0.00    0.00     0.0  167.88    0.00    0.00     0.0  167.88    0.00    0.00    4.1     60000.203      5.50   47.24000   39.71000  "Undefined"          0.0    -1.22  0.00000000
07.12.2023 16:40:00.203  12.04000000  12040.00012   0.00 -102.5   33.5  28.0 11.08  294.0     0.0  294.04    0.00    0.00     0.0  294.04    0.00    0.00     0.0  294.04    0.00    0.00    2.6     60000.203      5.50   47.24000   39.71000  "Undefined"          0.0     0.12  0.00000000
07.12.2023 16:40:32.134  12.04000000  12039.99903   0.00 -115.6   20.4  28.0  7.82  238.6     0.0  238.59    0.00    0.00     0.0  238.59    0.00    0.00     0.0  238.59    0.00    0.00   18.7     60032.134      5.50   47.24000   39.71000  "Undefined"          0.0    -0.97  0.00000000
07.12.2023 16:40:32.134  12.04000000  12039.99939   0.00 -113.3   22.7  28.0 27.29  193.8     0.0  193.77    0.00    0.00     0.0  193.77    0.00    0.00     0.0  193.77    0.00    0.00   21.3     60032.134      5.50   47.24000   39.71000  "Undefined"          0.0    -0.61  0.00000000
07.12.2023 16:40:32.134  12.04000000  12040.00012   0.00 -100.0   36.0  28.0 12.74  294.9     0.0  294.85    0.00    0.00     0.0  294.85    0.00    0.00     0.0  294.85    0.00    0.00    3.0     60032.134      5.50   47.24000   39.71000  "Undefined"          0.0     0.12  0.00000000
07.12.2023 16:41:04.026  12.04000000  12039.99854   0.00 -115.1   20.9  28.0 10.37  168.7     0.0  168.72    0.00    0.00     0.0  168.72    0.00    0.00     0.0  168.72    0.00    0.00    1.7     60064.026      5.50   47.24000   39.71000  "Undefined"          0.0    -1.46  0.00000000
07.12.2023 16:41:04.026  12.04000000  12040.00049   0.00 -113.4   22.6  28.0 13.82  334.5     0.0  334.47    0.00    0.00     0.0  334.47    0.00    0.00     0.0  334.47    0.00    0.00   17.1     60064.026      5.50   47.24000   39.71000  "Undefined"          0.0     0.49  0.00000000
07.12.2023 16:41:04.026  12.04000000  12039.99915   0.00 -111.2   24.8  28.0 10.90  169.4     0.0  169.40    0.00    0.00     0.0  169.40    0.00    0.00     0.0  169.40    0.00    0.00    6.0     60064.026      5.50   47.24000   39.71000  "Undefined"          0.0    -0.85  0.00000000
07.12.2023 16:41:04.026  12.04000000  12039.99976   0.00 -108.9   27.1  28.0 20.43  247.3     0.0  247.29    0.00    0.00     0.0  247.29    0.00    0.00     0.0  247.29    0.00    0.00   24.3     60064.026      5.50   47.24000   39.71000  "Undefined"          0.0    -0.24  0.00000000
07.12.2023 16:41:04.026  12.04000000  12040.00012   0.00 -102.2   33.8  28.0 19.34  294.3     0.0  294.31    0.00    0.00     0.0  294.31    0.00    0.00     0.0  294.31    0.00    0.00    4.3     60064.026      5.50   47.24000   39.71000  "Undefined"          0.0     0.12  0.00000000
07.12.2023 16:41:35.790  12.04000000  12039.99976   0.00 -108.4   27.6  28.0 11.33  244.5     0.0  244.47    0.00    0.00     0.0  244.47    0.00    0.00     0.0  244.47    0.00    0.00    6.0     60095.790      5.50   47.24000   39.71000  "Undefined"          0.0    -0.24  0.00000000
07.12.2023 16:41:35.790  12.04000000  12040.00012   0.00 -103.1   32.9  28.0 21.16  296.7     0.0  296.70    0.00    0.00     0.0  296.70    0.00    0.00     0.0  296.70    0.00    0.00    4.9     60095.790      5.50   47.24000   39.71000  "Undefined"          0.0     0.12  0.00000000
07.12.2023 16:42:18.216  12.04000000  12039.99878   0.00 -115.5   20.5  28.0  0.60  162.5     0.0  162.50    0.00    0.00     0.0  162.50    0.00    0.00     0.0  162.50    0.00    0.00    3.2     60138.216      5.50   47.24000   39.71000  "Undefined"          0.0    -1.22  0.00000000
07.12.2023 16:42:18.216  12.04000000  12039.99951   0.00 -112.8   23.2  28.0 15.77  179.1     0.0  179.10    0.00    0.00     0.0  179.10    0.00    0.00     0.0  179.10    0.00    0.00   16.5     60138.216      5.50   47.24000   39.71000  "Undefined"          0.0    -0.49  0.00000000
07.12.2023 16:42:18.216  12.04000000  12040.00000   0.00 -107.0   29.0  28.0 22.25  294.1     0.0  294.07    0.00    0.00     0.0  294.07    0.00    0.00     0.0  294.07    0.00    0.00    2.4     60138.216      5.50   47.24000   39.71000  "Undefined"          0.0     0.00  0.00000000
07.12.2023 16:43:00.500  12.04000000  12039.99915   0.00 -115.5   20.5  28.0 18.09  170.3     0.0  170.33    0.00    0.00     0.0  170.33    0.00    0.00     0.0  170.33    0.00    0.00    4.2     60180.500      5.50   47.24000   39.71000  "Undefined"          0.0    -0.85  0.00000000
07.12.2023 16:43:00.500  12.04000000  12040.00049   0.00 -111.1   24.9  28.0 15.75  165.7     0.0  165.66    0.00    0.00     0.0  165.66    0.00    0.00     0.0  165.66    0.00    0.00    3.4     60180.500      5.50   47.24000   39.71000  "Undefined"          0.0     0.49  0.00000000
07.12.2023 16:43:00.500  12.04000000  12039.99964   0.00 -110.8   25.2  28.0 30.42  312.8     0.0  312.81    0.00    0.00     0.0  312.81    0.00    0.00     0.0  312.81    0.00    0.00   22.7     60180.500      5.50   47.24000   39.71000  "Undefined"          0.0    -0.36  0.00000000
07.12.2023 16:43:00.500  12.04000000  12040.00000   0.00 -106.4   29.6  28.0  1.15  294.6     0.0  294.64    0.00    0.00     0.0  294.64    0.00    0.00     0.0  294.64    0.00    0.00    1.3     60180.500      5.50   47.24000   39.71000  "Undefined"          0.0     0.00  0.00000000
07.12.2023 16:43:32.342  12.04000000  12040.00000   0.00 -102.1   33.9  28.0  1.26  294.1     0.0  294.09    0.00    0.00     0.0  294.09    0.00    0.00     0.0  294.09    0.00    0.00    3.3     60212.342      5.50   47.24000   39.71000  "Undefined"          0.0     0.00  0.00000000
07.12.2023 16:44:04.203  12.04000000  12039.99964   0.00 -111.2   24.8  28.0 13.61  173.2     0.0  173.19    0.00    0.00     0.0  173.19    0.00    0.00     0.0  173.19    0.00    0.00    8.6     60244.203      5.50   47.24000   39.71000  "Undefined"          0.0    -0.36  0.00000000
07.12.2023 16:44:46.648  12.04000000  12039.99915   0.00 -116.0   20.0  28.0 12.87  175.9     0.0  175.95    0.00    0.00     0.0  175.95    0.00    0.00     0.0  175.95    0.00    0.00   21.1     60286.648      5.50   47.24000   39.71000  "Undefined"          0.0    -0.85  0.00000000
07.12.2023 16:44:46.648  12.04000000  12040.00012   0.00 -105.9   30.1  28.0  0.01  290.3     0.0  290.33    0.00    0.00     0.0  290.33    0.00    0.00     0.0  290.33    0.00    0.00    8.3     60286.648      5.50   47.24000   39.71000  "Undefined"          0.0     0.12  0.00000000
07.12.2023 16:45:18.573  12.04000000  12039.99964   0.00 -112.5   23.5  28.0 45.98  346.9     0.0  346.91    0.00    0.00     0.0  346.91    0.00    0.00     0.0  346.91    0.00    0.00   20.6     60318.573      5.50   47.24000   39.71000  "Undefined"          0.0    -0.36  0.00000000
07.12.2023 16:45:18.573  12.04000000  12040.00000   0.00  -96.4   39.6  28.0  0.08  294.6     0.0  294.62    0.00    0.00     0.0  294.62    0.00    0.00     0.0  294.62    0.00    0.00    1.5     60318.573      5.50   47.24000   39.71000  "Undefined"          0.0     0.00  0.00000000
07.12.2023 16:45:50.526  12.04000000  12039.99951   0.00 -111.5   24.5  28.0  0.03  163.0     0.0  163.02    0.00    0.00     0.0  163.02    0.00    0.00     0.0  163.02    0.00    0.00   23.6     60350.526      5.50   47.24000   39.71000  "Undefined"          0.0    -0.49  0.00000000
07.12.2023 16:45:50.526  12.04000000  12040.00000   0.00 -105.7   30.3  28.0 25.22  296.7     0.0  296.71    0.00    0.00     0.0  296.71    0.00    0.00     0.0  296.71    0.00    0.00   10.5     60350.526      5.50   47.24000   39.71000  "Undefined"          0.0     0.00  0.00000000
07.12.2023 16:46:22.451  12.04000000  12039.99915   0.00 -112.0   22.0  28.0 27.48  171.5     0.0  171.50    0.00    0.00     0.0  171.50    0.00    0.00     0.0  171.50    0.00    0.00   18.1     60382.451      5.50   47.24000   39.71000  "Undefined"          0.0    -0.85  0.00000000
07.12.2023 16:46:22.451  12.04000000  12040.00000   0.00  -93.5   40.5  28.0  2.14  293.0     0.0  292.98    0.00    0.00     0.0  292.98    0.00    0.00     0.0  292.98    0.00    0.00    1.2     60382.451      5.50   47.24000   39.71000  "Undefined"          0.0     0.00  0.00000000
07.12.2023 16:47:26.171  12.04000000  12039.99964   0.00 -109.3   26.7  28.0  9.81  317.3     0.0  317.27    0.00    0.00     0.0  317.27    0.00    0.00     0.0  317.27    0.00    0.00   11.0     60446.171      5.50   47.24000   39.71000  "Undefined"          0.0    -0.36  0.00000000
07.12.2023 16:47:26.171  12.04000000  12040.00012   0.00 -103.3   32.7  28.0  0.01  295.3     0.0  295.33    0.00    0.00     0.0  295.33    0.00    0.00     0.0  295.33    0.00    0.00    3.7     60446.171      5.50   47.24000   39.71000  "Undefined"          0.0     0.12  0.00000000
07.12.2023 16:47:57.983  12.04000000  12039.99951   0.00 -115.9   20.1  28.0 26.20  165.8     0.0  165.81    0.00    0.00     0.0  165.81    0.00    0.00     0.0  165.81    0.00    0.00   15.3     60477.983      5.50   47.24000   39.71000  "Undefined"          0.0    -0.49  0.00000000
07.12.2023 16:47:57.983  12.04000000  12040.00000   0.00 -101.8   34.2  28.0  1.02  293.2     0.0  293.25    0.00    0.00     0.0  293.25    0.00    0.00     0.0  293.25    0.00    0.00    5.4     60477.983      5.50   47.24000   39.71000  "Undefined"          0.0     0.00  0.00000000
07.12.2023 16:48:29.782  12.04000000  12039.99927   0.00 -115.6   20.4  28.0 28.42  296.4     0.0  296.45    0.00    0.00     0.0  296.45    0.00    0.00     0.0  296.45    0.00    0.00   20.2     60509.782      5.50   47.24000   39.71000  "Undefined"          0.0    -0.73  0.00000000
07.12.2023 16:48:29.782  12.04000000  12040.00000   0.00 -102.6   33.4  28.0  6.81  296.8     0.0  296.81    0.00    0.00     0.0  296.81    0.00    0.00     0.0  296.81    0.00    0.00    6.1     60509.782      5.50   47.24000   39.71000  "Undefined"          0.0     0.00  0.00000000
07.12.2023 16:49:01.604  12.04000000  12040.00000   0.00 -111.9   24.1  28.0 19.46  243.6     0.0  243.64    0.00    0.00     0.0  243.64    0.00    0.00     0.0  243.64    0.00    0.00   23.4     60541.604      5.50   47.24000   39.71000  "Undefined"          0.0     0.00  0.00000000
07.12.2023 16:49:33.471  12.04000000  12039.99976   0.00 -107.9   28.1  28.0 29.12  193.7     0.0  193.66    0.00    0.00     0.0  193.66    0.00    0.00     0.0  193.66    0.00    0.00    9.2     60573.471      5.50   47.24000   39.71000  "Undefined"          0.0    -0.24  0.00000000
07.12.2023 16:49:33.471  12.04000000  12040.00012   0.00 -103.6   32.4  28.0  8.15  293.9     0.0  293.95    0.00    0.00     0.0  293.95    0.00    0.00     0.0  293.95    0.00    0.00    1.1     60573.471      5.50   47.24000   39.71000  "Undefined"          0.0     0.12  0.00000000
07.12.2023 16:50:05.253  12.04000000  12040.00000   0.00 -109.6   26.4  28.0  0.05  291.7     0.0  291.71    0.00    0.00     0.0  291.71    0.00    0.00     0.0  291.71    0.00    0.00   24.1     60605.253      5.50   47.24000   39.71000  "Undefined"          0.0     0.00  0.00000000
07.12.2023 16:50:05.253  12.04000000  12039.99951   0.00 -109.3   26.7  28.0  0.00  240.0     0.0  240.02    0.00    0.00     0.0  240.02    0.00    0.00     0.0  240.02    0.00    0.00   11.9     60605.253      5.50   47.24000   39.71000  "Undefined"          0.0    -0.49  0.00000000
07.12.2023 16:50:37.022  12.04000000  12039.99964   0.00 -114.0   22.0  28.0 20.65  322.9     0.0  322.93    0.00    0.00     0.0  322.93    0.00    0.00     0.0  322.93    0.00    0.00   12.0     60637.022      5.50   47.24000   39.71000  "Undefined"          0.0    -0.36  0.00000000
07.12.2023 16:50:37.022  12.04000000  12040.00000   0.00 -104.8   31.2  28.0  7.57  294.8     0.0  294.77    0.00    0.00     0.0  294.77    0.00    0.00     0.0  294.77    0.00    0.00    2.4     60637.022      5.50   47.24000   39.71000  "Undefined"          0.0     0.00  0.00000000
07.12.2023 16:51:08.983  12.04000000  12039.99951   0.00 -110.9   25.1  28.0  0.01  316.7     0.0  316.70    0.00    0.00     0.0  316.70    0.00    0.00     0.0  316.70    0.00    0.00    5.3     60668.983      5.50   47.24000   39.71000  "Undefined"          0.0    -0.49  0.00000000
07.12.2023 16:51:08.983  12.04000000  12040.00000   0.00 -107.0   29.0  28.0  0.00  293.2     0.0  293.24    0.00    0.00     0.0  293.24    0.00    0.00     0.0  293.24    0.00    0.00    5.4     60668.983      5.50   47.24000   39.71000  "Undefined"          0.0     0.00  0.00000000
07.12.2023 16:51:40.913  12.04000000  12039.99964   0.00 -112.6   23.4  28.0  0.01  205.2     0.0  205.16    0.00    0.00     0.0  205.16    0.00    0.00     0.0  205.16    0.00    0.00    6.6     60700.913      5.50   47.24000   39.71000  "Undefined"          0.0    -0.36  0.00000000
07.12.2023 16:51:40.913  12.04000000  12040.00012   0.00 -105.0   31.0  28.0  3.04  292.1     0.0  292.13    0.00    0.00     0.0  292.13    0.00    0.00     0.0  292.13    0.00    0.00    4.6     60700.913      5.50   47.24000   39.71000  "Undefined"          0.0     0.12  0.00000000
07.12.2023 16:52:12.862  12.04000000  12040.00000   0.00 -101.7   34.3  28.0  1.23  295.2     0.0  295.20    0.00    0.00     0.0  295.20    0.00    0.00     0.0  295.20    0.00    0.00    4.0     60732.862      5.50   47.24000   39.71000  "Undefined"          0.0     0.00  0.00000000
07.12.2023 16:52:44.809  12.04000000  12039.99964   0.00 -106.9   29.1  28.0 28.61  179.2     0.0  179.17    0.00    0.00     0.0  179.17    0.00    0.00     0.0  179.17    0.00    0.00   14.7     60764.809      5.50   47.24000   39.71000  "Undefined"          0.0    -0.36  0.00000000
07.12.2023 16:52:44.809  12.04000000  12040.00012   0.00 -100.2   35.8  28.0  1.30  293.9     0.0  293.92    0.00    0.00     0.0  293.92    0.00    0.00     0.0  293.92    0.00    0.00    2.2     60764.809      5.50   47.24000   39.71000  "Undefined"          0.0     0.12  0.00000000
07.12.2023 16:53:16.726  12.04000000  12039.99964   0.00 -112.0   24.0  28.0  0.00   96.2     0.0   96.24    0.00    0.00     0.0   96.24    0.00    0.00     0.0   96.24    0.00    0.00   17.3     60796.726      5.50   47.24000   39.71000  "Undefined"          0.0    -0.36  0.00000000
07.12.2023 16:53:16.726  12.04000000  12040.00012   0.00 -101.0   35.0  28.0  0.04  292.6     0.0  292.61    0.00    0.00     0.0  292.61    0.00    0.00     0.0  292.61    0.00    0.00    1.9     60796.726      5.50   47.24000   39.71000  "Undefined"          0.0     0.12  0.00000000
07.12.2023 16:53:48.686  12.04000000  12040.00000   0.00 -103.8   32.2  28.0  1.90  293.8     0.0  293.82    0.00    0.00     0.0  293.82    0.00    0.00     0.0  293.82    0.00    0.00    4.8     60828.686      5.50   47.24000   39.71000  "Undefined"          0.0     0.00  0.00000000
07.12.2023 16:54:20.493  12.04000000  12040.00000   0.00 -110.2   25.8  28.0 16.90  298.3     0.0  298.25    0.00    0.00     0.0  298.25    0.00    0.00     0.0  298.25    0.00    0.00   11.3     60860.493      5.50   47.24000   39.71000  "Undefined"          0.0     0.00  0.00000000
07.12.2023 16:54:52.265  12.04000000  12040.00012   0.00 -110.8   25.2  28.0 25.85  288.2     0.0  288.15    0.00    0.00     0.0  288.15    0.00    0.00     0.0  288.15    0.00    0.00   16.5     60892.265      5.50   47.24000   39.71000  "Undefined"          0.0     0.12  0.00000000
07.12.2023 16:55:56.155  12.04000000  12039.99951   0.00 -115.8   20.2  28.0  6.91  314.8     0.0  314.79    0.00    0.00     0.0  314.79    0.00    0.00     0.0  314.79    0.00    0.00    6.1     60956.155      5.50   47.24000   39.71000  "Undefined"          0.0    -0.49  0.00000000
07.12.2023 16:55:56.155  12.04000000  12040.00012   0.00 -110.1   25.9  28.0 21.00  294.0     0.0  294.01    0.00    0.00     0.0  294.01    0.00    0.00     0.0  294.01    0.00    0.00    4.5     60956.155      5.50   47.24000   39.71000  "Undefined"          0.0     0.12  0.00000000
07.12.2023 16:56:28.109  12.04000000  12039.99976   0.00 -114.2   21.8  28.0 22.61  199.8     0.0  199.79    0.00    0.00     0.0  199.79    0.00    0.00     0.0  199.79    0.00    0.00   17.4     60988.109      5.50   47.24000   39.71000  "Undefined"          0.0    -0.24  0.00000000
07.12.2023 16:57:00.062  12.04000000  12039.99951   0.00 -114.1   21.9  28.0  0.01   89.4     0.0   89.44    0.00    0.00     0.0   89.44    0.00    0.00     0.0   89.44    0.00    0.00   15.2     61020.062      5.50   47.24000   39.71000  "Undefined"          0.0    -0.49  0.00000000
07.12.2023 16:57:00.062  12.04000000  12040.00000   0.00 -107.9   28.1  28.0  4.03  292.1     0.0  292.07    0.00    0.00     0.0  292.07    0.00    0.00     0.0  292.07    0.00    0.00    5.6     61020.062      5.50   47.24000   39.71000  "Undefined"          0.0     0.00  0.00000000
07.12.2023 16:57:42.571  12.04000000  12040.00012   0.00 -107.0   29.0  28.0 10.49  293.1     0.0  293.11    0.00    0.00     0.0  293.11    0.00    0.00     0.0  293.11    0.00    0.00    1.9     61062.571      5.50   47.24000   39.71000  "Undefined"          0.0     0.12  0.00000000
07.12.2023 16:58:14.483  12.04000000  12039.99964   0.00 -114.3   21.7  28.0 30.77  187.4     0.0  187.38    0.00    0.00     0.0  187.38    0.00    0.00     0.0  187.38    0.00    0.00   11.9     61094.483      5.50   47.24000   39.71000  "Undefined"          0.0    -0.36  0.00000000
07.12.2023 16:58:14.483  12.04000000  12040.00000   0.00 -110.9   25.1  28.0 25.46  293.4     0.0  293.37    0.00    0.00     0.0  293.37    0.00    0.00     0.0  293.37    0.00    0.00    5.4     61094.483      5.50   47.24000   39.71000  "Undefined"          0.0     0.00  0.00000000
07.12.2023 16:58:46.385  12.04000000  12040.00012   0.00 -107.9   28.1  28.0  0.00  297.1     0.0  297.12    0.00    0.00     0.0  297.12    0.00    0.00     0.0  297.12    0.00    0.00    5.6     61126.385      5.50   47.24000   39.71000  "Undefined"          0.0     0.12  0.00000000
07.12.2023 16:59:18.341  12.04000000  12039.99124   0.00 -115.6   20.4  28.0  1.00   82.4     0.0   82.44    0.00    0.00     0.0   82.44    0.00    0.00     0.0   82.44    0.00    0.00   10.1     61158.341      5.50   47.24000   39.71000  "Undefined"          0.0    -8.76  0.00000000
07.12.2023 16:59:18.341  12.04000000  12039.99283   0.00 -114.9   21.1  28.0 23.26  228.1     0.0  228.06    0.00    0.00     0.0  228.06    0.00    0.00     0.0  228.06    0.00    0.00    8.4     61158.341      5.50   47.24000   39.71000  "Undefined"          0.0    -7.17  0.00000000
07.12.2023 16:59:18.341  12.04000000  12039.99976   0.00 -111.7   24.3  28.0 18.36  325.9     0.0  325.90    0.00    0.00     0.0  325.90    0.00    0.00     0.0  325.90    0.00    0.00    5.2     61158.341      5.50   47.24000   39.71000  "Undefined"          0.0    -0.24  0.00000000
07.12.2023 16:59:18.341  12.04000000  12039.99173   0.00 -105.0   31.0  28.0 21.21  230.7     0.0  230.71    0.00    0.00     0.0  230.71    0.00    0.00     0.0  230.71    0.00    0.00    7.5     61158.341      5.50   47.24000   39.71000  "Undefined"          0.0    -8.27  0.00000000
07.12.2023 16:59:18.341  12.04000000  12040.00000   0.00 -104.6   31.4  28.0  0.07  295.1     0.0  295.07    0.00    0.00     0.0  295.07    0.00    0.00     0.0  295.07    0.00    0.00    1.3     61158.341      5.50   47.24000   39.71000  "Undefined"          0.0     0.00  0.00000000
07.12.2023 16:59:18.341  12.04000000  12039.99210   0.00  -95.7   40.3  28.0  1.69   85.2     0.0   85.20    0.00    0.00     0.0   85.20    0.00    0.00     0.0   85.20    0.00    0.00   10.5     61158.341      5.50   47.24000   39.71000  "Undefined"          0.0    -7.90  0.00000000
07.12.2023 16:59:50.279  12.04000000  12039.99149   0.00 -114.6   21.4  28.0  8.71  227.9     0.0  227.85    0.00    0.00     0.0  227.85    0.00    0.00     0.0  227.85    0.00    0.00   10.0     61190.279      5.50   47.24000   39.71000  "Undefined"          0.0    -8.51  0.00000000
07.12.2023 16:59:50.279  12.04000000  12039.99270   0.00 -113.4   22.6  28.0 19.57  227.9     0.0  227.89    0.00    0.00     0.0  227.89    0.00    0.00     0.0  227.89    0.00    0.00    3.3     61190.279      5.50   47.24000   39.71000  "Undefined"          0.0    -7.30  0.00000000
07.12.2023 16:59:50.279  12.04000000  12040.00012   0.00 -108.8   27.2  28.0 13.58  293.8     0.0  293.80    0.00    0.00     0.0  293.80    0.00    0.00     0.0  293.80    0.00    0.00    3.5     61190.279      5.50   47.24000   39.71000  "Undefined"          0.0     0.12  0.00000000
07.12.2023 16:59:50.279  12.04000000  12039.99964   0.00 -107.8   28.2  28.0  0.03  326.2     0.0  326.17    0.00    0.00     0.0  326.17    0.00    0.00     0.0  326.17    0.00    0.00    2.4     61190.279      5.50   47.24000   39.71000  "Undefined"          0.0    -0.36  0.00000000
07.12.2023 16:59:50.279  12.04000000  12039.99210   0.00  -96.9   39.1  28.0 18.88  232.7     0.0  232.72    0.00    0.00     0.0  232.72    0.00    0.00     0.0  232.72    0.00    0.00    5.8     61190.279      5.50   47.24000   39.71000  "Undefined"          0.0    -7.90  0.00000000
