24.11.2019 01:29:37.802   9.99600000   9995.98991   0.00  -93.9   22.1  28.0  7.60  354.2  2788.0  355.17   72.12   32.97     0.0  354.23    0.00    0.00     0.0  354.23    0.00    0.00    2.3      5377.802      5.50   47.23900   39.64200  "Undefined"          0.0   -10.09  0.00000000
24.11.2019 01:29:37.802   9.99600000   9996.00985   0.00  -93.1   22.9  28.0  9.32  354.2  2640.0  355.06   70.81   33.58     0.0  354.16    0.00    0.00     0.0  354.16    0.00    0.00    2.5      5377.802      5.50   47.23900   39.64200  "Undefined"          0.0     9.85  0.00000000
24.11.2019 01:29:37.802   9.99600000   9995.99988   0.00  -92.3   23.7  28.0  8.78  354.0  2678.5  354.97   71.14   33.28     0.0  354.04    0.00    0.00     0.0  354.04    0.00    0.00    2.3      5377.802      5.50   47.23900   39.64200  "Undefined"          0.0    -0.12  0.00000000
24.11.2019 01:29:50.401   9.99600000   9996.01982   0.00  -94.3   21.7  28.0  7.20  354.4  2832.4  355.32   72.53   32.92     0.0  354.37    0.00    0.00     0.0  354.37    0.00    0.00    2.0      5390.401      5.50   47.23900   39.64200  "Undefined"          0.0    19.82  0.00000000
24.11.2019 01:29:50.401   9.99600000   9995.98979   0.00  -92.4   23.6  28.0  4.78  354.4  3129.7  355.52   75.17   31.37     0.0  354.43    0.00    0.00     0.0  354.43    0.00    0.00    2.2      5390.401      5.50   47.23900   39.64200  "Undefined"          0.0   -10.21  0.00000000
24.11.2019 01:29:50.401   9.99600000   9996.00985   0.00  -91.9   24.1  28.0  8.46  354.2  2706.3  355.13   71.40   33.34     0.0  354.22    0.00    0.00     0.0  354.22    0.00    0.00    2.3      5390.401      5.50   47.23900   39.64200  "Undefined"          0.0     9.85  0.00000000
24.11.2019 01:29:50.401   9.99600000   9995.99988   0.00  -91.5   24.5  28.0  6.51  354.6  2911.0  355.51   73.24   32.77     0.0  354.56    0.00    0.00     0.0  354.56    0.00    0.00    2.2      5390.401      5.50   47.23900   39.64200  "Undefined"          0.0    -0.12  0.00000000
24.11.2019 01:30:02.778   9.99600000   9995.99976   0.00  -75.4   40.6  28.0  5.86  354.5  2991.4  355.54   73.95   32.32     0.0  354.54    0.00    0.00     0.0  354.54    0.00    0.00    2.7      5402.778      5.50   47.23900   39.64200  "Undefined"          0.0    -0.24  0.00000000
24.11.2019 01:30:15.431   9.99600000   9995.99976   0.00  -82.9   33.1  28.0 12.82  351.8     0.0  351.83    0.00    0.00     0.0  351.83    0.00    0.00     0.0  351.83    0.00    0.00   11.2      5415.431      5.50   47.23900   39.64200  "Undefined"          0.0    -0.24  0.00000000
24.11.2019 01:30:27.641   9.99600000   9995.99988   0.00  -82.4   33.6  28.0 20.53  355.4     0.0  355.43    0.00    0.00     0.0  355.43    0.00    0.00     0.0  355.43    0.00    0.00   15.4      5427.641      5.50   47.23900   39.64200  "Undefined"          0.0    -0.12  0.00000000
24.11.2019 01:30:39.891   9.99600000   9995.99988   0.00  -74.8   41.2  28.0  8.44  355.7  2717.3  356.41   71.58   34.93     0.0  355.70    0.00    0.00     0.0  355.70    0.00    0.00   17.5      5439.891      5.50   47.23900   39.64200  "Undefined"          0.0    -0.12  0.00000000
24.11.2019 01:30:52.157   9.99600000   9995.99988   0.00  -73.6   42.4  28.0 16.12  353.9     0.0  353.94    0.00    0.00     0.0  353.94    0.00    0.00     0.0  353.94    0.00    0.00    2.9      5452.157      5.50   47.23900   39.64200  "Undefined"          0.0    -0.12  0.00000000
24.11.2019 01:31:04.407   9.99600000   9995.99988   0.00  -74.0   42.0  28.0 15.17  353.4     0.0  353.44    0.00    0.00     0.0  353.44    0.00    0.00     0.0  353.44    0.00    0.00    2.5      5464.407      5.50   47.23900   39.64200  "Undefined"          0.0    -0.12  0.00000000
24.11.2019 01:31:16.917   9.99600000   9995.99988   0.00  -73.4   42.6  28.0 13.94  353.6     0.0  353.64    0.00    0.00     0.0  353.64    0.00    0.00     0.0  353.64    0.00    0.00    2.3      5476.917      5.50   47.23900   39.64200  "Undefined"          0.0    -0.12  0.00000000
24.11.2019 01:31:29.184   9.99600000   9995.99988   0.00  -74.4   41.6  28.0 14.15  353.8     0.0  353.78    0.00    0.00     0.0  353.78    0.00    0.00     0.0  353.78    0.00    0.00    2.3      5489.184      5.50   47.23900   39.64200  "Undefined"          0.0    -0.12  0.00000000
24.11.2019 01:31:41.881   9.99600000   9995.99988   0.00  -72.7   43.3  28.0 11.02  353.2  2621.7  354.27   70.59   32.74     0.0  353.18    0.00    0.00     0.0  353.18    0.00    0.00    1.8      5501.881      5.50   47.23900   39.64200  "Undefined"          0.0    -0.12  0.00000000
24.11.2019 01:31:54.135   9.99600000   9996.00000   0.00  -74.3   41.7  28.0 12.22  353.0     0.0  353.03    0.00    0.00     0.0  353.03    0.00    0.00     0.0  353.03    0.00    0.00    1.8      5514.135      5.50   47.23900   39.64200  "Undefined"          0.0    -0.00  0.00000000
24.11.2019 01:32:06.467   9.99600000   9996.00000   0.00  -73.1   42.9  28.0 11.78  353.1     0.0  353.10    0.00    0.00     0.0  353.10    0.00    0.00     0.0  353.10    0.00    0.00    1.7      5526.467      5.50   47.23900   39.64200  "Undefined"          0.0    -0.00  0.00000000
24.11.2019 01:32:18.878   9.99600000   9995.99988   0.00  -78.3   37.7  28.0 15.10  353.3     0.0  353.30    0.00    0.00     0.0  353.30    0.00    0.00     0.0  353.30    0.00    0.00    5.3      5538.878      5.50   47.23900   39.64200  "Undefined"          0.0    -0.12  0.00000000
24.11.2019 01:32:31.167   9.99600000   9995.99988   0.00  -71.6   44.4  28.0 12.06  353.5     0.0  353.51    0.00    0.00     0.0  353.51    0.00    0.00     0.0  353.51    0.00    0.00    2.3      5551.167      5.50   47.23900   39.64200  "Undefined"          0.0    -0.12  0.00000000
24.11.2019 01:32:43.417   9.99600000   9996.00012   0.00  -80.9   35.1  28.0 11.20  353.2  2660.6  354.31   70.93   32.58     0.0  353.17    0.00    0.00     0.0  353.17    0.00    0.00    1.9      5563.417      5.50   47.23900   39.64200  "Undefined"          0.0     0.12  0.00000000
24.11.2019 01:32:55.730   9.99600000   9996.00000   0.00  -75.5   42.5  28.0  9.57  353.3  2618.1  354.29   70.55   32.79     0.0  353.29    0.00    0.00     0.0  353.29    0.00    0.00    2.0      5575.730      5.50   47.23900   39.64200  "Undefined"          0.0    -0.00  0.00000000
24.11.2019 01:33:07.994   9.99600000   9996.00000   0.00  -83.8   32.2  28.0 10.53  353.3  2589.1  354.31   70.30   32.97     0.0  353.29    0.00    0.00     0.0  353.29    0.00    0.00    2.1      5587.994      5.50   47.23900   39.64200  "Undefined"          0.0    -0.00  0.00000000
24.11.2019 01:33:20.447   9.99600000   9996.00000   0.00  -86.2   29.8  28.0  4.60  353.5  3146.1  354.75   75.23   29.85     0.0  353.48    0.00    0.00     0.0  353.48    0.00    0.00    3.1      5600.447      5.50   47.23900   39.64200  "Undefined"          0.0    -0.00  0.00000000
24.11.2019 01:33:32.703   9.99600000   9996.00000   0.00  -85.0   31.0  28.0 10.39  353.2  2587.8  354.23   70.28   32.88     0.0  353.21    0.00    0.00     0.0  353.21    0.00    0.00    2.1      5612.703      5.50   47.23900   39.64200  "Undefined"          0.0    -0.00  0.00000000
24.11.2019 01:33:45.079   9.99600000   9995.99988   0.00  -89.1   26.9  28.0 14.68  352.9     0.0  352.92    0.00    0.00     0.0  352.92    0.00    0.00     0.0  352.92    0.00    0.00   11.3      5625.079      5.50   47.23900   39.64200  "Undefined"          0.0    -0.12  0.00000000
24.11.2019 01:33:57.296   9.99600000   9995.99988   0.00  -84.0   32.0  28.0 11.50  352.9     0.0  352.93    0.00    0.00     0.0  352.93    0.00    0.00     0.0  352.93    0.00    0.00    2.1      5637.296      5.50   47.23900   39.64200  "Undefined"          0.0    -0.12  0.00000000
24.11.2019 01:34:09.644   9.99600000   9995.99976   0.00  -80.4   35.6  28.0 11.70  353.4     0.0  353.38    0.00    0.00     0.0  353.38    0.00    0.00     0.0  353.38    0.00    0.00    1.8      5649.644      5.50   47.23900   39.64200  "Undefined"          0.0    -0.24  0.00000000
24.11.2019 01:34:22.278   9.99600000   9995.99976   0.00  -84.0   32.0  28.0 10.09  353.6  2598.0  354.59   70.40   33.25     0.0  353.63    0.00    0.00     0.0  353.63    0.00    0.00    2.0      5662.278      5.50   47.23900   39.64200  "Undefined"          0.0    -0.24  0.00000000
24.11.2019 01:34:34.717   9.99600000   9995.99976   0.00  -86.7   29.3  28.0 10.28  353.9  2596.9  354.80   70.41   33.50     0.0  353.86    0.00    0.00     0.0  353.86    0.00    0.00    3.2      5674.717      5.50   47.23900   39.64200  "Undefined"          0.0    -0.24  0.00000000
24.11.2019 01:34:47.213   9.99600000   9995.99976   0.00  -89.7   26.3  28.0 11.28  353.8  2787.1  355.01   72.10   32.75     0.0  353.82    0.00    0.00     0.0  353.82    0.00    0.00    2.4      5687.213      5.50   47.23900   39.64200  "Undefined"          0.0    -0.24  0.00000000
24.11.2019 01:35:24.602   9.99600000   9995.99988   0.00  -89.2   26.8  28.0  9.61  354.2  2623.7  355.09   70.66   33.70     0.0  354.19    0.00    0.00     0.0  354.19    0.00    0.00    2.0      5724.602      5.50   47.23900   39.64200  "Undefined"          0.0    -0.12  0.00000000
24.11.2019 01:35:37.278   9.99600000   9995.99976   0.00  -86.1   29.9  28.0  5.43  353.9  3039.3  355.02   74.33   31.15     0.0  353.89    0.00    0.00     0.0  353.89    0.00    0.00    2.6      5737.278      5.50   47.23900   39.64200  "Undefined"          0.0    -0.24  0.00000000
24.11.2019 01:36:14.818   9.99600000   9995.99964   0.00  -89.0   27.0  28.0 13.44  353.7     0.0  353.67    0.00    0.00     0.0  353.67    0.00    0.00     0.0  353.67    0.00    0.00    2.0      5774.818      5.50   47.23900   39.64200  "Undefined"          0.0    -0.36  0.00000000
24.11.2019 01:36:27.210   9.99600000   9995.99964   0.00  -91.3   24.7  28.0 10.38  353.5  2592.1  354.53   70.34   33.20     0.0  353.54    0.00    0.00     0.0  353.54    0.00    0.00    2.8      5787.210      5.50   47.23900   39.64200  "Undefined"          0.0    -0.36  0.00000000
24.11.2019 01:36:39.796   9.99600000   9995.99964   0.00  -92.1   23.9  28.0 10.02  353.9  2602.6  354.81   70.46   33.47     0.0  353.87    0.00    0.00     0.0  353.87    0.00    0.00    2.3      5799.796      5.50   47.23900   39.64200  "Undefined"          0.0    -0.36  0.00000000
24.11.2019 01:36:52.141   9.99600000   9995.99976   0.00  -93.1   22.9  28.0 11.10  353.6  2652.8  354.69   70.89   33.08     0.0  353.62    0.00    0.00     0.0  353.62    0.00    0.00   15.7      5812.141      5.50   47.23900   39.64200  "Undefined"          0.0    -0.24  0.00000000
24.11.2019 01:37:04.473   9.99600000   9995.99976   0.00  -90.8   25.2  28.0 10.56  354.0  2600.8  354.96   70.45   33.66     0.0  354.02    0.00    0.00     0.0  354.02    0.00    0.00    3.7      5824.473      5.50   47.23900   39.64200  "Undefined"          0.0    -0.24  0.00000000
24.11.2019 01:37:16.875   9.99600000   9995.99964   0.00  -95.0   21.0  28.0 12.84  354.2     0.0  354.16    0.00    0.00     0.0  354.16    0.00    0.00     0.0  354.16    0.00    0.00    2.6      5836.875      5.50   47.23900   39.64200  "Undefined"          0.0    -0.36  0.00000000
24.11.2019 01:37:29.427   9.99600000   9995.99976   0.00  -93.2   22.8  28.0 10.56  354.1  2602.5  355.06   70.47   33.77     0.0  354.13    0.00    0.00     0.0  354.13    0.00    0.00    1.7      5849.427      5.50   47.23900   39.64200  "Undefined"          0.0    -0.24  0.00000000
24.11.2019 01:37:42.013   9.99600000   9995.99976   0.00  -95.8   20.2  28.0  7.25  354.1  2825.4  355.11   72.45   32.67     0.0  354.13    0.00    0.00     0.0  354.13    0.00    0.00    1.7      5862.013      5.50   47.23900   39.64200  "Undefined"          0.0    -0.24  0.00000000
