21.11.2019 20:28:45.918   9.99600000   9996.01970   0.00  -95.3   20.7  28.0 12.24  352.9  2220.5  353.54   66.99   34.00  3913.6  355.35   81.90   20.29     0.0  352.85    0.00    0.00    2.7     73725.918      5.50   47.23900   39.64200  "Undefined"          0.0    19.70  0.00000000
21.11.2019 20:28:45.918   9.99600000   9995.98979   0.00  -92.0   24.0  28.0 11.45  353.0  2251.3  353.71   67.28   34.01     0.0  353.02    0.00    0.00     0.0  353.02    0.00    0.00    2.5     73725.918      5.50   47.23900   39.64200  "Undefined"          0.0   -10.21  0.00000000
21.11.2019 20:28:45.918   9.99600000   9996.00973   0.00  -91.5   24.5  28.0 11.33  352.8  2257.3  353.52   67.32   33.81     0.0  352.80    0.00    0.00     0.0  352.80    0.00    0.00    2.8     73725.918      5.50   47.23900   39.64200  "Undefined"          0.0     9.73  0.00000000
21.11.2019 20:28:45.918   9.99600000   9995.99976   0.00  -90.7   25.3  28.0 11.64  352.8  2241.7  353.52   67.18   33.89  3977.2  355.46   82.45   19.03     0.0  352.82    0.00    0.00    3.2     73725.918      5.50   47.23900   39.64200  "Undefined"          0.0    -0.24  0.00000000
21.11.2019 20:28:58.233   9.99600000   9996.01982   0.00  -91.8   24.2  28.0 12.55  353.2  2213.2  353.86   66.95   34.30  3884.7  355.54   81.70   21.68     0.0  353.21    0.00    0.00    2.0     73738.233      5.50   47.23900   39.64200  "Undefined"          0.0    19.82  0.00000000
21.11.2019 20:28:58.233   9.99600000   9996.00973   0.00  -88.5   27.5  28.0 12.92  353.0  2212.3  353.63   66.93   34.11  3849.0  355.30   81.35   21.62     0.0  352.97    0.00    0.00    2.1     73738.233      5.50   47.23900   39.64200  "Undefined"          0.0     9.73  0.00000000
21.11.2019 20:28:58.233   9.99600000   9995.98979   0.00  -88.5   27.5  28.0 12.26  353.0  2220.0  353.70   67.00   34.14  3913.3  355.48   81.92   20.76     0.0  353.03    0.00    0.00    2.1     73738.233      5.50   47.23900   39.64200  "Undefined"          0.0   -10.21  0.00000000
21.11.2019 20:28:58.233   9.99600000   9995.99976   0.00  -85.6   30.4  28.0 12.32  353.2  2217.7  353.81   66.99   34.24  3905.5  355.55   81.87   21.22     0.0  353.16    0.00    0.00    2.1     73738.233      5.50   47.23900   39.64200  "Undefined"          0.0    -0.24  0.00000000
21.11.2019 20:29:10.565   9.99600000   9996.01970   0.00  -89.7   28.3  28.0 12.45  353.1  2214.9  353.79   66.96   34.24  3894.0  355.51   81.77   21.35     0.0  353.14    0.00    0.00    1.9     73750.565      5.50   47.23900   39.64200  "Undefined"          0.0    19.70  0.00000000
21.11.2019 20:29:10.565   9.99600000   9995.98979   0.00  -86.8   31.2  28.0 11.94  353.2  2230.5  353.88   67.11   34.25  3950.3  355.68   82.28   20.63     0.0  353.22    0.00    0.00    2.3     73750.565      5.50   47.23900   39.64200  "Undefined"          0.0   -10.21  0.00000000
21.11.2019 20:29:10.565   9.99600000   9996.00973   0.00  -86.4   31.6  28.0 11.82  353.3  2235.0  354.00   67.15   34.33  3959.3  355.78   82.37   20.82     0.0  353.35    0.00    0.00    2.0     73750.565      5.50   47.23900   39.64200  "Undefined"          0.0     9.73  0.00000000
21.11.2019 20:29:10.565   9.99600000   9995.99976   0.00  -85.3   32.7  28.0 12.41  353.3  2215.2  353.95   66.97   34.38  3896.6  355.64   81.82   21.77     0.0  353.31    0.00    0.00    2.0     73750.565      5.50   47.23900   39.64200  "Undefined"          0.0    -0.24  0.00000000
21.11.2019 20:29:22.999   9.99600000   9996.01982   0.00  -91.5   24.5  28.0 12.84  353.0  2211.7  353.64   66.92   34.12  3855.2  355.32   81.41   21.55     0.0  352.98    0.00    0.00    2.2     73762.999      5.50   47.23900   39.64200  "Undefined"          0.0    19.82  0.00000000
21.11.2019 20:29:22.999   9.99600000   9996.00973   0.00  -88.6   27.4  28.0 12.17  353.2  2222.3  353.88   67.03   34.28  3923.6  355.63   82.04   21.10     0.0  353.23    0.00    0.00    2.4     73762.999      5.50   47.23900   39.64200  "Undefined"          0.0     9.73  0.00000000
21.11.2019 20:29:22.999   9.99600000   9995.98979   0.00  -88.0   28.0  28.0 12.50  353.0  2214.3  353.70   66.95   34.16  3889.0  355.43   81.71   21.17     0.0  353.04    0.00    0.00    2.1     73762.999      5.50   47.23900   39.64200  "Undefined"          0.0   -10.21  0.00000000
21.11.2019 20:29:22.999   9.99600000   9995.99976   0.00  -86.9   29.1  28.0 12.09  353.2  2224.4  353.84   67.05   34.24  3930.8  355.62   82.10   20.87     0.0  353.19    0.00    0.00    2.2     73762.999      5.50   47.23900   39.64200  "Undefined"          0.0    -0.24  0.00000000
21.11.2019 20:29:35.413   9.99600000   9996.01970   0.00  -90.3   25.7  28.0 12.48  353.0  2214.6  353.65   66.95   34.12  3890.9  355.40   81.72   21.02     0.0  352.99    0.00    0.00    2.5     73775.413      5.50   47.23900   39.64200  "Undefined"          0.0    19.70  0.00000000
21.11.2019 20:29:35.413   9.99600000   9995.98979   0.00  -87.0   29.0  28.0 11.98  353.2  2228.2  353.84   67.08   34.22  3942.8  355.64   82.20   20.65     0.0  353.18    0.00    0.00    2.4     73775.413      5.50   47.23900   39.64200  "Undefined"          0.0   -10.21  0.00000000
21.11.2019 20:29:35.413   9.99600000   9996.00973   0.00  -86.6   29.4  28.0 12.39  353.0  2216.5  353.67   66.97   34.13  3900.0  355.43   81.80   20.92     0.0  353.01    0.00    0.00    2.4     73775.413      5.50   47.23900   39.64200  "Undefined"          0.0     9.73  0.00000000
21.11.2019 20:29:35.413   9.99600000   9995.99976   0.00  -85.8   30.2  28.0 11.73  353.0  2238.9  353.70   67.17   34.06  3972.5  355.59   82.44   19.69     0.0  353.02    0.00    0.00    2.3     73775.413      5.50   47.23900   39.64200  "Undefined"          0.0    -0.24  0.00000000
21.11.2019 20:29:48.085   9.99600000   9995.98979   0.00  -95.5   20.5  28.0  9.21  354.6  2401.7  355.20   68.70   34.78     0.0  354.58    0.00    0.00     0.0  354.58    0.00    0.00    3.7     73788.085      5.50   47.23900   39.64200  "Undefined"          0.0   -10.21  0.00000000
21.11.2019 20:29:48.085   9.99600000   9996.00973   0.00  -95.1   20.9  28.0  6.68  353.9  2634.8  354.73   70.74   33.22     0.0  353.92    0.00    0.00     0.0  353.92    0.00    0.00    3.3     73788.085      5.50   47.23900   39.64200  "Undefined"          0.0     9.73  0.00000000
21.11.2019 20:29:48.085   9.99600000   9995.99976   0.00  -94.1   21.9  28.0  7.75  354.4  2530.3  355.11   69.84   34.15     0.0  354.41    0.00    0.00     0.0  354.41    0.00    0.00    3.2     73788.085      5.50   47.23900   39.64200  "Undefined"          0.0    -0.24  0.00000000
21.11.2019 20:30:00.441   9.99600000   9995.99976   0.00  -71.4   44.6  28.0 11.52  352.5  2247.7  353.28   67.22   33.65  3990.8  355.31   82.52   18.02     0.0  352.55    0.00    0.00    2.3     73800.441      5.50   47.23900   39.64200  "Undefined"          0.0    -0.24  0.00000000
21.11.2019 20:30:12.812   9.99600000   9995.99976   0.00  -77.0   39.0  28.0 10.50  352.3  2305.4  353.08   67.71   33.19     0.0  352.29    0.00    0.00     0.0  352.29    0.00    0.00    3.2     73812.812      5.50   47.23900   39.64200  "Undefined"          0.0    -0.24  0.00000000
21.11.2019 20:30:25.414   9.99600000   9995.99976   0.00  -65.8   50.2  28.0 10.82  352.8  2286.1  353.49   67.57   33.65     0.0  352.75    0.00    0.00     0.0  352.75    0.00    0.00    2.5     73825.414      5.50   47.23900   39.64200  "Undefined"          0.0    -0.24  0.00000000
21.11.2019 20:30:37.779   9.99600000   9995.99976   0.00  -75.7   40.3  28.0 11.31  353.5  2258.2  354.18   67.37   34.39     0.0  353.53    0.00    0.00     0.0  353.53    0.00    0.00    2.2     73837.779      5.50   47.23900   39.64200  "Undefined"          0.0    -0.24  0.00000000
21.11.2019 20:30:50.250   9.99600000   9995.99976   0.00  -71.6   44.4  28.0 10.68  352.5  2294.2  353.29   67.63   33.43     0.0  352.53    0.00    0.00     0.0  352.53    0.00    0.00    2.4     73850.250      5.50   47.23900   39.64200  "Undefined"          0.0    -0.24  0.00000000
21.11.2019 20:31:02.540   9.99600000   9995.99976   0.00  -71.8   44.2  28.0 10.86  352.8  2283.5  353.57   67.55   33.73     0.0  352.84    0.00    0.00     0.0  352.84    0.00    0.00    2.3     73862.540      5.50   47.23900   39.64200  "Undefined"          0.0    -0.24  0.00000000
21.11.2019 20:31:14.813   9.99600000   9995.99976   0.00  -84.4   33.6  28.0 11.22  355.0  2263.1  355.48   67.49   35.54     0.0  354.97    0.00    0.00     0.0  354.97    0.00    0.00    1.8     73874.813      5.50   47.23900   39.64200  "Undefined"          0.0    -0.24  0.00000000
21.11.2019 20:31:27.180   9.99600000   9995.99976   0.00  -77.4   38.6  28.0 12.01  352.8  2227.4  353.52   67.05   33.95  3936.8  355.39   82.10   19.83     0.0  352.83    0.00    0.00    1.9     73887.180      5.50   47.23900   39.64200  "Undefined"          0.0    -0.24  0.00000000
21.11.2019 20:31:39.431   9.99600000   9995.99976   0.00  -68.5   47.5  28.0 11.93  352.7  2230.9  353.42   67.08   33.85  3947.8  355.33   82.18   19.31     0.0  352.71    0.00    0.00    2.5     73899.431      5.50   47.23900   39.64200  "Undefined"          0.0    -0.24  0.00000000
21.11.2019 20:31:51.920   9.99600000   9995.99976   0.00  -61.7   54.3  28.0 11.51  352.4  2248.6  353.14   67.21   33.52  3992.4  355.21   82.51   17.56     0.0  352.39    0.00    0.00    2.2     73911.920      5.50   47.23900   39.64200  "Undefined"          0.0    -0.24  0.00000000
21.11.2019 20:32:04.345   9.99600000   9995.99976   0.00  -64.5   51.5  28.0 11.53  353.1  2247.8  353.81   67.25   34.11  3996.5  355.71   82.67   19.53     0.0  353.13    0.00    0.00    2.1     73924.345      5.50   47.23900   39.64200  "Undefined"          0.0    -0.24  0.00000000
21.11.2019 20:32:16.934   9.99600000   9995.99976   0.00  -65.0   51.0  28.0 11.98  352.7  2228.4  353.40   67.06   33.84  3939.8  355.30   82.10   19.41     0.0  352.70    0.00    0.00    2.1     73936.934      5.50   47.23900   39.64200  "Undefined"          0.0    -0.24  0.00000000
21.11.2019 20:32:29.509   9.99600000   9995.99976   0.00  -62.5   53.5  28.0 11.72  352.3  2239.0  353.03   67.12   33.48  3967.0  355.08   82.27   17.79     0.0  352.29    0.00    0.00    2.3     73949.509      5.50   47.23900   39.64200  "Undefined"          0.0    -0.24  0.00000000
21.11.2019 20:32:41.851   9.99600000   9995.99951   0.00  -80.8   35.2  28.0 12.16  350.9  2223.2  351.72   66.88   32.44  3907.3  353.93   81.49   15.36     0.0  350.87    0.00    0.00    3.0     73961.851      5.50   47.23900   39.64200  "Undefined"          0.0    -0.49  0.00000000
21.11.2019 20:32:41.851   9.99600000   9995.99976   0.00  -69.8   46.2  28.0 10.43  352.6  2309.9  353.40   67.77   33.46     0.0  352.64    0.00    0.00     0.0  352.64    0.00    0.00    2.4     73961.851      5.50   47.23900   39.64200  "Undefined"          0.0    -0.24  0.00000000
21.11.2019 20:32:54.243   9.99600000   9996.00036   0.00  -92.5   23.5  28.0 13.72  352.8  2277.4  353.50   67.49   33.70  3812.4  355.10   81.00   21.73     0.0  352.81    0.00    0.00   28.7     73974.243      5.50   47.23900   39.64200  "Undefined"          0.0     0.36  0.00000000
21.11.2019 20:32:54.243   9.99600000   9995.99915   0.00  -89.5   26.5  28.0 10.01  350.2  2336.3  351.20   67.81   31.29     0.0  350.20    0.00    0.00     0.0  350.20    0.00    0.00    3.1     73974.243      5.50   47.23900   39.64200  "Undefined"          0.0    -0.85  0.00000000
21.11.2019 20:32:54.243   9.99600000   9995.99976   0.00  -67.9   48.1  28.0 11.59  352.8  2244.4  353.52   67.20   33.87  3987.1  355.48   82.54   18.83     0.0  352.82    0.00    0.00    2.2     73974.243      5.50   47.23900   39.64200  "Undefined"          0.0    -0.24  0.00000000
21.11.2019 20:33:06.513   9.99600000   9995.99988   0.00  -77.6   38.4  28.0 11.58  353.9  2244.7  354.52   67.27   34.74  3994.1  356.22   82.76   21.79     0.0  353.91    0.00    0.00    2.3     73986.513      5.50   47.23900   39.64200  "Undefined"          0.0    -0.12  0.00000000
21.11.2019 20:33:06.513   9.99600000   9995.99964   0.00  -73.2   42.8  28.0 12.59  350.8  2214.9  351.64   66.80   32.42  3865.7  353.78   81.12   16.04     0.0  350.79    0.00    0.00    2.3     73986.513      5.50   47.23900   39.64200  "Undefined"          0.0    -0.36  0.00000000
21.11.2019 20:33:18.951   9.99600000   9995.99964   0.00  -73.5   42.5  28.0 12.70  351.8  2213.3  352.55   66.86   33.19  3862.6  354.49   81.28   18.48     0.0  351.78    0.00    0.00    2.1     73998.951      5.50   47.23900   39.64200  "Undefined"          0.0    -0.36  0.00000000
21.11.2019 20:33:31.436   9.99600000   9995.99964   0.00  -68.3   47.7  28.0 12.66  351.7  2213.5  352.52   66.86   33.16  3864.8  354.47   81.29   18.36     0.0  351.75    0.00    0.00    2.0     74011.436      5.50   47.23900   39.64200  "Undefined"          0.0    -0.36  0.00000000
21.11.2019 20:33:43.799   9.99600000   9995.99976   0.00  -63.2   52.8  28.0 12.03  352.2  2226.9  352.95   67.01   33.46  3931.0  354.94   81.94   18.27     0.0  352.20    0.00    0.00    2.3     74023.799      5.50   47.23900   39.64200  "Undefined"          0.0    -0.24  0.00000000
21.11.2019 20:33:56.062   9.99600000   9995.99976   0.00  -65.1   50.9  28.0 12.15  352.4  2223.2  353.12   66.99   33.62  3920.5  355.05   81.88   18.96     0.0  352.39    0.00    0.00    2.1     74036.062      5.50   47.23900   39.64200  "Undefined"          0.0    -0.24  0.00000000
21.11.2019 20:34:08.614   9.99600000   9995.99976   0.00  -74.8   41.2  28.0 12.53  352.4  2213.5  353.09   66.90   33.65  3879.3  354.95   81.52   19.66     0.0  352.38    0.00    0.00    2.4     74048.614      5.50   47.23900   39.64200  "Undefined"          0.0    -0.24  0.00000000
21.11.2019 20:34:21.227   9.99600000   9995.99964   0.00  -68.6   47.4  28.0 11.93  351.6  2230.5  352.36   67.00   32.94  3936.9  354.50   81.88   16.49     0.0  351.56    0.00    0.00    2.4     74061.227      5.50   47.23900   39.64200  "Undefined"          0.0    -0.36  0.00000000
21.11.2019 20:34:33.687   9.99600000   9995.99964   0.00  -74.5   41.5  28.0 13.71  351.6  2284.4  352.41   67.47   32.69  3812.4  354.24   80.81   18.90     0.0  351.61    0.00    0.00    2.2     74073.687      5.50   47.23900   39.64200  "Undefined"          0.0    -0.36  0.00000000
21.11.2019 20:34:46.200   9.99600000   9995.99964   0.00  -66.3   49.7  28.0 11.84  351.5  2233.8  352.31   67.02   32.88  3944.7  354.47   81.93   16.17     0.0  351.50    0.00    0.00    2.4     74086.200      5.50   47.23900   39.64200  "Undefined"          0.0    -0.36  0.00000000
21.11.2019 20:34:58.703   9.99600000   9995.99964   0.00  -71.2   44.8  28.0 10.95  351.6  2277.4  352.42   67.41   32.74     0.0  351.59    0.00    0.00     0.0  351.59    0.00    0.00    2.4     74098.703      5.50   47.23900   39.64200  "Undefined"          0.0    -0.36  0.00000000
21.11.2019 20:35:10.913   9.99600000   9995.99988   0.00  -83.5   32.5  28.0  9.97  353.9  2342.4  354.56   68.14   34.39     0.0  353.90    0.00    0.00     0.0  353.90    0.00    0.00    2.2     74110.913      5.50   47.23900   39.64200  "Undefined"          0.0    -0.12  0.00000000
21.11.2019 20:35:10.913   9.99600000   9995.99964   0.00  -78.3   37.7  28.0 21.57  348.4     0.0  348.45    0.00    0.00     0.0  348.45    0.00    0.00     0.0  348.45    0.00    0.00   13.4     74110.913      5.50   47.23900   39.64200  "Undefined"          0.0    -0.36  0.00000000
21.11.2019 20:35:23.336   9.99600000   9995.99964   0.00  -67.7   48.3  28.0 13.42  351.7  2236.7  352.49   67.06   33.02  3812.9  354.33   80.84   19.19     0.0  351.72    0.00    0.00    2.1     74123.336      5.50   47.23900   39.64200  "Undefined"          0.0    -0.36  0.00000000
21.11.2019 20:35:35.907   9.99600000   9995.99964   0.00  -75.5   40.5  28.0 11.33  350.4  2256.5  351.35   67.14   31.92  3993.5  353.83   82.13   12.23     0.0  350.43    0.00    0.00    2.2     74135.907      5.50   47.23900   39.64200  "Undefined"          0.0    -0.36  0.00000000
21.11.2019 20:35:48.276   9.99600000   9995.99964   0.00  -73.9   42.1  28.0 12.41  351.0  2217.3  351.82   66.84   32.55  3885.3  353.96   81.32   16.10     0.0  350.98    0.00    0.00    2.4     74148.276      5.50   47.23900   39.64200  "Undefined"          0.0    -0.36  0.00000000
21.11.2019 20:36:00.483   9.99600000   9995.99964   0.00  -76.4   39.6  28.0 10.60  351.7  2298.6  352.52   67.61   32.71     0.0  351.68    0.00    0.00     0.0  351.68    0.00    0.00    2.3     74160.483      5.50   47.23900   39.64200  "Undefined"          0.0    -0.36  0.00000000
21.11.2019 20:36:12.796   9.99600000   9995.99976   0.00  -84.1   31.9  28.0  0.01  354.9  3402.2  356.06   77.62   30.26     0.0  354.94    0.00    0.00     0.0  354.94    0.00    0.00    8.4     74172.796      5.50   47.23900   39.64200  "Undefined"          0.0    -0.24  0.00000000
21.11.2019 20:36:25.233   9.99600000   9995.99964   0.00  -68.4   47.6  28.0 12.24  351.6  2221.6  352.40   66.92   33.02  3907.2  354.47   81.63   17.22     0.0  351.61    0.00    0.00    2.2     74185.233      5.50   47.23900   39.64200  "Undefined"          0.0    -0.36  0.00000000
21.11.2019 20:36:37.848   9.99600000   9996.00000   0.00  -94.7   21.3  28.0 13.23  354.9  2215.6  355.42   67.06   35.64  3830.5  356.64   81.43   26.76     0.0  354.93    0.00    0.00   10.7     74197.848      5.50   47.23900   39.64200  "Undefined"          0.0    -0.00  0.00000000
21.11.2019 20:36:37.848   9.99600000   9995.99964   0.00  -71.1   44.9  28.0 12.16  350.6  2223.7  351.50   66.87   32.25  3906.6  353.76   81.43   14.79     0.0  350.63    0.00    0.00    2.4     74197.848      5.50   47.23900   39.64200  "Undefined"          0.0    -0.36  0.00000000
21.11.2019 20:36:50.141   9.99600000   9995.99951   0.00  -82.1   33.9  28.0  4.74  351.2  2833.9  352.52   72.26   29.05     0.0  351.23    0.00    0.00     0.0  351.23    0.00    0.00    4.7     74210.141      5.50   47.23900   39.64200  "Undefined"          0.0    -0.49  0.00000000
21.11.2019 20:36:50.141   9.99600000   9995.99976   0.00  -80.0   36.0  28.0 11.38  351.8  2254.5  352.63   67.23   33.04     0.0  351.83    0.00    0.00     0.0  351.83    0.00    0.00    2.5     74210.141      5.50   47.23900   39.64200  "Undefined"          0.0    -0.24  0.00000000
21.11.2019 20:37:02.436   9.99600000   9995.99976   0.00  -76.0   40.0  28.0 11.47  351.5  2249.7  352.29   67.16   32.78  3986.4  354.55   82.29   15.17     0.0  351.47    0.00    0.00    2.8     74222.436      5.50   47.23900   39.64200  "Undefined"          0.0    -0.24  0.00000000
21.11.2019 20:37:14.783   9.99600000   9995.99964   0.00  -70.8   45.2  28.0 11.98  351.6  2228.6  352.41   66.98   32.99  3930.6  354.52   81.83   16.75     0.0  351.61    0.00    0.00    2.2     74234.783      5.50   47.23900   39.64200  "Undefined"          0.0    -0.36  0.00000000
21.11.2019 20:37:27.075   9.99600000   9995.99976   0.00  -69.1   46.9  28.0 12.40  351.6  2217.1  352.35   66.88   33.00  3889.7  354.39   81.47   17.44     0.0  351.56    0.00    0.00    2.1     74247.075      5.50   47.23900   39.64200  "Undefined"          0.0    -0.24  0.00000000
21.11.2019 20:37:39.540   9.99600000   9995.99976   0.00  -77.9   38.1  28.0 12.94  352.3  2213.5  352.99   66.89   33.56  3844.3  354.80   81.20   19.98     0.0  352.26    0.00    0.00    2.3     74259.540      5.50   47.23900   39.64200  "Undefined"          0.0    -0.24  0.00000000
21.11.2019 20:37:51.911   9.99600000   9995.99976   0.00  -86.0   30.0  28.0 12.27  351.2  2220.5  351.98   66.88   32.67  3898.9  354.12   81.47   16.24     0.0  351.15    0.00    0.00    3.0     74271.911      5.50   47.23900   39.64200  "Undefined"          0.0    -0.24  0.00000000
21.11.2019 20:39:06.142   9.99600000   9995.99939   0.00  -95.3   20.7  28.0 12.62  353.3  2212.6  353.97   66.95   34.40  3876.4  355.61   81.64   22.12     0.0  353.33    0.00    0.00    3.4     74346.142      5.50   47.23900   39.64200  "Undefined"          0.0    -0.61  0.00000000
21.11.2019 20:39:06.142   9.99600000   9996.00049   0.00  -95.3   20.7  28.0 13.22  351.2  2223.6  352.00   66.91   32.67  3821.0  353.96   80.81   17.80     0.0  351.18    0.00    0.00    2.2     74346.142      5.50   47.23900   39.64200  "Undefined"          0.0     0.49  0.00000000
21.11.2019 20:39:06.142   9.99600000   9996.00231   0.00  -94.9   21.1  28.0 13.74  351.7  2291.1  352.52   67.54   32.75  3814.2  354.32   80.84   19.13     0.0  351.73    0.00    0.00    1.9     74346.142      5.50   47.23900   39.64200  "Undefined"          0.0     2.31  0.00000000
21.11.2019 20:39:06.142   9.99600000   9995.99708   0.00  -94.5   21.5  28.0 13.74  351.9  2289.9  352.66   67.54   32.88  3814.3  354.44   80.87   19.49     0.0  351.88    0.00    0.00    2.7     74346.142      5.50   47.23900   39.64200  "Undefined"          0.0    -2.92  0.00000000
21.11.2019 20:39:06.142   9.99600000   9996.00389   0.00  -94.4   21.6  28.0 12.46  351.9  2215.2  352.70   66.89   33.31  3885.7  354.66   81.51   18.46     0.0  351.94    0.00    0.00    2.4     74346.142      5.50   47.23900   39.64200  "Undefined"          0.0     3.89  0.00000000
21.11.2019 20:39:06.142   9.99600000   9996.00280   0.00  -94.3   21.7  28.0 12.95  351.4  2215.1  352.16   66.85   32.85  3839.3  354.13   81.00   17.88     0.0  351.36    0.00    0.00    3.3     74346.142      5.50   47.23900   39.64200  "Undefined"          0.0     2.80  0.00000000
21.11.2019 20:39:06.142   9.99600000   9995.99562   0.00  -93.8   22.2  28.0 13.40  351.7  2234.4  352.46   67.04   33.00  3813.0  354.31   80.83   19.10     0.0  351.68    0.00    0.00    2.1     74346.142      5.50   47.23900   39.64200  "Undefined"          0.0    -4.38  0.00000000
21.11.2019 20:39:06.142   9.99600000   9996.00012   0.00  -93.4   22.6  28.0 13.19  351.5  2221.8  352.25   66.91   32.89  3822.5  354.17   80.87   18.43     0.0  351.46    0.00    0.00    3.4     74346.142      5.50   47.23900   39.64200  "Undefined"          0.0     0.12  0.00000000
21.11.2019 20:39:06.142   9.99600000   9995.99672   0.00  -93.3   22.7  28.0 13.25  351.8  2224.0  352.53   66.95   33.12  3819.5  354.38   80.90   19.20     0.0  351.77    0.00    0.00    2.5     74346.142      5.50   47.23900   39.64200  "Undefined"          0.0    -3.28  0.00000000
21.11.2019 20:39:06.142   9.99600000   9996.00693   0.00  -92.5   23.5  28.0 12.21  351.8  2224.1  352.59   66.96   33.17  3918.4  354.64   81.77   17.51     0.0  351.81    0.00    0.00    2.5     74346.142      5.50   47.23900   39.64200  "Undefined"          0.0     6.93  0.00000000
21.11.2019 20:39:06.142   9.99600000   9995.99258   0.00  -91.6   24.4  28.0 13.88  351.9  2352.6  352.67   68.09   32.55  3836.3  354.46   81.06   19.03     0.0  351.87    0.00    0.00    2.3     74346.142      5.50   47.23900   39.64200  "Undefined"          0.0    -7.42  0.00000000
21.11.2019 20:39:06.142   9.99600000   9995.99866   0.00  -90.4   25.6  28.0 14.04  351.5     0.0  351.45    0.00    0.00     0.0  351.45    0.00    0.00     0.0  351.45    0.00    0.00    2.3     74346.142      5.50   47.23900   39.64200  "Undefined"          0.0    -1.34  0.00000000
21.11.2019 20:39:06.142   9.99600000   9996.00085   0.00  -89.6   26.4  28.0 12.67  352.2  2213.2  352.95   66.89   33.53  3867.5  354.81   81.39   19.47     0.0  352.22    0.00    0.00    2.3     74346.142      5.50   47.23900   39.64200  "Undefined"          0.0     0.85  0.00000000
21.11.2019 20:39:06.142   9.99600000   9995.99976   0.00  -80.7   35.3  28.0 13.34  351.8  2230.4  352.53   67.01   33.09  3817.3  354.37   80.88   19.22     0.0  351.76    0.00    0.00    2.1     74346.142      5.50   47.23900   39.64200  "Undefined"          0.0    -0.24  0.00000000
21.11.2019 20:39:18.799   9.99600000   9995.99854   0.00  -97.0   21.0  28.0 10.74  351.0  2289.6  351.93   67.48   32.23     0.0  351.03    0.00    0.00     0.0  351.03    0.00    0.00    2.3     74358.799      5.50   47.23900   39.64200  "Undefined"          0.0    -1.46  0.00000000
21.11.2019 20:39:18.799   9.99600000   9996.00085   0.00  -96.8   21.2  28.0 11.68  351.6  2240.6  352.39   67.09   32.91  3965.1  354.58   82.12   15.93     0.0  351.58    0.00    0.00    2.2     74358.799      5.50   47.23900   39.64200  "Undefined"          0.0     0.85  0.00000000
21.11.2019 20:39:18.799   9.99600000   9995.99964   0.00  -87.8   30.2  28.0 11.44  350.7  2251.1  351.60   67.11   32.17  3983.2  354.00   82.10   13.21     0.0  350.70    0.00    0.00    2.0     74358.799      5.50   47.23900   39.64200  "Undefined"          0.0    -0.36  0.00000000
21.11.2019 20:39:31.135   9.99600000   9995.99964   0.00  -95.2   20.8  28.0 16.95  349.2     0.0  349.22    0.00    0.00     0.0  349.22    0.00    0.00     0.0  349.22    0.00    0.00    4.3     74371.135      5.50   47.23900   39.64200  "Undefined"          0.0    -0.36  0.00000000
21.11.2019 20:39:43.604   9.99600000   9995.99964   0.00  -91.5   24.5  28.0 12.43  349.3  2217.5  350.30   66.70   31.29  3870.9  352.69   80.84   12.48     0.0  349.33    0.00    0.00    2.6     74383.604      5.50   47.23900   39.64200  "Undefined"          0.0    -0.36  0.00000000
