20.11.2019 05:00:23.292   9.99600000   9995.99684   0.00  -97.9   28.1  28.0 15.09  354.7  1642.1  354.68   61.92   36.77  3936.1  356.07   82.24   22.56     0.0  354.74    0.00    0.00    7.8     18023.292      5.50   47.23900   39.64200  "Undefined"          0.0    -3.16  0.00000000
20.11.2019 05:09:28.164   9.99600000   9995.99964   0.00  -99.9   28.1  28.0  9.28  354.2     0.0  354.18    0.00    0.00     0.0  354.18    0.00    0.00     0.0  354.18    0.00    0.00   20.6     18568.164      5.50   47.23900   39.64200  "Undefined"          0.0    -0.36  0.00000000
20.11.2019 05:09:40.496   9.99600000   9995.99964   0.00  -99.4   26.6  28.0 13.11  355.8  1879.1  355.78   64.07   36.83     0.0  355.84    0.00    0.00     0.0  355.84    0.00    0.00    7.9     18580.496      5.50   47.23900   39.64200  "Undefined"          0.0    -0.36  0.00000000
20.11.2019 05:17:46.336   9.99600000   9996.00499   0.00  -99.7   26.3  28.0 25.82  356.3   947.7  355.92   55.74   38.57  2174.1  355.74   66.70   36.03  3674.0  356.34   80.03   28.04    6.1     19066.336      5.50   47.23900   39.64200  "Undefined"          0.0     4.99  0.00000000
20.11.2019 05:17:46.336   9.99600000   9996.00401   0.00  -99.0   27.0  28.0 26.04  356.5   939.9  356.12   55.67   38.63  2153.8  355.91   66.53   36.24  3639.3  356.44   79.74   28.78    6.0     19066.336      5.50   47.23900   39.64200  "Undefined"          0.0     4.01  0.00000000
20.11.2019 05:17:46.336   9.99600000   9995.99599   0.00  -98.5   27.5  28.0 26.22  356.1   934.3  355.73   55.61   38.54  2142.3  355.54   66.41   35.97  3621.5  356.13   79.55   28.09    6.8     19066.336      5.50   47.23900   39.64200  "Undefined"          0.0    -4.01  0.00000000
20.11.2019 05:17:46.336   9.99600000   9996.00292   0.00  -97.5   28.5  28.0 25.88  356.3   945.4  356.00   55.72   38.59  2168.0  355.80   66.65   36.11  3663.5  356.38   79.95   28.30    5.5     19066.336      5.50   47.23900   39.64200  "Undefined"          0.0     2.92  0.00000000
20.11.2019 05:17:46.336   9.99600000   9995.99696   0.00  -97.2   28.8  28.0 26.06  356.3   939.5  355.97   55.66   38.59  2153.7  355.78   66.52   36.13  3639.2  356.33   79.73   28.46    6.6     19066.336      5.50   47.23900   39.64200  "Undefined"          0.0    -3.04  0.00000000
20.11.2019 05:17:46.336   9.99600000   9996.00000   0.00  -96.8   29.2  28.0 26.03  356.5   940.1  356.11   55.67   38.63  2154.6  355.90   66.54   36.23  3640.6  356.43   79.75   28.74    6.8     19066.336      5.50   47.23900   39.64200  "Undefined"          0.0    -0.00  0.00000000
20.11.2019 05:17:46.336   9.99600000   9995.99891   0.00  -96.4   29.6  28.0 25.87  356.2   946.0  355.83   55.72   38.55  2170.2  355.65   66.66   35.98  3667.2  356.27   79.96   27.91    6.3     19066.336      5.50   47.23900   39.64200  "Undefined"          0.0    -1.09  0.00000000
20.11.2019 05:17:46.336   9.99600000   9995.99793   0.00  -96.4   29.6  28.0 25.80  356.2   948.8  355.84   55.75   38.54  2177.7  355.66   66.73   35.96  3680.8  356.29   80.08   27.79    5.7     19066.336      5.50   47.23900   39.64200  "Undefined"          0.0    -2.07  0.00000000
20.11.2019 05:17:46.336   9.99600000   9996.00195   0.00  -96.2   29.8  28.0 25.97  356.3   942.2  355.99   55.69   38.59  2159.9  355.79   66.58   36.12  3649.9  356.36   79.82   28.39    5.8     19066.336      5.50   47.23900   39.64200  "Undefined"          0.0     1.95  0.00000000
20.11.2019 05:17:46.336   9.99600000   9996.00097   0.00  -95.8   30.2  28.0 26.03  356.4   940.4  356.01   55.67   38.60  2156.1  355.81   66.55   36.14  3643.4  356.36   79.77   28.49    6.0     19066.336      5.50   47.23900   39.64200  "Undefined"          0.0     0.97  0.00000000
20.11.2019 05:20:53.651   9.99600000   9995.99015   0.00 -100.0   26.0  28.0 18.35  353.7  1318.2  353.64   59.00   37.11  3153.9  354.31   75.25   28.99     0.0  353.74    0.00    0.00   15.3     19253.651      5.50   47.23900   39.64200  "Undefined"          0.0    -9.85  0.00000000
20.11.2019 05:20:53.651   9.99600000   9996.01021   0.00  -99.1   26.9  28.0 17.19  354.2  1402.0  354.13   59.76   37.10  3374.3  354.94   77.24   28.00     0.0  354.22    0.00    0.00   11.7     19253.651      5.50   47.23900   39.64200  "Undefined"          0.0    10.21  0.00000000
20.11.2019 05:20:53.651   9.99600000   9996.00024   0.00  -97.6   28.4  28.0 17.45  354.1  1382.3  353.96   59.58   37.08  3322.4  354.74   76.76   28.14     0.0  354.05    0.00    0.00    9.7     19253.651      5.50   47.23900   39.64200  "Undefined"          0.0     0.24  0.00000000
20.11.2019 05:21:06.104   9.99600000   9995.98018   0.00  -99.2   26.8  28.0 15.90  355.0  1509.3  354.89   60.74   37.19  3658.9  355.85   79.83   26.76     0.0  354.99    0.00    0.00    8.7     19266.104      5.50   47.23900   39.64200  "Undefined"          0.0   -19.82  0.00000000
20.11.2019 05:21:06.104   9.99600000   9995.99027   0.00  -97.3   28.7  28.0 15.21  355.6  1573.5  355.51   61.33   37.36  3839.5  356.52   81.50   26.20     0.0  355.63    0.00    0.00    9.6     19266.104      5.50   47.23900   39.64200  "Undefined"          0.0    -9.73  0.00000000
20.11.2019 05:21:06.104   9.99600000   9996.01021   0.00  -95.9   30.1  28.0 15.70  354.7  1531.5  354.64   60.93   37.02  3725.2  355.73   80.38   25.40     0.0  354.71    0.00    0.00    9.0     19266.104      5.50   47.23900   39.64200  "Undefined"          0.0    10.21  0.00000000
20.11.2019 05:21:06.104   9.99600000   9996.00024   0.00  -95.3   30.7  28.0 15.77  355.2  1520.6  355.12   60.85   37.28  3688.8  356.06   80.12   26.97     0.0  355.23    0.00    0.00    9.4     19266.104      5.50   47.23900   39.64200  "Undefined"          0.0     0.24  0.00000000
20.11.2019 05:21:55.993   9.99600000   9995.99976   0.00  -99.6   26.4  28.0 17.02  355.7  1408.9  355.52   59.86   37.69  3376.7  356.07   77.40   30.50     0.0  355.68    0.00    0.00   13.9     19315.993      5.50   47.23900   39.64200  "Undefined"          0.0    -0.24  0.00000000
20.11.2019 05:30:15.073   9.99600000   9996.00158   0.00  -97.0   31.0  28.0 14.99  352.5  1566.2  352.57   61.16   35.90     0.0  352.50    0.00    0.00     0.0  352.50    0.00    0.00    4.7     19815.073      5.50   47.23900   39.64200  "Undefined"          0.0     1.58  0.00000000
20.11.2019 05:33:20.697   9.99600000   9995.99951   0.00  -98.9   29.1  28.0 16.74  351.8  1398.1  351.89   59.65   36.16  3416.9  353.12   77.31   23.48     0.0  351.85    0.00    0.00   18.7     20000.697      5.50   47.23900   39.64200  "Undefined"          0.0    -0.49  0.00000000
20.11.2019 05:49:32.170   9.99600000   9996.00389   0.00  -99.0   29.0  28.0 15.48  352.7  1465.7  352.79   60.28   36.33     0.0  352.74    0.00    0.00     0.0  352.74    0.00    0.00    9.2     20972.170      5.50   47.23900   39.64200  "Undefined"          0.0     3.89  0.00000000
20.11.2019 05:49:32.170   9.99600000   9995.99587   0.00  -98.9   29.1  28.0 15.40  352.8  1473.7  352.86   60.35   36.34     0.0  352.81    0.00    0.00     0.0  352.81    0.00    0.00    8.3     20972.170      5.50   47.23900   39.64200  "Undefined"          0.0    -4.13  0.00000000
20.11.2019 05:49:32.170   9.99600000   9995.99696   0.00  -98.4   29.6  28.0 15.21  352.8  1494.3  352.88   60.54   36.29     0.0  352.84    0.00    0.00     0.0  352.84    0.00    0.00   10.8     20972.170      5.50   47.23900   39.64200  "Undefined"          0.0    -3.04  0.00000000
20.11.2019 05:49:32.170   9.99600000   9996.00292   0.00  -97.9   30.1  28.0 15.20  352.9  1495.1  352.94   60.55   36.31     0.0  352.90    0.00    0.00     0.0  352.90    0.00    0.00    9.3     20972.170      5.50   47.23900   39.64200  "Undefined"          0.0     2.92  0.00000000
20.11.2019 05:49:32.170   9.99600000   9995.99988   0.00  -97.4   30.6  28.0 15.26  352.9  1488.7  352.91   60.49   36.31     0.0  352.86    0.00    0.00     0.0  352.86    0.00    0.00    9.0     20972.170      5.50   47.23900   39.64200  "Undefined"          0.0    -0.12  0.00000000
20.11.2019 05:49:32.170   9.99600000   9995.99793   0.00  -97.2   30.8  28.0 15.10  352.9  1507.2  352.91   60.65   36.26     0.0  352.86    0.00    0.00     0.0  352.86    0.00    0.00   10.0     20972.170      5.50   47.23900   39.64200  "Undefined"          0.0    -2.07  0.00000000
20.11.2019 05:49:32.170   9.99600000   9996.00195   0.00  -97.2   30.8  28.0 14.89  352.9  1530.4  353.00   60.86   36.23     0.0  352.95    0.00    0.00     0.0  352.95    0.00    0.00   10.2     20972.170      5.50   47.23900   39.64200  "Undefined"          0.0     1.95  0.00000000
20.11.2019 05:49:32.170   9.99600000   9996.00085   0.00  -97.1   30.9  28.0 15.43  352.8  1471.0  352.80   60.33   36.32     0.0  352.76    0.00    0.00     0.0  352.76    0.00    0.00    8.5     20972.170      5.50   47.23900   39.64200  "Undefined"          0.0     0.85  0.00000000
20.11.2019 05:49:32.170   9.99600000   9995.99891   0.00  -96.9   31.1  28.0 15.28  352.8  1486.5  352.87   60.47   36.30     0.0  352.82    0.00    0.00     0.0  352.82    0.00    0.00    9.4     20972.170      5.50   47.23900   39.64200  "Undefined"          0.0    -1.09  0.00000000
20.11.2019 05:50:34.743   9.99600000   9996.01046   0.00  -95.7   20.3  28.0 22.23  355.4  1012.2  355.20   56.30   38.27  2324.2  355.19   68.01   35.06     0.0  355.41    0.00    0.00    3.0     21034.743      5.50   47.23900   39.64200  "Undefined"          0.0    10.46  0.00000000
20.11.2019 05:50:34.743   9.99600000   9996.00036   0.00  -95.4   20.6  28.0 22.71  355.2   991.6  354.95   56.12   38.24  2272.0  354.94   67.54   35.02  3922.1  356.08   82.12   22.90    5.6     21034.743      5.50   47.23900   39.64200  "Undefined"          0.0     0.36  0.00000000
20.11.2019 05:50:34.743   9.99600000   9995.99039   0.00  -95.3   20.7  28.0 22.81  355.5   986.9  355.25   56.08   38.33  2258.0  355.21   67.43   35.31  3896.6  356.24   81.94   24.08    2.4     21034.743      5.50   47.23900   39.64200  "Undefined"          0.0    -9.61  0.00000000
20.11.2019 05:52:01.709   9.99600000   9995.98979   0.00  -98.3   29.7  28.0 21.44  355.0  1048.8  354.78   56.62   38.09  2423.4  354.85   68.87   34.34     0.0  354.96    0.00    0.00    3.2     21121.709      5.50   47.23900   39.64200  "Undefined"          0.0   -10.21  0.00000000
20.11.2019 05:52:01.709   9.99600000   9996.00973   0.00  -98.0   30.0  28.0 21.85  355.5  1028.8  355.29   56.45   38.27  2366.9  355.29   68.40   35.00     0.0  355.49    0.00    0.00    3.1     21121.709      5.50   47.23900   39.64200  "Undefined"          0.0     9.73  0.00000000
20.11.2019 05:52:01.709   9.99600000   9995.99976   0.00  -97.1   30.9  28.0 21.35  355.4  1052.1  355.17   56.66   38.20  2429.1  355.21   68.95   34.68     0.0  355.36    0.00    0.00    3.3     21121.709      5.50   47.23900   39.64200  "Undefined"          0.0    -0.24  0.00000000
20.11.2019 05:54:44.066   9.99600000   9996.00012   0.00 -100.0   30.0  28.0 16.25  353.8  1386.6  353.75   59.61   36.98  3387.0  354.63   77.30   27.17     0.0  353.79    0.00    0.00   22.3     21284.066      5.50   47.23900   39.64200  "Undefined"          0.0     0.12  0.00000000
20.11.2019 05:55:59.905   9.99600000   9995.99988   0.00  -99.6   28.4  28.0 14.21  354.5  1582.3  354.51   61.38   36.83     0.0  354.51    0.00    0.00     0.0  354.51    0.00    0.00   25.3     21359.905      5.50   47.23900   39.64200  "Undefined"          0.0    -0.12  0.00000000
20.11.2019 05:56:49.884   9.99600000   9995.99015   0.00  -99.7   30.3  28.0 18.57  357.3  1159.4  357.10   57.65   38.66  2681.3  357.08   71.29   35.92     0.0  357.31    0.00    0.00   15.3     21409.884      5.50   47.23900   39.64200  "Undefined"          0.0    -9.85  0.00000000
20.11.2019 05:56:49.884   9.99600000   9996.00024   0.00  -99.5   30.5  28.0 19.35  356.0  1115.6  355.83   57.24   38.30  2576.8  355.90   70.30   34.85     0.0  356.00    0.00    0.00   14.5     21409.884      5.50   47.23900   39.64200  "Undefined"          0.0     0.24  0.00000000
20.11.2019 05:57:02.221   9.99600000   9995.99976   0.00  -98.7   31.3  28.0 20.44  355.1  1058.8  354.96   56.72   38.13  2432.4  355.04   68.97   34.50     0.0  355.12    0.00    0.00    7.9     21422.221      5.50   47.23900   39.64200  "Undefined"          0.0    -0.24  0.00000000
20.11.2019 05:57:02.221   9.99600000   9995.98979   0.00  -98.7   31.3  28.0 19.93  354.7  1086.5  354.57   56.96   37.95  2509.4  354.72   69.63   33.82     0.0  354.70    0.00    0.00    6.8     21422.221      5.50   47.23900   39.64200  "Undefined"          0.0   -10.21  0.00000000
20.11.2019 05:57:14.825   9.99600000   9996.01009   0.00  -99.8   28.2  28.0 18.99  353.4  1143.3  353.29   57.43   37.42  2676.0  353.66   71.01   31.68     0.0  353.36    0.00    0.00   27.5     21434.825      5.50   47.23900   39.64200  "Undefined"          0.0    10.09  0.00000000
20.11.2019 05:57:14.825   9.99600000   9995.99015   0.00  -99.7   28.3  28.0 22.61  353.8   961.4  353.68   55.82   37.95  2186.2  353.75   66.71   34.32  3797.0  354.97   80.85   21.63   23.1     21434.825      5.50   47.23900   39.64200  "Undefined"          0.0    -9.85  0.00000000
20.11.2019 05:57:14.825   9.99600000   9996.00012   0.00  -98.6   29.4  28.0 21.14  353.0  1027.7  352.93   56.40   37.59  2364.1  353.14   68.23   32.93     0.0  353.02    0.00    0.00   25.7     21434.825      5.50   47.23900   39.64200  "Undefined"          0.0     0.12  0.00000000
20.11.2019 05:58:42.007   9.99600000   9996.01982   0.00  -97.5   30.5  28.0 16.29  354.1  1340.2  354.10   59.21   37.24  3238.5  354.78   76.04   29.06     0.0  354.14    0.00    0.00   13.3     21522.007      5.50   47.23900   39.64200  "Undefined"          0.0    19.82  0.00000000
20.11.2019 05:58:42.007   9.99600000   9995.98991   0.00  -95.0   33.0  28.0 16.51  353.2  1323.4  353.17   59.03   36.91  3198.3  353.95   75.58   27.90     0.0  353.17    0.00    0.00   14.1     21522.007      5.50   47.23900   39.64200  "Undefined"          0.0   -10.09  0.00000000
20.11.2019 05:58:42.007   9.99600000   9995.99988   0.00  -94.3   33.7  28.0 15.96  353.5  1372.4  353.52   59.48   36.92     0.0  353.53    0.00    0.00     0.0  353.53    0.00    0.00   14.1     21522.007      5.50   47.23900   39.64200  "Undefined"          0.0    -0.12  0.00000000
20.11.2019 05:58:42.007   9.99600000   9996.00985   0.00  -94.1   33.9  28.0 16.18  353.8  1350.6  353.75   59.29   37.07  3278.8  354.52   76.35   28.15     0.0  353.78    0.00    0.00   13.2     21522.007      5.50   47.23900   39.64200  "Undefined"          0.0     9.85  0.00000000
20.11.2019 05:58:54.394   9.99600000   9995.99964   0.00  -99.6   28.4  28.0 26.60  354.1   820.0  353.94   54.57   38.30  1828.7  353.84   63.54   35.73  3130.1  354.27   75.03   29.14    3.7     21534.394      5.50   47.23900   39.64200  "Undefined"          0.0    -0.36  0.00000000
20.11.2019 05:58:54.394   9.99600000   9996.00000   0.00  -98.4   29.6  28.0 15.67  355.5  1393.8  355.42   59.72   37.67     0.0  355.52    0.00    0.00     0.0  355.52    0.00    0.00   23.0     21534.394      5.50   47.23900   39.64200  "Undefined"          0.0    -0.00  0.00000000
20.11.2019 05:59:32.013   9.99600000   9995.99015   0.00  -97.6   30.4  28.0 17.68  355.7  1223.4  355.53   58.20   38.02  2875.4  355.76   72.94   33.33     0.0  355.66    0.00    0.00   23.2     21572.013      5.50   47.23900   39.64200  "Undefined"         -0.0    -9.85  0.00000000
20.11.2019 05:59:32.013   9.99600000   9996.01021   0.00  -97.5   30.5  28.0 13.89  355.2     0.0  355.19    0.00    0.00     0.0  355.19    0.00    0.00     0.0  355.19    0.00    0.00   20.6     21572.013      5.50   47.23900   39.64200  "Undefined"         -0.0    10.21  0.00000000
20.11.2019 05:59:32.013   9.99600000   9996.00012   0.00  -96.7   31.3  28.0 18.72  355.2  1155.3  355.04   57.58   37.97  2693.1  355.23   71.29   33.54     0.0  355.16    0.00    0.00   24.1     21572.013      5.50   47.23900   39.64200  "Undefined"         -0.0     0.12  0.00000000
20.11.2019 05:59:44.569   9.99600000   9995.98006   0.00  -95.2   32.8  28.0 21.92  354.3   989.9  354.18   56.09   38.03  2257.0  354.25   67.36   34.46  3928.4  355.58   82.07   20.78    3.2     21584.569      5.50   47.23900   39.64200  "Undefined"          0.0   -19.94  0.00000000
20.11.2019 05:59:44.569   9.99600000   9995.99003   0.00  -92.4   35.6  28.0 22.02  354.4   985.8  354.23   56.05   38.05  2246.4  354.28   67.27   34.53  3907.9  355.57   81.90   21.25    3.7     21584.569      5.50   47.23900   39.64200  "Undefined"          0.0    -9.97  0.00000000
20.11.2019 05:59:44.569   9.99600000   9996.01009   0.00  -92.1   35.9  28.0 22.92  353.3   950.0  353.22   55.71   37.86  2161.1  353.30   66.46   34.07  3752.1  354.55   80.38   21.24    3.4     21584.569      5.50   47.23900   39.64200  "Undefined"          0.0    10.09  0.00000000
20.11.2019 05:59:44.569   9.99600000   9996.00012   0.00  -91.2   36.8  28.0 22.33  353.6   973.5  353.52   55.93   37.88  2219.4  353.61   66.99   34.06  3859.9  354.97   81.37   20.22    3.7     21584.569      5.50   47.23900   39.64200  "Undefined"          0.0     0.12  0.00000000
20.11.2019 05:59:57.082   9.99600000   9995.99939   0.00  -95.9   32.1  28.0 22.22  354.7   976.7  354.51   55.98   38.15  2220.8  354.54   67.06   34.86  3859.5  355.68   81.52   22.76    2.6     21597.082      5.50   47.23900   39.64200  "Undefined"          0.0    -0.61  0.00000000
20.11.2019 05:59:57.082   9.99600000   9996.00000   0.00  -80.4   47.6  28.0 19.40  353.4  1118.4  353.37   57.21   37.51  2606.6  353.68   70.40   32.14     0.0  353.45    0.00    0.00    9.3     21597.082      5.50   47.23900   39.64200  "Undefined"          0.0    -0.00  0.00000000
20.11.2019 05:00:23.292   9.99600000   9995.99684   0.00  -97.9   28.1  28.0 15.09  354.7  1642.1  354.68   61.92   36.77  3936.1  356.07   82.24   22.56     0.0  354.74    0.00    0.00    7.8     18023.292      5.50   47.23900   39.64200  "Undefined"          0.0    -3.16  0.00000000
20.11.2019 05:09:28.164   9.99600000   9995.99964   0.00  -99.9   28.1  28.0  9.28  354.2     0.0  354.18    0.00    0.00     0.0  354.18    0.00    0.00     0.0  354.18    0.00    0.00   20.6     18568.164      5.50   47.23900   39.64200  "Undefined"          0.0    -0.36  0.00000000
20.11.2019 05:09:40.496   9.99600000   9995.99964   0.00  -99.4   26.6  28.0 13.11  355.8  1879.1  355.78   64.07   36.83     0.0  355.84    0.00    0.00     0.0  355.84    0.00    0.00    7.9     18580.496      5.50   47.23900   39.64200  "Undefined"          0.0    -0.36  0.00000000
20.11.2019 05:17:46.336   9.99600000   9996.00499   0.00  -99.7   26.3  28.0 25.82  356.3   947.7  355.92   55.74   38.57  2174.1  355.74   66.70   36.03  3674.0  356.34   80.03   28.04    6.1     19066.336      5.50   47.23900   39.64200  "Undefined"          0.0     4.99  0.00000000
20.11.2019 05:17:46.336   9.99600000   9996.00401   0.00  -99.0   27.0  28.0 26.04  356.5   939.9  356.12   55.67   38.63  2153.8  355.91   66.53   36.24  3639.3  356.44   79.74   28.78    6.0     19066.336      5.50   47.23900   39.64200  "Undefined"          0.0     4.01  0.00000000
20.11.2019 05:17:46.336   9.99600000   9995.99599   0.00  -98.5   27.5  28.0 26.22  356.1   934.3  355.73   55.61   38.54  2142.3  355.54   66.41   35.97  3621.5  356.13   79.55   28.09    6.8     19066.336      5.50   47.23900   39.64200  "Undefined"          0.0    -4.01  0.00000000
20.11.2019 05:17:46.336   9.99600000   9996.00292   0.00  -97.5   28.5  28.0 25.88  356.3   945.4  356.00   55.72   38.59  2168.0  355.80   66.65   36.11  3663.5  356.38   79.95   28.30    5.5     19066.336      5.50   47.23900   39.64200  "Undefined"          0.0     2.92  0.00000000
20.11.2019 05:17:46.336   9.99600000   9995.99696   0.00  -97.2   28.8  28.0 26.06  356.3   939.5  355.97   55.66   38.59  2153.7  355.78   66.52   36.13  3639.2  356.33   79.73   28.46    6.6     19066.336      5.50   47.23900   39.64200  "Undefined"          0.0    -3.04  0.00000000
20.11.2019 05:17:46.336   9.99600000   9996.00000   0.00  -96.8   29.2  28.0 26.03  356.5   940.1  356.11   55.67   38.63  2154.6  355.90   66.54   36.23  3640.6  356.43   79.75   28.74    6.8     19066.336      5.50   47.23900   39.64200  "Undefined"          0.0    -0.00  0.00000000
20.11.2019 05:17:46.336   9.99600000   9995.99891   0.00  -96.4   29.6  28.0 25.87  356.2   946.0  355.83   55.72   38.55  2170.2  355.65   66.66   35.98  3667.2  356.27   79.96   27.91    6.3     19066.336      5.50   47.23900   39.64200  "Undefined"          0.0    -1.09  0.00000000
20.11.2019 05:17:46.336   9.99600000   9995.99793   0.00  -96.4   29.6  28.0 25.80  356.2   948.8  355.84   55.75   38.54  2177.7  355.66   66.73   35.96  3680.8  356.29   80.08   27.79    5.7     19066.336      5.50   47.23900   39.64200  "Undefined"          0.0    -2.07  0.00000000
20.11.2019 05:17:46.336   9.99600000   9996.00195   0.00  -96.2   29.8  28.0 25.97  356.3   942.2  355.99   55.69   38.59  2159.9  355.79   66.58   36.12  3649.9  356.36   79.82   28.39    5.8     19066.336      5.50   47.23900   39.64200  "Undefined"          0.0     1.95  0.00000000
20.11.2019 05:17:46.336   9.99600000   9996.00097   0.00  -95.8   30.2  28.0 26.03  356.4   940.4  356.01   55.67   38.60  2156.1  355.81   66.55   36.14  3643.4  356.36   79.77   28.49    6.0     19066.336      5.50   47.23900   39.64200  "Undefined"          0.0     0.97  0.00000000
20.11.2019 05:20:53.651   9.99600000   9995.99015   0.00 -100.0   26.0  28.0 18.35  353.7  1318.2  353.64   59.00   37.11  3153.9  354.31   75.25   28.99     0.0  353.74    0.00    0.00   15.3     19253.651      5.50   47.23900   39.64200  "Undefined"          0.0    -9.85  0.00000000
20.11.2019 05:20:53.651   9.99600000   9996.01021   0.00  -99.1   26.9  28.0 17.19  354.2  1402.0  354.13   59.76   37.10  3374.3  354.94   77.24   28.00     0.0  354.22    0.00    0.00   11.7     19253.651      5.50   47.23900   39.64200  "Undefined"          0.0    10.21  0.00000000
20.11.2019 05:20:53.651   9.99600000   9996.00024   0.00  -97.6   28.4  28.0 17.45  354.1  1382.3  353.96   59.58   37.08  3322.4  354.74   76.76   28.14     0.0  354.05    0.00    0.00    9.7     19253.651      5.50   47.23900   39.64200  "Undefined"          0.0     0.24  0.00000000
20.11.2019 05:21:06.104   9.99600000   9995.98018   0.00  -99.2   26.8  28.0 15.90  355.0  1509.3  354.89   60.74   37.19  3658.9  355.85   79.83   26.76     0.0  354.99    0.00    0.00    8.7     19266.104      5.50   47.23900   39.64200  "Undefined"          0.0   -19.82  0.00000000
20.11.2019 05:21:06.104   9.99600000   9995.99027   0.00  -97.3   28.7  28.0 15.21  355.6  1573.5  355.51   61.33   37.36  3839.5  356.52   81.50   26.20     0.0  355.63    0.00    0.00    9.6     19266.104      5.50   47.23900   39.64200  "Undefined"          0.0    -9.73  0.00000000
20.11.2019 05:21:06.104   9.99600000   9996.01021   0.00  -95.9   30.1  28.0 15.70  354.7  1531.5  354.64   60.93   37.02  3725.2  355.73   80.38   25.40     0.0  354.71    0.00    0.00    9.0     19266.104      5.50   47.23900   39.64200  "Undefined"          0.0    10.21  0.00000000
20.11.2019 05:21:06.104   9.99600000   9996.00024   0.00  -95.3   30.7  28.0 15.77  355.2  1520.6  355.12   60.85   37.28  3688.8  356.06   80.12   26.97     0.0  355.23    0.00    0.00    9.4     19266.104      5.50   47.23900   39.64200  "Undefined"          0.0     0.24  0.00000000
20.11.2019 05:21:55.993   9.99600000   9995.99976   0.00  -99.6   26.4  28.0 17.02  355.7  1408.9  355.52   59.86   37.69  3376.7  356.07   77.40   30.50     0.0  355.68    0.00    0.00   13.9     19315.993      5.50   47.23900   39.64200  "Undefined"          0.0    -0.24  0.00000000
20.11.2019 05:30:15.073   9.99600000   9996.00158   0.00  -97.0   31.0  28.0 14.99  352.5  1566.2  352.57   61.16   35.90     0.0  352.50    0.00    0.00     0.0  352.50    0.00    0.00    4.7     19815.073      5.50   47.23900   39.64200  "Undefined"          0.0     1.58  0.00000000
20.11.2019 05:33:20.697   9.99600000   9995.99951   0.00  -98.9   29.1  28.0 16.74  351.8  1398.1  351.89   59.65   36.16  3416.9  353.12   77.31   23.48     0.0  351.85    0.00    0.00   18.7     20000.697      5.50   47.23900   39.64200  "Undefined"          0.0    -0.49  0.00000000
20.11.2019 05:49:32.170   9.99600000   9996.00389   0.00  -99.0   29.0  28.0 15.48  352.7  1465.7  352.79   60.28   36.33     0.0  352.74    0.00    0.00     0.0  352.74    0.00    0.00    9.2     20972.170      5.50   47.23900   39.64200  "Undefined"          0.0     3.89  0.00000000
20.11.2019 05:49:32.170   9.99600000   9995.99587   0.00  -98.9   29.1  28.0 15.40  352.8  1473.7  352.86   60.35   36.34     0.0  352.81    0.00    0.00     0.0  352.81    0.00    0.00    8.3     20972.170      5.50   47.23900   39.64200  "Undefined"          0.0    -4.13  0.00000000
20.11.2019 05:49:32.170   9.99600000   9995.99696   0.00  -98.4   29.6  28.0 15.21  352.8  1494.3  352.88   60.54   36.29     0.0  352.84    0.00    0.00     0.0  352.84    0.00    0.00   10.8     20972.170      5.50   47.23900   39.64200  "Undefined"          0.0    -3.04  0.00000000
20.11.2019 05:49:32.170   9.99600000   9996.00292   0.00  -97.9   30.1  28.0 15.20  352.9  1495.1  352.94   60.55   36.31     0.0  352.90    0.00    0.00     0.0  352.90    0.00    0.00    9.3     20972.170      5.50   47.23900   39.64200  "Undefined"          0.0     2.92  0.00000000
20.11.2019 05:49:32.170   9.99600000   9995.99988   0.00  -97.4   30.6  28.0 15.26  352.9  1488.7  352.91   60.49   36.31     0.0  352.86    0.00    0.00     0.0  352.86    0.00    0.00    9.0     20972.170      5.50   47.23900   39.64200  "Undefined"          0.0    -0.12  0.00000000
20.11.2019 05:49:32.170   9.99600000   9995.99793   0.00  -97.2   30.8  28.0 15.10  352.9  1507.2  352.91   60.65   36.26     0.0  352.86    0.00    0.00     0.0  352.86    0.00    0.00   10.0     20972.170      5.50   47.23900   39.64200  "Undefined"          0.0    -2.07  0.00000000
20.11.2019 05:49:32.170   9.99600000   9996.00195   0.00  -97.2   30.8  28.0 14.89  352.9  1530.4  353.00   60.86   36.23     0.0  352.95    0.00    0.00     0.0  352.95    0.00    0.00   10.2     20972.170      5.50   47.23900   39.64200  "Undefined"          0.0     1.95  0.00000000
20.11.2019 05:49:32.170   9.99600000   9996.00085   0.00  -97.1   30.9  28.0 15.43  352.8  1471.0  352.80   60.33   36.32     0.0  352.76    0.00    0.00     0.0  352.76    0.00    0.00    8.5     20972.170      5.50   47.23900   39.64200  "Undefined"          0.0     0.85  0.00000000
20.11.2019 05:49:32.170   9.99600000   9995.99891   0.00  -96.9   31.1  28.0 15.28  352.8  1486.5  352.87   60.47   36.30     0.0  352.82    0.00    0.00     0.0  352.82    0.00    0.00    9.4     20972.170      5.50   47.23900   39.64200  "Undefined"          0.0    -1.09  0.00000000
20.11.2019 05:50:34.743   9.99600000   9996.01046   0.00  -95.7   20.3  28.0 22.23  355.4  1012.2  355.20   56.30   38.27  2324.2  355.19   68.01   35.06     0.0  355.41    0.00    0.00    3.0     21034.743      5.50   47.23900   39.64200  "Undefined"          0.0    10.46  0.00000000
20.11.2019 05:50:34.743   9.99600000   9996.00036   0.00  -95.4   20.6  28.0 22.71  355.2   991.6  354.95   56.12   38.24  2272.0  354.94   67.54   35.02  3922.1  356.08   82.12   22.90    5.6     21034.743      5.50   47.23900   39.64200  "Undefined"          0.0     0.36  0.00000000
20.11.2019 05:50:34.743   9.99600000   9995.99039   0.00  -95.3   20.7  28.0 22.81  355.5   986.9  355.25   56.08   38.33  2258.0  355.21   67.43   35.31  3896.6  356.24   81.94   24.08    2.4     21034.743      5.50   47.23900   39.64200  "Undefined"          0.0    -9.61  0.00000000
20.11.2019 05:52:01.709   9.99600000   9995.98979   0.00  -98.3   29.7  28.0 21.44  355.0  1048.8  354.78   56.62   38.09  2423.4  354.85   68.87   34.34     0.0  354.96    0.00    0.00    3.2     21121.709      5.50   47.23900   39.64200  "Undefined"          0.0   -10.21  0.00000000
20.11.2019 05:52:01.709   9.99600000   9996.00973   0.00  -98.0   30.0  28.0 21.85  355.5  1028.8  355.29   56.45   38.27  2366.9  355.29   68.40   35.00     0.0  355.49    0.00    0.00    3.1     21121.709      5.50   47.23900   39.64200  "Undefined"          0.0     9.73  0.00000000
20.11.2019 05:52:01.709   9.99600000   9995.99976   0.00  -97.1   30.9  28.0 21.35  355.4  1052.1  355.17   56.66   38.20  2429.1  355.21   68.95   34.68     0.0  355.36    0.00    0.00    3.3     21121.709      5.50   47.23900   39.64200  "Undefined"          0.0    -0.24  0.00000000
20.11.2019 05:54:44.066   9.99600000   9996.00012   0.00 -100.0   30.0  28.0 16.25  353.8  1386.6  353.75   59.61   36.98  3387.0  354.63   77.30   27.17     0.0  353.79    0.00    0.00   22.3     21284.066      5.50   47.23900   39.64200  "Undefined"          0.0     0.12  0.00000000
20.11.2019 05:55:59.905   9.99600000   9995.99988   0.00  -99.6   28.4  28.0 14.21  354.5  1582.3  354.51   61.38   36.83     0.0  354.51    0.00    0.00     0.0  354.51    0.00    0.00   25.3     21359.905      5.50   47.23900   39.64200  "Undefined"          0.0    -0.12  0.00000000
20.11.2019 05:56:49.884   9.99600000   9995.99015   0.00  -99.7   30.3  28.0 18.57  357.3  1159.4  357.10   57.65   38.66  2681.3  357.08   71.29   35.92     0.0  357.31    0.00    0.00   15.3     21409.884      5.50   47.23900   39.64200  "Undefined"          0.0    -9.85  0.00000000
20.11.2019 05:56:49.884   9.99600000   9996.00024   0.00  -99.5   30.5  28.0 19.35  356.0  1115.6  355.83   57.24   38.30  2576.8  355.90   70.30   34.85     0.0  356.00    0.00    0.00   14.5     21409.884      5.50   47.23900   39.64200  "Undefined"          0.0     0.24  0.00000000
20.11.2019 05:57:02.221   9.99600000   9995.99976   0.00  -98.7   31.3  28.0 20.44  355.1  1058.8  354.96   56.72   38.13  2432.4  355.04   68.97   34.50     0.0  355.12    0.00    0.00    7.9     21422.221      5.50   47.23900   39.64200  "Undefined"          0.0    -0.24  0.00000000
20.11.2019 05:57:02.221   9.99600000   9995.98979   0.00  -98.7   31.3  28.0 19.93  354.7  1086.5  354.57   56.96   37.95  2509.4  354.72   69.63   33.82     0.0  354.70    0.00    0.00    6.8     21422.221      5.50   47.23900   39.64200  "Undefined"          0.0   -10.21  0.00000000
20.11.2019 05:57:14.825   9.99600000   9996.01009   0.00  -99.8   28.2  28.0 18.99  353.4  1143.3  353.29   57.43   37.42  2676.0  353.66   71.01   31.68     0.0  353.36    0.00    0.00   27.5     21434.825      5.50   47.23900   39.64200  "Undefined"          0.0    10.09  0.00000000
20.11.2019 05:57:14.825   9.99600000   9995.99015   0.00  -99.7   28.3  28.0 22.61  353.8   961.4  353.68   55.82   37.95  2186.2  353.75   66.71   34.32  3797.0  354.97   80.85   21.63   23.1     21434.825      5.50   47.23900   39.64200  "Undefined"          0.0    -9.85  0.00000000
20.11.2019 05:57:14.825   9.99600000   9996.00012   0.00  -98.6   29.4  28.0 21.14  353.0  1027.7  352.93   56.40   37.59  2364.1  353.14   68.23   32.93     0.0  353.02    0.00    0.00   25.7     21434.825      5.50   47.23900   39.64200  "Undefined"          0.0     0.12  0.00000000
20.11.2019 05:58:42.007   9.99600000   9996.01982   0.00  -97.5   30.5  28.0 16.29  354.1  1340.2  354.10   59.21   37.24  3238.5  354.78   76.04   29.06     0.0  354.14    0.00    0.00   13.3     21522.007      5.50   47.23900   39.64200  "Undefined"          0.0    19.82  0.00000000
20.11.2019 05:58:42.007   9.99600000   9995.98991   0.00  -95.0   33.0  28.0 16.51  353.2  1323.4  353.17   59.03   36.91  3198.3  353.95   75.58   27.90     0.0  353.17    0.00    0.00   14.1     21522.007      5.50   47.23900   39.64200  "Undefined"          0.0   -10.09  0.00000000
20.11.2019 05:58:42.007   9.99600000   9995.99988   0.00  -94.3   33.7  28.0 15.96  353.5  1372.4  353.52   59.48   36.92     0.0  353.53    0.00    0.00     0.0  353.53    0.00    0.00   14.1     21522.007      5.50   47.23900   39.64200  "Undefined"          0.0    -0.12  0.00000000
20.11.2019 05:58:42.007   9.99600000   9996.00985   0.00  -94.1   33.9  28.0 16.18  353.8  1350.6  353.75   59.29   37.07  3278.8  354.52   76.35   28.15     0.0  353.78    0.00    0.00   13.2     21522.007      5.50   47.23900   39.64200  "Undefined"          0.0     9.85  0.00000000
20.11.2019 05:58:54.394   9.99600000   9995.99964   0.00  -99.6   28.4  28.0 26.60  354.1   820.0  353.94   54.57   38.30  1828.7  353.84   63.54   35.73  3130.1  354.27   75.03   29.14    3.7     21534.394      5.50   47.23900   39.64200  "Undefined"          0.0    -0.36  0.00000000
20.11.2019 05:58:54.394   9.99600000   9996.00000   0.00  -98.4   29.6  28.0 15.67  355.5  1393.8  355.42   59.72   37.67     0.0  355.52    0.00    0.00     0.0  355.52    0.00    0.00   23.0     21534.394      5.50   47.23900   39.64200  "Undefined"          0.0    -0.00  0.00000000
20.11.2019 05:59:32.013   9.99600000   9995.99015   0.00  -97.6   30.4  28.0 17.68  355.7  1223.4  355.53   58.20   38.02  2875.4  355.76   72.94   33.33     0.0  355.66    0.00    0.00   23.2     21572.013      5.50   47.23900   39.64200  "Undefined"         -0.0    -9.85  0.00000000
20.11.2019 05:59:32.013   9.99600000   9996.01021   0.00  -97.5   30.5  28.0 13.89  355.2     0.0  355.19    0.00    0.00     0.0  355.19    0.00    0.00     0.0  355.19    0.00    0.00   20.6     21572.013      5.50   47.23900   39.64200  "Undefined"         -0.0    10.21  0.00000000
20.11.2019 05:59:32.013   9.99600000   9996.00012   0.00  -96.7   31.3  28.0 18.72  355.2  1155.3  355.04   57.58   37.97  2693.1  355.23   71.29   33.54     0.0  355.16    0.00    0.00   24.1     21572.013      5.50   47.23900   39.64200  "Undefined"         -0.0     0.12  0.00000000
20.11.2019 05:59:44.569   9.99600000   9995.98006   0.00  -95.2   32.8  28.0 21.92  354.3   989.9  354.18   56.09   38.03  2257.0  354.25   67.36   34.46  3928.4  355.58   82.07   20.78    3.2     21584.569      5.50   47.23900   39.64200  "Undefined"          0.0   -19.94  0.00000000
20.11.2019 05:59:44.569   9.99600000   9995.99003   0.00  -92.4   35.6  28.0 22.02  354.4   985.8  354.23   56.05   38.05  2246.4  354.28   67.27   34.53  3907.9  355.57   81.90   21.25    3.7     21584.569      5.50   47.23900   39.64200  "Undefined"          0.0    -9.97  0.00000000
20.11.2019 05:59:44.569   9.99600000   9996.01009   0.00  -92.1   35.9  28.0 22.92  353.3   950.0  353.22   55.71   37.86  2161.1  353.30   66.46   34.07  3752.1  354.55   80.38   21.24    3.4     21584.569      5.50   47.23900   39.64200  "Undefined"          0.0    10.09  0.00000000
20.11.2019 05:59:44.569   9.99600000   9996.00012   0.00  -91.2   36.8  28.0 22.33  353.6   973.5  353.52   55.93   37.88  2219.4  353.61   66.99   34.06  3859.9  354.97   81.37   20.22    3.7     21584.569      5.50   47.23900   39.64200  "Undefined"          0.0     0.12  0.00000000
20.11.2019 05:59:57.082   9.99600000   9995.99939   0.00  -95.9   32.1  28.0 22.22  354.7   976.7  354.51   55.98   38.15  2220.8  354.54   67.06   34.86  3859.5  355.68   81.52   22.76    2.6     21597.082      5.50   47.23900   39.64200  "Undefined"          0.0    -0.61  0.00000000
20.11.2019 05:59:57.082   9.99600000   9996.00000   0.00  -80.4   47.6  28.0 19.40  353.4  1118.4  353.37   57.21   37.51  2606.6  353.68   70.40   32.14     0.0  353.45    0.00    0.00    9.3     21597.082      5.50   47.23900   39.64200  "Undefined"          0.0    -0.00  0.00000000
