23.11.2019 14:01:24.601   9.99600000   9996.00243   0.00  -99.2   22.8  28.0 13.55    1.0  1305.0    1.14   58.97   40.09  2527.6    1.23   69.96   41.03     0.0    0.99    0.00    0.00    3.3     50484.601      5.50   47.23900   39.64200  "Undefined"          0.0     2.43  0.00000000
23.11.2019 14:03:04.099   9.99600000   9996.00207   0.00  -99.5   22.5  28.0 16.66    1.7  1116.7    1.87   57.28   40.25  2212.9    1.98   67.12   41.37  3465.8    1.86   78.36   44.41   17.5     50584.099      5.50   47.23900   39.64200  "Undefined"          0.0     2.07  0.00000000
23.11.2019 14:31:17.536   9.99600000   9995.99976   0.00  -95.7   20.3  28.0 10.39  353.9  1531.5  354.31   60.92   36.86  3002.5  355.09   74.01   31.53     0.0  353.87    0.00    0.00   16.7     52277.536      5.50   47.23900   39.64200  "Undefined"          0.0    -0.24  0.00000000
23.11.2019 14:33:35.530   9.99600000   9995.99976   0.00  -93.4   22.6  28.0 13.08  352.1  1351.2  352.61   59.26   36.60  2589.9  353.34   70.22   31.85  3978.0  355.14   82.38   17.72   21.4     52415.530      5.50   47.23900   39.64200  "Undefined"          0.0    -0.24  0.00000000
23.11.2019 14:33:47.894   9.99600000   9995.99976   0.00  -88.3   27.7  28.0 10.25  354.4  1543.3  354.85   61.04   37.09  3040.1  355.59   74.39   32.11     0.0  354.44    0.00    0.00    3.1     52427.894      5.50   47.23900   39.64200  "Undefined"          0.0    -0.24  0.00000000
23.11.2019 14:34:00.502   9.99600000   9995.99976   0.00  -84.2   31.8  28.0  9.96  354.2  1563.6  354.62   61.22   36.93  3088.8  355.41   74.80   31.47     0.0  354.19    0.00    0.00    2.0     52440.502      5.50   47.23900   39.64200  "Undefined"          0.0    -0.24  0.00000000
23.11.2019 14:34:13.000   9.99600000   9995.99976   0.00  -81.6   34.4  28.0 10.29  354.0  1539.5  354.39   60.99   36.88  3023.3  355.17   74.20   31.52     0.0  353.96    0.00    0.00    2.1     52453.000      5.50   47.23900   39.64200  "Undefined"          0.0    -0.24  0.00000000
23.11.2019 14:34:25.329   9.99600000   9995.99976   0.00  -79.6   36.4  28.0  7.97  353.8  1732.6  354.26   62.71   36.28  3525.3  355.37   78.60   27.24     0.0  353.78    0.00    0.00    2.7     52465.329      5.50   47.23900   39.64200  "Undefined"          0.0    -0.24  0.00000000
23.11.2019 14:34:37.775   9.99600000   9995.99976   0.00  -79.8   36.2  28.0  8.88  353.9  1646.5  354.38   61.95   36.59  3302.7  355.32   76.66   29.54     0.0  353.92    0.00    0.00    2.7     52477.775      5.50   47.23900   39.64200  "Undefined"          0.0    -0.24  0.00000000
23.11.2019 14:34:50.469   9.99600000   9995.99976   0.00  -80.8   37.2  28.0 12.25  353.7  1413.5  354.12   59.86   37.07  2721.2  354.80   71.50   32.84     0.0  353.69    0.00    0.00    2.3     52490.469      5.50   47.23900   39.64200  "Undefined"          0.0    -0.24  0.00000000
23.11.2019 14:35:03.144   9.99600000   9995.99976   0.00  -84.9   31.1  28.0 12.36  354.4  1409.7  354.76   59.85   37.36  2719.0  355.39   71.53   33.61     0.0  354.35    0.00    0.00    1.7     52503.144      5.50   47.23900   39.64200  "Undefined"          0.0    -0.24  0.00000000
23.11.2019 14:35:15.706   9.99600000   9995.99976   0.00  -87.9   28.1  28.0  4.63  352.7  1565.4  352.91   61.17   36.07     0.0  352.70    0.00    0.00     0.0  352.70    0.00    0.00    5.6     52515.706      5.50   47.23900   39.64200  "Undefined"          0.0    -0.24  0.00000000
23.11.2019 14:35:28.098   9.99600000   9995.99976   0.00  -89.4   26.6  28.0 11.29  354.1  1470.2  354.53   60.38   37.11  2861.1  355.23   72.77   32.63     0.0  354.12    0.00    0.00    3.0     52528.098      5.50   47.23900   39.64200  "Undefined"          0.0    -0.24  0.00000000
23.11.2019 14:35:53.016   9.99600000   9995.99976   0.00  -88.8   27.2  28.0 13.02  353.4  1358.8  353.81   59.37   37.07  2615.2  354.48   70.54   33.02     0.0  353.38    0.00    0.00    3.4     52553.016      5.50   47.23900   39.64200  "Undefined"          0.0    -0.24  0.00000000
23.11.2019 14:36:05.660   9.99600000   9995.99976   0.00  -86.9   29.1  28.0  9.94  354.0  1564.5  354.44   61.22   36.84  3087.9  355.25   74.77   31.19     0.0  354.00    0.00    0.00    2.6     52565.660      5.50   47.23900   39.64200  "Undefined"          0.0    -0.24  0.00000000
23.11.2019 14:36:18.220   9.99600000   9995.99976   0.00  -84.7   33.3  28.0  9.74  354.1  1579.4  354.57   61.36   36.86  3129.7  355.38   75.15   31.12     0.0  354.13    0.00    0.00    2.2     52578.220      5.50   47.23900   39.64200  "Undefined"          0.0    -0.24  0.00000000
23.11.2019 14:36:30.555   9.99600000   9995.99976   0.00  -81.7   34.3  28.0  8.92  353.9  1642.5  354.33   61.91   36.57  3291.0  355.26   76.56   29.54     0.0  353.87    0.00    0.00    2.5     52590.555      5.50   47.23900   39.64200  "Undefined"          0.0    -0.24  0.00000000
23.11.2019 14:36:43.042   9.99600000   9995.99976   0.00  -79.6   38.4  28.0 10.56  353.9  1520.0  354.34   60.82   36.90  2975.9  355.10   73.78   31.73     0.0  353.91    0.00    0.00    1.8     52603.042      5.50   47.23900   39.64200  "Undefined"          0.0    -0.24  0.00000000
23.11.2019 14:36:55.372   9.99600000   9995.99988   0.00  -83.1   34.9  28.0  8.56  353.5  1672.3  353.98   62.16   36.30  3362.7  355.00   77.15   28.27     0.0  353.50    0.00    0.00    3.4     52615.372      5.50   47.23900   39.64200  "Undefined"          0.0    -0.12  0.00000000
23.11.2019 14:37:07.996   9.99600000   9995.99988   0.00  -81.8   36.2  28.0  9.08  353.8  1629.0  354.25   61.79   36.57  3255.7  355.17   76.24   29.68     0.0  353.79    0.00    0.00    2.9     52627.996      5.50   47.23900   39.64200  "Undefined"          0.0    -0.12  0.00000000
23.11.2019 14:37:20.309   9.99600000   9995.99988   0.00  -80.4   35.6  28.0  9.23  354.1  1618.1  354.57   61.70   36.77  3232.9  355.45   76.07   30.42     0.0  354.13    0.00    0.00    2.2     52640.309      5.50   47.23900   39.64200  "Undefined"          0.0    -0.12  0.00000000
23.11.2019 14:37:32.730   9.99600000   9995.99976   0.00  -81.2   34.8  28.0 10.50  353.7  1523.1  354.11   60.84   36.78  2979.0  354.89   73.78   31.38     0.0  353.66    0.00    0.00    1.7     52652.730      5.50   47.23900   39.64200  "Undefined"          0.0    -0.24  0.00000000
23.11.2019 14:37:45.243   9.99600000   9995.99976   0.00  -86.7   29.3  28.0 10.50  353.6  1522.8  354.01   60.83   36.74  2977.0  354.81   73.76   31.26     0.0  353.57    0.00    0.00    4.6     52665.243      5.50   47.23900   39.64200  "Undefined"          0.0    -0.24  0.00000000
23.11.2019 14:57:57.661   9.99600000   9995.99976   0.00  -95.8   20.2  28.0  9.39  353.7  1665.8  354.16   62.11   36.42  3320.4  355.16   76.80   29.05     0.0  353.69    0.00    0.00    3.4     53877.661      5.50   47.23900   39.64200  "Undefined"          0.0    -0.24  0.00000000
23.11.2019 14:58:10.177   9.99600000   9995.99976   0.00  -95.4   20.6  28.0 11.46  354.1  1525.1  354.57   60.87   37.00  3007.1  355.36   74.07   31.93     0.0  354.13    0.00    0.00   15.6     53890.177      5.50   47.23900   39.64200  "Undefined"          0.0    -0.24  0.00000000
23.11.2019 14:58:22.545   9.99600000   9995.98979   0.00  -95.5   20.5  28.0 10.95  354.5  1555.7  354.91   61.15   37.09  3088.5  355.69   74.82   31.95     0.0  354.49    0.00    0.00    2.4     53902.545      5.50   47.23900   39.64200  "Undefined"          0.0   -10.21  0.00000000
23.11.2019 14:58:22.545   9.99600000   9995.99976   0.00  -94.1   21.9  28.0 11.04  354.3  1549.6  354.75   61.10   37.03  3071.0  355.54   74.65   31.81     0.0  354.32    0.00    0.00    2.9     53902.545      5.50   47.23900   39.64200  "Undefined"          0.0    -0.24  0.00000000
23.11.2019 14:58:22.545   9.99600000   9996.00973   0.00  -94.1   21.9  28.0 11.18  354.1  1540.6  354.52   61.01   36.94  3045.6  355.33   74.41   31.62     0.0  354.08    0.00    0.00    2.5     53902.545      5.50   47.23900   39.64200  "Undefined"          0.0     9.73  0.00000000
23.11.2019 14:58:35.372   9.99600000   9995.98979   0.00  -95.0   21.0  28.0  9.86  354.5  1632.7  354.88   61.84   36.89  3263.0  355.76   76.36   30.79     0.0  354.45    0.00    0.00    2.6     53915.372      5.50   47.23900   39.64200  "Undefined"          0.0   -10.21  0.00000000
23.11.2019 14:58:35.372   9.99600000   9996.00973   0.00  -94.0   22.0  28.0  9.64  354.5  1651.0  354.94   62.01   36.88  3305.0  355.83   76.74   30.59     0.0  354.50    0.00    0.00    2.5     53915.372      5.50   47.23900   39.64200  "Undefined"          0.0     9.73  0.00000000
23.11.2019 14:58:35.372   9.99600000   9995.99976   0.00  -93.5   22.5  28.0  9.90  354.3  1629.3  354.72   61.81   36.82  3252.6  355.60   76.26   30.57     0.0  354.28    0.00    0.00    3.0     53915.372      5.50   47.23900   39.64200  "Undefined"          0.0    -0.24  0.00000000
23.11.2019 14:58:47.730   9.99600000   9996.00973   0.00  -94.8   21.2  28.0  2.86  354.5  1818.5  354.73   63.49   36.32     0.0  354.54    0.00    0.00     0.0  354.54    0.00    0.00    4.4     53927.730      5.50   47.23900   39.64200  "Undefined"          0.0     9.73  0.00000000
23.11.2019 14:58:47.730   9.99600000   9995.99976   0.00  -93.9   22.1  28.0  0.71  354.7     0.0  354.73    0.00    0.00     0.0  354.73    0.00    0.00     0.0  354.73    0.00    0.00    4.2     53927.730      5.50   47.23900   39.64200  "Undefined"          0.0    -0.24  0.00000000
23.11.2019 14:59:00.072   9.99600000   9996.00973   0.00  -96.0   20.0  28.0  7.67  355.1  1826.4  355.50   63.59   36.78  3742.9  356.61   80.67   27.98     0.0  355.06    0.00    0.00    5.4     53940.072      5.50   47.23900   39.64200  "Undefined"          0.0     9.73  0.00000000
23.11.2019 14:59:00.072   9.99600000   9995.99976   0.00  -95.1   20.9  28.0  7.27  355.0  1867.3  355.44   63.95   36.64  3847.8  356.65   81.59   26.54     0.0  354.99    0.00    0.00    5.0     53940.072      5.50   47.23900   39.64200  "Undefined"          0.0    -0.24  0.00000000
23.11.2019 14:59:12.461   9.99600000   9995.98979   0.00  -95.4   20.6  28.0  0.02  355.8     0.0  355.82    0.00    0.00     0.0  355.82    0.00    0.00     0.0  355.82    0.00    0.00    9.4     53952.461      5.50   47.23900   39.64200  "Undefined"          0.0   -10.21  0.00000000
23.11.2019 14:59:12.461   9.99600000   9995.99976   0.00  -95.2   20.8  28.0  0.03  355.4     0.0  355.45    0.00    0.00     0.0  355.45    0.00    0.00     0.0  355.45    0.00    0.00   10.5     53952.461      5.50   47.23900   39.64200  "Undefined"          0.0    -0.24  0.00000000
23.11.2019 14:59:25.015   9.99600000   9995.99988   0.00  -95.8   20.2  28.0  0.10  355.2     0.0  355.21    0.00    0.00     0.0  355.21    0.00    0.00     0.0  355.21    0.00    0.00    9.8     53965.015      5.50   47.23900   39.64200  "Undefined"          0.0    -0.12  0.00000000
23.11.2019 14:59:25.015   9.99600000   9996.00985   0.00  -95.2   20.8  28.0  2.52  355.6  1876.0  355.72   64.04   36.81     0.0  355.57    0.00    0.00     0.0  355.57    0.00    0.00    8.9     53965.015      5.50   47.23900   39.64200  "Undefined"          0.0     9.85  0.00000000
