19.11.2019 13:00:08.051   9.99600000   9995.99976   0.00  -52.2   77.8  28.0 15.69  353.2  1084.9  353.53   56.92   37.64  2041.0  353.98   65.43   35.09  3061.6  354.69   74.49   30.43   12.2     46808.051      5.50   47.23900   39.64200  "Undefined"          0.0    -0.24  0.00000000
19.11.2019 13:00:20.473   9.99600000   9995.99976   0.00  -55.9   74.1  28.0  7.35  355.7  1694.1  356.09   62.42   37.42  3371.7  356.75   77.42   32.08     0.0  355.74    0.00    0.00   15.0     46820.473      5.50   47.23900   39.64200  "Undefined"          0.0    -0.24  0.00000000
19.11.2019 13:00:33.032   9.99600000   9996.00049   0.00  -95.6   32.4  28.0 26.17  342.6   725.5  342.99   53.44   36.44  1402.6  343.53   59.17   32.70  2051.0  344.24   64.59   28.09   28.7     46833.032      5.50   47.23900   39.64200  "Undefined"          0.0     0.49  0.00000000
19.11.2019 13:00:33.032   9.99600000   9995.99976   0.00  -51.1   76.9  28.0 17.39  353.6  1012.2  353.96   56.28   37.92  1917.9  354.38   64.36   35.79  2870.2  354.98   72.83   32.23    6.4     46833.032      5.50   47.23900   39.64200  "Undefined"          0.0    -0.24  0.00000000
19.11.2019 13:00:45.786   9.99600000   9996.00024   0.00  -82.9   47.1  28.0 26.32  345.1   723.2  345.49   53.51   36.91  1402.2  346.01   59.35   33.70  2059.1  346.69   64.96   29.69    3.7     46845.786      5.50   47.23900   39.64200  "Undefined"          0.0     0.24  0.00000000
19.11.2019 13:00:45.786   9.99600000   9995.99976   0.00  -52.5   77.5  28.0 11.41  354.2  1312.1  354.53   58.97   37.47  2458.2  355.01   69.19   34.35  3779.3  356.08   80.90   25.65   13.8     46845.786      5.50   47.23900   39.64200  "Undefined"          0.0    -0.24  0.00000000
19.11.2019 13:00:58.207   9.99600000   9996.00049   0.00  -95.9   34.1  28.0 22.05  344.5   839.5  344.90   54.48   36.26  1610.7  345.48   61.08   32.19  2338.5  346.23   67.21   26.90   11.8     46858.207      5.50   47.23900   39.64200  "Undefined"          0.0     0.49  0.00000000
19.11.2019 13:00:58.207   9.99600000   9995.99927   0.00  -90.8   39.2  28.0 24.99  355.0   762.3  355.30   54.07   38.69  1494.9  355.69   60.63   37.60  2228.5  356.15   67.21   36.24   16.8     46858.207      5.50   47.23900   39.64200  "Undefined"          0.0    -0.73  0.00000000
19.11.2019 13:00:58.207   9.99600000   9995.99976   0.00  -50.7   79.3  28.0 17.89  353.0   991.4  353.41   56.08   37.81  1881.0  353.84   64.01   35.56  2808.5  354.46   72.24   31.88    5.4     46858.207      5.50   47.23900   39.64200  "Undefined"          0.0    -0.24  0.00000000
19.11.2019 13:01:10.852   9.99600000   9995.99976   0.00  -53.7   76.3  28.0 17.79  353.9   996.2  354.29   56.15   38.05  1892.3  354.70   64.15   36.09  2832.4  355.27   72.53   32.86    5.7     46870.852      5.50   47.23900   39.64200  "Undefined"          0.0    -0.24  0.00000000
19.11.2019 13:01:23.335   9.99600000   9996.00036   0.00  -87.6   42.4  28.0 28.12  342.4   680.7  342.80   53.05   36.63  1318.6  343.32   58.45   33.17  1935.1  344.00   63.61   28.95    5.7     46883.335      5.50   47.23900   39.64200  "Undefined"          0.0     0.36  0.00000000
19.11.2019 13:01:23.335   9.99600000   9995.99976   0.00  -55.5   74.5  28.0 12.58  354.2  1242.8  354.58   58.35   37.64  2325.6  355.03   68.02   34.90  3542.0  355.90   78.82   28.41   11.5     46883.335      5.50   47.23900   39.64200  "Undefined"          0.0    -0.24  0.00000000
19.11.2019 13:01:35.898   9.99600000   9995.99976   0.00  -52.7   77.3  28.0 16.46  353.4  1051.4  353.74   56.63   37.78  1984.0  354.18   64.94   35.43  2974.0  354.83   73.73   31.32    8.2     46895.898      5.50   47.23900   39.64200  "Undefined"          0.0    -0.24  0.00000000
19.11.2019 13:01:48.654   9.99600000   9995.99976   0.00  -56.7   73.3  28.0 17.80  353.5   995.6  353.85   56.13   37.93  1889.7  354.28   64.11   35.81  2825.2  354.87   72.43   32.34    5.9     46908.654      5.50   47.23900   39.64200  "Undefined"          0.0    -0.24  0.00000000
19.11.2019 13:02:01.437   9.99600000   9995.99976   0.00  -53.3   76.7  28.0 14.81  353.6  1127.2  353.94   57.31   37.67  2116.3  354.39   66.12   35.12  3185.5  355.12   75.62   30.19   10.3     46921.437      5.50   47.23900   39.64200  "Undefined"          0.0    -0.24  0.00000000
19.11.2019 13:02:13.832   9.99600000   9995.99976   0.00  -53.6   76.4  28.0 20.00  352.8   912.8  353.13   55.38   37.92  1750.3  353.57   62.84   35.83  2596.9  354.15   70.36   32.73    4.4     46933.832      5.50   47.23900   39.64200  "Undefined"          0.0    -0.24  0.00000000
19.11.2019 13:02:26.474   9.99600000   9996.00036   0.00  -89.6   40.4  28.0 26.58  342.0   715.5  342.41   53.33   36.39  1382.7  342.95   58.95   32.61  2022.4  343.65   64.27   27.96   24.4     46946.474      5.50   47.23900   39.64200  "Undefined"          0.0     0.36  0.00000000
19.11.2019 13:02:26.474   9.99600000   9995.99976   0.00  -62.3   67.7  28.0  8.31  356.4  1569.9  356.68   61.33   37.95  3058.4  357.15   74.66   34.66     0.0  356.37    0.00    0.00   15.3     46946.474      5.50   47.23900   39.64200  "Undefined"          0.0    -0.24  0.00000000
19.11.2019 13:02:38.756   9.99600000   9995.99976   0.00  -56.3   73.7  28.0 16.40  352.8  1053.5  353.19   56.63   37.61  1985.3  353.64   64.92   35.04  2970.9  354.33   73.65   30.56   10.0     46958.756      5.50   47.23900   39.64200  "Undefined"          0.0    -0.24  0.00000000
19.11.2019 13:02:51.131   9.99600000   9996.00012   0.00  -78.2   51.8  28.0 23.76  348.3   791.2  348.68   54.19   37.26  1539.6  349.19   60.75   34.37  2255.4  349.85   66.98   30.66    3.5     46971.131      5.50   47.23900   39.64200  "Undefined"          0.0     0.12  0.00000000
19.11.2019 13:02:51.131   9.99600000   9995.99976   0.00  -58.3   71.7  28.0 11.92  354.6  1281.7  354.91   58.71   37.68  2401.1  355.35   68.71   34.93  3682.3  356.29   80.10   27.77   13.1     46971.131      5.50   47.23900   39.64200  "Undefined"          0.0    -0.24  0.00000000
19.11.2019 13:03:03.487   9.99600000   9996.00024   0.00  -81.7   46.3  28.0 31.23  344.2   618.2  344.61   52.58   37.22  1206.2  345.12   57.63   34.46  1780.3  345.75   62.53   31.18    7.5     46983.487      5.50   47.23900   39.64200  "Undefined"          0.0     0.24  0.00000000
19.11.2019 13:03:03.487   9.99600000   9995.99976   0.00  -56.6   71.4  28.0 18.08  353.5   984.4  353.87   56.03   37.96  1871.1  354.29   63.94   35.88  2795.4  354.88   72.17   32.53    6.3     46983.487      5.50   47.23900   39.64200  "Undefined"          0.0    -0.24  0.00000000
19.11.2019 13:03:16.256   9.99600000   9996.00012   0.00  -78.7   51.3  28.0 26.23  346.6   726.2  347.00   53.58   37.17  1410.3  347.51   59.52   34.27  2075.6  348.17   65.27   30.62    2.6     46996.256      5.50   47.23900   39.64200  "Undefined"          0.0     0.12  0.00000000
19.11.2019 13:03:16.256   9.99600000   9995.99976   0.00  -62.7   67.3  28.0  0.08  355.1     0.0  355.14    0.00    0.00     0.0  355.14    0.00    0.00     0.0  355.14    0.00    0.00   20.5     46996.256      5.50   47.23900   39.64200  "Undefined"          0.0    -0.24  0.00000000
19.11.2019 13:03:28.717   9.99600000   9995.99976   0.00  -60.1   69.9  28.0 15.92  354.2  1076.3  354.53   56.87   37.96  2031.0  354.95   65.39   35.84  3057.4  355.57   74.54   31.96    9.3     47008.717      5.50   47.23900   39.64200  "Undefined"          0.0    -0.24  0.00000000
19.11.2019 13:03:41.046   9.99600000   9995.99976   0.00  -56.4   71.6  28.0 15.95  353.7  1074.5  354.04   56.84   37.82  2025.2  354.47   65.32   35.51  3042.3  355.13   74.36   31.32    9.0     47021.046      5.50   47.23900   39.64200  "Undefined"          0.0    -0.24  0.00000000
19.11.2019 13:03:53.680   9.99600000   9996.00024   0.00  -86.2   43.8  28.0 26.54  344.7   717.7  345.11   53.45   36.86  1391.1  345.63   59.23   33.61  2042.7  346.31   64.78   29.56   11.7     47033.680      5.50   47.23900   39.64200  "Undefined"          0.0     0.24  0.00000000
19.11.2019 13:03:53.680   9.99600000   9995.99976   0.00  -54.9   75.1  28.0 15.22  353.2  1106.9  353.56   57.12   37.59  2079.3  354.01   65.77   34.97  3122.4  354.74   75.02   30.03   12.3     47033.680      5.50   47.23900   39.64200  "Undefined"          0.0    -0.24  0.00000000
19.11.2019 13:04:06.200   9.99600000   9996.00049   0.00  -94.6   35.4  28.0 24.99  343.1   755.1  343.57   53.71   36.40  1460.6  344.12   59.70   32.56  2128.4  344.84   65.30   27.80    5.6     47046.200      5.50   47.23900   39.64200  "Undefined"          0.0     0.49  0.00000000
19.11.2019 13:04:06.200   9.99600000   9995.99976   0.00  -56.7   73.3  28.0  9.19  353.6  1476.2  354.02   60.42   36.86  2808.8  354.64   72.26   32.12     0.0  353.62    0.00    0.00   21.8     47046.200      5.50   47.23900   39.64200  "Undefined"          0.0    -0.24  0.00000000
19.11.2019 13:04:18.928   9.99600000   9995.99964   0.00  -58.4   71.6  28.0 11.79  355.3  1290.3  355.62   58.80   37.94  2422.3  356.04   68.93   35.55  3733.9  356.90   80.63   29.05   15.4     47058.928      5.50   47.23900   39.64200  "Undefined"          0.0    -0.36  0.00000000
19.11.2019 13:04:31.490   9.99600000   9996.00036   0.00  -88.5   41.5  28.0 26.32  343.1   722.1  343.57   53.43   36.56  1396.9  344.10   59.17   32.97  2045.2  344.80   64.61   28.51    4.3     47071.490      5.50   47.23900   39.64200  "Undefined"          0.0     0.36  0.00000000
19.11.2019 13:04:31.490   9.99600000   9996.00012   0.00  -84.4   45.6  28.0 27.16  347.8   704.8  348.18   53.43   37.47  1371.5  348.67   59.26   34.93  2026.7  349.30   64.96   31.75    1.7     47071.490      5.50   47.23900   39.64200  "Undefined"          0.0     0.12  0.00000000
19.11.2019 13:04:31.490   9.99600000   9995.99964   0.00  -59.2   70.8  28.0 14.47  353.7  1143.5  354.09   57.46   37.68  2145.3  354.53   66.39   35.13  3233.8  355.27   76.06   30.07   14.0     47071.490      5.50   47.23900   39.64200  "Undefined"          0.0    -0.36  0.00000000
19.11.2019 13:04:44.280   9.99600000   9996.00036   0.00  -94.4   33.6  28.0 29.21  343.6   658.2  344.01   52.90   36.94  1279.7  344.52   58.21   33.84  1883.6  345.17   63.33   30.08    1.7     47084.280      5.50   47.23900   39.64200  "Undefined"          0.0     0.36  0.00000000
19.11.2019 13:04:44.280   9.99600000   9995.99964   0.00  -55.9   72.1  28.0 13.25  353.5  1205.0  353.86   58.00   37.47  2253.0  354.33   67.33   34.55  3406.4  355.19   77.55   28.20   18.7     47084.280      5.50   47.23900   39.64200  "Undefined"          0.0    -0.36  0.00000000
19.11.2019 13:04:56.980   9.99600000   9995.99964   0.00  -56.8   73.2  28.0 11.63  353.0  1296.2  353.37   58.80   37.06  2420.0  353.90   68.78   33.39  3687.0  355.04   79.94   23.95   22.9     47096.980      5.50   47.23900   39.64200  "Undefined"          0.0    -0.36  0.00000000
19.11.2019 13:05:09.506   9.99600000   9996.00024   0.00  -88.5   41.5  28.0 22.94  343.4   811.8  343.85   54.21   36.18  1566.2  344.43   60.61   31.99  2268.3  345.18   66.48   26.73    4.1     47109.506      5.50   47.23900   39.64200  "Undefined"          0.0     0.24  0.00000000
19.11.2019 13:05:09.506   9.99600000   9995.99964   0.00  -59.6   70.4  28.0  9.27  355.2  1471.6  355.54   60.42   37.57  2809.1  356.04   72.37   34.06     0.0  355.19    0.00    0.00   18.0     47109.506      5.50   47.23900   39.64200  "Undefined"          0.0    -0.36  0.00000000
19.11.2019 13:05:21.836   9.99600000   9995.99964   0.00  -61.6   68.4  28.0 21.15  353.4   874.6  353.76   55.05   38.15  1692.6  354.19   62.35   36.36  2507.5  354.72   69.61   33.83    4.7     47121.836      5.50   47.23900   39.64200  "Undefined"          0.0    -0.36  0.00000000
19.11.2019 13:05:34.201   9.99600000   9995.99964   0.00  -53.4   62.6  28.0 13.72  353.2  1180.1  353.62   57.77   37.44  2207.6  354.09   66.92   34.53  3328.8  354.93   76.84   28.46   21.6     47134.201      5.50   47.23900   39.64200  "Undefined"          0.0    -0.36  0.00000000
19.11.2019 13:05:46.772   9.99600000   9996.00024   0.00  -90.8   39.2  28.0 17.98  343.7   979.2  344.24   55.65   35.41  1827.2  344.87   62.83   30.34  2663.0  345.77   69.74   22.89   15.7     47146.772      5.50   47.23900   39.64200  "Undefined"          0.0     0.24  0.00000000
19.11.2019 13:05:46.772   9.99600000   9995.99964   0.00  -59.8   70.2  28.0 12.48  354.3  1248.4  354.64   58.41   37.65  2336.7  355.09   68.12   34.92  3562.9  355.97   79.01   28.36   17.0     47146.772      5.50   47.23900   39.64200  "Undefined"          0.0    -0.36  0.00000000
19.11.2019 13:06:11.323   9.99600000   9995.99964   0.00  -50.5   77.5  28.0 14.64  353.3  1134.7  353.67   57.37   37.57  2128.2  354.13   66.21   34.87  3201.3  354.89   75.73   29.61   17.9     47171.323      5.50   47.23900   39.64200  "Undefined"          0.0    -0.36  0.00000000
19.11.2019 13:06:23.813   9.99600000   9996.00012   0.00  -83.9   46.1  28.0 24.64  347.8   767.0  348.24   53.97   37.26  1493.4  348.75   60.32   34.39  2191.6  349.41   66.39   30.74    8.1     47183.813      5.50   47.23900   39.64200  "Undefined"          0.0     0.12  0.00000000
19.11.2019 13:06:23.813   9.99600000   9995.99976   0.00  -55.9   74.1  28.0 11.69  354.0  1294.3  354.38   58.81   37.46  2422.2  354.86   68.86   34.35  3710.3  355.89   80.28   26.13   20.3     47183.813      5.50   47.23900   39.64200  "Undefined"          0.0    -0.24  0.00000000
19.11.2019 13:06:36.138   9.99600000   9995.99988   0.00  -70.0   60.0  28.0 11.02  353.9  1336.8  354.31   59.19   37.33  2506.6  354.81   69.61   33.93  3864.6  356.01   81.62   23.84   17.8     47196.138      5.50   47.23900   39.64200  "Undefined"          0.0    -0.12  0.00000000
19.11.2019 13:06:36.138   9.99600000   9995.99964   0.00  -63.9   66.1  28.0 28.06  352.1   686.8  352.52   53.36   38.30  1345.5  352.96   59.22   36.76  2002.3  353.49   65.06   34.87   11.9     47196.138      5.50   47.23900   39.64200  "Undefined"          0.0    -0.36  0.00000000
19.11.2019 13:06:48.579   9.99600000   9995.99964   0.00  -50.1   79.9  28.0 16.96  352.9  1029.4  353.24   56.42   37.68  1944.2  353.69   64.56   35.23  2906.9  354.35   73.10   31.06   25.4     47208.579      5.50   47.23900   39.64200  "Undefined"          0.0    -0.36  0.00000000
19.11.2019 13:07:01.017   9.99600000   9996.00012   0.00  -82.1   47.9  28.0 28.37  346.5   677.1  346.93   53.15   37.35  1318.5  347.43   58.73   34.70  1947.0  348.06   64.16   31.43    3.4     47221.017      5.50   47.23900   39.64200  "Undefined"          0.0     0.12  0.00000000
19.11.2019 13:07:13.316   9.99600000   9995.99964   0.00  -72.5   57.5  28.0 28.34  351.9   680.4  352.29   53.30   38.27  1333.0  352.73   59.10   36.71  1983.4  353.27   64.88   34.79   10.7     47233.316      5.50   47.23900   39.64200  "Undefined"          0.0    -0.36  0.00000000
19.11.2019 13:07:25.686   9.99600000   9996.00012   0.00  -86.9   43.1  28.0 29.94  347.1   644.6  347.49   52.88   37.56  1258.8  347.99   58.24   35.19  1862.7  348.60   63.49   32.31    3.9     47245.686      5.50   47.23900   39.64200  "Undefined"          0.0     0.12  0.00000000
19.11.2019 13:07:25.686   9.99600000   9995.99951   0.00  -75.9   54.1  28.0 18.61  353.1   963.5  353.46   55.84   37.89  1834.7  353.89   63.60   35.74  2734.3  354.48   71.59   32.36   29.0     47245.686      5.50   47.23900   39.64200  "Undefined"          0.0    -0.49  0.00000000
19.11.2019 13:07:37.946   9.99600000   9995.99976   0.00  -72.5   57.5  28.0 16.29  353.3  1058.9  353.66   56.69   37.73  1997.0  354.10   65.05   35.33  2993.8  354.76   73.90   31.07   13.6     47257.946      5.50   47.23900   39.64200  "Undefined"          0.0    -0.24  0.00000000
19.11.2019 13:07:50.298   9.99600000   9996.00036   0.00  -94.9   35.1  28.0 32.38  344.9   596.9  345.26   52.41   37.41  1166.8  345.76   57.33   34.88  1725.2  346.38   62.12   31.90    7.8     47270.298      5.50   47.23900   39.64200  "Undefined"          0.0     0.36  0.00000000
19.11.2019 13:07:50.298   9.99600000   9995.99976   0.00  -74.0   56.0  28.0 19.61  352.8   926.6  353.15   55.50   37.89  1773.0  353.59   63.04   35.76  2633.8  354.17   70.68   32.56    9.6     47270.298      5.50   47.23900   39.64200  "Undefined"          0.0    -0.24  0.00000000
19.11.2019 13:09:05.713   9.99600000   9996.00292   0.00 -100.0   30.0  28.0 20.71  349.9   886.3  350.34   55.08   37.31  1698.5  350.85   62.23   34.48  2500.5  351.51   69.26   30.47    8.5     47345.713      5.50   47.23900   39.64200  "Undefined"         -0.0     2.92  0.00000000
19.11.2019 13:09:05.713   9.99600000   9996.00255   0.00  -98.6   31.4  28.0 26.00  349.1   733.1  349.47   53.71   37.61  1427.6  349.95   59.81   35.22  2108.7  350.57   65.79   32.18   16.7     47345.713      5.50   47.23900   39.64200  "Undefined"         -0.0     2.55  0.00000000
19.11.2019 13:09:05.713   9.99600000   9995.99684   0.00  -98.1   31.9  28.0 25.63  349.6   742.7  349.97   53.80   37.68  1447.4  350.45   60.01   35.35  2137.7  351.06   66.08   32.39   13.8     47345.713      5.50   47.23900   39.64200  "Undefined"         -0.0    -3.16  0.00000000
19.11.2019 13:09:05.713   9.99600000   9996.00097   0.00  -97.4   32.6  28.0 28.15  347.8   682.6  348.24   53.23   37.56  1330.6  348.73   58.90   35.14  1968.3  349.35   64.47   32.15    8.2     47345.713      5.50   47.23900   39.64200  "Undefined"         -0.0     0.97  0.00000000
19.11.2019 13:09:05.713   9.99600000   9996.00049   0.00  -96.8   33.2  28.0 19.80  348.3   915.8  348.73   55.29   36.82  1740.3  349.27   62.49   33.40  2557.6  350.01   69.57   28.44   12.0     47345.713      5.50   47.23900   39.64200  "Undefined"         -0.0     0.49  0.00000000
19.11.2019 13:09:05.713   9.99600000   9995.99903   0.00  -91.9   38.1  28.0 25.93  347.6   734.1  348.02   53.68   37.33  1427.2  348.52   59.73   34.61  2102.4  349.17   65.60   31.16    3.1     47345.713      5.50   47.23900   39.64200  "Undefined"         -0.0    -0.97  0.00000000
19.11.2019 13:09:05.713   9.99600000   9995.99988   0.00  -89.0   41.0  28.0 26.18  349.4   729.0  349.77   53.68   37.68  1420.3  350.24   59.77   35.37  2100.3  350.85   65.74   32.45    6.8     47345.713      5.50   47.23900   39.64200  "Undefined"         -0.0    -0.12  0.00000000
19.11.2019 13:09:18.470   9.99600000   9996.00061   0.00 -100.0   30.0  28.0 17.73  351.5   996.3  351.93   56.09   37.40  1883.4  352.41   63.95   34.61  2801.3  353.11   72.04   30.10   14.1     47358.470      5.50   47.23900   39.64200  "Undefined"          0.0     0.61  0.00000000
19.11.2019 13:09:18.470   9.99600000   9995.99270   0.00  -99.4   30.6  28.0 21.51  350.1   860.4  350.53   54.85   37.44  1659.8  351.03   61.91   34.75  2439.9  351.68   68.76   31.05    9.0     47358.470      5.50   47.23900   39.64200  "Undefined"          0.0    -7.30  0.00000000
19.11.2019 13:09:18.470   9.99600000   9996.00705   0.00  -99.0   31.0  28.0 22.79  350.5   821.0  350.88   54.51   37.63  1599.0  351.36   61.39   35.17  2349.3  351.98   68.00   31.93    7.6     47358.470      5.50   47.23900   39.64200  "Undefined"          0.0     7.05  0.00000000
19.11.2019 13:09:18.470   9.99600000   9995.99878   0.00  -98.9   31.1  28.0 21.68  352.7   856.8  353.05   54.88   38.03  1662.9  353.49   62.06   36.06  2456.7  354.05   69.11   33.36   13.2     47358.470      5.50   47.23900   39.64200  "Undefined"          0.0    -1.22  0.00000000
19.11.2019 13:09:18.470   9.99600000   9996.00097   0.00  -97.1   32.9  28.0 23.96  349.6   786.6  349.94   54.19   37.54  1534.9  350.44   60.78   34.99  2255.3  351.07   67.10   31.69    6.0     47358.470      5.50   47.23900   39.64200  "Undefined"          0.0     0.97  0.00000000
19.11.2019 13:09:18.470   9.99600000   9995.99903   0.00  -94.6   35.4  28.0 23.53  347.6   797.5  348.03   54.23   37.10  1549.7  348.55   60.79   34.02  2266.1  349.23   67.00   30.05    4.3     47358.470      5.50   47.23900   39.64200  "Undefined"          0.0    -0.97  0.00000000
19.11.2019 13:09:18.470   9.99600000   9995.99988   0.00  -88.4   41.6  28.0 22.12  350.5   841.4  350.94   54.70   37.59  1632.6  351.43   61.69   35.07  2399.4  352.05   68.44   31.69    8.0     47358.470      5.50   47.23900   39.64200  "Undefined"          0.0    -0.12  0.00000000
19.11.2019 13:09:31.345   9.99600000   9995.99672   0.00  -99.8   28.2  28.0 25.24  350.5   753.1  350.92   53.91   37.83  1469.7  351.39   60.26   35.68  2172.0  351.98   66.45   32.93    8.6     47371.345      5.50   47.23900   39.64200  "Undefined"          0.0    -3.28  0.00000000
19.11.2019 13:09:31.345   9.99600000   9996.00036   0.00  -98.7   29.3  28.0 26.08  345.4   729.0  345.80   53.57   36.94  1413.9  346.32   59.48   33.76  2076.2  347.00   65.14   29.78    1.9     47371.345      5.50   47.23900   39.64200  "Undefined"          0.0     0.36  0.00000000
19.11.2019 13:09:31.345   9.99600000   9996.00681   0.00  -98.4   29.6  28.0 22.15  351.6   841.2  352.00   54.72   37.82  1635.6  352.47   61.77   35.61  2409.1  353.06   68.62   32.61    8.5     47371.345      5.50   47.23900   39.64200  "Undefined"          0.0     6.81  0.00000000
19.11.2019 13:09:31.345   9.99600000   9995.99258   0.00  -98.3   29.7  28.0 23.32  351.4   805.8  351.82   54.40   37.87  1574.7  352.29   61.22   35.73  2319.4  352.87   67.82   32.92    8.7     47371.345      5.50   47.23900   39.64200  "Undefined"          0.0    -7.42  0.00000000
19.11.2019 13:09:31.345   9.99600000   9995.99854   0.00  -97.7   30.3  28.0 19.13  352.0   943.2  352.42   55.63   37.67  1797.7  352.88   63.22   35.25  2669.2  353.51   70.93   31.55   13.5     47371.345      5.50   47.23900   39.64200  "Undefined"          0.0    -1.46  0.00000000
19.11.2019 13:09:31.345   9.99600000   9996.00085   0.00  -95.1   32.9  28.0 24.57  350.2   770.4  350.60   54.06   37.72  1504.7  351.08   60.55   35.41  2217.5  351.69   66.83   32.44    7.0     47371.345      5.50   47.23900   39.64200  "Undefined"          0.0     0.85  0.00000000
19.11.2019 13:09:31.345   9.99600000   9995.99891   0.00  -94.6   33.4  28.0 23.61  348.7   795.8  349.08   54.25   37.33  1549.2  349.59   60.86   34.52  2270.4  350.24   67.15   30.88    1.7     47371.345      5.50   47.23900   39.64200  "Undefined"          0.0    -1.09  0.00000000
19.11.2019 13:09:31.345   9.99600000   9995.99939   0.00  -92.1   35.9  28.0 23.73  349.7   793.0  350.14   54.25   37.56  1547.0  350.63   60.90   35.03  2272.6  351.26   67.27   31.75    5.5     47371.345      5.50   47.23900   39.64200  "Undefined"          0.0    -0.61  0.00000000
19.11.2019 13:09:31.345   9.99600000   9995.99976   0.00  -87.6   40.4  28.0 23.04  351.1   813.9  351.50   54.47   37.78  1588.7  351.97   61.33   35.52  2338.1  352.57   67.96   32.54    8.6     47371.345      5.50   47.23900   39.64200  "Undefined"          0.0    -0.24  0.00000000
19.11.2019 13:09:44.079   9.99600000   9996.00000   0.00  -96.0   34.0  28.0 29.27  349.3   659.4  349.71   53.06   37.88  1289.7  350.18   58.62   35.86  1913.2  350.76   64.10   33.40   12.5     47384.079      5.50   47.23900   39.64200  "Undefined"          0.0    -0.00  0.00000000
19.11.2019 13:09:44.079   9.99600000   9995.99964   0.00  -92.7   37.3  28.0 32.40  350.9   598.9  351.32   52.56   38.31  1177.3  351.78   57.69   36.82  1754.0  352.33   62.81   35.09    8.3     47384.079      5.50   47.23900   39.64200  "Undefined"          0.0    -0.36  0.00000000
19.11.2019 13:09:56.832   9.99600000   9995.99891   0.00  -98.8   31.2  28.0 20.07  350.6   908.5  351.04   55.29   37.42  1736.1  351.53   62.61   34.70  2563.2  352.19   69.88   30.74    9.2     47396.832      5.50   47.23900   39.64200  "Undefined"          0.0    -1.09  0.00000000
19.11.2019 13:09:56.832   9.99600000   9996.00036   0.00  -98.1   31.9  28.0 24.20  346.9   778.3  347.34   54.04   37.03  1512.6  347.87   60.43   33.89  2212.9  348.55   66.47   29.89   14.3     47396.832      5.50   47.23900   39.64200  "Undefined"          0.0     0.36  0.00000000
19.11.2019 13:09:56.832   9.99600000   9996.00000   0.00  -98.0   32.0  28.0 16.39  351.7  1052.6  352.14   56.60   37.30  1979.7  352.63   64.81   34.35  2952.7  353.37   73.39   29.25   26.6     47396.832      5.50   47.23900   39.64200  "Undefined"          0.0    -0.00  0.00000000
19.11.2019 13:09:56.832   9.99600000   9995.99939   0.00  -96.0   34.0  28.0 19.58  351.4   926.3  351.80   55.47   37.55  1767.7  352.27   62.93   35.00  2617.8  352.92   70.43   31.19   10.2     47396.832      5.50   47.23900   39.64200  "Undefined"          0.0    -0.61  0.00000000
19.11.2019 13:37:24.438   9.99600000   9995.99976   0.00  -99.2   28.8  28.0 11.23  347.8  1321.0  348.27   58.80   35.01  2432.0  349.05   68.39   28.56  3613.4  350.64   78.28   14.16    9.9     49044.438      5.50   47.23900   39.64200  "Undefined"          0.0    -0.24  0.00000000
19.11.2019 13:00:08.051   9.99600000   9995.99976   0.00  -52.2   77.8  28.0 15.69  353.2  1084.9  353.53   56.92   37.64  2041.0  353.98   65.43   35.09  3061.6  354.69   74.49   30.43   12.2     46808.051      5.50   47.23900   39.64200  "Undefined"          0.0    -0.24  0.00000000
19.11.2019 13:00:20.473   9.99600000   9995.99976   0.00  -55.9   74.1  28.0  7.35  355.7  1694.1  356.09   62.42   37.42  3371.7  356.75   77.42   32.08     0.0  355.74    0.00    0.00   15.0     46820.473      5.50   47.23900   39.64200  "Undefined"          0.0    -0.24  0.00000000
19.11.2019 13:00:33.032   9.99600000   9996.00049   0.00  -95.6   32.4  28.0 26.17  342.6   725.5  342.99   53.44   36.44  1402.6  343.53   59.17   32.70  2051.0  344.24   64.59   28.09   28.7     46833.032      5.50   47.23900   39.64200  "Undefined"          0.0     0.49  0.00000000
19.11.2019 13:00:33.032   9.99600000   9995.99976   0.00  -51.1   76.9  28.0 17.39  353.6  1012.2  353.96   56.28   37.92  1917.9  354.38   64.36   35.79  2870.2  354.98   72.83   32.23    6.4     46833.032      5.50   47.23900   39.64200  "Undefined"          0.0    -0.24  0.00000000
19.11.2019 13:00:45.786   9.99600000   9996.00024   0.00  -82.9   47.1  28.0 26.32  345.1   723.2  345.49   53.51   36.91  1402.2  346.01   59.35   33.70  2059.1  346.69   64.96   29.69    3.7     46845.786      5.50   47.23900   39.64200  "Undefined"          0.0     0.24  0.00000000
19.11.2019 13:00:45.786   9.99600000   9995.99976   0.00  -52.5   77.5  28.0 11.41  354.2  1312.1  354.53   58.97   37.47  2458.2  355.01   69.19   34.35  3779.3  356.08   80.90   25.65   13.8     46845.786      5.50   47.23900   39.64200  "Undefined"          0.0    -0.24  0.00000000
19.11.2019 13:00:58.207   9.99600000   9996.00049   0.00  -95.9   34.1  28.0 22.05  344.5   839.5  344.90   54.48   36.26  1610.7  345.48   61.08   32.19  2338.5  346.23   67.21   26.90   11.8     46858.207      5.50   47.23900   39.64200  "Undefined"          0.0     0.49  0.00000000
19.11.2019 13:00:58.207   9.99600000   9995.99927   0.00  -90.8   39.2  28.0 24.99  355.0   762.3  355.30   54.07   38.69  1494.9  355.69   60.63   37.60  2228.5  356.15   67.21   36.24   16.8     46858.207      5.50   47.23900   39.64200  "Undefined"          0.0    -0.73  0.00000000
19.11.2019 13:00:58.207   9.99600000   9995.99976   0.00  -50.7   79.3  28.0 17.89  353.0   991.4  353.41   56.08   37.81  1881.0  353.84   64.01   35.56  2808.5  354.46   72.24   31.88    5.4     46858.207      5.50   47.23900   39.64200  "Undefined"          0.0    -0.24  0.00000000
19.11.2019 13:01:10.852   9.99600000   9995.99976   0.00  -53.7   76.3  28.0 17.79  353.9   996.2  354.29   56.15   38.05  1892.3  354.70   64.15   36.09  2832.4  355.27   72.53   32.86    5.7     46870.852      5.50   47.23900   39.64200  "Undefined"          0.0    -0.24  0.00000000
19.11.2019 13:01:23.335   9.99600000   9996.00036   0.00  -87.6   42.4  28.0 28.12  342.4   680.7  342.80   53.05   36.63  1318.6  343.32   58.45   33.17  1935.1  344.00   63.61   28.95    5.7     46883.335      5.50   47.23900   39.64200  "Undefined"          0.0     0.36  0.00000000
19.11.2019 13:01:23.335   9.99600000   9995.99976   0.00  -55.5   74.5  28.0 12.58  354.2  1242.8  354.58   58.35   37.64  2325.6  355.03   68.02   34.90  3542.0  355.90   78.82   28.41   11.5     46883.335      5.50   47.23900   39.64200  "Undefined"          0.0    -0.24  0.00000000
19.11.2019 13:01:35.898   9.99600000   9995.99976   0.00  -52.7   77.3  28.0 16.46  353.4  1051.4  353.74   56.63   37.78  1984.0  354.18   64.94   35.43  2974.0  354.83   73.73   31.32    8.2     46895.898      5.50   47.23900   39.64200  "Undefined"          0.0    -0.24  0.00000000
19.11.2019 13:01:48.654   9.99600000   9995.99976   0.00  -56.7   73.3  28.0 17.80  353.5   995.6  353.85   56.13   37.93  1889.7  354.28   64.11   35.81  2825.2  354.87   72.43   32.34    5.9     46908.654      5.50   47.23900   39.64200  "Undefined"          0.0    -0.24  0.00000000
19.11.2019 13:02:01.437   9.99600000   9995.99976   0.00  -53.3   76.7  28.0 14.81  353.6  1127.2  353.94   57.31   37.67  2116.3  354.39   66.12   35.12  3185.5  355.12   75.62   30.19   10.3     46921.437      5.50   47.23900   39.64200  "Undefined"          0.0    -0.24  0.00000000
19.11.2019 13:02:13.832   9.99600000   9995.99976   0.00  -53.6   76.4  28.0 20.00  352.8   912.8  353.13   55.38   37.92  1750.3  353.57   62.84   35.83  2596.9  354.15   70.36   32.73    4.4     46933.832      5.50   47.23900   39.64200  "Undefined"          0.0    -0.24  0.00000000
19.11.2019 13:02:26.474   9.99600000   9996.00036   0.00  -89.6   40.4  28.0 26.58  342.0   715.5  342.41   53.33   36.39  1382.7  342.95   58.95   32.61  2022.4  343.65   64.27   27.96   24.4     46946.474      5.50   47.23900   39.64200  "Undefined"          0.0     0.36  0.00000000
19.11.2019 13:02:26.474   9.99600000   9995.99976   0.00  -62.3   67.7  28.0  8.31  356.4  1569.9  356.68   61.33   37.95  3058.4  357.15   74.66   34.66     0.0  356.37    0.00    0.00   15.3     46946.474      5.50   47.23900   39.64200  "Undefined"          0.0    -0.24  0.00000000
19.11.2019 13:02:38.756   9.99600000   9995.99976   0.00  -56.3   73.7  28.0 16.40  352.8  1053.5  353.19   56.63   37.61  1985.3  353.64   64.92   35.04  2970.9  354.33   73.65   30.56   10.0     46958.756      5.50   47.23900   39.64200  "Undefined"          0.0    -0.24  0.00000000
19.11.2019 13:02:51.131   9.99600000   9996.00012   0.00  -78.2   51.8  28.0 23.76  348.3   791.2  348.68   54.19   37.26  1539.6  349.19   60.75   34.37  2255.4  349.85   66.98   30.66    3.5     46971.131      5.50   47.23900   39.64200  "Undefined"          0.0     0.12  0.00000000
19.11.2019 13:02:51.131   9.99600000   9995.99976   0.00  -58.3   71.7  28.0 11.92  354.6  1281.7  354.91   58.71   37.68  2401.1  355.35   68.71   34.93  3682.3  356.29   80.10   27.77   13.1     46971.131      5.50   47.23900   39.64200  "Undefined"          0.0    -0.24  0.00000000
19.11.2019 13:03:03.487   9.99600000   9996.00024   0.00  -81.7   46.3  28.0 31.23  344.2   618.2  344.61   52.58   37.22  1206.2  345.12   57.63   34.46  1780.3  345.75   62.53   31.18    7.5     46983.487      5.50   47.23900   39.64200  "Undefined"          0.0     0.24  0.00000000
19.11.2019 13:03:03.487   9.99600000   9995.99976   0.00  -56.6   71.4  28.0 18.08  353.5   984.4  353.87   56.03   37.96  1871.1  354.29   63.94   35.88  2795.4  354.88   72.17   32.53    6.3     46983.487      5.50   47.23900   39.64200  "Undefined"          0.0    -0.24  0.00000000
19.11.2019 13:03:16.256   9.99600000   9996.00012   0.00  -78.7   51.3  28.0 26.23  346.6   726.2  347.00   53.58   37.17  1410.3  347.51   59.52   34.27  2075.6  348.17   65.27   30.62    2.6     46996.256      5.50   47.23900   39.64200  "Undefined"          0.0     0.12  0.00000000
19.11.2019 13:03:16.256   9.99600000   9995.99976   0.00  -62.7   67.3  28.0  0.08  355.1     0.0  355.14    0.00    0.00     0.0  355.14    0.00    0.00     0.0  355.14    0.00    0.00   20.5     46996.256      5.50   47.23900   39.64200  "Undefined"          0.0    -0.24  0.00000000
19.11.2019 13:03:28.717   9.99600000   9995.99976   0.00  -60.1   69.9  28.0 15.92  354.2  1076.3  354.53   56.87   37.96  2031.0  354.95   65.39   35.84  3057.4  355.57   74.54   31.96    9.3     47008.717      5.50   47.23900   39.64200  "Undefined"          0.0    -0.24  0.00000000
19.11.2019 13:03:41.046   9.99600000   9995.99976   0.00  -56.4   71.6  28.0 15.95  353.7  1074.5  354.04   56.84   37.82  2025.2  354.47   65.32   35.51  3042.3  355.13   74.36   31.32    9.0     47021.046      5.50   47.23900   39.64200  "Undefined"          0.0    -0.24  0.00000000
19.11.2019 13:03:53.680   9.99600000   9996.00024   0.00  -86.2   43.8  28.0 26.54  344.7   717.7  345.11   53.45   36.86  1391.1  345.63   59.23   33.61  2042.7  346.31   64.78   29.56   11.7     47033.680      5.50   47.23900   39.64200  "Undefined"          0.0     0.24  0.00000000
19.11.2019 13:03:53.680   9.99600000   9995.99976   0.00  -54.9   75.1  28.0 15.22  353.2  1106.9  353.56   57.12   37.59  2079.3  354.01   65.77   34.97  3122.4  354.74   75.02   30.03   12.3     47033.680      5.50   47.23900   39.64200  "Undefined"          0.0    -0.24  0.00000000
19.11.2019 13:04:06.200   9.99600000   9996.00049   0.00  -94.6   35.4  28.0 24.99  343.1   755.1  343.57   53.71   36.40  1460.6  344.12   59.70   32.56  2128.4  344.84   65.30   27.80    5.6     47046.200      5.50   47.23900   39.64200  "Undefined"          0.0     0.49  0.00000000
19.11.2019 13:04:06.200   9.99600000   9995.99976   0.00  -56.7   73.3  28.0  9.19  353.6  1476.2  354.02   60.42   36.86  2808.8  354.64   72.26   32.12     0.0  353.62    0.00    0.00   21.8     47046.200      5.50   47.23900   39.64200  "Undefined"          0.0    -0.24  0.00000000
19.11.2019 13:04:18.928   9.99600000   9995.99964   0.00  -58.4   71.6  28.0 11.79  355.3  1290.3  355.62   58.80   37.94  2422.3  356.04   68.93   35.55  3733.9  356.90   80.63   29.05   15.4     47058.928      5.50   47.23900   39.64200  "Undefined"          0.0    -0.36  0.00000000
19.11.2019 13:04:31.490   9.99600000   9996.00036   0.00  -88.5   41.5  28.0 26.32  343.1   722.1  343.57   53.43   36.56  1396.9  344.10   59.17   32.97  2045.2  344.80   64.61   28.51    4.3     47071.490      5.50   47.23900   39.64200  "Undefined"          0.0     0.36  0.00000000
19.11.2019 13:04:31.490   9.99600000   9996.00012   0.00  -84.4   45.6  28.0 27.16  347.8   704.8  348.18   53.43   37.47  1371.5  348.67   59.26   34.93  2026.7  349.30   64.96   31.75    1.7     47071.490      5.50   47.23900   39.64200  "Undefined"          0.0     0.12  0.00000000
19.11.2019 13:04:31.490   9.99600000   9995.99964   0.00  -59.2   70.8  28.0 14.47  353.7  1143.5  354.09   57.46   37.68  2145.3  354.53   66.39   35.13  3233.8  355.27   76.06   30.07   14.0     47071.490      5.50   47.23900   39.64200  "Undefined"          0.0    -0.36  0.00000000
19.11.2019 13:04:44.280   9.99600000   9996.00036   0.00  -94.4   33.6  28.0 29.21  343.6   658.2  344.01   52.90   36.94  1279.7  344.52   58.21   33.84  1883.6  345.17   63.33   30.08    1.7     47084.280      5.50   47.23900   39.64200  "Undefined"          0.0     0.36  0.00000000
19.11.2019 13:04:44.280   9.99600000   9995.99964   0.00  -55.9   72.1  28.0 13.25  353.5  1205.0  353.86   58.00   37.47  2253.0  354.33   67.33   34.55  3406.4  355.19   77.55   28.20   18.7     47084.280      5.50   47.23900   39.64200  "Undefined"          0.0    -0.36  0.00000000
19.11.2019 13:04:56.980   9.99600000   9995.99964   0.00  -56.8   73.2  28.0 11.63  353.0  1296.2  353.37   58.80   37.06  2420.0  353.90   68.78   33.39  3687.0  355.04   79.94   23.95   22.9     47096.980      5.50   47.23900   39.64200  "Undefined"          0.0    -0.36  0.00000000
19.11.2019 13:05:09.506   9.99600000   9996.00024   0.00  -88.5   41.5  28.0 22.94  343.4   811.8  343.85   54.21   36.18  1566.2  344.43   60.61   31.99  2268.3  345.18   66.48   26.73    4.1     47109.506      5.50   47.23900   39.64200  "Undefined"          0.0     0.24  0.00000000
19.11.2019 13:05:09.506   9.99600000   9995.99964   0.00  -59.6   70.4  28.0  9.27  355.2  1471.6  355.54   60.42   37.57  2809.1  356.04   72.37   34.06     0.0  355.19    0.00    0.00   18.0     47109.506      5.50   47.23900   39.64200  "Undefined"          0.0    -0.36  0.00000000
19.11.2019 13:05:21.836   9.99600000   9995.99964   0.00  -61.6   68.4  28.0 21.15  353.4   874.6  353.76   55.05   38.15  1692.6  354.19   62.35   36.36  2507.5  354.72   69.61   33.83    4.7     47121.836      5.50   47.23900   39.64200  "Undefined"          0.0    -0.36  0.00000000
19.11.2019 13:05:34.201   9.99600000   9995.99964   0.00  -53.4   62.6  28.0 13.72  353.2  1180.1  353.62   57.77   37.44  2207.6  354.09   66.92   34.53  3328.8  354.93   76.84   28.46   21.6     47134.201      5.50   47.23900   39.64200  "Undefined"          0.0    -0.36  0.00000000
19.11.2019 13:05:46.772   9.99600000   9996.00024   0.00  -90.8   39.2  28.0 17.98  343.7   979.2  344.24   55.65   35.41  1827.2  344.87   62.83   30.34  2663.0  345.77   69.74   22.89   15.7     47146.772      5.50   47.23900   39.64200  "Undefined"          0.0     0.24  0.00000000
19.11.2019 13:05:46.772   9.99600000   9995.99964   0.00  -59.8   70.2  28.0 12.48  354.3  1248.4  354.64   58.41   37.65  2336.7  355.09   68.12   34.92  3562.9  355.97   79.01   28.36   17.0     47146.772      5.50   47.23900   39.64200  "Undefined"          0.0    -0.36  0.00000000
19.11.2019 13:06:11.323   9.99600000   9995.99964   0.00  -50.5   77.5  28.0 14.64  353.3  1134.7  353.67   57.37   37.57  2128.2  354.13   66.21   34.87  3201.3  354.89   75.73   29.61   17.9     47171.323      5.50   47.23900   39.64200  "Undefined"          0.0    -0.36  0.00000000
19.11.2019 13:06:23.813   9.99600000   9996.00012   0.00  -83.9   46.1  28.0 24.64  347.8   767.0  348.24   53.97   37.26  1493.4  348.75   60.32   34.39  2191.6  349.41   66.39   30.74    8.1     47183.813      5.50   47.23900   39.64200  "Undefined"          0.0     0.12  0.00000000
19.11.2019 13:06:23.813   9.99600000   9995.99976   0.00  -55.9   74.1  28.0 11.69  354.0  1294.3  354.38   58.81   37.46  2422.2  354.86   68.86   34.35  3710.3  355.89   80.28   26.13   20.3     47183.813      5.50   47.23900   39.64200  "Undefined"          0.0    -0.24  0.00000000
19.11.2019 13:06:36.138   9.99600000   9995.99988   0.00  -70.0   60.0  28.0 11.02  353.9  1336.8  354.31   59.19   37.33  2506.6  354.81   69.61   33.93  3864.6  356.01   81.62   23.84   17.8     47196.138      5.50   47.23900   39.64200  "Undefined"          0.0    -0.12  0.00000000
19.11.2019 13:06:36.138   9.99600000   9995.99964   0.00  -63.9   66.1  28.0 28.06  352.1   686.8  352.52   53.36   38.30  1345.5  352.96   59.22   36.76  2002.3  353.49   65.06   34.87   11.9     47196.138      5.50   47.23900   39.64200  "Undefined"          0.0    -0.36  0.00000000
19.11.2019 13:06:48.579   9.99600000   9995.99964   0.00  -50.1   79.9  28.0 16.96  352.9  1029.4  353.24   56.42   37.68  1944.2  353.69   64.56   35.23  2906.9  354.35   73.10   31.06   25.4     47208.579      5.50   47.23900   39.64200  "Undefined"          0.0    -0.36  0.00000000
19.11.2019 13:07:01.017   9.99600000   9996.00012   0.00  -82.1   47.9  28.0 28.37  346.5   677.1  346.93   53.15   37.35  1318.5  347.43   58.73   34.70  1947.0  348.06   64.16   31.43    3.4     47221.017      5.50   47.23900   39.64200  "Undefined"          0.0     0.12  0.00000000
19.11.2019 13:07:13.316   9.99600000   9995.99964   0.00  -72.5   57.5  28.0 28.34  351.9   680.4  352.29   53.30   38.27  1333.0  352.73   59.10   36.71  1983.4  353.27   64.88   34.79   10.7     47233.316      5.50   47.23900   39.64200  "Undefined"          0.0    -0.36  0.00000000
19.11.2019 13:07:25.686   9.99600000   9996.00012   0.00  -86.9   43.1  28.0 29.94  347.1   644.6  347.49   52.88   37.56  1258.8  347.99   58.24   35.19  1862.7  348.60   63.49   32.31    3.9     47245.686      5.50   47.23900   39.64200  "Undefined"          0.0     0.12  0.00000000
19.11.2019 13:07:25.686   9.99600000   9995.99951   0.00  -75.9   54.1  28.0 18.61  353.1   963.5  353.46   55.84   37.89  1834.7  353.89   63.60   35.74  2734.3  354.48   71.59   32.36   29.0     47245.686      5.50   47.23900   39.64200  "Undefined"          0.0    -0.49  0.00000000
19.11.2019 13:07:37.946   9.99600000   9995.99976   0.00  -72.5   57.5  28.0 16.29  353.3  1058.9  353.66   56.69   37.73  1997.0  354.10   65.05   35.33  2993.8  354.76   73.90   31.07   13.6     47257.946      5.50   47.23900   39.64200  "Undefined"          0.0    -0.24  0.00000000
19.11.2019 13:07:50.298   9.99600000   9996.00036   0.00  -94.9   35.1  28.0 32.38  344.9   596.9  345.26   52.41   37.41  1166.8  345.76   57.33   34.88  1725.2  346.38   62.12   31.90    7.8     47270.298      5.50   47.23900   39.64200  "Undefined"          0.0     0.36  0.00000000
19.11.2019 13:07:50.298   9.99600000   9995.99976   0.00  -74.0   56.0  28.0 19.61  352.8   926.6  353.15   55.50   37.89  1773.0  353.59   63.04   35.76  2633.8  354.17   70.68   32.56    9.6     47270.298      5.50   47.23900   39.64200  "Undefined"          0.0    -0.24  0.00000000
19.11.2019 13:09:05.713   9.99600000   9996.00292   0.00 -100.0   30.0  28.0 20.71  349.9   886.3  350.34   55.08   37.31  1698.5  350.85   62.23   34.48  2500.5  351.51   69.26   30.47    8.5     47345.713      5.50   47.23900   39.64200  "Undefined"         -0.0     2.92  0.00000000
19.11.2019 13:09:05.713   9.99600000   9996.00255   0.00  -98.6   31.4  28.0 26.00  349.1   733.1  349.47   53.71   37.61  1427.6  349.95   59.81   35.22  2108.7  350.57   65.79   32.18   16.7     47345.713      5.50   47.23900   39.64200  "Undefined"         -0.0     2.55  0.00000000
19.11.2019 13:09:05.713   9.99600000   9995.99684   0.00  -98.1   31.9  28.0 25.63  349.6   742.7  349.97   53.80   37.68  1447.4  350.45   60.01   35.35  2137.7  351.06   66.08   32.39   13.8     47345.713      5.50   47.23900   39.64200  "Undefined"         -0.0    -3.16  0.00000000
19.11.2019 13:09:05.713   9.99600000   9996.00097   0.00  -97.4   32.6  28.0 28.15  347.8   682.6  348.24   53.23   37.56  1330.6  348.73   58.90   35.14  1968.3  349.35   64.47   32.15    8.2     47345.713      5.50   47.23900   39.64200  "Undefined"         -0.0     0.97  0.00000000
19.11.2019 13:09:05.713   9.99600000   9996.00049   0.00  -96.8   33.2  28.0 19.80  348.3   915.8  348.73   55.29   36.82  1740.3  349.27   62.49   33.40  2557.6  350.01   69.57   28.44   12.0     47345.713      5.50   47.23900   39.64200  "Undefined"         -0.0     0.49  0.00000000
19.11.2019 13:09:05.713   9.99600000   9995.99903   0.00  -91.9   38.1  28.0 25.93  347.6   734.1  348.02   53.68   37.33  1427.2  348.52   59.73   34.61  2102.4  349.17   65.60   31.16    3.1     47345.713      5.50   47.23900   39.64200  "Undefined"         -0.0    -0.97  0.00000000
19.11.2019 13:09:05.713   9.99600000   9995.99988   0.00  -89.0   41.0  28.0 26.18  349.4   729.0  349.77   53.68   37.68  1420.3  350.24   59.77   35.37  2100.3  350.85   65.74   32.45    6.8     47345.713      5.50   47.23900   39.64200  "Undefined"         -0.0    -0.12  0.00000000
19.11.2019 13:09:18.470   9.99600000   9996.00061   0.00 -100.0   30.0  28.0 17.73  351.5   996.3  351.93   56.09   37.40  1883.4  352.41   63.95   34.61  2801.3  353.11   72.04   30.10   14.1     47358.470      5.50   47.23900   39.64200  "Undefined"          0.0     0.61  0.00000000
19.11.2019 13:09:18.470   9.99600000   9995.99270   0.00  -99.4   30.6  28.0 21.51  350.1   860.4  350.53   54.85   37.44  1659.8  351.03   61.91   34.75  2439.9  351.68   68.76   31.05    9.0     47358.470      5.50   47.23900   39.64200  "Undefined"          0.0    -7.30  0.00000000
19.11.2019 13:09:18.470   9.99600000   9996.00705   0.00  -99.0   31.0  28.0 22.79  350.5   821.0  350.88   54.51   37.63  1599.0  351.36   61.39   35.17  2349.3  351.98   68.00   31.93    7.6     47358.470      5.50   47.23900   39.64200  "Undefined"          0.0     7.05  0.00000000
19.11.2019 13:09:18.470   9.99600000   9995.99878   0.00  -98.9   31.1  28.0 21.68  352.7   856.8  353.05   54.88   38.03  1662.9  353.49   62.06   36.06  2456.7  354.05   69.11   33.36   13.2     47358.470      5.50   47.23900   39.64200  "Undefined"          0.0    -1.22  0.00000000
19.11.2019 13:09:18.470   9.99600000   9996.00097   0.00  -97.1   32.9  28.0 23.96  349.6   786.6  349.94   54.19   37.54  1534.9  350.44   60.78   34.99  2255.3  351.07   67.10   31.69    6.0     47358.470      5.50   47.23900   39.64200  "Undefined"          0.0     0.97  0.00000000
19.11.2019 13:09:18.470   9.99600000   9995.99903   0.00  -94.6   35.4  28.0 23.53  347.6   797.5  348.03   54.23   37.10  1549.7  348.55   60.79   34.02  2266.1  349.23   67.00   30.05    4.3     47358.470      5.50   47.23900   39.64200  "Undefined"          0.0    -0.97  0.00000000
19.11.2019 13:09:18.470   9.99600000   9995.99988   0.00  -88.4   41.6  28.0 22.12  350.5   841.4  350.94   54.70   37.59  1632.6  351.43   61.69   35.07  2399.4  352.05   68.44   31.69    8.0     47358.470      5.50   47.23900   39.64200  "Undefined"          0.0    -0.12  0.00000000
19.11.2019 13:09:31.345   9.99600000   9995.99672   0.00  -99.8   28.2  28.0 25.24  350.5   753.1  350.92   53.91   37.83  1469.7  351.39   60.26   35.68  2172.0  351.98   66.45   32.93    8.6     47371.345      5.50   47.23900   39.64200  "Undefined"          0.0    -3.28  0.00000000
19.11.2019 13:09:31.345   9.99600000   9996.00036   0.00  -98.7   29.3  28.0 26.08  345.4   729.0  345.80   53.57   36.94  1413.9  346.32   59.48   33.76  2076.2  347.00   65.14   29.78    1.9     47371.345      5.50   47.23900   39.64200  "Undefined"          0.0     0.36  0.00000000
19.11.2019 13:09:31.345   9.99600000   9996.00681   0.00  -98.4   29.6  28.0 22.15  351.6   841.2  352.00   54.72   37.82  1635.6  352.47   61.77   35.61  2409.1  353.06   68.62   32.61    8.5     47371.345      5.50   47.23900   39.64200  "Undefined"          0.0     6.81  0.00000000
19.11.2019 13:09:31.345   9.99600000   9995.99258   0.00  -98.3   29.7  28.0 23.32  351.4   805.8  351.82   54.40   37.87  1574.7  352.29   61.22   35.73  2319.4  352.87   67.82   32.92    8.7     47371.345      5.50   47.23900   39.64200  "Undefined"          0.0    -7.42  0.00000000
19.11.2019 13:09:31.345   9.99600000   9995.99854   0.00  -97.7   30.3  28.0 19.13  352.0   943.2  352.42   55.63   37.67  1797.7  352.88   63.22   35.25  2669.2  353.51   70.93   31.55   13.5     47371.345      5.50   47.23900   39.64200  "Undefined"          0.0    -1.46  0.00000000
19.11.2019 13:09:31.345   9.99600000   9996.00085   0.00  -95.1   32.9  28.0 24.57  350.2   770.4  350.60   54.06   37.72  1504.7  351.08   60.55   35.41  2217.5  351.69   66.83   32.44    7.0     47371.345      5.50   47.23900   39.64200  "Undefined"          0.0     0.85  0.00000000
19.11.2019 13:09:31.345   9.99600000   9995.99891   0.00  -94.6   33.4  28.0 23.61  348.7   795.8  349.08   54.25   37.33  1549.2  349.59   60.86   34.52  2270.4  350.24   67.15   30.88    1.7     47371.345      5.50   47.23900   39.64200  "Undefined"          0.0    -1.09  0.00000000
19.11.2019 13:09:31.345   9.99600000   9995.99939   0.00  -92.1   35.9  28.0 23.73  349.7   793.0  350.14   54.25   37.56  1547.0  350.63   60.90   35.03  2272.6  351.26   67.27   31.75    5.5     47371.345      5.50   47.23900   39.64200  "Undefined"          0.0    -0.61  0.00000000
19.11.2019 13:09:31.345   9.99600000   9995.99976   0.00  -87.6   40.4  28.0 23.04  351.1   813.9  351.50   54.47   37.78  1588.7  351.97   61.33   35.52  2338.1  352.57   67.96   32.54    8.6     47371.345      5.50   47.23900   39.64200  "Undefined"          0.0    -0.24  0.00000000
19.11.2019 13:09:44.079   9.99600000   9996.00000   0.00  -96.0   34.0  28.0 29.27  349.3   659.4  349.71   53.06   37.88  1289.7  350.18   58.62   35.86  1913.2  350.76   64.10   33.40   12.5     47384.079      5.50   47.23900   39.64200  "Undefined"          0.0    -0.00  0.00000000
19.11.2019 13:09:44.079   9.99600000   9995.99964   0.00  -92.7   37.3  28.0 32.40  350.9   598.9  351.32   52.56   38.31  1177.3  351.78   57.69   36.82  1754.0  352.33   62.81   35.09    8.3     47384.079      5.50   47.23900   39.64200  "Undefined"          0.0    -0.36  0.00000000
19.11.2019 13:09:56.832   9.99600000   9995.99891   0.00  -98.8   31.2  28.0 20.07  350.6   908.5  351.04   55.29   37.42  1736.1  351.53   62.61   34.70  2563.2  352.19   69.88   30.74    9.2     47396.832      5.50   47.23900   39.64200  "Undefined"          0.0    -1.09  0.00000000
19.11.2019 13:09:56.832   9.99600000   9996.00036   0.00  -98.1   31.9  28.0 24.20  346.9   778.3  347.34   54.04   37.03  1512.6  347.87   60.43   33.89  2212.9  348.55   66.47   29.89   14.3     47396.832      5.50   47.23900   39.64200  "Undefined"          0.0     0.36  0.00000000
19.11.2019 13:09:56.832   9.99600000   9996.00000   0.00  -98.0   32.0  28.0 16.39  351.7  1052.6  352.14   56.60   37.30  1979.7  352.63   64.81   34.35  2952.7  353.37   73.39   29.25   26.6     47396.832      5.50   47.23900   39.64200  "Undefined"          0.0    -0.00  0.00000000
19.11.2019 13:09:56.832   9.99600000   9995.99939   0.00  -96.0   34.0  28.0 19.58  351.4   926.3  351.80   55.47   37.55  1767.7  352.27   62.93   35.00  2617.8  352.92   70.43   31.19   10.2     47396.832      5.50   47.23900   39.64200  "Undefined"          0.0    -0.61  0.00000000
19.11.2019 13:37:24.438   9.99600000   9995.99976   0.00  -99.2   28.8  28.0 11.23  347.8  1321.0  348.27   58.80   35.01  2432.0  349.05   68.39   28.56  3613.4  350.64   78.28   14.16    9.9     49044.438      5.50   47.23900   39.64200  "Undefined"          0.0    -0.24  0.00000000
