
delt0=     0.1  eps=   1e-06  ep=   1e-07  ep1=  0.0001
it1=50000  it2=51500  t3=1500
h=5 m=0 s=0 h2=5 m2=15 s2=0
t1=18000.000000  t2=18900.000000  t3=900.000000
Geomagnetic Field - const
fh= 1.50  i=  75.0  d=   0.0
Number TID: 1
Tid Parametres
  delt   lamb     t     b      a     fi
0.000   200.0  20.0 -45.0   45.0   0.0001 keyZat=0

delta=-0.000  r0= 200.0  lon=  39.000 lat=  55.000
Beta=  20.0  Alfa=   0.0 aX=  20.0 aY= 100.0 aZ=  20.0
################### yearMax=2011 monthMax=12 yearMin=1958################### yearMax=2011
f0f2=10.7576  hmF2=259.897 f0f1=0  hmF1=0 f0e=2.82396  hme=110 fbEs=2.7572 hmEs=114.056 i=7 j=7 keyEs=0 x=0 y=0################### yearMax=2011 monthMax=12 yearMin=1958################### yearMax=2011
f0f2=10.971  hmF2=260.412 f0f1=0  hmF1=0 f0e=2.86982  hme=110 fbEs=2.75912 hmEs=114.385 i=7 j=7 keyEs=0 x=0 y=0
inion

1111111111111111111111111111111

lon0= 151.090 lat0=  59.510  lon1= 151.090 lat1=  59.510
+==============================================================================+
|   Medium characteristics Sunspot number= 100.8 IG= 124.8   GMT time:05:00    |
|------------------------------------------------------------------------------|
|   S   | fh |  I  |   D  | fd |  hd | fe |  he | ff1 | hf1 | ff2 | hf2 |   Hi |
|-------+----+-----+------+----+-----+----+-----+-----+-----+-----+-----+------|
|    0.0|1.56| 72.1| -12.5|0.18| 81.1|2.58|110.0| 0.00|  0.0|10.44|268.5|  75.7|
+==============================================================================+

+==================================+
|       Es-layer parametres        |
|----------------------------------|
|   S   | hEs | fbEs | f0Es | P Es |
|-------+-----+------+------+------|
|    0.0|113.9| 2.39 | 2.56 | 39.4 |
+==================================+

MaxSion=200

MaxHion=300

drawIon dhIon=1.232288 fpl=8.692632

prion

kolf=1


Number diff. equation: 6


Number diff. equation: 6

+---+-----+-------+---+-----+-----+--------+--------+---------+------+------+------+------+-------+------+------+--------+--------+------+------+-------+-------+----------------+
|0-x| fr  |  time |hop| d0  | d1  |   fi   |  teta  |   dist  |  at  |  dev |  a1  |  a2  |   p   |  df  |  l   |   fot  |   tot  |  rot | lsp  |   pf  |    s  |                |
+---+-----+-------+---+-----+-----+--------+--------+---------+------+------+------+------+-------+------+------+--------+--------+------+------+-------+-------+----------------+
|  0|10.00|    0.0|  1| 0.00| 0.00|   0.000|   0.000|    0.000|   0.0|   0.0| -50.0|   0.0|    0.0| 0.000|   0.0|   0.000|   0.000|  0.00|   0.0|    0.0|    0.0|E               |
|  0|10.00|    0.0|  1| 0.00| 0.00|   0.000|   0.000|    0.000|   0.0|   0.0| -48.0|   0.0|    0.0| 0.000|   0.0|   0.000|   0.000|  0.00|   0.0|    0.0|    0.0|E               |
|  0|10.00|    0.0|  1| 0.00| 0.00|   0.000|   0.000|    0.000|   0.0|   0.0| -46.0|   0.0|    0.0| 0.000|   0.0|   0.000|   0.000|  0.00|   0.0|    0.0|    0.0|E               |
|  0|10.00|    0.0|  1| 0.00| 0.00|   0.000|   0.000|    0.000|   0.0|   0.0| -44.0|   0.0|    0.0| 0.000|   0.0|   0.000|   0.000|  0.00|   0.0|    0.0|    0.0|E               |
|  0|10.00|    0.0|  1| 0.00| 0.00|   0.000|   0.000|    0.000|   0.0|   0.0| -42.0|   0.0|    0.0| 0.000|   0.0|   0.000|   0.000|  0.00|   0.0|    0.0|    0.0|E               |
|  0|10.00|    0.0|  1| 0.00| 0.00|   0.000|   0.000|    0.000|   0.0|   0.0| -40.0|   0.0|    0.0| 0.000|   0.0|   0.000|   0.000|  0.00|   0.0|    0.0|    0.0|E               |
|  0|10.00|    0.0|  1| 0.00| 0.00|   0.000|   0.000|    0.000|   0.0|   0.0| -38.0|   0.0|    0.0| 0.000|   0.0|   0.000|   0.000|  0.00|   0.0|    0.0|    0.0|E               |
|  0|10.00|    0.0|  1| 0.00| 0.00|   0.000|   0.000|    0.000|   0.0|   0.0| -36.0|   0.0|    0.0| 0.000|   0.0|   0.000|   0.000|  0.00|   0.0|    0.0|    0.0|E               |
|  0|10.00|    0.0|  1| 0.00| 0.00|   0.000|   0.000|    0.000|   0.0|   0.0| -34.0|   0.0|    0.0| 0.000|   0.0|   0.000|   0.000|  0.00|   0.0|    0.0|    0.0|E               |
|  0|10.00|    0.0|  1| 0.00| 0.00|   0.000|   0.000|    0.000|   0.0|   0.0| -32.0|   0.0|    0.0| 0.000|   0.0|   0.000|   0.000|  0.00|   0.0|    0.0|    0.0|E               |
|  0|10.00|    0.0|  1| 0.00| 0.00|   0.000|   0.000|    0.000|   0.0|   0.0| -30.0|   0.0|    0.0| 0.000|   0.0|   0.000|   0.000|  0.00|   0.0|    0.0|    0.0|E               |
|  0|10.00|    0.0|  1| 0.00| 0.00|   0.000|   0.000|    0.000|   0.0|   0.0| -28.0|   0.0|    0.0| 0.000|   0.0|   0.000|   0.000|  0.00|   0.0|    0.0|    0.0|E               |
|  0|10.00|    0.0|  1| 0.00| 0.00|   0.000|   0.000|    0.000|   0.0|   0.0| -26.0|   0.0|    0.0| 0.000|   0.0|   0.000|   0.000|  0.00|   0.0|    0.0|    0.0|E               |
|  0|10.00|    0.0|  1| 0.00| 0.00|   0.000|   0.000|    0.000|   0.0|   0.0| -24.0|   0.0|    0.0| 0.000|   0.0|   0.000|   0.000|  0.00|   0.0|    0.0|    0.0|E               |
|  0|10.00|    0.0|  1| 0.00| 0.00|   0.000|   0.000|    0.000|   0.0|   0.0| -22.0|   0.0|    0.0| 0.000|   0.0|   0.000|   0.000|  0.00|   0.0|    0.0|    0.0|E               |
|  0|10.00|    0.0|  1| 1.00| 0.80| 111.105|  22.921| 2120.777| -50.0|   0.0| -50.0|  94.0| 2146.2| 0.000|   0.0| 134.021|  25.369| 97.12|   0.0|    0.0|    0.0|E               |
|  0|10.00|    0.0|  1| 1.00| 0.68| 110.855|  22.254| 2137.576| -48.0|   0.0| -48.0|  95.6| 2163.1| 0.000|   0.0| 134.319|  25.065| 97.25|   0.0|    0.0|    0.0|E               |
|  0|10.00|    0.0|  1| 1.00| 0.50| 110.491|  21.571| 2161.004| -46.0|   0.0| -46.0|  97.2| 2186.7| 0.000|   0.0| 134.650|  24.766| 97.39|   0.0|    0.0|    0.0|E               |
|  0|10.00|    0.0|  1| 0.00| 0.00|   0.000|   0.000|    0.000|   0.0|   0.0| -44.0|   0.0|    0.0| 0.000|   0.0|   0.000|   0.000|  0.00|   0.0|    0.0|    0.0|E               |
|  0|10.00|    0.0|  1| 0.00| 0.00|   0.000|   0.000|    0.000|   0.0|   0.0| -42.0|   0.0|    0.0| 0.000|   0.0|   0.000|   0.000|  0.00|   0.0|    0.0|    0.0|E               |
+---+-----+-------+---+-----+-----+--------+--------+---------+------+------+------+------+-------+------+------+--------+--------+------+------+-------+-------+----------------+
+---+-----+-------+---+-----+-----+--------+--------+---------+------+------+------+------+-------+------+------+--------+--------+------+------+-------+-------+----------------+
|0-x| fr  |  time |hop| d0  | d1  |   fi   |  teta  |   dist  |  at  |  dev |  a1  |  a2  |   p   |  df  |  l   |   fot  |   tot  |  rot | lsp  |   pf  |    s  |                |
+---+-----+-------+---+-----+-----+--------+--------+---------+------+------+------+------+-------+------+------+--------+--------+------+------+-------+-------+----------------+
|  0|10.00|    0.0|  1| 0.00| 0.00|   0.000|   0.000|    0.000|   0.0|   0.0| -40.0|   0.0|    0.0| 0.000|   0.0|   0.000|   0.000|  0.00|   0.0|    0.0|    0.0|E               |
|  0|10.00|    0.0|  1| 0.00| 0.00|   0.000|   0.000|    0.000|   0.0|   0.0| -38.0|   0.0|    0.0| 0.000|   0.0|   0.000|   0.000|  0.00|   0.0|    0.0|    0.0|E               |
|  0|10.00|    0.0|  1| 0.00| 0.00|   0.000|   0.000|    0.000|   0.0|   0.0| -36.0|   0.0|    0.0| 0.000|   0.0|   0.000|   0.000|  0.00|   0.0|    0.0|    0.0|E               |
|  0|10.00|    0.0|  1| 0.00| 0.00|   0.000|   0.000|    0.000|   0.0|   0.0| -34.0|   0.0|    0.0| 0.000|   0.0|   0.000|   0.000|  0.00|   0.0|    0.0|    0.0|E               |
|  0|10.00|    0.0|  1| 0.00| 0.00|   0.000|   0.000|    0.000|   0.0|   0.0| -32.0|   0.0|    0.0| 0.000|   0.0|   0.000|   0.000|  0.00|   0.0|    0.0|    0.0|E               |
|  0|10.00|    0.0|  1| 0.00| 0.00|   0.000|   0.000|    0.000|   0.0|   0.0| -30.0|   0.0|    0.0| 0.000|   0.0|   0.000|   0.000|  0.00|   0.0|    0.0|    0.0|E               |
|  0|10.00|    0.0|  1| 0.00| 0.00|   0.000|   0.000|    0.000|   0.0|   0.0| -28.0|   0.0|    0.0| 0.000|   0.0|   0.000|   0.000|  0.00|   0.0|    0.0|    0.0|E               |
|  0|10.00|    0.0|  1| 0.00| 0.00|   0.000|   0.000|    0.000|   0.0|   0.0| -26.0|   0.0|    0.0| 0.000|   0.0|   0.000|   0.000|  0.00|   0.0|    0.0|    0.0|E               |
|  0|10.00|    0.0|  1| 0.00| 0.00|   0.000|   0.000|    0.000|   0.0|   0.0| -24.0|   0.0|    0.0| 0.000|   0.0|   0.000|   0.000|  0.00|   0.0|    0.0|    0.0|E               |
|  0|10.00|    0.0|  1| 0.00| 0.00|   0.000|   0.000|    0.000|   0.0|   0.0| -22.0|   0.0|    0.0| 0.000|   0.0|   0.000|   0.000|  0.00|   0.0|    0.0|    0.0|E               |
|  0|10.00|    0.0|  1| 2.00| 1.91| 115.621|  23.107| 1923.417| -50.0|   0.0| -50.0|  98.1| 1949.1| 0.000|   0.0| 135.763|  25.730| 97.36|   0.0|    0.0|    0.0|E               |
|   |     |       |  2| 1.91| 1.72|  73.456|  26.768| 3900.544| -49.9|   0.1| -81.9|  59.6| 3952.9| 0.000|   0.0|  93.209|  23.449| 98.16|   0.0|    0.0|    0.0|EE              |
|  0|10.00|    0.0|  1| 2.00| 1.86| 115.668|  22.506| 1931.962| -48.0|   0.0| -48.0| 100.1| 1957.8| 0.000|   0.0| 136.048|  25.456| 97.48|   0.0|    0.0|    0.0|E               |
|   |     |       |  2| 1.86| 1.50|  71.103|  26.036| 3959.090| -47.9|   0.1| -79.9|  59.2| 4012.3| 0.000|   0.0|  92.160|  22.632| 98.80|   0.0|    0.0|    0.0|EE              |
|  0|10.00|    0.0|  1| 2.00| 1.80| 115.745|  21.901| 1941.702| -46.0|   0.0| -46.0| 102.1| 1967.6| 0.000|   0.0| 136.364|  25.187| 97.61|   0.0|    0.0|    0.0|E               |
|   |     |       |  2| 1.80| 1.08|  67.933|  25.488| 4057.856| -45.9|   0.1| -77.9|  58.0| 4112.5| 0.000|   0.0|  90.846|  21.819| 99.75|   0.0|    0.0|    0.0|EE              |
|  0|10.00|    0.0|  1| 2.00| 1.72| 115.847|  21.290| 1952.936| -44.0|   0.0| -44.0| 104.1| 1979.0| 0.000|   0.0| 136.701|  24.921| 97.75|   0.0|    0.0|    0.0|E               |
|  0|10.00|    0.0|  1| 2.00| 1.64| 115.972|  20.674| 1965.927| -42.0|   0.0| -42.0| 106.1| 1992.1| 0.000|   0.0| 137.063|  24.659| 97.90|   0.0|    0.0|    0.0|E               |
|  0|10.00|    0.0|  1| 2.00| 1.54| 116.111|  20.050| 1981.196| -40.0|   0.0| -40.0| 108.1| 2007.5| 0.000|   0.0| 137.452|  24.402| 98.06|   0.0|    0.0|    0.0|E               |
|  0|10.00|    0.0|  1| 2.00| 1.41| 116.251|  19.414| 1999.371| -38.0|   0.0| -38.0| 110.2| 2025.9| 0.000|   0.0| 137.865|  24.149| 98.23|   0.0|    0.0|    0.0|E               |
+---+-----+-------+---+-----+-----+--------+--------+---------+------+------+------+------+-------+------+------+--------+--------+------+------+-------+-------+----------------+
+---+-----+-------+---+-----+-----+--------+--------+---------+------+------+------+------+-------+------+------+--------+--------+------+------+-------+-------+----------------+
|0-x| fr  |  time |hop| d0  | d1  |   fi   |  teta  |   dist  |  at  |  dev |  a1  |  a2  |   p   |  df  |  l   |   fot  |   tot  |  rot | lsp  |   pf  |    s  |                |
+---+-----+-------+---+-----+-----+--------+--------+---------+------+------+------+------+-------+------+------+--------+--------+------+------+-------+-------+----------------+
|  0|10.00|    0.0|  1| 2.00| 1.25| 116.367|  18.761| 2021.659| -35.9|   0.1| -36.0| 112.2| 2048.3| 0.000|   0.0| 138.306|  23.901| 98.41|   0.0|    0.0|    0.0|E               |
|  0|10.00|    0.0|  1| 2.00| 1.04| 116.399|  18.080| 2050.357| -33.9|   0.1| -34.0| 114.2| 2077.2| 0.000|   0.0| 138.769|  23.657| 98.61|   0.0|    0.0|    0.0|E               |
|  0|10.00|    0.0|  1| 2.00| 0.72| 116.185|  17.343| 2091.514| -31.9|   0.1| -32.0| 115.9| 2118.6| 0.000|   0.0| 139.260|  23.418| 98.83|   0.0|    0.0|    0.0|E               |
|  0|10.00|    0.0|  1| 0.00| 0.00|   0.000|   0.000|    0.000|   0.0|   0.0| -30.0|   0.0|    0.0| 0.000|   0.0|   0.000|   0.000|  0.00|   0.0|    0.0|    0.0|E               |
|  0|10.00|    0.0|  1| 0.00| 0.00|   0.000|   0.000|    0.000|   0.0|   0.0| -28.0|   0.0|    0.0| 0.000|   0.0|   0.000|   0.000|  0.00|   0.0|    0.0|    0.0|E               |
|  0|10.00|    0.0|  1| 0.00| 0.00|   0.000|   0.000|    0.000|   0.0|   0.0| -26.0|   0.0|    0.0| 0.000|   0.0|   0.000|   0.000|  0.00|   0.0|    0.0|    0.0|E               |
|  0|10.00|    0.0|  1| 0.00| 0.00|   0.000|   0.000|    0.000|   0.0|   0.0| -24.0|   0.0|    0.0| 0.000|   0.0|   0.000|   0.000|  0.00|   0.0|    0.0|    0.0|E               |
|  0|10.00|    0.0|  1| 0.00| 0.00|   0.000|   0.000|    0.000|   0.0|   0.0| -22.0|   0.0|    0.0| 0.000|   0.0|   0.000|   0.000|  0.00|   0.0|    0.0|    0.0|E               |
|  0|10.00|    0.0|  1| 3.00| 2.93| 119.302|  23.357| 1759.631| -50.0|   0.0| -50.0| 101.5| 1785.8| 0.000|   0.0| 137.238|  26.060| 97.79|   0.0|    0.0|    0.0|E               |
|   |     |       |  2| 2.93| 2.81|  79.549|  25.359| 3564.380| -49.9|   0.1| -78.5|  65.1| 3617.7| 0.000|   0.0|  98.744|  23.064| 98.59|   0.0|    0.0|    0.0|EE              |
|  0|10.00|    0.0|  1| 3.00| 2.89| 119.449|  22.810| 1766.582| -48.0|   0.0| -48.0| 103.6| 1792.9| 0.000|   0.0| 137.506|  25.810| 97.91|   0.0|    0.0|    0.0|E               |
|   |     |       |  2| 2.89| 2.67|  77.571|  24.563| 3611.097| -47.9|   0.1| -76.4|  65.1| 3665.4| 0.000|   0.0|  97.969|  22.279| 99.23|   0.0|    0.0|    0.0|EE              |
|  0|10.00|    0.0|  1| 3.00| 2.85| 119.633|  22.260| 1774.408| -46.0|   0.0| -46.0| 105.7| 1800.8| 0.000|   0.0| 137.797|  25.565| 98.04|   0.0|    0.0|    0.0|E               |
|   |     |       |  2| 2.85| 2.44|  74.957|  23.861| 3685.388| -45.9|   0.1| -74.3|  64.4| 3741.1| 0.000|   0.0|  96.951|  21.490|100.17|   0.0|    0.0|    0.0|EE              |
|  0|10.00|    0.0|  1| 3.00| 2.80| 119.857|  21.709| 1783.098| -44.0|   0.0| -44.0| 107.8| 1809.7| 0.000|   0.0| 138.111|  25.323| 98.18|   0.0|    0.0|    0.0|E               |
|   |     |       |  2| 2.80| 1.81|  69.930|  23.615| 3873.002| -43.9|   0.1| -72.2|  61.6| 3932.6| 0.000|   0.0|  94.960|  20.715|101.98|   0.0|    0.0|    0.0|EE              |
|  0|10.00|    0.0|  1| 3.00| 2.75| 120.121|  21.156| 1792.821| -42.0|   0.0| -42.0| 110.0| 1819.5| 0.000|   0.0| 138.448|  25.085| 98.33|   0.0|    0.0|    0.0|E               |
|  0|10.00|    0.0|  1| 3.00| 2.68| 120.424|  20.599| 1803.831| -40.0|   0.0| -40.0| 112.2| 1830.7| 0.000|   0.0| 138.808|  24.851| 98.49|   0.0|    0.0|    0.0|E               |
|  0|10.00|    0.0|  1| 3.00| 2.61| 120.766|  20.038| 1816.366| -38.0|   0.0| -38.0| 114.4| 1843.4| 0.000|   0.0| 139.187|  24.621| 98.66|   0.0|    0.0|    0.0|E               |
|  0|10.00|    0.0|  1| 3.00| 2.52| 121.143|  19.472| 1830.718| -35.9|   0.1| -36.0| 116.7| 1857.9| 0.000|   0.0| 139.590|  24.394| 98.85|   0.0|    0.0|    0.0|E               |
+---+-----+-------+---+-----+-----+--------+--------+---------+------+------+------+------+-------+------+------+--------+--------+------+------+-------+-------+----------------+
+---+-----+-------+---+-----+-----+--------+--------+---------+------+------+------+------+-------+------+------+--------+--------+------+------+-------+-------+----------------+
|0-x| fr  |  time |hop| d0  | d1  |   fi   |  teta  |   dist  |  at  |  dev |  a1  |  a2  |   p   |  df  |  l   |   fot  |   tot  |  rot | lsp  |   pf  |    s  |                |
+---+-----+-------+---+-----+-----+--------+--------+---------+------+------+------+------+-------+------+------+--------+--------+------+------+-------+-------+----------------+
|  0|10.00|    0.0|  1| 3.00| 2.41| 121.552|  18.897| 1847.337| -33.9|   0.1| -34.0| 119.0| 1874.8| 0.000|   0.0| 140.014|  24.172| 99.04|   0.0|    0.0|    0.0|E               |
|  0|10.00|    0.0|  1| 3.00| 2.29| 121.983|  18.310| 1866.892| -31.9|   0.1| -32.0| 121.4| 1894.5| 0.000|   0.0| 140.458|  23.952| 99.26|   0.0|    0.0|    0.0|E               |
|  0|10.00|    0.0|  1| 3.00| 2.13| 122.421|  17.705| 1890.314| -29.9|   0.1| -30.0| 123.7| 1918.2| 0.000|   0.0| 140.925|  23.736| 99.49|   0.0|    0.0|    0.0|E               |
|  0|10.00|    0.0|  1| 3.00| 1.94| 122.836|  17.071| 1919.256| -27.9|   0.1| -28.0| 126.0| 1947.5| 0.000|   0.0| 141.410|  23.522| 99.74|   0.0|    0.0|    0.0|E               |
|  0|10.00|    0.0|  1| 3.00| 1.68| 123.162|  16.387| 1956.751| -25.9|   0.1| -26.0| 128.3| 1985.3| 0.000|   0.0| 141.912|  23.307|100.02|   0.0|    0.0|    0.0|E               |
|  0|10.00|    0.0|  1| 3.00| 1.30| 123.238|  15.610| 2009.594| -23.9|   0.1| -24.0| 130.3| 2038.6| 0.000|   0.0| 142.430|  23.090|100.34|   0.0|    0.0|    0.0|E               |
|  0|10.00|    0.0|  1| 3.00| 0.52| 122.232|  14.541| 2109.065| -21.9|   0.1| -22.0| 131.2| 2138.5| 0.000|   0.0| 142.960|  22.866|100.70|   0.0|    0.0|    0.0|E               |
|  0|10.00|    0.0|  1| 4.00| 3.94| 122.335|  23.633| 1621.772| -50.0|   0.0| -50.0| 104.3| 1648.8| 0.000|   0.0| 138.467|  26.352| 98.42|   0.0|    0.0|    0.0|E               |
|   |     |       |  2| 3.94| 3.83|  84.965|  24.409| 3290.005| -49.9|   0.1| -75.7|  70.1| 3345.2| 0.000|   0.0| 103.448|  22.892| 99.30|   0.0|    0.0|    0.0|EE              |
|  0|10.00|    0.0|  1| 4.00| 3.91| 122.524|  23.129| 1628.528| -48.0|   0.0| -48.0| 106.4| 1655.7| 0.000|   0.0| 138.716|  26.123| 98.56|   0.0|    0.0|    0.0|E               |
|   |     |       |  2| 3.91| 3.71|  83.116|  23.618| 3338.534| -47.9|   0.1| -73.6|  70.1| 3394.8| 0.000|   0.0| 102.790|  22.146|100.02|   0.0|    0.0|    0.0|EE              |
|  0|10.00|    0.0|  1| 4.00| 3.87| 122.750|  22.625| 1636.027| -46.0|   0.0| -46.0| 108.6| 1663.3| 0.000|   0.0| 138.980|  25.896| 98.70|   0.0|    0.0|    0.0|E               |
|   |     |       |  2| 3.87| 3.50|  80.408|  22.921| 3423.155| -45.9|   0.1| -71.4|  69.5| 3481.5| 0.000|   0.0| 101.785|  21.389|101.15|   0.0|    0.0|    0.0|EE              |
|  0|10.00|    0.0|  1| 4.00| 3.83| 123.014|  22.119| 1644.381| -44.0|   0.0| -44.0| 110.8| 1671.8| 0.000|   0.0| 139.268|  25.672| 98.85|   0.0|    0.0|    0.0|E               |
|  0|10.00|    0.0|  1| 4.00| 3.78| 123.316|  21.612| 1653.738| -42.0|   0.0| -42.0| 113.0| 1681.4| 0.000|   0.0| 139.574|  25.451| 99.01|   0.0|    0.0|    0.0|E               |
|  0|10.00|    0.0|  1| 4.00| 3.72| 123.657|  21.102| 1664.227| -40.0|   0.0| -40.0| 115.2| 1692.0| 0.000|   0.0| 139.902|  25.234| 99.19|   0.0|    0.0|    0.0|E               |
|  0|10.00|    0.0|  1| 4.00| 3.66| 124.036|  20.589| 1676.110| -37.9|   0.1| -38.0| 117.5| 1704.1| 0.000|   0.0| 140.245|  25.019| 99.38|   0.0|    0.0|    0.0|E               |
|  0|10.00|    0.0|  1| 4.00| 3.58| 124.449|  20.071| 1689.707| -35.9|   0.1| -36.0| 119.9| 1718.0| 0.000|   0.0| 140.609|  24.807| 99.58|   0.0|    0.0|    0.0|E               |
|  0|10.00|    0.0|  1| 4.00| 3.50| 124.893|  19.545| 1705.438| -33.9|   0.1| -34.0| 122.2| 1734.0| 0.000|   0.0| 140.990|  24.597| 99.80|   0.0|    0.0|    0.0|E               |
|  0|10.00|    0.0|  1| 4.00| 3.39| 125.360|  19.008| 1723.954| -31.9|   0.1| -32.0| 124.6| 1752.8| 0.000|   0.0| 141.387|  24.388|100.04|   0.0|    0.0|    0.0|E               |
+---+-----+-------+---+-----+-----+--------+--------+---------+------+------+------+------+-------+------+------+--------+--------+------+------+-------+-------+----------------+
+---+-----+-------+---+-----+-----+--------+--------+---------+------+------+------+------+-------+------+------+--------+--------+------+------+-------+-------+----------------+
|0-x| fr  |  time |hop| d0  | d1  |   fi   |  teta  |   dist  |  at  |  dev |  a1  |  a2  |   p   |  df  |  l   |   fot  |   tot  |  rot | lsp  |   pf  |    s  |                |
+---+-----+-------+---+-----+-----+--------+--------+---------+------+------+------+------+-------+------+------+--------+--------+------+------+-------+-------+----------------+
|  0|10.00|    0.0|  1| 4.00| 3.26| 125.838|  18.453| 1746.104| -29.9|   0.1| -30.0| 127.0| 1775.3| 0.000|   0.0| 141.797|  24.179|100.30|   0.0|    0.0|    0.0|E               |
|  0|10.00|    0.0|  1| 4.00| 3.11| 126.304|  17.871| 1773.327| -27.9|   0.1| -28.0| 129.4| 1802.9| 0.000|   0.0| 142.223|  23.968|100.60|   0.0|    0.0|    0.0|E               |
|  0|10.00|    0.0|  1| 4.00| 2.90| 126.718|  17.244| 1807.958| -25.9|   0.1| -26.0| 131.7| 1838.0| 0.000|   0.0| 142.657|  23.750|100.93|   0.0|    0.0|    0.0|E               |
|  0|10.00|    0.0|  1| 4.00| 2.62| 126.991|  16.540| 1854.561| -23.9|   0.1| -24.0| 133.9| 1885.2| 0.000|   0.0| 143.097|  23.521|101.32|   0.0|    0.0|    0.0|E               |
|  0|10.00|    0.0|  1| 4.00| 2.18| 126.881|  15.679| 1924.316| -21.9|   0.1| -22.0| 135.7| 1955.9| 0.000|   0.0| 143.528|  23.266|101.78|   0.0|    0.0|    0.0|E               |
|  0|10.00|    0.0|  1| 5.00| 4.93| 124.752|  23.899| 1509.506| -50.0|   0.0| -50.0| 106.5| 1537.8| 0.000|   0.0| 139.446|  26.597| 99.32|   0.0|    0.0|    0.0|E               |
|   |     |       |  2| 4.93| 4.82|  89.407|  23.810| 3077.601| -49.9|   0.1| -73.5|  74.2| 3135.8| 0.000|   0.0| 107.196|  22.854|100.42|   0.0|    0.0|    0.0|EE              |
|  0|10.00|    0.0|  1| 5.00| 4.90| 124.941|  23.429| 1517.239| -48.0|   0.0| -48.0| 108.7| 1545.7| 0.000|   0.0| 139.675|  26.383| 99.48|   0.0|    0.0|    0.0|E               |
|   |     |       |  2| 4.90| 4.68|  87.240|  23.071| 3146.978| -47.9|   0.1| -71.3|  74.0| 3207.1| 0.000|   0.0| 106.402|  22.138|101.43|   0.0|    0.0|    0.0|EE              |
|  0|10.00|    0.0|  1| 5.00| 4.86| 125.161|  22.956| 1525.895| -46.0|   0.0| -46.0| 110.8| 1554.6| 0.000|   0.0| 139.914|  26.169| 99.65|   0.0|    0.0|    0.0|E               |
|   |     |       |  2| 4.86| 4.28|  81.477|  22.730| 3372.556| -45.8|   0.2| -69.2|  70.6| 3439.2| 0.000|   0.0| 103.951|  21.384|103.65|   0.0|    0.0|    0.0|EE              |
|  0|10.00|    0.0|  1| 5.00| 4.82| 125.408|  22.481| 1535.696| -44.0|   0.0| -44.0| 113.0| 1564.6| 0.000|   0.0| 140.168|  25.956| 99.83|   0.0|    0.0|    0.0|E               |
|  0|10.00|    0.0|  1| 5.00| 4.77| 125.683|  22.001| 1546.862| -41.9|   0.1| -42.0| 115.2| 1576.0| 0.000|   0.0| 140.441|  25.746|100.03|   0.0|    0.0|    0.0|E               |
|  0|10.00|    0.0|  1| 5.00| 4.71| 125.980|  21.516| 1559.727| -39.9|   0.1| -40.0| 117.4| 1589.2| 0.000|   0.0| 140.726|  25.536|100.25|   0.0|    0.0|    0.0|E               |
|  0|10.00|    0.0|  1| 5.00| 4.64| 126.296|  21.022| 1574.697| -37.9|   0.1| -38.0| 119.7| 1604.5| 0.000|   0.0| 141.023|  25.325|100.49|   0.0|    0.0|    0.0|E               |
|  0|10.00|    0.0|  1| 5.00| 4.56| 126.621|  20.516| 1592.412| -35.9|   0.1| -36.0| 121.9| 1622.5| 0.000|   0.0| 141.333|  25.113|100.75|   0.0|    0.0|    0.0|E               |
|  0|10.00|    0.0|  1| 5.00| 4.45| 126.940|  19.992| 1613.828| -33.9|   0.1| -34.0| 124.2| 1644.4| 0.000|   0.0| 141.652|  24.898|101.05|   0.0|    0.0|    0.0|E               |
|  0|10.00|    0.0|  1| 5.00| 4.33| 127.226|  19.438| 1640.545| -31.9|   0.1| -32.0| 126.4| 1671.7| 0.000|   0.0| 141.974|  24.675|101.39|   0.0|    0.0|    0.0|E               |
|  0|10.00|    0.0|  1| 5.00| 4.16| 127.423|  18.835| 1675.547| -29.9|   0.1| -30.0| 128.5| 1707.4| 0.000|   0.0| 142.294|  24.439|101.78|   0.0|    0.0|    0.0|E               |
|  0|10.00|    0.0|  1| 5.00| 3.91| 127.396|  18.139| 1725.404| -27.9|   0.1| -28.0| 130.5| 1758.2| 0.000|   0.0| 142.588|  24.174|102.25|   0.0|    0.0|    0.0|E               |
+---+-----+-------+---+-----+-----+--------+--------+---------+------+------+------+------+-------+------+------+--------+--------+------+------+-------+-------+----------------+
+---+-----+-------+---+-----+-----+--------+--------+---------+------+------+------+------+-------+------+------+--------+--------+------+------+-------+-------+----------------+
|0-x| fr  |  time |hop| d0  | d1  |   fi   |  teta  |   dist  |  at  |  dev |  a1  |  a2  |   p   |  df  |  l   |   fot  |   tot  |  rot | lsp  |   pf  |    s  |                |
+---+-----+-------+---+-----+-----+--------+--------+---------+------+------+------+------+-------+------+------+--------+--------+------+------+-------+-------+----------------+
|  0|10.00|    0.0|  1| 5.00| 3.50| 126.716|  17.222| 1809.665| -25.8|   0.2| -26.0| 131.8| 1844.0| 0.000|   0.0| 142.808|  23.841|102.88|   0.0|    0.0|    0.0|E               |
|  0|10.00|    0.0|  1| 5.00| 2.12| 121.868|  15.245| 2066.624| -23.7|   0.3| -24.0| 129.2| 2105.1| 0.000|   0.0| 142.625|  23.210|103.92|   0.0|    0.0|    0.0|E               |
|  0|10.00|    0.0|  1| 0.00| 0.00|   0.000|   0.000|    0.000|   0.0|   0.0| -22.0|   0.0|    0.0| 0.000|   0.0|   0.000|   0.000|  0.00|   0.0|    0.0|    0.0|                |
|  0|10.00|    0.0|  1| 6.00| 5.92| 126.449|  24.111| 1429.252| -49.9|   0.1| -50.0| 108.1| 1459.7| 0.000|   0.0| 140.146|  26.780|100.63|   0.0|    0.0|    0.0|E               |
|   |     |       |  2| 5.92| 5.76|  91.710|  23.543| 2970.620| -49.9|   0.1| -71.9|  76.4| 3035.0| 0.000|   0.0| 109.385|  22.867|102.46|   0.0|    0.0|    0.0|EE              |
|  0|10.00|    0.0|  1| 6.00| 5.88| 126.566|  23.653| 1440.887| -47.9|   0.1| -48.0| 110.2| 1471.6| 0.000|   0.0| 140.327|  26.566|100.85|   0.0|    0.0|    0.0|E               |
|  0|10.00|    0.0|  1| 6.00| 5.83| 126.689|  23.187| 1454.513| -45.9|   0.1| -46.0| 112.2| 1485.6| 0.000|   0.0| 140.523|  26.354|101.10|   0.0|    0.0|    0.0|E               |
|  0|10.00|    0.0|  1| 6.00| 5.77| 126.806|  22.710| 1470.773| -43.9|   0.1| -44.0| 114.3| 1502.3| 0.000|   0.0| 140.719|  26.136|101.38|   0.0|    0.0|    0.0|E               |
|  0|10.00|    0.0|  1| 6.00| 5.70| 126.898|  22.215| 1490.716| -41.9|   0.1| -42.0| 116.4| 1522.8| 0.000|   0.0| 140.914|  25.912|101.70|   0.0|    0.0|    0.0|E               |
|  0|10.00|    0.0|  1| 6.00| 5.60| 126.930|  21.692| 1516.200| -39.9|   0.1| -40.0| 118.4| 1549.0| 0.000|   0.0| 141.106|  25.678|102.06|   0.0|    0.0|    0.0|E               |
|  0|10.00|    0.0|  1| 6.00| 5.48| 126.823|  21.120| 1551.009| -37.9|   0.1| -38.0| 120.2| 1584.7| 0.000|   0.0| 141.266|  25.422|102.50|   0.0|    0.0|    0.0|E               |
|  0|10.00|    0.0|  1| 6.00| 5.29| 126.371|  20.446| 1604.807| -35.9|   0.1| -36.0| 121.8| 1639.9| 0.000|   0.0| 141.355|  25.122|103.07|   0.0|    0.0|    0.0|E               |
|  0|10.00|    0.0|  1| 6.00| 4.91| 124.677|  19.464| 1717.004| -33.8|   0.2| -34.0| 122.2| 1755.1| 0.000|   0.0| 141.175|  24.678|103.92|   0.0|    0.0|    0.0|E               |
|  0|10.00|    0.0|  1| 0.00| 0.00|   0.000|   0.000|    0.000|   0.0|   0.0| -32.0|   0.0|    0.0| 0.000|   0.0|   0.000|   0.000|  0.00|   0.0|    0.0|    0.0|                |
|  0|10.00|    0.0|  1| 0.00| 0.00|   0.000|   0.000|    0.000|   0.0|   0.0| -30.0|   0.0|    0.0| 0.000|   0.0|   0.000|   0.000|  0.00|   0.0|    0.0|    0.0|                |
|  0|10.00|    0.0|  1| 0.00| 0.00|   0.000|   0.000|    0.000|   0.0|   0.0| -28.0|   0.0|    0.0| 0.000|   0.0|   0.000|   0.000|  0.00|   0.0|    0.0|    0.0|                |
|  0|10.00|    0.0|  1| 0.00| 0.00|   0.000|   0.000|    0.000|   0.0|   0.0| -26.0|   0.0|    0.0| 0.000|   0.0|   0.000|   0.000|  0.00|   0.0|    0.0|    0.0|                |
|  0|10.00|    0.0|  1| 0.00| 0.00|   0.000|   0.000|    0.000|   0.0|   0.0| -24.0|   0.0|    0.0| 0.000|   0.0|   0.000|   0.000|  0.00|   0.0|    0.0|    0.0|                |
|  0|10.00|    0.0|  1| 0.00| 0.00|   0.000|   0.000|    0.000|   0.0|   0.0| -22.0|   0.0|    0.0| 0.000|   0.0|   0.000|   0.000|  0.00|   0.0|    0.0|    0.0|                |
|  0|10.00|    0.0|  1| 7.00| 6.85| 126.425|  24.098| 1430.751| -49.9|   0.1| -50.0| 108.2| 1466.2| 0.000|   0.0| 140.165|  26.784|103.05|   0.0|    0.0|    0.0|E               |
+---+-----+-------+---+-----+-----+--------+--------+---------+------+------+------+------+-------+------+------+--------+--------+------+------+-------+-------+----------------+
+---+-----+-------+---+-----+-----+--------+--------+---------+------+------+------+------+-------+------+------+--------+--------+------+------+-------+-------+----------------+
|0-x| fr  |  time |hop| d0  | d1  |   fi   |  teta  |   dist  |  at  |  dev |  a1  |  a2  |   p   |  df  |  l   |   fot  |   tot  |  rot | lsp  |   pf  |    s  |                |
+---+-----+-------+---+-----+-----+--------+--------+---------+------+------+------+------+-------+------+------+--------+--------+------+------+-------+-------+----------------+
|  0|10.00|    0.0|  1| 7.00| 6.76| 125.753|  23.522| 1479.875| -47.9|   0.1| -48.0| 109.5| 1517.0| 0.000|   0.0| 140.057|  26.489|103.64|   0.0|    0.0|    0.0|E               |
|   |     |       |  2| 6.76| 3.25|  57.655|  29.953| 4779.740| -47.0|   1.0| -70.5|  49.3| 4925.5| 0.000|   0.0|  93.054|  22.443|154.33|   0.0|    0.0|    0.0|F2E             |
|  0|10.00|    0.0|  1| 7.00| 6.56| 123.723|  22.721| 1593.148| -45.8|   0.2| -46.0| 109.7| 1634.2| 0.000|   0.0| 139.498|  26.044|104.59|   0.0|    0.0|    0.0|E               |
|  0|10.00|    0.0|  1| 0.00| 0.00|   0.000|   0.000|    0.000|   0.0|   0.0| -44.0|   0.0|    0.0| 0.000|   0.0|   0.000|   0.000|  0.00|   0.0|    0.0|    0.0|                |
|  0|10.00|    0.0|  1| 0.00| 0.00|   0.000|   0.000|    0.000|   0.0|   0.0| -42.0|   0.0|    0.0| 0.000|   0.0|   0.000|   0.000|  0.00|   0.0|    0.0|    0.0|                |
|  0|10.00|    0.0|  1| 0.00| 0.00|   0.000|   0.000|    0.000|   0.0|   0.0| -40.0|   0.0|    0.0| 0.000|   0.0|   0.000|   0.000|  0.00|   0.0|    0.0|    0.0|                |
|  0|10.00|    0.0|  1| 0.00| 0.00|   0.000|   0.000|    0.000|   0.0|   0.0| -38.0|   0.0|    0.0| 0.000|   0.0|   0.000|   0.000|  0.00|   0.0|    0.0|    0.0|                |
|  0|10.00|    0.0|  1| 0.00| 0.00|   0.000|   0.000|    0.000|   0.0|   0.0| -36.0|   0.0|    0.0| 0.000|   0.0|   0.000|   0.000|  0.00|   0.0|    0.0|    0.0|                |
|  0|10.00|    0.0|  1| 0.00| 0.00|   0.000|   0.000|    0.000|   0.0|   0.0| -34.0|   0.0|    0.0| 0.000|   0.0|   0.000|   0.000|  0.00|   0.0|    0.0|    0.0|                |
|  0|10.00|    0.0|  1| 0.00| 0.00|   0.000|   0.000|    0.000|   0.0|   0.0| -32.0|   0.0|    0.0| 0.000|   0.0|   0.000|   0.000|  0.00|   0.0|    0.0|    0.0|                |
|  0|10.00|    0.0|  1| 0.00| 0.00|   0.000|   0.000|    0.000|   0.0|   0.0| -30.0|   0.0|    0.0| 0.000|   0.0|   0.000|   0.000|  0.00|   0.0|    0.0|    0.0|                |
|  0|10.00|    0.0|  1| 0.00| 0.00|   0.000|   0.000|    0.000|   0.0|   0.0| -28.0|   0.0|    0.0| 0.000|   0.0|   0.000|   0.000|  0.00|   0.0|    0.0|    0.0|                |
|  0|10.00|    0.0|  1| 0.00| 0.00|   0.000|   0.000|    0.000|   0.0|   0.0| -26.0|   0.0|    0.0| 0.000|   0.0|   0.000|   0.000|  0.00|   0.0|    0.0|    0.0|                |
|  0|10.00|    0.0|  1| 0.00| 0.00|   0.000|   0.000|    0.000|   0.0|   0.0| -24.0|   0.0|    0.0| 0.000|   0.0|   0.000|   0.000|  0.00|   0.0|    0.0|    0.0|                |
|  0|10.00|    0.0|  1| 0.00| 0.00|   0.000|   0.000|    0.000|   0.0|   0.0| -22.0|   0.0|    0.0| 0.000|   0.0|   0.000|   0.000|  0.00|   0.0|    0.0|    0.0|                |
|  0|10.00|    0.0|  1| 8.00| 6.90| 101.554|  22.678| 2531.762| -49.3|   0.7| -50.0|  86.5| 2624.0| 0.000|   0.0| 130.687|  24.726|144.75|   0.0|    0.0|    0.0|F2              |
|   |     |       |  2| 6.90| 4.38|  49.204|  35.975| 5615.339| -48.1|   1.9| -93.5|  41.9| 5817.6| 0.000|   0.0|  72.137|  26.410|164.73|   0.0|    0.0|    0.0|F2F2            |
|  0|10.00|    0.0|  1| 8.00| 6.49| 100.974|  21.900| 2550.859| -47.2|   0.8| -48.0|  87.9| 2642.4| 0.000|   0.0| 131.173|  24.399|145.96|   0.0|    0.0|    0.0|F2              |
|   |     |       |  2| 6.49| 1.71|  43.598|  37.380| 5969.086| -45.9|   2.1| -92.1|  38.9| 6174.1| 0.000|   0.0|  69.506|  25.703|172.40|   0.0|    0.0|    0.0|F2F2            |
|  0|10.00|    0.0|  1| 8.00| 6.04| 100.207|  21.110| 2578.583| -45.2|   0.8| -46.0|  89.1| 2669.6| 0.000|   0.0| 131.656|  24.073|147.17|   0.0|    0.0|    0.0|F2              |
+---+-----+-------+---+-----+-----+--------+--------+---------+------+------+------+------+-------+------+------+--------+--------+------+------+-------+-------+----------------+
+---+-----+-------+---+-----+-----+--------+--------+---------+------+------+------+------+-------+------+------+--------+--------+------+------+-------+-------+----------------+
|0-x| fr  |  time |hop| d0  | d1  |   fi   |  teta  |   dist  |  at  |  dev |  a1  |  a2  |   p   |  df  |  l   |   fot  |   tot  |  rot | lsp  |   pf  |    s  |                |
+---+-----+-------+---+-----+-----+--------+--------+---------+------+------+------+------+-------+------+------+--------+--------+------+------+-------+-------+----------------+
|  0|10.00|    0.0|  1| 8.00| 5.53|  99.229|  20.305| 2615.119| -43.1|   0.9| -44.0|  90.1| 2705.7| 0.000|   0.0| 132.138|  23.748|148.37|   0.0|    0.0|    0.0|F2              |
|  0|10.00|    0.0|  1| 8.00| 4.95|  97.981|  19.480| 2661.701| -41.1|   0.9| -42.0|  90.9| 2751.9| 0.000|   0.0| 132.639|  23.427|149.57|   0.0|    0.0|    0.0|F2              |
|  0|10.00|    0.0|  1| 8.00| 4.26|  96.350|  18.633| 2721.156| -39.0|   1.0| -40.0|  91.2| 2810.9| 0.000|   0.0| 133.163|  23.111|150.76|   0.0|    0.0|    0.0|F2              |
|  0|10.00|    0.0|  1| 8.00| 3.41|  94.091|  17.761| 2799.901| -37.0|   1.0| -38.0|  91.0| 2889.2| 0.000|   0.0| 133.719|  22.802|151.94|   0.0|    0.0|    0.0|F2              |
|  0|10.00|    0.0|  1| 8.00| 2.22|  90.500|  16.873| 2917.448| -34.9|   1.1| -36.0|  89.4| 3006.3| 0.000|   0.0| 134.303|  22.498|153.11|   0.0|    0.0|    0.0|F2              |
|  0|10.00|    0.0|  1| 0.00| 0.00|   0.000|   0.000|    0.000|   0.0|   0.0| -34.0|   0.0|    0.0| 0.000|   0.0|   0.000|   0.000|  0.00|   0.0|    0.0|    0.0|F2              |
|  0|10.00|    0.0|  1| 0.00| 0.00|   0.000|   0.000|    0.000|   0.0|   0.0| -32.0|   0.0|    0.0| 0.000|   0.0|   0.000|   0.000|  0.00|   0.0|    0.0|    0.0|F2              |
|  0|10.00|    0.0|  1| 0.00| 0.00|   0.000|   0.000|    0.000|   0.0|   0.0| -30.0|   0.0|    0.0| 0.000|   0.0|   0.000|   0.000|  0.00|   0.0|    0.0|    0.0|F2              |
|  0|10.00|    0.0|  1| 0.00| 0.00|   0.000|   0.000|    0.000|   0.0|   0.0| -28.0|   0.0|    0.0| 0.000|   0.0|   0.000|   0.000|  0.00|   0.0|    0.0|    0.0|F2              |
|  0|10.00|    0.0|  1| 0.00| 0.00|   0.000|   0.000|    0.000|   0.0|   0.0| -26.0|   0.0|    0.0| 0.000|   0.0|   0.000|   0.000|  0.00|   0.0|    0.0|    0.0|F2              |
|  0|10.00|    0.0|  1| 0.00| 0.00|   0.000|   0.000|    0.000|   0.0|   0.0| -24.0|   0.0|    0.0| 0.000|   0.0|   0.000|   0.000|  0.00|   0.0|    0.0|    0.0|F2              |
|  0|10.00|    0.0|  1| 0.00| 0.00|   0.000|   0.000|    0.000|   0.0|   0.0| -22.0|   0.0|    0.0| 0.000|   0.0|   0.000|   0.000|  0.00|   0.0|    0.0|    0.0|F2              |
|  0|10.00|    0.0|  1| 9.00| 8.07| 108.211|  22.651| 2246.727| -49.3|   0.7| -50.0|  92.6| 2335.9| 0.000|   0.0| 133.172|  25.178|150.42|   0.0|    0.0|    0.0|F2              |
|   |     |       |  2| 8.07| 5.90|  56.910|  31.621| 4937.051| -48.4|   1.6| -87.4|  48.0| 5129.8| 0.000|   0.0|  80.392|  24.655|166.10|   0.0|    0.0|    0.0|F2F2            |
|  0|10.00|    0.0|  1| 9.00| 7.74| 107.747|  21.937| 2269.898| -47.3|   0.7| -48.0|  94.1| 2359.0| 0.000|   0.0| 133.505|  24.865|151.43|   0.0|    0.0|    0.0|F2              |
|   |     |       |  2| 7.74| 4.42|  52.471|  31.795| 5134.653| -46.2|   1.8| -85.9|  45.8| 5329.1| 0.000|   0.0|  78.237|  23.864|171.97|   0.0|    0.0|    0.0|F2F2            |
|  0|10.00|    0.0|  1| 9.00| 7.39| 107.248|  21.208| 2295.992| -45.3|   0.7| -46.0|  95.5| 2384.9| 0.000|   0.0| 133.866|  24.557|152.44|   0.0|    0.0|    0.0|F2              |
|   |     |       |  2| 7.39| 2.36|  47.653|  32.243| 5363.899| -44.1|   1.9| -84.5|  43.2| 5557.9| 0.000|   0.0|  76.152|  23.036|177.77|   0.0|    0.0|    0.0|F2F2            |
|  0|10.00|    0.0|  1| 9.00| 7.00| 106.703|  20.462| 2325.373| -43.2|   0.8| -44.0|  97.0| 2414.1| 0.000|   0.0| 134.253|  24.252|153.45|   0.0|    0.0|    0.0|F2              |
|  0|10.00|    0.0|  1| 9.00| 6.58| 106.097|  19.697| 2358.480| -41.2|   0.8| -42.0|  98.3| 2447.0| 0.000|   0.0| 134.672|  23.953|154.45|   0.0|    0.0|    0.0|F2              |
+---+-----+-------+---+-----+-----+--------+--------+---------+------+------+------+------+-------+------+------+--------+--------+------+------+-------+-------+----------------+
+---+-----+-------+---+-----+-----+--------+--------+---------+------+------+------+------+-------+------+------+--------+--------+------+------+-------+-------+----------------+
|0-x| fr  |  time |hop| d0  | d1  |   fi   |  teta  |   dist  |  at  |  dev |  a1  |  a2  |   p   |  df  |  l   |   fot  |   tot  |  rot | lsp  |   pf  |    s  |                |
+---+-----+-------+---+-----+-----+--------+--------+---------+------+------+------+------+-------+------+------+--------+--------+------+------+-------+-------+----------------+
|  0|10.00|    0.0|  1| 9.00| 6.11| 105.408|  18.911| 2395.985| -39.1|   0.9| -40.0|  99.6| 2484.2| 0.000|   0.0| 135.127|  23.661|155.45|   0.0|    0.0|    0.0|F2              |
|  0|10.00|    0.0|  1| 9.00| 5.59| 104.598|  18.100| 2438.837| -37.1|   0.9| -38.0| 100.8| 2526.7| 0.000|   0.0| 135.618|  23.376|156.43|   0.0|    0.0|    0.0|F2              |
|  0|10.00|    0.0|  1| 9.00| 5.01| 103.608|  17.259| 2488.562| -35.0|   1.0| -36.0| 101.8| 2576.0| 0.000|   0.0| 136.141|  23.098|157.41|   0.0|    0.0|    0.0|F2              |
|  0|10.00|    0.0|  1| 9.00| 4.34| 102.335|  16.382| 2547.689| -33.0|   1.0| -34.0| 102.5| 2634.7| 0.000|   0.0| 136.699|  22.828|158.37|   0.0|    0.0|    0.0|F2              |
|  0|10.00|    0.0|  1| 9.00| 3.54| 100.569|  15.460| 2621.123| -31.0|   1.0| -32.0| 102.6| 2707.5| 0.000|   0.0| 137.296|  22.568|159.32|   0.0|    0.0|    0.0|F2              |
|  0|10.00|    0.0|  1| 9.00| 2.49|  97.759|  14.468| 2721.798| -28.9|   1.1| -30.0| 101.7| 2807.6| 0.000|   0.0| 137.930|  22.317|160.25|   0.0|    0.0|    0.0|F2              |
|  0|10.00|    0.0|  1| 0.00| 0.00|   0.000|   0.000|    0.000|   0.0|   0.0| -28.0|   0.0|    0.0| 0.000|   0.0|   0.000|   0.000|  0.00|   0.0|    0.0|    0.0|F2              |
|  0|10.00|    0.0|  1| 0.00| 0.00|   0.000|   0.000|    0.000|   0.0|   0.0| -26.0|   0.0|    0.0| 0.000|   0.0|   0.000|   0.000|  0.00|   0.0|    0.0|    0.0|F2              |
|  0|10.00|    0.0|  1| 0.00| 0.00|   0.000|   0.000|    0.000|   0.0|   0.0| -24.0|   0.0|    0.0| 0.000|   0.0|   0.000|   0.000|  0.00|   0.0|    0.0|    0.0|F2              |
|  0|10.00|    0.0|  1| 0.00| 0.00|   0.000|   0.000|    0.000|   0.0|   0.0| -22.0|   0.0|    0.0| 0.000|   0.0|   0.000|   0.000|  0.00|   0.0|    0.0|    0.0|F2              |
+---+-----+-------+---+-----+-----+--------+--------+---------+------+------+------+------+-------+------+------+--------+--------+------+------+-------+-------+----------------+
  0.000  -50.000 -9999.000  4753.949 
  0.000  -48.000 -9999.000  4753.949 
  0.000  -46.000 -9999.000  4753.949 
  0.000  -44.000 -9999.000  4753.949 
  0.000  -42.000 -9999.000  4753.949 
  0.000  -40.000 -9999.000  4753.949 
  0.000  -38.000 -9999.000  4753.949 
  0.000  -36.000 -9999.000  4753.949 
  0.000  -34.000 -9999.000  4753.949 
  0.000  -32.000 -9999.000  4753.949 
  0.000  -30.000 -9999.000  4753.949 
  0.000  -28.000 -9999.000  4753.949 
  0.000  -26.000 -9999.000  4753.949 
  0.000  -24.000 -9999.000  4753.949 
  0.000  -22.000 -9999.000  4753.949 
  1.000  -50.000  4500.841 -9999.000 
  1.000  -48.000  4481.022 -9999.000 
  1.000  -46.000  4457.962 -9999.000 
  1.000  -44.000 -9999.000 -9999.000 
  1.000  -42.000 -9999.000 -9999.000 
  1.000  -40.000 -9999.000 -9999.000 
  1.000  -38.000 -9999.000 -9999.000 
  1.000  -36.000 -9999.000 -9999.000 
  1.000  -34.000 -9999.000 -9999.000 
  1.000  -32.000 -9999.000 -9999.000 
  1.000  -30.000 -9999.000 -9999.000 
  1.000  -28.000 -9999.000 -9999.000 
  1.000  -26.000 -9999.000 -9999.000 
  1.000  -24.000 -9999.000 -9999.000 
  1.000  -22.000 -9999.000 -9999.000 
  2.000  -50.000  4697.801  2726.622 
  2.000  -48.000  4686.603  2659.917 
  2.000  -46.000  4677.180  2562.515 
  2.000  -44.000  4669.295 -9999.000 
  2.000  -42.000  4662.759 -9999.000 
  2.000  -40.000  4657.141 -9999.000 
  2.000  -38.000  4651.942 -9999.000 
  2.000  -36.000  4646.144 -9999.000 
  2.000  -34.000  4637.780 -9999.000 
  2.000  -32.000  4621.533 -9999.000 
  2.000  -30.000 -9999.000 -9999.000 
  2.000  -28.000 -9999.000 -9999.000 
  2.000  -26.000 -9999.000 -9999.000 
  2.000  -24.000 -9999.000 -9999.000 
  2.000  -22.000 -9999.000 -9999.000 
  3.000  -50.000  4861.272  3061.247 
  3.000  -48.000  4851.957  3007.782 
  3.000  -46.000  4844.415  2934.612 
  3.000  -44.000  4838.705  2757.883 
  3.000  -42.000  4834.709 -9999.000 
  3.000  -40.000  4832.229 -9999.000 
  3.000  -38.000  4831.100 -9999.000 
  3.000  -36.000  4831.119 -9999.000 
  3.000  -34.000  4831.959 -9999.000 
  3.000  -32.000  4833.118 -9999.000 
  3.000  -30.000  4833.918 -9999.000 
  3.000  -28.000  4833.108 -9999.000 
  3.000  -26.000  4828.383 -9999.000 
  3.000  -24.000  4814.502 -9999.000 
  3.000  -22.000  4766.437 -9999.000 
  4.000  -50.000  4998.876  3334.555 
  4.000  -48.000  4989.988  3280.253 
  4.000  -46.000  4982.752  3196.663 
  4.000  -44.000  4977.096 -9999.000 
  4.000  -42.000  4972.919 -9999.000 
  4.000  -40.000  4970.148 -9999.000 
  4.000  -38.000  4968.585 -9999.000 
  4.000  -36.000  4967.995 -9999.000 
  4.000  -34.000  4968.068 -9999.000 
  4.000  -32.000  4968.316 -9999.000 
  4.000  -30.000  4968.114 -9999.000 
  4.000  -28.000  4966.390 -9999.000 
  4.000  -26.000  4961.409 -9999.000 
  4.000  -24.000  4949.750 -9999.000 
  4.000  -22.000  4922.914 -9999.000 
  5.000  -50.000  5110.938  3546.197 
  5.000  -48.000  5101.259  3471.734 
  5.000  -46.000  5092.852  3247.384 
  5.000  -44.000  5085.542 -9999.000 
  5.000  -42.000  5079.168 -9999.000 
  5.000  -40.000  5073.462 -9999.000 
  5.000  -38.000  5068.113 -9999.000 
  5.000  -36.000  5062.606 -9999.000 
  5.000  -34.000  5056.174 -9999.000 
  5.000  -32.000  5047.514 -9999.000 
  5.000  -30.000  5034.170 -9999.000 
  5.000  -28.000  5010.686 -9999.000 
  5.000  -26.000  4960.692 -9999.000 
  5.000  -24.000  4767.808 -9999.000 
  5.000  -22.000 -9999.000 -9999.000 
  6.000  -50.000  5191.039  3652.697 
  6.000  -48.000  5177.595 -9999.000 
  6.000  -46.000  5164.221 -9999.000 
  6.000  -44.000  5150.352 -9999.000 
  6.000  -42.000  5135.044 -9999.000 
  6.000  -40.000  5116.604 -9999.000 
  6.000  -38.000  5091.552 -9999.000 
  6.000  -36.000  5050.920 -9999.000 
  6.000  -34.000  4957.919 -9999.000 
  6.000  -32.000 -9999.000 -9999.000 
  6.000  -30.000 -9999.000 -9999.000 
  6.000  -28.000 -9999.000 -9999.000 
  6.000  -26.000 -9999.000 -9999.000 
  6.000  -24.000 -9999.000 -9999.000 
  6.000  -22.000 -9999.000 -9999.000 
  7.000  -50.000  5189.484 -9999.000 
  7.000  -48.000  5138.590  1838.690 
  7.000  -46.000  5025.711 -9999.000 
  7.000  -44.000 -9999.000 -9999.000 
  7.000  -42.000 -9999.000 -9999.000 
  7.000  -40.000 -9999.000 -9999.000 
  7.000  -38.000 -9999.000 -9999.000 
  7.000  -36.000 -9999.000 -9999.000 
  7.000  -34.000 -9999.000 -9999.000 
  7.000  -32.000 -9999.000 -9999.000 
  7.000  -30.000 -9999.000 -9999.000 
  7.000  -28.000 -9999.000 -9999.000 
  7.000  -26.000 -9999.000 -9999.000 
  7.000  -24.000 -9999.000 -9999.000 
  7.000  -22.000 -9999.000 -9999.000 
  8.000  -50.000  4088.934  1006.840 
  8.000  -48.000  4067.475   659.454 
  8.000  -46.000  4041.940 -9999.000 
  8.000  -44.000  4012.443 -9999.000 
  8.000  -42.000  3978.196 -9999.000 
  8.000  -40.000  3937.045 -9999.000 
  8.000  -38.000  3883.703 -9999.000 
  8.000  -36.000  3801.256 -9999.000 
  8.000  -34.000 -9999.000 -9999.000 
  8.000  -32.000 -9999.000 -9999.000 
  8.000  -30.000 -9999.000 -9999.000 
  8.000  -28.000 -9999.000 -9999.000 
  8.000  -26.000 -9999.000 -9999.000 
  8.000  -24.000 -9999.000 -9999.000 
  8.000  -22.000 -9999.000 -9999.000 
  9.000  -50.000  4373.733  1684.366 
  9.000  -48.000  4348.441  1486.117 
  9.000  -46.000  4324.048  1284.876 
  9.000  -44.000  4300.404 -9999.000 
  9.000  -42.000  4277.321 -9999.000 
  9.000  -40.000  4254.436 -9999.000 
  9.000  -38.000  4231.182 -9999.000 
  9.000  -36.000  4206.528 -9999.000 
  9.000  -34.000  4178.653 -9999.000 
  9.000  -32.000  4143.836 -9999.000 
  9.000  -30.000  4091.834 -9999.000 
  9.000  -28.000 -9999.000 -9999.000 
  9.000  -26.000 -9999.000 -9999.000 
  9.000  -24.000 -9999.000 -9999.000 
  9.000  -22.000 -9999.000 -9999.000 *** IRI parameters are being calculated ***
Ne, foF2: URSI model is used.
Ne, foF1: probability function used.
Ne, D: IRI-90
Ion Com.: DS-78 & DY-85
Te: Aeros/ISIS model
 Date is outside range of F10.7D indices file.
 *NE* HST IS NOT EVALUATED BY THE FUNCTION XE3
      CORR.: LIN. APP. BETWEEN HZ=167.7 AND HEF=117.6
 *NE* HST IS NOT EVALUATED BY THE FUNCTION XE3
      CORR.: LIN. APP. BETWEEN HZ=166.4 AND HEF=118.4
 *NE* HST IS NOT EVALUATED BY THE FUNCTION XE3
      CORR.: LIN. APP. BETWEEN HZ=166.6 AND HEF=119.5
 *NE* HST IS NOT EVALUATED BY THE FUNCTION XE3
      CORR.: LIN. APP. BETWEEN HZ=167.2 AND HEF=120.9
 *NE* HST IS NOT EVALUATED BY THE FUNCTION XE3
      CORR.: LIN. APP. BETWEEN HZ=169.4 AND HEF=116.9
 *NE* HST IS NOT EVALUATED BY THE FUNCTION XE3
      CORR.: LIN. APP. BETWEEN HZ=168.2 AND HEF=117.5
 *NE* HST IS NOT EVALUATED BY THE FUNCTION XE3
      CORR.: LIN. APP. BETWEEN HZ=168.1 AND HEF=118.3
 *NE* HST IS NOT EVALUATED BY THE FUNCTION XE3
      CORR.: LIN. APP. BETWEEN HZ=171.6 AND HEF=116.2
 *NE* HST IS NOT EVALUATED BY THE FUNCTION XE3
      CORR.: LIN. APP. BETWEEN HZ=170.5 AND HEF=116.6
 *NE* HST IS NOT EVALUATED BY THE FUNCTION XE3
      CORR.: LIN. APP. BETWEEN HZ=169.7 AND HEF=117.2
 *NE* HST IS NOT EVALUATED BY THE FUNCTION XE3
      CORR.: LIN. APP. BETWEEN HZ=174.2 AND HEF=115.6
 *NE* HST IS NOT EVALUATED BY THE FUNCTION XE3
      CORR.: LIN. APP. BETWEEN HZ=173.1 AND HEF=115.9
 *NE* HST IS NOT EVALUATED BY THE FUNCTION XE3
      CORR.: LIN. APP. BETWEEN HZ=171.3 AND HEF=116.4
 *NE* HST IS NOT EVALUATED BY THE FUNCTION XE3
      CORR.: LIN. APP. BETWEEN HZ=176.1 AND HEF=115.4
 *NE* HST IS NOT EVALUATED BY THE FUNCTION XE3
      CORR.: LIN. APP. BETWEEN HZ=179.6 AND HEF=115.0
 *NE* HST IS NOT EVALUATED BY THE FUNCTION XE3
      CORR.: LIN. APP. BETWEEN HZ=169.9 AND HEF=116.9
 *NE* HST IS NOT EVALUATED BY THE FUNCTION XE3
      CORR.: LIN. APP. BETWEEN HZ=168.2 AND HEF=117.6
 *NE* HST IS NOT EVALUATED BY THE FUNCTION XE3
      CORR.: LIN. APP. BETWEEN HZ=167.7 AND HEF=118.4
 *NE* HST IS NOT EVALUATED BY THE FUNCTION XE3
      CORR.: LIN. APP. BETWEEN HZ=167.4 AND HEF=119.5
 *NE* HST IS NOT EVALUATED BY THE FUNCTION XE3
      CORR.: LIN. APP. BETWEEN HZ=171.8 AND HEF=116.3
 *NE* HST IS NOT EVALUATED BY THE FUNCTION XE3
      CORR.: LIN. APP. BETWEEN HZ=170.3 AND HEF=116.8
 *NE* HST IS NOT EVALUATED BY THE FUNCTION XE3
      CORR.: LIN. APP. BETWEEN HZ=169.4 AND HEF=117.4
 *NE* HST IS NOT EVALUATED BY THE FUNCTION XE3
      CORR.: LIN. APP. BETWEEN HZ=174.2 AND HEF=115.7
 *NE* HST IS NOT EVALUATED BY THE FUNCTION XE3
      CORR.: LIN. APP. BETWEEN HZ=172.7 AND HEF=116.1
 *NE* HST IS NOT EVALUATED BY THE FUNCTION XE3
      CORR.: LIN. APP. BETWEEN HZ=171.1 AND HEF=116.6
 *NE* HST IS NOT EVALUATED BY THE FUNCTION XE3
      CORR.: LIN. APP. BETWEEN HZ=175.3 AND HEF=115.5
 *NE* HST IS NOT EVALUATED BY THE FUNCTION XE3
      CORR.: LIN. APP. BETWEEN HZ=178.3 AND HEF=115.1
 *NE* HST IS NOT EVALUATED BY THE FUNCTION XE3
      CORR.: LIN. APP. BETWEEN HZ=187.7 AND HEF=150.9
 *NE* HST IS NOT EVALUATED BY THE FUNCTION XE3
      CORR.: LIN. APP. BETWEEN HZ=182.5 AND HEF=146.2
 *NE* HST IS NOT EVALUATED BY THE FUNCTION XE3
      CORR.: LIN. APP. BETWEEN HZ=178.8 AND HEF=143.0
