 5.065  0 39.43 35.80 1143.86   23.56  0.43  23.2 F2F2            
 5.105  0 44.24 41.35  955.51   24.42  0.43  26.1 F2F2            
 5.144  0 42.21 39.12 1024.49   23.40  0.43  25.3 F2F2            
 6.058  0 43.13 40.54 1002.21   22.08  0.43  31.5 F2F2            
 6.137  0 45.42 43.00  937.16   19.37  0.43  32.3 F2F2            
 6.177  0 40.70 37.97 1083.44   18.79  0.43  31.3 F2F2            
 6.256  0 46.56 44.25  909.89   15.85  0.43  33.0 F2F2            
 6.415  0 43.78 41.27  996.72   21.90  0.43  33.0 F2F2            
 6.455  0 46.99 44.63  909.46   21.58  0.43  33.6 F2F2            
 6.495  0 45.33 42.90  955.99   20.46  0.43  33.5 F2F2            
 6.534  0 38.60 35.73 1170.91   23.58  0.43  32.2 F2F2            
 6.574  0 40.90 38.22 1092.94   22.05  0.43  32.9 F2F2            
 6.654  0 44.50 42.04  987.09   19.66  0.43  33.8 F2F2            
 6.693  0 46.21 43.81  942.51   20.29  0.43  34.2 F2F2            
 6.733  0 43.76 41.25 1012.75   20.93  0.43  33.9 F2F2            
 6.972  0 39.00 36.20 1175.70   21.83  0.43  33.7 F2F2            
 7.567  0 51.00 48.43  893.68   21.04  0.43  35.8 F2F2            
 7.607  0 45.86 43.24 1015.87   21.49  0.43  35.8 F2F2            
 7.726  0 44.52 41.82 1060.77   22.44  0.43  35.9 F2F2            
 7.806  0 45.10 42.38 1053.32   22.75  0.43  36.1 F2F2            
 7.885  0 47.58 44.83 1003.16   21.64  0.43  36.2 F2F2            
 7.925  0 43.91 41.15 1094.36   18.60  0.43  36.2 F2F2            
 8.004  0 44.30 41.48 1093.16   22.34  0.43  36.3 F2F2            
 8.084  0 44.54 41.69 1095.72   20.98  0.43  36.4 F2F2            
 8.084  0 27.25 23.98 1774.82   49.87  0.43  33.6 F2F2            
 8.084  0 46.81 43.94 1044.41   20.74  0.43  36.4 F2F2            
 8.163  0 51.46 48.21  986.41   19.16  0.43  37.0 F2F2            
 8.163  0 47.03 44.11 1050.76   18.20  0.43  36.5 F2F2            
 8.163  0 44.90 42.08 1094.89   14.01  0.43  36.5 F2F2            
 8.163  0 48.12 45.19 1029.84   15.29  0.43  36.5 F2F2            
 8.163  0 52.50 49.06  983.94   18.25  0.43  38.4 F2F2            
 8.163  0 46.81 43.89 1055.23   18.88  0.43  36.5 F2F2            
 8.203  0 47.36 44.40 1050.52   17.63  0.43  36.6 F2F2            
 8.203  0 51.17 47.87 1000.30   18.28  0.43  37.2 F2F2            
 8.203  0 49.42 46.33 1017.44   17.51  0.43  36.7 F2F2            
 8.203  0 46.50 43.55 1067.31   19.56  0.43  36.6 F2F2            
 8.243  0 47.56 44.55 1053.61   17.44  0.43  36.6 F2F2            
 8.243  0 48.72 45.64 1035.34   16.90  0.43  36.7 F2F2            
 8.243  0 46.80 43.80 1067.58   19.77  0.43  36.6 F2F2            
 8.282  0 47.25 44.22 1065.69   16.45  0.43  36.7 F2F2            
 8.282  0 45.92 42.90 1090.86   22.49  0.43  36.7 F2F2            
 8.282  0 46.73 43.70 1075.24   19.18  0.43  36.7 F2F2            
 8.322  0 49.01 45.79 1050.04   15.74  0.43  37.1 F2F2            
