12.12.2023 09:00:14.625  15.69000000  15689.99684   0.00  -58.6   59.4  28.0 18.10  288.7  1175.4  288.72   49.65   24.24  2627.9  288.88   49.56    4.02      0.0   0.00    0.00    0.00    5.1     32414.625      5.50   47.24000   39.71000                   
12.12.2023 09:01:07.628  15.69000000  15689.99599   0.00 -112.3   21.7  28.0  8.59  284.2  2161.8  284.36   48.49   10.70     0.0    0.00    0.00    0.00      0.0   0.00    0.00    0.00   10.6     32467.628      5.50   47.24000   39.71000                   
12.12.2023 09:01:07.628  15.69000000  15689.99696   0.00  -67.5   66.5  28.0 18.83  289.9  1138.6  289.91   49.82   24.80  2530.3  290.05   50.13    5.28      0.0   0.00    0.00    0.00    2.6     32467.628      5.50   47.24000   39.71000                   
12.12.2023 09:01:50.026  15.69000000  15689.99745   0.00  -92.9   29.1  28.0 34.88  277.7   726.1  277.57   47.74   30.16  1509.4  277.62   47.33   19.74   2393.5 277.94   45.88    8.35    2.8     32510.026      5.50   47.24000   39.71000  F2F2F2           
12.12.2023 09:01:50.026  15.69000000  15689.99696   0.00  -58.5   63.5  28.0 17.65  288.5  1195.6  288.52   49.64   23.96  2674.8  288.68   49.42    3.40      0.0   0.00    0.00    0.00    3.1     32510.026      5.50   47.24000   39.71000                   
12.12.2023 09:02:32.390  15.69000000  15689.99696   0.00  -61.0   61.0  28.0 18.33  288.5  1160.0  288.51   49.60   24.45  2575.3  288.66   49.54    4.76      0.0   0.00    0.00    0.00    3.9     32552.390      5.50   47.24000   39.71000                   
12.12.2023 09:03:14.941  15.69000000  15689.99732   0.00  -90.6   33.4  28.0 24.24  298.0   937.9  297.95   50.66   28.02  2023.4  298.03   52.89   12.62   3451.2 298.31   52.69   -8.69    3.1     32594.941      5.50   47.24000   39.71000  F2F2F2           
12.12.2023 09:03:14.941  15.69000000  15689.99684   0.00  -65.7   58.3  28.0 18.07  287.5  1171.6  287.52   49.43   24.26  2598.5  287.67   49.12    4.54      0.0   0.00    0.00    0.00    5.2     32594.941      5.50   47.24000   39.71000                   
12.12.2023 09:04:07.996  15.69000000  15690.00316   0.00 -110.0   20.0  28.0 18.06  288.5  1170.5  288.51   49.61   24.30  2596.9  288.66   49.51    4.47      0.0   0.00    0.00    0.00    3.7     32647.996      5.50   47.24000   39.71000                   
12.12.2023 09:04:07.996  15.69000000  15689.99964   0.00 -109.8   20.2  28.0 18.34  288.5  1156.8  288.51   49.60   24.49  2560.1  288.66   49.56    4.97      0.0   0.00    0.00    0.00    3.1     32647.996      5.50   47.24000   39.71000                   
12.12.2023 09:04:07.996  15.69000000  15689.99988   0.00 -109.7   20.3  28.0 18.32  288.2  1157.8  288.21   49.54   24.47  2561.3  288.36   49.44    4.98      0.0   0.00    0.00    0.00    3.0     32647.996      5.50   47.24000   39.71000                   
12.12.2023 09:04:07.996  15.69000000  15689.99392   0.00 -109.6   20.4  28.0 17.97  287.7  1175.1  287.72   49.47   24.22  2605.4  287.87   49.19    4.42      0.0   0.00    0.00    0.00    2.8     32647.996      5.50   47.24000   39.71000                   
12.12.2023 09:04:07.996  15.69000000  15690.00255   0.00 -109.5   20.5  28.0 17.38  288.5  1205.4  288.52   49.65   23.82  2691.7  288.68   49.39    3.17      0.0   0.00    0.00    0.00    2.8     32647.996      5.50   47.24000   39.71000                   
12.12.2023 09:04:07.996  15.69000000  15689.99124   0.00 -109.4   20.6  28.0 18.38  288.5  1154.9  288.51   49.59   24.52  2555.0  288.66   49.56    5.04      0.0   0.00    0.00    0.00    2.7     32647.996      5.50   47.24000   39.71000                   
12.12.2023 09:04:07.996  15.69000000  15689.99428   0.00 -109.3   20.7  28.0 18.43  288.8  1152.4  288.81   49.65   24.56  2549.9  288.95   49.68    5.09      0.0   0.00    0.00    0.00    2.8     32647.996      5.50   47.24000   39.71000                   
12.12.2023 09:04:07.996  15.69000000  15689.99927   0.00 -108.4   21.6  28.0 18.12  288.3  1167.5  288.31   49.57   24.34  2588.0  288.46   49.45    4.61      0.0   0.00    0.00    0.00    3.3     32647.996      5.50   47.24000   39.71000                   
12.12.2023 09:04:07.996  15.69000000  15689.99453   0.00 -108.0   22.0  28.0 18.16  288.7  1165.5  288.71   49.64   24.38  2584.4  288.86   49.61    4.62      0.0   0.00    0.00    0.00    4.5     32647.996      5.50   47.24000   39.71000                   
12.12.2023 09:04:07.996  15.69000000  15689.99903   0.00 -107.8   22.2  28.0 18.09  288.8  1169.0  288.81   49.66   24.34  2594.4  288.96   49.63    4.48      0.0   0.00    0.00    0.00    3.2     32647.996      5.50   47.24000   39.71000                   
12.12.2023 09:04:07.996  15.69000000  15689.99477   0.00 -107.3   22.7  28.0 18.99  288.1  1126.6  288.11   49.49   24.89  2478.3  288.25   49.50    6.13   4192.5 288.63   45.55  -16.04    3.7     32647.996      5.50   47.24000   39.71000  F2F2F2           
12.12.2023 09:04:07.996  15.69000000  15689.99842   0.00 -106.7   23.3  28.0 18.62  288.3  1143.5  288.31   49.55   24.67  2523.9  288.45   49.52    5.49      0.0   0.00    0.00    0.00    4.3     32647.996      5.50   47.24000   39.71000                   
12.12.2023 09:04:07.996  15.69000000  15689.99866   0.00 -106.3   23.7  28.0 18.37  288.9  1155.3  288.91   49.67   24.53  2558.0  289.06   49.71    4.97      0.0   0.00    0.00    0.00    4.2     32647.996      5.50   47.24000   39.71000                   
12.12.2023 09:04:07.996  15.69000000  15689.99514   0.00 -105.2   24.8  28.0 18.00  288.1  1173.5  288.11   49.54   24.25  2603.0  288.27   49.35    4.42      0.0   0.00    0.00    0.00    2.8     32647.996      5.50   47.24000   39.71000                   
12.12.2023 09:04:07.996  15.69000000  15689.99574   0.00 -102.9   27.1  28.0 19.01  288.1  1125.7  288.11   49.49   24.91  2475.9  288.25   49.50    6.16   4188.2 288.63   45.56  -15.99    3.2     32647.996      5.50   47.24000   39.71000  F2F2F2           
12.12.2023 09:04:07.996  15.69000000  15689.99611   0.00 -102.0   28.0  28.0 16.01  291.4  1283.7  291.43   50.30   22.85  2931.2  291.60   50.28   -0.44      0.0   0.00    0.00    0.00    6.8     32647.996      5.50   47.24000   39.71000                   
12.12.2023 09:04:07.996  15.69000000  15689.99781   0.00 -101.6   28.4  28.0 21.90  287.9  1011.8  287.88   49.32   26.46  2182.7  288.00   49.68   10.22   3643.4 288.34   47.17   -9.27    1.6     32647.996      5.50   47.24000   39.71000  F2F2F2           
12.12.2023 09:04:07.996  15.69000000  15689.99745   0.00  -92.3   37.7  28.0 30.90  284.4   786.0  284.30   48.57   29.43  1642.8  284.36   48.88   17.75   2642.3 284.66   47.87    4.28    2.5     32647.996      5.50   47.24000   39.71000  F2F2F2           
12.12.2023 09:04:07.996  15.69000000  15689.99696   0.00  -63.4   66.6  28.0 17.22  288.9  1213.9  288.92   49.73   23.72  2717.5  289.08   49.52    2.78      0.0   0.00    0.00    0.00    3.0     32647.996      5.50   47.24000   39.71000                   
12.12.2023 09:04:50.729  15.69000000  15689.99587   0.00 -112.6   21.4  28.0 22.67  274.6   987.4  274.59   47.24   26.71  2087.0  274.71   45.52   12.57   3323.1 275.07   41.82   -1.95   19.1     32690.729      5.50   47.24000   39.71000  F2F2F2           
12.12.2023 09:04:50.729  15.69000000  15689.99660   0.00  -78.6   55.4  28.0 28.01  282.6   843.4  282.53   48.39   28.62  1768.8  282.60   48.34   16.08   2848.9 282.91   46.72    1.87   12.6     32690.729      5.50   47.24000   39.71000  F2F2F2           
12.12.2023 09:04:50.729  15.69000000  15689.99696   0.00  -67.8   66.2  28.0 15.64  287.2  1306.3  287.24   49.48   22.39  2959.7  287.42   48.40   -0.27      0.0   0.00    0.00    0.00    8.4     32690.729      5.50   47.24000   39.71000                   
12.12.2023 09:05:33.145  15.69000000  15689.99647   0.00  -78.0   54.0  28.0 27.71  285.0   849.1  284.93   48.71   28.59  1783.8  285.00   48.99   15.81   2888.8 285.30   47.64    0.98    1.8     32733.145      5.50   47.24000   39.71000  F2F2F2           
12.12.2023 09:05:33.145  15.69000000  15689.99696   0.00  -61.3   70.7  28.0 15.34  289.1  1324.1  289.14   49.89   22.20  3023.1  289.32   49.12   -1.40      0.0   0.00    0.00    0.00    2.9     32733.145      5.50   47.24000   39.71000                   
12.12.2023 09:06:15.638  15.69000000  15689.99660   0.00  -77.5   46.5  28.0 22.12  289.9  1001.5  289.88   49.62   26.68  2155.6  289.98   50.35   10.54   3611.0 290.30   48.26   -9.34    4.4     32775.638      5.50   47.24000   39.71000  F2F2F2           
12.12.2023 09:06:15.638  15.69000000  15689.99696   0.00  -64.2   59.8  28.0 18.52  289.7  1144.5  289.71   49.79   24.71  2524.2  289.84   50.05    5.38      0.0   0.00    0.00    0.00    0.8     32775.638      5.50   47.24000   39.71000                   
12.12.2023 09:07:08.618  15.69000000  15689.99793   0.00 -112.9   21.1  28.0 22.84  288.5   977.2  288.47   49.37   26.95  2089.4  288.57   49.92   11.50   3468.6 288.88   47.92   -7.18    7.6     32828.618      5.50   47.24000   39.71000  F2F2F2           
12.12.2023 09:07:08.618  15.69000000  15689.99599   0.00 -109.8   24.2  28.0 27.22  270.5   862.0  270.43   46.77   28.45  1791.5  270.49   45.03   16.69   2810.2 270.77   41.93    4.79    3.4     32828.618      5.50   47.24000   39.71000  F2F2F2           
12.12.2023 09:07:08.618  15.69000000  15689.99684   0.00  -70.6   63.4  28.0 14.77  286.8  1361.1  286.84   49.43   21.63  3099.1  287.04   47.94   -2.04      0.0   0.00    0.00    0.00    6.6     32828.618      5.50   47.24000   39.71000                   
12.12.2023 09:07:51.161  15.69000000  15689.99696   0.00  -63.6   64.4  28.0 17.96  289.5  1168.7  289.51   49.79   24.36  2581.8  289.65   49.92    4.59      0.0   0.00    0.00    0.00    1.3     32871.161      5.50   47.24000   39.71000                   
12.12.2023 09:08:33.631  15.69000000  15689.99745   0.00  -94.6   27.4  28.0 20.74  291.1  1047.7  291.09   49.88   26.10  2268.0  291.19   50.72    8.93   3833.9 291.52   48.29  -12.52    2.7     32913.631      5.50   47.24000   39.71000  F2F2F2           
12.12.2023 09:08:33.631  15.69000000  15689.99696   0.00  -61.1   60.9  28.0 18.78  289.0  1128.9  289.00   49.65   24.89  2471.1  289.13   49.84    6.17   4184.9 289.49   46.06  -16.24    1.6     32913.631      5.50   47.24000   39.71000  F2F2F2           
12.12.2023 09:09:16.424  15.69000000  15689.99757   0.00  -98.5   35.5  28.0 31.00  297.1   779.4  296.99   50.06   30.06  1631.3  297.04   52.08   18.28   2671.0 297.29   52.91    2.95    1.9     32956.424      5.50   47.24000   39.71000  F2F2F2           
12.12.2023 09:09:16.424  15.69000000  15689.99696   0.00  -66.1   67.9  28.0 20.76  288.9  1046.4  288.89   49.53   26.02  2256.1  288.99   49.97    9.16   3779.0 289.32   47.28  -11.23    3.2     32956.424      5.50   47.24000   39.71000  F2F2F2           
12.12.2023 09:10:09.625  15.69000000  15689.99781   0.00 -101.8   22.2  28.0 29.29  296.2   811.0  296.11   50.05   29.59  1700.2  296.16   51.96   17.22   2790.0 296.41   52.50    1.21    4.6     33009.625      5.50   47.24000   39.71000  F2F2F2           
12.12.2023 09:10:09.625  15.69000000  15689.99696   0.00  -60.6   63.4  28.0 18.41  288.9  1143.4  288.90   49.65   24.69  2502.9  289.03   49.77    5.73      0.0   0.00    0.00    0.00    3.6     33009.625      5.50   47.24000   39.71000                   
12.12.2023 09:10:52.266  15.69000000  15689.99635   0.00 -100.8   33.2  28.0 25.63  281.1   895.4  281.04   48.21   27.90  1873.4  281.10   47.82   14.75   3006.7 281.39   45.66    0.19    6.3     33052.266      5.50   47.24000   39.71000  F2F2F2           
12.12.2023 09:10:52.266  15.69000000  15689.99769   0.00  -98.3   35.7  28.0 29.41  297.1   808.0  297.01   50.15   29.68  1692.9  297.06   52.18   17.39   2779.1 297.31   52.88    1.34    2.4     33052.266      5.50   47.24000   39.71000  F2F2F2           
12.12.2023 09:10:52.266  15.69000000  15689.99696   0.00  -69.4   64.6  28.0 16.18  288.5  1258.9  288.52   49.70   23.08  2810.6  288.68   49.21    1.55      0.0   0.00    0.00    0.00    3.2     33052.266      5.50   47.24000   39.71000                   
12.12.2023 09:11:34.970  15.69000000  15690.00450   0.00 -103.6   20.4  28.0 18.80  288.8  1123.3  288.80   49.61   24.96  2444.8  288.92   49.78    6.54   4125.1 289.27   46.14  -15.45    1.9     33094.970      5.50   47.24000   39.71000  F2F2F2           
12.12.2023 09:11:34.970  15.69000000  15689.99124   0.00  -99.8   24.2  28.0 19.62  288.7  1088.1  288.69   49.55   25.44  2353.9  288.81   49.82    7.81   3953.6 289.14   46.64  -13.33    2.1     33094.970      5.50   47.24000   39.71000  F2F2F2           
12.12.2023 09:11:34.970  15.69000000  15689.99173   0.00  -98.6   25.4  28.0 19.49  288.8  1093.5  288.79   49.57   25.37  2368.0  288.91   49.85    7.61   3981.6 289.25   46.60  -13.71    2.1     33094.970      5.50   47.24000   39.71000  F2F2F2           
12.12.2023 09:11:34.970  15.69000000  15690.00243   0.00  -98.4   25.6  28.0 18.99  288.6  1115.0  288.60   49.56   25.07  2422.6  288.72   49.73    6.86   4080.3 289.06   46.18  -14.85    1.9     33094.970      5.50   47.24000   39.71000  F2F2F2           
12.12.2023 09:11:34.970  15.69000000  15690.00195   0.00  -97.4   26.6  28.0 19.07  288.8  1111.5  288.80   49.59   25.13  2414.2  288.92   49.81    6.97   4067.9 289.26   46.33  -14.76    2.1     33094.970      5.50   47.24000   39.71000  F2F2F2           
12.12.2023 09:11:34.970  15.69000000  15690.00012   0.00  -92.7   31.3  28.0 19.36  288.9  1099.0  288.90   49.60   25.30  2382.3  289.01   49.87    7.41   4009.9 289.35   46.57  -14.09    2.2     33094.970      5.50   47.24000   39.71000  F2F2F2           
12.12.2023 09:11:34.970  15.69000000  15689.99356   0.00  -92.6   31.4  28.0 19.05  288.8  1112.3  288.80   49.60   25.11  2416.4  288.92   49.81    6.94   4072.0 289.26   46.31  -14.81    2.2     33094.970      5.50   47.24000   39.71000  F2F2F2           
12.12.2023 09:11:34.970  15.69000000  15689.99623   0.00  -77.9   46.1  28.0 19.89  289.1  1077.1  289.09   49.60   25.61  2327.0  289.20   49.99    8.16   3909.3 289.53   46.99  -12.91    2.0     33094.970      5.50   47.24000   39.71000  F2F2F2           
12.12.2023 09:11:34.970  15.69000000  15689.99732   0.00  -72.1   51.9  28.0 24.55  289.4   921.9  289.35   49.41   27.74  1946.2  289.42   50.22   13.50   3198.3 289.70   48.94   -3.80    3.2     33094.970      5.50   47.24000   39.71000  F2F2F2           
12.12.2023 09:11:34.970  15.69000000  15689.99684   0.00  -57.0   67.0  28.0 18.78  288.7  1124.2  288.70   49.59   24.95  2446.9  288.82   49.74    6.52   4127.2 289.17   46.08  -15.45    2.0     33094.970      5.50   47.24000   39.71000  F2F2F2           
12.12.2023 09:12:49.549  15.69000000  15689.99623   0.00 -104.1   21.9  28.0 22.26  278.9   991.8  278.87   47.90   26.60  2088.9  278.95   46.85   12.09   3355.8 279.26   43.63   -3.46   19.6     33169.549      5.50   47.24000   39.71000  F2F2F2           
12.12.2023 09:12:49.549  15.69000000  15689.99696   0.00  -63.8   62.2  28.0 19.55  288.9  1089.2  288.89   49.58   25.44  2353.2  289.00   49.90    7.81   3952.4 289.33   46.75  -13.38    4.6     33169.549      5.50   47.24000   39.71000  F2F2F2           
12.12.2023 09:13:32.451  15.69000000  15689.99635   0.00 -100.3   25.7  28.0 26.89  290.4   860.8  290.33   49.44   28.61  1800.3  290.38   50.48   15.56   2931.2 290.63   49.85   -0.32   23.7     33212.451      5.50   47.24000   39.71000  F2F2F2           
12.12.2023 09:13:32.451  15.69000000  15689.99684   0.00  -63.2   62.8  28.0 18.99  288.3  1112.1  288.30   49.51   25.10  2407.4  288.41   49.63    7.09   4042.6 288.75   46.13  -14.29    1.7     33212.451      5.50   47.24000   39.71000  F2F2F2           
12.12.2023 09:14:15.187  15.69000000  15689.99793   0.00 -111.0   23.0  28.0 28.57  294.6   822.7  294.51   49.89   29.33  1716.6  294.56   51.56   16.89   2799.1 294.80   51.81    1.16    6.2     33255.187      5.50   47.24000   39.71000  F2F2F2           
12.12.2023 09:14:15.187  15.69000000  15689.99696   0.00  -70.6   63.4  28.0 16.90  289.5  1211.5  289.51   49.84   23.77  2672.6  289.65   49.81    3.34      0.0   0.00    0.00    0.00    3.6     33255.187      5.50   47.24000   39.71000                   
12.12.2023 09:14:58.010  15.69000000  15689.99708   0.00  -73.9   60.1  28.0 22.11  289.2   992.1  289.17   49.49   26.78  2105.3  289.25   50.13   11.26   3484.3 289.54   48.20   -7.53    2.0     33298.010      5.50   47.24000   39.71000  F2F2F2           
12.12.2023 09:14:58.010  15.69000000  15689.99684   0.00  -72.7   61.3  28.0 17.90  288.9  1159.7  288.91   49.67   24.47  2528.4  289.03   49.74    5.38      0.0   0.00    0.00    0.00    2.9     33298.010      5.50   47.24000   39.71000                   
12.12.2023 09:15:40.852  15.69000000  15689.99453   0.00 -112.2   21.8  28.0 41.28   38.6   664.2   38.95   51.78   45.88  1366.4   38.93   56.12   53.70   2189.4  38.46   60.54   65.04    5.5     33340.852      5.50   47.24000   39.71000  F2F2F2           
12.12.2023 09:15:40.852  15.69000000  15689.99891   0.00 -110.6   23.4  28.0 16.22  289.0  1246.8  289.02   49.79   23.27  2760.0  289.16   49.49    2.19      0.0   0.00    0.00    0.00    8.5     33340.852      5.50   47.24000   39.71000                   
12.12.2023 09:15:40.852  15.69000000  15689.99854   0.00 -107.3   26.7  28.0 18.15  290.5  1146.7  290.50   49.94   24.71  2497.0  290.62   50.37    5.71      0.0   0.00    0.00    0.00    7.0     33340.852      5.50   47.24000   39.71000                   
12.12.2023 09:15:40.852  15.69000000  15689.99818   0.00 -105.6   28.4  28.0 14.56  291.1  1354.7  291.14   50.33   21.85  3076.7  291.30   49.92   -2.41      0.0   0.00    0.00    0.00    7.5     33340.852      5.50   47.24000   39.71000                   
12.12.2023 09:15:40.852  15.69000000  15689.99562   0.00 -105.3   28.7  28.0 12.12  289.8  1570.5  289.87   50.24   18.78  3713.8  290.10   47.88  -10.61      0.0   0.00    0.00    0.00   14.1     33340.852      5.50   47.24000   39.71000                   
12.12.2023 09:15:40.852  15.69000000  15689.99611   0.00 -102.1   31.9  28.0 26.02   24.2   883.1   24.29   54.40   45.42  1909.1   24.20   62.20   54.86   3439.1  23.71   71.71   81.01   14.8     33340.852      5.50   47.24000   39.71000  F2F2F2           
12.12.2023 09:15:40.852  15.69000000  15689.99696   0.00  -70.8   63.2  28.0 20.35  290.8  1053.6  290.78   49.84   26.00  2258.6  290.88   50.62    9.07   3791.3 291.18   48.23  -11.88    1.9     33340.852      5.50   47.24000   39.71000  F2F2F2           
12.12.2023 09:16:23.700  15.69000000  15689.99720   0.00  -72.3   53.7  28.0 27.66  288.6   841.9  288.51   49.17   28.79  1749.2  288.55   49.97   16.26   2819.9 288.78   49.24    1.41    2.1     33383.700      5.50   47.24000   39.71000  F2F2F2           
12.12.2023 09:16:23.700  15.69000000  15689.99696   0.00  -64.4   61.6  28.0 16.85  289.4  1210.9  289.41   49.82   23.78  2660.5  289.54   49.78    3.52      0.0   0.00    0.00    0.00    1.2     33383.700      5.50   47.24000   39.71000                   
12.12.2023 09:17:06.497  15.69000000  15689.99732   0.00  -78.3   55.7  28.0 16.72  292.0  1216.3  292.01   50.32   23.82  2683.6  292.14   50.81    2.99      0.0   0.00    0.00    0.00   15.5     33426.497      5.50   47.24000   39.71000                   
12.12.2023 09:17:06.497  15.69000000  15689.99696   0.00  -67.7   66.3  28.0 20.56  288.4  1044.9  288.38   49.44   26.03  2225.8  288.47   49.81    9.61   3693.4 288.76   47.24  -10.01    1.8     33426.497      5.50   47.24000   39.71000  F2F2F2           
12.12.2023 09:17:49.279  15.69000000  15689.99732   0.00  -74.7   59.3  28.0 24.79  291.8   910.3  291.74   49.73   28.00  1906.6  291.80   50.93   14.07   3122.9 292.05   50.18   -3.15    5.3     33469.279      5.50   47.24000   39.71000  F2F2F2           
12.12.2023 09:17:49.279  15.69000000  15689.99696   0.00  -73.8   60.2  28.0 20.40  287.2  1050.6  287.18   49.25   25.91  2234.4  287.27   49.39    9.54   3692.2 287.56   46.62   -9.67    3.0     33469.279      5.50   47.24000   39.71000  F2F2F2           
12.12.2023 09:18:31.930  15.69000000  15689.99647   0.00  -97.6   24.4  28.0 24.13  283.5   929.7  283.44   48.57   27.47  1938.4  283.49   48.45   13.76   3118.9 283.74   46.40   -1.67    7.7     33511.930      5.50   47.24000   39.71000  F2F2F2           
12.12.2023 09:18:31.930  15.69000000  15689.99732   0.00  -76.0   46.0  28.0 24.53  288.0   917.6  287.94   49.21   27.75  1916.5  287.99   49.80   13.92   3111.7 288.24   48.45   -2.41    3.8     33511.930      5.50   47.24000   39.71000  F2F2F2           
12.12.2023 09:18:31.930  15.69000000  15689.99696   0.00  -60.2   61.8  28.0 18.36  289.3  1134.0  289.30   49.71   24.84  2447.2  289.41   49.96    6.48   4117.3 289.73   46.42  -15.51    2.0     33511.930      5.50   47.24000   39.71000  F2F2F2           
12.12.2023 09:19:14.653  15.69000000  15690.00061   0.00 -111.5   20.5  28.0 25.34  291.7   895.2  291.64   49.68   28.20  1867.7  291.69   50.88   14.62   3044.7 291.93   50.25   -2.05    6.4     33554.653      5.50   47.24000   39.71000  F2F2F2           
12.12.2023 09:19:14.653  15.69000000  15690.00122   0.00 -111.4   20.6  28.0 25.00  291.1   904.1  291.04   49.62   28.06  1887.5  291.09   50.71   14.33   3077.5 291.33   49.93   -2.42    5.6     33554.653      5.50   47.24000   39.71000  F2F2F2           
12.12.2023 09:19:14.653  15.69000000  15689.99380   0.00 -111.3   20.7  28.0 24.98  291.8   904.5  291.74   49.72   28.08  1889.4  291.80   50.92   14.32   3085.6 292.04   50.24   -2.63    5.5     33554.653      5.50   47.24000   39.71000  F2F2F2           
12.12.2023 09:19:14.653  15.69000000  15689.99319   0.00 -111.0   21.0  28.0 23.72  292.3   939.1  292.25   49.86   27.64  1971.2  292.32   51.10   13.16   3242.6 292.57   50.21   -4.87    6.5     33554.653      5.50   47.24000   39.71000  F2F2F2           
12.12.2023 09:19:14.653  15.69000000  15689.99623   0.00  -99.0   33.0  28.0 23.30  286.2   952.7  286.15   48.99   27.22  1993.5  286.21   49.23   12.90   3235.9 286.46   47.34   -3.69    7.4     33554.653      5.50   47.24000   39.71000  F2F2F2           
12.12.2023 09:19:14.653  15.69000000  15689.99587   0.00  -97.9   34.1  28.0 24.58  291.6   915.2  291.54   49.71   27.93  1914.0  291.60   50.87   13.96   3130.1 291.84   50.07   -3.22    5.3     33554.653      5.50   47.24000   39.71000  F2F2F2           
12.12.2023 09:19:14.653  15.69000000  15689.99684   0.00  -80.8   51.2  28.0 21.61  288.5  1005.9  288.47   49.41   26.56  2123.7  288.54   49.89   11.02   3495.9 288.81   47.81   -7.52    3.6     33554.653      5.50   47.24000   39.71000  F2F2F2           
12.12.2023 09:19:14.653  15.69000000  15689.99720   0.00  -73.9   58.1  28.0 24.86  288.8   908.2  288.74   49.31   27.90  1894.1  288.79   50.04   14.23   3074.1 289.03   48.89   -2.04    1.9     33554.653      5.50   47.24000   39.71000  F2F2F2           
12.12.2023 09:19:57.566  15.69000000  15689.99647   0.00  -89.3   38.7  28.0 27.68  291.7   839.5  291.61   49.57   28.96  1739.1  291.65   50.80   16.45   2806.5 291.87   50.56    1.28    4.3     33597.566      5.50   47.24000   39.71000  F2F2F2           
12.12.2023 09:19:57.566  15.69000000  15689.99684   0.00  -67.9   60.1  28.0 20.28  288.6  1053.0  288.58   49.49   25.92  2236.2  288.66   49.87    9.45   3704.9 288.95   47.30  -10.20    2.9     33597.566      5.50   47.24000   39.71000  F2F2F2           
12.12.2023 09:20:40.490  15.69000000  15689.99732   0.00  -78.4   51.6  28.0 27.01  289.2   854.6  289.11   49.27   28.65  1768.9  289.15   50.13   15.98   2845.1 289.36   49.44    1.00    3.4     33640.490      5.50   47.24000   39.71000  F2F2F2           
12.12.2023 09:20:40.490  15.69000000  15689.99696   0.00  -71.6   58.4  28.0 16.91  288.7  1202.0  288.71   49.68   23.88  2613.0  288.83   49.56    4.23      0.0   0.00    0.00    0.00    1.9     33640.490      5.50   47.24000   39.71000                   
12.12.2023 09:21:23.243  15.69000000  15689.99623   0.00  -96.6   33.4  28.0 27.96  296.3   832.2  296.22   50.13   29.31  1724.4  296.27   52.02   16.88   2797.7 296.50   52.53    1.09    1.9     33683.243      5.50   47.24000   39.71000  F2F2F2           
12.12.2023 09:21:23.243  15.69000000  15689.99696   0.00  -68.4   61.6  28.0 21.92  288.8   993.9  288.76   49.44   26.74  2088.9  288.83   50.00   11.50   3426.3 289.09   48.12   -6.68    2.0     33683.243      5.50   47.24000   39.71000  F2F2F2           
12.12.2023 09:22:05.957  15.69000000  15689.99684   0.00  -67.5   68.5  28.0 19.96  288.9  1063.4  288.88   49.55   25.79  2254.9  288.96   49.96    9.18   3736.0 289.24   47.36  -10.67    2.3     33725.957      5.50   47.24000   39.71000  F2F2F2           
12.12.2023 09:22:48.608  15.69000000  15689.99611   0.00 -102.3   31.7  28.0 28.08  295.1   829.2  295.02   49.97   29.28  1713.4  295.06   51.69   16.96   2767.0 295.28   52.03    1.60    5.4     33768.608      5.50   47.24000   39.71000  F2F2F2           
12.12.2023 09:22:48.608  15.69000000  15689.99732   0.00  -93.6   40.4  28.0 25.19  286.1   898.4  286.02   48.91   27.95  1859.9  286.05   49.25   14.74   2984.1 286.27   47.85   -0.41    4.3     33768.608      5.50   47.24000   39.71000  F2F2F2           
12.12.2023 09:22:48.608  15.69000000  15689.99696   0.00  -73.8   60.2  28.0 13.46  287.6  1428.2  287.64   49.64   20.72  3209.9  287.82   48.04   -3.62      0.0   0.00    0.00    0.00    2.0     33768.608      5.50   47.24000   39.71000                   
12.12.2023 09:23:31.394  15.69000000  15689.99805   0.00 -114.3   21.7  28.0 11.97  312.8  1553.3  312.86   55.52   21.60  4035.5  313.08   60.05  -20.18      0.0   0.00    0.00    0.00   11.6     33811.394      5.50   47.24000   39.71000                   
12.12.2023 09:23:31.394  15.69000000  15689.99660   0.00  -80.0   56.0  28.0 26.95  289.5   854.7  289.41   49.31   28.66  1763.2  289.44   50.21   16.07   2827.7 289.64   49.59    1.21    4.7     33811.394      5.50   47.24000   39.71000  F2F2F2           
12.12.2023 09:23:31.394  15.69000000  15689.99696   0.00  -76.3   59.7  28.0 15.18  290.1  1297.7  290.13   50.06   22.60  2863.0  290.26   49.80    0.66      0.0   0.00    0.00    0.00    1.9     33811.394      5.50   47.24000   39.71000                   
12.12.2023 09:24:14.049  15.69000000  15689.99684   0.00  -70.1   63.9  28.0 12.29  289.6  1527.8  289.66   50.16   19.38  3515.8  289.86   48.28   -8.01      0.0   0.00    0.00    0.00    2.1     33854.049      5.50   47.24000   39.71000                   
12.12.2023 09:24:56.721  15.69000000  15689.99793   0.00 -112.0   20.0  28.0 51.70  107.4     0.0    0.00    0.00    0.00  3515.8  289.86   48.28   -8.01      0.0   0.00    0.00    0.00   10.0     33896.721      5.50   47.24000   39.71000                   
12.12.2023 09:24:56.721  15.69000000  15689.99647   0.00  -73.6   58.4  28.0 27.26  289.4   847.1  289.31   49.28   28.75  1743.3  289.33   50.18   16.35   2787.5 289.52   49.60    1.77    2.4     33896.721      5.50   47.24000   39.71000  F2F2F2           
12.12.2023 09:24:56.721  15.69000000  15689.99696   0.00  -70.3   61.7  28.0 16.97  289.1  1193.2  289.11   49.75   24.01  2572.4  289.22   49.76    4.76      0.0   0.00    0.00    0.00    2.6     33896.721      5.50   47.24000   39.71000                   
12.12.2023 09:25:39.362  15.69000000  15689.99587   0.00 -105.1   28.9  28.0 25.81  287.0   881.2  286.91   49.02   28.21  1815.7  286.93   49.52   15.34   2902.2 287.13   48.39    0.53    4.6     33939.362      5.50   47.24000   39.71000  F2F2F2           
12.12.2023 09:25:39.362  15.69000000  15689.99684   0.00  -72.6   61.4  28.0 19.50  290.0  1078.1  289.98   49.75   25.63  2281.1  290.07   50.32    8.77   3786.5 290.34   47.79  -11.60    2.2     33939.362      5.50   47.24000   39.71000  F2F2F2           
12.12.2023 09:26:22.214  15.69000000  15689.99635   0.00  -72.5   57.5  28.0 28.08  287.8   829.1  287.69   49.04   28.94  1699.5  287.69   49.73   16.95   2698.9 287.87   49.05    3.16    3.1     33982.214      5.50   47.24000   39.71000  F2F2F2           
12.12.2023 09:26:22.214  15.69000000  15689.99696   0.00  -70.4   59.6  28.0 17.54  289.0  1163.4  289.00   49.69   24.42  2489.1  289.10   49.81    5.92   4164.5 289.40   46.07  -15.97    0.7     33982.214      5.50   47.24000   39.71000  F2F2F2           
12.12.2023 09:27:15.470  15.69000000  15689.99562   0.00 -110.2   25.8  28.0 28.09  288.5   828.4  288.39   49.13   28.97  1696.7  288.39   49.92   16.99   2694.4 288.57   49.34    3.14    4.3     34035.470      5.50   47.24000   39.71000  F2F2F2           
12.12.2023 09:27:15.470  15.69000000  15689.99684   0.00  -75.7   60.3  28.0 12.92  287.7  1464.2  287.75   49.68   20.22  3286.7  287.92   47.91   -4.64      0.0   0.00    0.00    0.00    1.8     34035.470      5.50   47.24000   39.71000                   
12.12.2023 09:27:15.470  15.69000000  15689.99635   0.00  -73.8   62.2  28.0 26.15  289.5   871.7  289.42   49.34   28.43  1793.1  289.44   50.22   15.65   2870.0 289.63   49.52    0.63    3.4     34035.470      5.50   47.24000   39.71000  F2F2F2           
12.12.2023 09:27:58.121  15.69000000  15689.99635   0.00  -78.6   55.4  28.0 23.40  289.8   943.7  289.74   49.51   27.46  1954.6  289.79   50.33   13.38   3163.2 290.00   49.16   -3.39    5.0     34078.121      5.50   47.24000   39.71000  F2F2F2           
12.12.2023 09:27:58.121  15.69000000  15689.99696   0.00  -65.8   68.2  28.0 18.32  288.7  1125.9  288.69   49.59   24.92  2387.4  288.78   49.79    7.35   3963.4 289.06   46.56  -13.43    1.2     34078.121      5.50   47.24000   39.71000  F2F2F2           
12.12.2023 09:28:40.862  15.69000000  15689.99842   0.00 -113.2   20.8  28.0 18.08  304.4  1133.6  304.42   52.28   26.01  2450.0  304.55   55.62    6.63      0.0   0.00    0.00    0.00    0.9     34120.862      5.50   47.24000   39.71000                   
12.12.2023 09:28:40.862  15.69000000  15689.99696   0.00  -78.9   55.1  28.0 14.87  287.6  1310.8  287.62   49.57   22.34  2857.4  287.75   48.74    1.04      0.0   0.00    0.00    0.00    1.4     34120.862      5.50   47.24000   39.71000                   
12.12.2023 09:28:40.862  15.69000000  15689.99660   0.00  -78.2   55.8  28.0 25.72  289.8   881.4  289.72   49.40   28.31  1811.9  289.75   50.31   15.39   2901.1 289.94   49.60    0.17    3.8     34120.862      5.50   47.24000   39.71000  F2F2F2           
12.12.2023 09:29:23.555  15.69000000  15689.99623   0.00  -82.9   53.1  28.0 29.17  285.1   806.5  284.96   48.67   29.17  1643.4  284.93   49.02   17.73   2584.0 285.07   48.13    5.00    2.7     34163.555      5.50   47.24000   39.71000  F2F2F2           
12.12.2023 09:29:23.555  15.69000000  15689.99696   0.00  -74.3   61.7  28.0 19.97  288.7  1056.8  288.67   49.51   25.87  2213.9  288.74   49.91    9.76   3632.4 288.99   47.53   -9.30    1.3     34163.555      5.50   47.24000   39.71000  F2F2F2           
12.12.2023 09:30:06.036  15.69000000  15689.99635   0.00  -78.9   29.1  28.0 25.09  289.1   896.7  289.02   49.33   28.07  1842.3  289.05   50.11   14.95   2948.0 289.24   49.22   -0.38    2.5     34206.036      5.50   47.24000   39.71000  F2F2F2           
12.12.2023 09:30:06.036  15.69000000  15689.99684   0.00  -69.1   38.9  28.0 17.73  288.5  1150.4  288.49   49.59   24.58  2440.1  288.58   49.66    6.63   4053.2 288.86   46.16  -14.46    2.6     34206.036      5.50   47.24000   39.71000  F2F2F2           
12.12.2023 09:30:48.427  15.69000000  15689.99830   0.00 -107.3   20.7  28.0 17.28  287.5  1171.7  287.50   49.43   24.26  2487.3  287.59   49.24    6.06   4122.7 287.87   45.37  -14.96    3.6     34248.427      5.50   47.24000   39.71000  F2F2F2           
12.12.2023 09:30:48.427  15.69000000  15689.99514   0.00 -106.1   21.9  28.0 19.39  287.5  1079.0  287.48   49.33   25.53  2259.8  287.54   49.46    9.18   3699.8 287.79   46.71   -9.83    3.1     34248.427      5.50   47.24000   39.71000  F2F2F2           
12.12.2023 09:30:48.427  15.69000000  15689.99599   0.00  -97.8   30.2  28.0 23.74  286.2   933.6  286.13   48.97   27.47  1920.5  286.15   49.25   13.90   3069.4 286.34   47.69   -1.53    2.2     34248.427      5.50   47.24000   39.71000  F2F2F2           
12.12.2023 09:30:48.427  15.69000000  15689.99647   0.00  -76.2   51.8  28.0 25.31  288.6   891.2  288.52   49.25   28.13  1827.9  288.54   49.97   15.16   2917.0 288.72   49.05    0.11    3.8     34248.427      5.50   47.24000   39.71000  F2F2F2           
12.12.2023 09:30:48.427  15.69000000  15689.99684   0.00  -71.5   56.5  28.0 13.57  287.9  1402.8  287.94   49.69   21.07  3094.5  288.09   48.42   -2.16      0.0   0.00    0.00    0.00    3.7     34248.427      5.50   47.24000   39.71000                   
12.12.2023 09:31:41.499  15.69000000  15690.00097   0.00 -108.0   20.0  28.0 19.47  286.8  1075.7  286.77   49.21   25.55  2247.4  286.84   49.23    9.39   3665.5 287.08   46.45   -9.21    2.2     34301.499      5.50   47.24000   39.71000  F2F2F2           
12.12.2023 09:31:41.499  15.69000000  15690.00134   0.00 -106.5   21.5  28.0 18.73  287.1  1105.8  287.08   49.29   25.15  2320.2  287.15   49.27    8.37   3803.2 287.41   46.19  -10.99    3.0     34301.499      5.50   47.24000   39.71000  F2F2F2           
12.12.2023 09:31:41.499  15.69000000  15689.99258   0.00 -105.3   22.7  28.0 19.02  287.2  1093.7  287.18   49.30   25.32  2291.3  287.25   49.33    8.76   3751.0 287.49   46.40  -10.38    2.5     34301.499      5.50   47.24000   39.71000  F2F2F2           
12.12.2023 09:31:41.499  15.69000000  15689.99611   0.00  -93.4   34.6  28.0 27.03  281.2   852.4  281.07   48.20   28.49  1736.2  281.03   47.94   16.58   2722.2 281.15   46.30    3.76    1.4     34301.499      5.50   47.24000   39.71000  F2F2F2           
12.12.2023 09:31:41.499  15.69000000  15689.99660   0.00  -80.7   47.3  28.0 24.47  287.6   913.1  287.52   49.14   27.80  1873.6  287.54   49.68   14.52   2990.5 287.72   48.47   -0.73    1.7     34301.499      5.50   47.24000   39.71000  F2F2F2           
12.12.2023 09:31:41.499  15.69000000  15689.99696   0.00  -69.5   58.5  28.0 18.58  287.3  1112.2  287.28   49.33   25.07  2336.0  287.36   49.32    8.14   3835.1 287.61   46.20  -11.44    2.7     34301.499      5.50   47.24000   39.71000  F2F2F2           
12.12.2023 09:32:24.125  15.69000000  15689.99769   0.00 -103.8   20.2  28.0 24.47  294.4   911.5  294.35   50.09   28.13  1875.5  294.40   51.67   14.60   3028.7 294.61   51.49   -2.13    2.3     34344.125      5.50   47.24000   39.71000  F2F2F2           
12.12.2023 09:32:24.125  15.69000000  15689.99732   0.00  -96.8   27.2  28.0 16.61  295.5  1201.8  295.52   50.94   24.23  2582.7  295.63   52.27    4.29      0.0   0.00    0.00    0.00    2.6     34344.125      5.50   47.24000   39.71000                   
12.12.2023 09:32:24.125  15.69000000  15689.99611   0.00  -96.4   27.6  28.0 28.20  278.8   827.9  278.64   47.88   28.80  1681.7  278.56   47.36   17.42   2620.9 278.66   45.58    5.42    6.7     34344.125      5.50   47.24000   39.71000  F2F2F2           
12.12.2023 09:32:24.125  15.69000000  15689.99684   0.00  -65.9   58.1  28.0 17.60  289.0  1154.9  289.00   49.68   24.54  2442.6  289.08   49.85    6.56   4054.7 289.35   46.42  -14.63    2.4     34344.125      5.50   47.24000   39.71000  F2F2F2           
12.12.2023 09:33:06.684  15.69000000  15690.00815   0.00 -107.8   20.2  28.0 21.61  289.8   997.1  289.76   49.59   26.73  2063.1  289.81   50.32   11.85   3344.9 290.02   48.78   -5.81    4.3     34386.684      5.50   47.24000   39.71000  F2F2F2           
12.12.2023 09:33:06.684  15.69000000  15689.98565   0.00 -107.3   20.7  28.0 20.96  289.6  1019.0  289.56   49.60   26.42  2113.7  289.62   50.25   11.14   3437.6 289.84   48.47   -6.99    4.1     34386.684      5.50   47.24000   39.71000  F2F2F2           
12.12.2023 09:33:06.684  15.69000000  15690.00438   0.00 -107.2   20.8  28.0 21.15  289.8  1012.4  289.76   49.62   26.52  2098.7  289.82   50.32   11.35   3411.3 290.03   48.63   -6.68    4.8     34386.684      5.50   47.24000   39.71000  F2F2F2           
12.12.2023 09:33:06.684  15.69000000  15689.98942   0.00 -106.2   21.8  28.0 20.92  289.5  1020.5  289.46   49.58   26.40  2116.9  289.52   50.21   11.10   3442.8 289.74   48.40   -7.03    5.0     34386.684      5.50   47.24000   39.71000  F2F2F2           
12.12.2023 09:33:06.684  15.69000000  15690.00255   0.00 -105.6   22.4  28.0 21.30  289.8  1007.3  289.76   49.61   26.59  2086.9  289.81   50.32   11.51   3389.1 290.03   48.68   -6.39    4.8     34386.684      5.50   47.24000   39.71000  F2F2F2           
12.12.2023 09:33:06.684  15.69000000  15690.00061   0.00 -105.5   22.5  28.0 19.26  289.4  1082.7  289.38   49.66   25.54  2264.0  289.45   50.12    9.03   3718.4 289.69   47.65  -10.56    5.0     34386.684      5.50   47.24000   39.71000  F2F2F2           
12.12.2023 09:33:06.684  15.69000000  15689.99124   0.00 -105.0   23.0  28.0 21.04  289.6  1016.3  289.56   49.59   26.46  2107.3  289.62   50.25   11.23   3425.7 289.84   48.49   -6.83    4.9     34386.684      5.50   47.24000   39.71000  F2F2F2           
12.12.2023 09:33:06.684  15.69000000  15689.99307   0.00 -104.9   23.1  28.0 21.02  290.0  1016.8  289.96   49.66   26.47  2109.2  290.02   50.38   11.19   3432.6 290.24   48.68   -7.00    6.2     34386.684      5.50   47.24000   39.71000  F2F2F2           
12.12.2023 09:33:06.684  15.69000000  15690.00109   0.00 -104.4   23.6  28.0 21.21  290.2  1010.3  290.16   49.68   26.57  2094.3  290.22   50.45   11.40   3406.3 290.44   48.84   -6.70    5.7     34386.684      5.50   47.24000   39.71000  F2F2F2           
12.12.2023 09:33:06.684  15.69000000  15689.99270   0.00 -104.2   23.8  28.0 21.10  290.2  1014.1  290.16   49.68   26.52  2103.1  290.22   50.45   11.28   3422.8 290.44   48.80   -6.92    4.9     34386.684      5.50   47.24000   39.71000  F2F2F2           
12.12.2023 09:33:06.684  15.69000000  15690.00328   0.00 -104.1   23.9  28.0 21.28  289.7  1008.1  289.66   49.59   26.58  2088.4  289.71   50.29   11.49   3391.1 289.93   48.62   -6.40    4.7     34386.684      5.50   47.24000   39.71000  F2F2F2           
12.12.2023 09:33:06.684  15.69000000  15689.99052   0.00 -103.4   24.6  28.0 20.25  289.5  1044.5  289.47   49.62   26.07  2173.3  289.53   50.20   10.30   3548.3 289.76   48.15   -8.41    4.7     34386.684      5.50   47.24000   39.71000  F2F2F2           
12.12.2023 09:33:06.684  15.69000000  15690.00170   0.00 -101.4   26.6  28.0 20.84  289.8  1023.2  289.77   49.63   26.38  2123.8  289.82   50.31   10.99   3458.3 290.04   48.52   -7.30    4.7     34386.684      5.50   47.24000   39.71000  F2F2F2           
12.12.2023 09:33:06.684  15.69000000  15689.99210   0.00 -100.6   27.4  28.0 21.28  289.6  1008.1  289.56   49.58   26.57  2088.3  289.61   50.25   11.50   3390.2 289.83   48.58   -6.36    4.4     34386.684      5.50   47.24000   39.71000  F2F2F2           
12.12.2023 09:33:06.684  15.69000000  15689.99769   0.00  -99.5   28.5  28.0 24.75  287.4   905.6  287.32   49.10   27.89  1853.5  287.33   49.62   14.81   2948.7 287.50   48.46   -0.14    3.4     34386.684      5.50   47.24000   39.71000  F2F2F2           
12.12.2023 09:33:06.684  15.69000000  15689.99939   0.00  -98.4   29.6  28.0 21.08  289.5  1014.9  289.46   49.57   26.48  2104.1  289.52   50.22   11.28   3418.9 289.73   48.46   -6.72    4.8     34386.684      5.50   47.24000   39.71000  F2F2F2           
12.12.2023 09:33:06.684  15.69000000  15689.99854   0.00  -98.2   29.8  28.0 20.96  289.8  1019.0  289.76   49.63   26.43  2113.9  289.82   50.31   11.13   3439.7 290.04   48.56   -7.06    4.6     34386.684      5.50   47.24000   39.71000  F2F2F2           
12.12.2023 09:33:06.684  15.69000000  15689.99526   0.00  -97.8   30.2  28.0 21.37  289.6  1005.1  289.56   49.57   26.62  2081.2  289.61   50.26   11.59   3377.1 289.83   48.61   -6.19    4.8     34386.684      5.50   47.24000   39.71000  F2F2F2           
12.12.2023 09:33:06.684  15.69000000  15690.00000   0.00  -97.8   30.2  28.0 20.53  289.5  1034.3  289.47   49.60   26.21  2149.2  289.53   50.20   10.64   3503.2 289.75   48.26   -7.82    4.9     34386.684      5.50   47.24000   39.71000  F2F2F2           
12.12.2023 09:33:06.684  15.69000000  15689.99441   0.00  -97.2   30.8  28.0 21.65  289.6   995.8  289.56   49.56   26.74  2059.9  289.61   50.26   11.89   3337.5 289.82   48.69   -5.67    4.5     34386.684      5.50   47.24000   39.71000  F2F2F2           
12.12.2023 09:33:06.684  15.69000000  15689.99380   0.00  -96.7   31.3  28.0 21.41  289.8  1003.6  289.76   49.60   26.64  2078.3  289.81   50.32   11.63   3373.2 290.03   48.71   -6.18    4.6     34386.684      5.50   47.24000   39.71000  F2F2F2           
12.12.2023 09:33:06.684  15.69000000  15689.99635   0.00  -91.2   36.8  28.0 25.26  283.2   893.8  283.09   48.50   27.95  1824.5  283.08   48.43   15.31   2877.7 283.23   46.78    1.46    4.2     34386.684      5.50   47.24000   39.71000  F2F2F2           
12.12.2023 09:33:06.684  15.69000000  15689.99684   0.00  -65.7   62.3  28.0 20.51  289.5  1035.0  289.47   49.60   26.20  2150.9  289.53   50.20   10.62   3506.4 289.75   48.25   -7.86    4.3     34386.684      5.50   47.24000   39.71000  F2F2F2           
12.12.2023 09:33:49.390  15.69000000  15689.99635   0.00  -85.2   34.8  28.0 24.92  284.0   902.1  283.90   48.62   27.85  1841.8  283.89   48.64   15.05   2909.3 284.04   47.05    0.92    2.7     34429.390      5.50   47.24000   39.71000  F2F2F2           
12.12.2023 09:33:49.390  15.69000000  15689.99684   0.00  -62.5   57.5  28.0 18.36  288.9  1120.0  288.89   49.62   25.01  2350.3  288.96   49.88    7.85   3872.3 289.21   46.94  -12.36    2.1     34429.390      5.50   47.24000   39.71000  F2F2F2           
12.12.2023 09:34:42.503  15.69000000  15689.99769   0.00  -98.7   23.3  28.0 17.46  294.3  1158.6  294.31   50.63   24.75  2456.2  294.41   51.83    6.16   4144.9 294.68   49.12  -17.44    2.2     34482.503      5.50   47.24000   39.71000  F2F2F2           
12.12.2023 09:34:42.503  15.69000000  15689.99647   0.00  -86.0   36.0  28.0 26.42  282.8   865.6  282.67   48.42   28.33  1759.9  282.64   48.36   16.20   2760.6 282.76   46.86    3.02    1.3     34482.503      5.50   47.24000   39.71000  F2F2F2           
12.12.2023 09:34:42.503  15.69000000  15689.99696   0.00  -66.7   55.3  28.0 14.16  287.3  1353.2  287.33   49.53   21.75  2933.6  287.45   48.47    0.07      0.0   0.00    0.00    0.00    3.2     34482.503      5.50   47.24000   39.71000                   
12.12.2023 09:35:25.043  15.69000000  15689.99769   0.00 -102.1   29.9  28.0 20.45  297.3  1034.8  297.29   50.83   26.66  2156.8  297.38   52.81   10.61   3574.6 297.62   52.13  -10.37    7.7     34525.043      5.50   47.24000   39.71000  F2F2F2           
12.12.2023 09:35:25.043  15.69000000  15689.99696   0.00  -61.3   70.7  28.0 20.64  288.8  1029.8  288.76   49.48   26.25  2130.2  288.81   49.98   10.93   3452.2 289.02   48.03   -7.00    1.7     34525.043      5.50   47.24000   39.71000  F2F2F2           
12.12.2023 09:36:07.451  15.69000000  15689.99635   0.00  -91.2   32.8  28.0 28.35  275.7   826.2  275.51   47.47   28.83  1671.8  275.39   46.56   17.75   2588.2 275.44   44.45    6.37    2.1     34567.451      5.50   47.24000   39.71000  F2F2F2           
12.12.2023 09:36:07.451  15.69000000  15689.99720   0.00  -79.4   44.6  28.0 23.54  289.6   937.4  289.54   49.46   27.54  1919.1  289.56   50.26   13.88   3067.5 289.74   49.22   -2.06    6.3     34567.451      5.50   47.24000   39.71000  F2F2F2           
12.12.2023 09:36:07.451  15.69000000  15689.99684   0.00  -63.9   60.1  28.0 17.66  289.3  1149.9  289.29   49.73   24.62  2415.0  289.37   49.98    6.93   3989.8 289.63   46.79  -13.93    1.0     34567.451      5.50   47.24000   39.71000  F2F2F2           
12.12.2023 09:36:49.878  15.69000000  15689.99781   0.00 -109.3   24.7  28.0 22.05  297.6   980.3  297.58   50.73   27.42  2025.1  297.67   52.78   12.58   3312.5 297.89   52.68   -6.60    5.8     34609.878      5.50   47.24000   39.71000  F2F2F2           
12.12.2023 09:36:49.878  15.69000000  15689.99757   0.00 -103.0   31.0  28.0 22.58  296.2   964.1  296.17   50.48   27.54  1985.7  296.24   52.31   13.08   3227.8 296.46   52.10   -5.20    6.1     34609.878      5.50   47.24000   39.71000  F2F2F2           
12.12.2023 09:36:49.878  15.69000000  15689.99660   0.00  -84.4   49.6  28.0 28.71  279.7   817.2  279.52   47.99   28.95  1652.0  279.43   47.61   17.77   2564.3 279.49   46.04    5.99    4.0     34609.878      5.50   47.24000   39.71000  F2F2F2           
12.12.2023 09:37:42.862  15.69000000  15689.99684   0.00  -65.3   58.7  28.0 17.92  288.7  1137.4  288.69   49.61   24.77  2376.6  288.76   49.79    7.50   3902.6 289.00   46.73  -12.67    1.7     34662.862      5.50   47.24000   39.71000  F2F2F2           
12.12.2023 09:38:25.256  15.69000000  15689.99757   0.00  -97.4   30.6  28.0 19.66  294.2  1063.5  294.19   50.41   26.05  2208.3  294.27   51.79    9.77   3634.2 294.50   50.38  -10.59    2.8     34705.256      5.50   47.24000   39.71000  F2F2F2           
12.12.2023 09:38:25.256  15.69000000  15689.99684   0.00  -67.7   60.3  28.0 18.57  289.3  1108.6  289.28   49.67   25.18  2305.8  289.35   50.06    8.45   3773.1 289.58   47.43  -11.22    1.2     34705.256      5.50   47.24000   39.71000  F2F2F2           
12.12.2023 09:39:08.117  15.69000000  15689.99635   0.00 -102.9   29.1  28.0 22.42  281.1   973.1  281.01   48.23   26.86  1983.8  281.00   47.65   13.30   3124.5 281.14   45.22   -1.19   10.9     34748.117      5.50   47.24000   39.71000  F2F2F2           
12.12.2023 09:39:08.117  15.69000000  15689.99732   0.00  -83.8   48.2  28.0 24.27  292.7   916.0  292.64   49.86   27.97  1867.3  292.68   51.16   14.65   2978.9 292.86   50.77   -1.24    5.1     34748.117      5.50   47.24000   39.71000  F2F2F2           
12.12.2023 09:39:08.117  15.69000000  15689.99696   0.00  -66.6   65.4  28.0 16.91  288.2  1184.1  288.20   49.57   24.11  2483.3  288.27   49.50    6.06   4090.6 288.53   45.84  -14.80    2.8     34748.117      5.50   47.24000   39.71000  F2F2F2           
12.12.2023 09:39:51.082  15.69000000  15689.99769   0.00 -103.3   20.7  28.0 23.26  294.9   943.5  294.86   50.24   27.73  1929.1  294.92   51.86   13.84   3101.4 295.12   51.63   -3.22    3.5     34791.082      5.50   47.24000   39.71000  F2F2F2           
12.12.2023 09:39:51.082  15.69000000  15689.99684   0.00  -65.3   58.7  28.0 17.07  289.7  1175.1  289.70   49.83   24.28  2462.1  289.78   50.09    6.25   4068.5 290.03   46.75  -15.02    1.2     34791.082      5.50   47.24000   39.71000  F2F2F2           
12.12.2023 09:40:44.365  15.69000000  15689.99793   0.00 -109.5   24.5  28.0 23.74  301.0   929.2  300.99   51.05   28.38  1903.2  301.09   53.63   14.66   3083.0 301.33   54.53   -3.42    1.6     34844.365      5.50   47.24000   39.71000  F2F2F2           
12.12.2023 09:40:44.365  15.69000000  15689.99745   0.00  -91.7   42.3  28.0 21.91  292.1   984.6  292.06   49.92   27.01  2015.5  292.11   51.05   12.52   3241.6 292.30   50.09   -4.82    1.3     34844.365      5.50   47.24000   39.71000  F2F2F2           
12.12.2023 09:40:44.365  15.69000000  15689.99684   0.00  -74.9   59.1  28.0 15.81  287.4  1241.0  287.40   49.47   23.30  2614.8  287.49   49.03    4.33      0.0   0.00    0.00    0.00    4.2     34844.365      5.50   47.24000   39.71000                   
12.12.2023 09:41:27.115  15.69000000  15689.99684   0.00  -58.7   59.3  28.0 17.75  288.8  1142.8  288.79   49.63   24.70  2375.2  288.85   49.82    7.51   3885.6 289.08   46.82  -12.48    1.8     34887.115      5.50   47.24000   39.71000  F2F2F2           
12.12.2023 09:42:09.973  15.69000000  15689.99611   0.00 -110.7   23.3  28.0 22.34  278.5   976.4  278.39   47.83   26.81  1982.6  278.36   46.85   13.52   3100.5 278.47   44.12   -0.31    3.6     34929.973      5.50   47.24000   39.71000  F2F2F2           
12.12.2023 09:42:09.973  15.69000000  15689.99684   0.00  -74.8   59.2  28.0 20.80  286.5  1022.9  286.45   49.11   26.27  2091.1  286.47   49.24   11.55   3337.5 286.64   47.17   -5.02   12.9     34929.973      5.50   47.24000   39.71000  F2F2F2           
12.12.2023 09:43:24.493  15.69000000  15689.99611   0.00 -110.9   21.1  28.0 15.76  282.6  1244.6  282.59   48.54   23.19  2597.6  282.66   47.17    5.12   4197.7 282.90   42.35  -14.04    5.1     35004.493      5.50   47.24000   39.71000  F2F2F2           
12.12.2023 09:43:24.493  15.69000000  15689.99720   0.00  -83.1   48.9  28.0 24.61  291.4   906.7  291.33   49.66   28.03  1835.7  291.35   50.77   15.07   2901.4 291.50   50.28   -0.01    7.3     35004.493      5.50   47.24000   39.71000  F2F2F2           
12.12.2023 09:43:24.493  15.69000000  15689.99684   0.00  -65.9   66.1  28.0 18.96  288.7  1090.4  288.67   49.55   25.41  2244.3  288.72   49.88    9.34   3631.6 288.93   47.50   -9.27    0.9     35004.493      5.50   47.24000   39.71000  F2F2F2           
12.12.2023 09:44:07.318  15.69000000  15689.99720   0.00  -81.6   44.4  28.0 21.24  289.9  1006.1  289.85   49.62   26.61  2051.5  289.89   50.35   12.01   3281.3 290.07   48.94   -4.97    1.5     35047.318      5.50   47.24000   39.71000  F2F2F2           
12.12.2023 09:44:07.318  15.69000000  15689.99684   0.00  -62.9   63.1  28.0 18.55  289.1  1106.7  289.08   49.64   25.20  2280.3  289.13   50.00    8.82   3699.9 289.34   47.52  -10.24    1.7     35047.318      5.50   47.24000   39.71000  F2F2F2           
12.12.2023 09:44:50.147  15.69000000  15689.99684   0.00  -61.8   62.2  28.0 18.47  288.4  1109.9  288.38   49.52   25.13  2284.1  288.43   49.75    8.80   3697.4 288.63   47.16  -10.02    1.2     35090.147      5.50   47.24000   39.71000  F2F2F2           
12.12.2023 09:45:32.822  15.69000000  15689.99611   0.00  -97.9   24.1  28.0 17.53  281.6  1154.6  281.56   48.35   24.40  2374.8  281.60   47.21    8.13   3789.6 281.79   43.33   -9.14    0.4     35132.822      5.50   47.24000   39.71000  F2F2F2           
12.12.2023 09:45:32.822  15.69000000  15689.99684   0.00  -60.0   62.0  28.0 18.52  288.4  1107.5  288.38   49.52   25.17  2276.2  288.43   49.75    8.91   3680.0 288.63   47.20   -9.80    1.7     35132.822      5.50   47.24000   39.71000  F2F2F2           
12.12.2023 09:46:15.517  15.69000000  15689.99745   0.00  -99.1   22.9  28.0 23.32  288.6   942.0  288.52   49.33   27.44  1903.7  288.53   49.96   14.10   3000.3 288.67   48.87   -1.00    4.7     35175.517      5.50   47.24000   39.71000  F2F2F2           
12.12.2023 09:46:15.517  15.69000000  15689.99684   0.00  -62.5   59.5  28.0 17.11  288.6  1169.5  288.59   49.63   24.32  2419.8  288.66   49.71    6.91   3948.6 288.88   46.51  -13.19    2.1     35175.517      5.50   47.24000   39.71000  F2F2F2           
12.12.2023 09:46:58.118  15.69000000  15689.99599   0.00 -104.1   23.9  28.0 25.07  293.6   893.9  293.53   49.94   28.32  1802.1  293.57   51.37   15.62   2839.1 293.73   51.32    0.66    6.6     35218.118      5.50   47.24000   39.71000  F2F2F2           
12.12.2023 09:46:58.118  15.69000000  15689.99720   0.00  -91.3   36.7  28.0 21.29  283.2  1006.4  283.12   48.57   26.42  2038.8  283.11   48.23   12.43   3208.7 283.24   45.92   -2.68    5.2     35218.118      5.50   47.24000   39.71000  F2F2F2           
12.12.2023 09:46:58.118  15.69000000  15689.99684   0.00  -67.6   60.4  28.0 18.11  287.7  1124.4  287.68   49.41   24.91  2309.3  287.72   49.48    8.49   3729.6 287.92   46.69  -10.23    3.5     35218.118      5.50   47.24000   39.71000  F2F2F2           
12.12.2023 09:47:40.742  15.69000000  15689.99574   0.00  -98.2   21.8  28.0 24.71  289.5   903.9  289.41   49.39   27.99  1819.1  289.41   50.21   15.28   2850.7 289.54   49.51    0.91    4.3     35260.742      5.50   47.24000   39.71000  F2F2F2           
12.12.2023 09:47:40.742  15.69000000  15689.99623   0.00  -94.3   25.7  28.0 25.17  288.7   892.6  288.60   49.26   28.11  1794.4  288.59   49.98   15.62   2804.7 288.70   49.23    1.63    4.0     35260.742      5.50   47.24000   39.71000  F2F2F2           
12.12.2023 09:47:40.742  15.69000000  15689.99684   0.00  -61.7   58.3  28.0 19.21  288.2  1078.8  288.17   49.45   25.55  2202.7  288.20   49.73    9.94   3534.1 288.38   47.49   -7.90    2.0     35260.742      5.50   47.24000   39.71000  F2F2F2           
12.12.2023 09:48:23.342  15.69000000  15689.99562   0.00  -98.9   21.1  28.0 23.31  288.3   942.0  288.22   49.28   27.43  1898.4  288.22   49.87   14.17   2983.0 288.35   48.76   -0.72    4.5     35303.342      5.50   47.24000   39.71000  F2F2F2           
12.12.2023 09:48:23.342  15.69000000  15689.99623   0.00  -96.6   23.4  28.0 28.28  293.5   821.2  293.40   49.75   29.29  1645.4  293.40   51.18   17.85   2561.1 293.55   51.46    4.66    4.1     35303.342      5.50   47.24000   39.71000  F2F2F2           
12.12.2023 09:48:23.342  15.69000000  15689.99684   0.00  -61.4   58.6  28.0 18.61  288.5  1102.4  288.47   49.53   25.24  2254.9  288.52   49.80    9.20   3630.8 288.71   47.39   -9.20    3.3     35303.342      5.50   47.24000   39.71000  F2F2F2           
12.12.2023 09:49:06.134  15.69000000  15689.99805   0.00 -108.6   23.4  28.0 21.22  301.8  1003.3  301.81   51.42   27.47  2049.3  301.93   54.14   12.55   3334.3 302.19   54.78   -7.37    2.9     35346.134      5.50   47.24000   39.71000  F2F2F2           
12.12.2023 09:49:06.134  15.69000000  15689.99574   0.00 -100.6   31.4  28.0 26.59  286.8   859.2  286.67   48.95   28.50  1720.6  286.62   49.45   16.65   2668.2 286.70   48.63    3.70    1.4     35346.134      5.50   47.24000   39.71000  F2F2F2           
12.12.2023 09:49:06.134  15.69000000  15689.99623   0.00  -92.1   39.9  28.0 25.56  285.7   883.8  285.57   48.83   28.14  1771.9  285.53   49.14   15.96   2752.1 285.61   48.04    2.72    8.8     35346.134      5.50   47.24000   39.71000  F2F2F2           
12.12.2023 09:49:06.134  15.69000000  15689.99720   0.00  -85.9   46.1  28.0 18.79  291.5  1093.6  291.48   50.03   25.49  2237.0  291.54   50.85    9.36   3620.4 291.74   48.98   -9.80    3.6     35346.134      5.50   47.24000   39.71000  F2F2F2           
12.12.2023 09:49:06.134  15.69000000  15689.99684   0.00  -62.3   69.7  28.0 18.83  288.6  1093.1  288.57   49.53   25.37  2231.3  288.61   49.85    9.52   3585.1 288.80   47.56   -8.65    1.9     35346.134      5.50   47.24000   39.71000  F2F2F2           
12.12.2023 09:49:48.763  15.69000000  15689.99611   0.00  -89.9   30.1  28.0 25.96  285.9   874.1  285.77   48.85   28.27  1750.1  285.72   49.20   16.26   2713.7 285.79   48.19    3.20    1.3     35388.763      5.50   47.24000   39.71000  F2F2F2           
12.12.2023 09:49:48.763  15.69000000  15689.99684   0.00  -58.9   61.1  28.0 17.66  288.8  1142.1  288.78   49.63   24.71  2342.3  288.84   49.85    7.97   3791.9 289.04   47.09  -11.31    2.8     35388.763      5.50   47.24000   39.71000  F2F2F2           
12.12.2023 09:50:31.618  15.69000000  15689.99599   0.00  -91.9   34.1  28.0 26.27  291.1   865.1  291.00   49.54   28.58  1732.0  290.99   50.62   16.54   2696.6 291.12   50.38    2.88    3.3     35431.618      5.50   47.24000   39.71000  F2F2F2           
12.12.2023 09:50:31.618  15.69000000  15689.99696   0.00  -65.3   60.7  28.0 17.69  287.8  1140.8  287.78   49.45   24.69  2335.1  287.83   49.49    8.13   3765.8 288.02   46.63  -10.70    3.7     35431.618      5.50   47.24000   39.71000  F2F2F2           
12.12.2023 09:51:14.256  15.69000000  15689.99562   0.00 -111.9   20.1  28.0 28.02  281.3   830.3  281.10   48.20   28.78  1656.6  280.97   48.00   17.65   2543.8 280.96   46.64    6.04   25.0     35474.256      5.50   47.24000   39.71000  F2F2F2           
12.12.2023 09:51:14.256  15.69000000  15689.99793   0.00 -111.6   20.4  28.0 28.36  273.2   827.6  272.93   47.14   28.85  1654.3  272.71   45.91   18.18   2528.8 272.62   43.59    7.59    6.8     35474.256      5.50   47.24000   39.71000  F2F2F2           
12.12.2023 09:51:14.256  15.69000000  15689.99611   0.00  -93.2   38.8  28.0 25.86  282.9   877.5  282.75   48.44   28.17  1754.3  282.66   48.37   16.27   2709.0 282.70   46.95    3.68    2.8     35474.256      5.50   47.24000   39.71000  F2F2F2           
12.12.2023 09:51:14.256  15.69000000  15689.99684   0.00  -64.2   67.8  28.0 17.12  289.1  1165.7  289.09   49.71   24.39  2392.8  289.15   49.92    7.25   3885.4 289.36   46.97  -12.56    0.8     35474.256      5.50   47.24000   39.71000  F2F2F2           
12.12.2023 09:51:57.096  15.69000000  15689.99611   0.00  -98.7   25.3  28.0 20.10  296.5  1041.3  296.50   50.73   26.51  2117.0  296.58   52.52   11.16   3417.8 296.79   51.98   -7.98   11.5     35517.096      5.50   47.24000   39.71000  F2F2F2           
12.12.2023 09:51:57.096  15.69000000  15689.99696   0.00  -65.4   58.6  28.0 18.70  288.8  1096.9  288.77   49.57   25.33  2231.1  288.81   49.92    9.52   3576.4 288.99   47.68   -8.58    2.0     35517.096      5.50   47.24000   39.71000  F2F2F2           
12.12.2023 09:52:40.003  15.69000000  15689.99732   0.00  -95.5   30.5  28.0 17.38  294.1  1151.0  294.11   50.58   24.84  2363.6  294.19   51.77    7.51   3875.4 294.41   49.74  -13.83    6.4     35560.003      5.50   47.24000   39.71000  F2F2F2           
12.12.2023 09:52:40.003  15.69000000  15689.99611   0.00  -90.9   35.1  28.0 25.07  287.8   894.6  287.69   49.14   28.05  1788.3  287.66   49.72   15.71   2777.1 287.75   48.88    2.11    1.9     35560.003      5.50   47.24000   39.71000  F2F2F2           
12.12.2023 09:52:40.003  15.69000000  15689.99684   0.00  -67.2   58.8  28.0 18.94  288.0  1087.4  287.96   49.42   25.43  2206.3  287.99   49.66    9.90   3521.7 288.16   47.42   -7.69    1.1     35560.003      5.50   47.24000   39.71000  F2F2F2           
12.12.2023 09:53:22.801  15.69000000  15689.99793   0.00 -104.2   21.8  28.0 28.57  280.4   819.4  280.18   48.07   28.92  1631.3  280.02   47.78   18.02   2496.6 279.98   46.38    6.77    3.7     35602.801      5.50   47.24000   39.71000  F2F2F2           
12.12.2023 09:53:22.801  15.69000000  15689.99611   0.00  -91.1   34.9  28.0 25.03  286.7   895.9  286.58   48.99   28.00  1789.2  286.54   49.41   15.71   2773.3 286.62   48.41    2.31    2.0     35602.801      5.50   47.24000   39.71000  F2F2F2           
12.12.2023 09:53:22.801  15.69000000  15689.99647   0.00  -76.1   49.9  28.0 24.60  287.5   906.5  287.39   49.11   27.88  1811.7  287.36   49.64   15.39   2814.4 287.45   48.69    1.65    2.2     35602.801      5.50   47.24000   39.71000  F2F2F2           
12.12.2023 09:53:22.801  15.69000000  15689.99696   0.00  -66.8   59.2  28.0 18.59  289.3  1100.5  289.27   49.66   25.30  2235.6  289.32   50.09    9.44   3583.6 289.49   47.92   -8.80    2.8     35602.801      5.50   47.24000   39.71000  F2F2F2           
12.12.2023 09:54:05.648  15.69000000  15689.99599   0.00  -88.2   33.8  28.0 26.89  286.1   852.3  285.95   48.85   28.57  1697.1  285.88   49.26   16.98   2614.2 285.92   48.41    4.50    1.3     35645.648      5.50   47.24000   39.71000  F2F2F2           
12.12.2023 09:54:05.648  15.69000000  15689.99684   0.00  -65.8   56.2  28.0 17.52  288.2  1146.1  288.18   49.53   24.63  2335.8  288.22   49.63    8.09   3758.7 288.41   46.86  -10.73    4.5     35645.648      5.50   47.24000   39.71000  F2F2F2           
12.12.2023 09:54:48.506  15.69000000  15689.99623   0.00  -76.3   51.7  28.0 22.22  289.1   972.2  289.03   49.44   27.04  1948.7  289.03   50.10   13.46   3055.7 289.16   48.98   -1.81    5.4     35688.506      5.50   47.24000   39.71000  F2F2F2           
12.12.2023 09:54:48.506  15.69000000  15689.99684   0.00  -67.6   60.4  28.0 18.62  289.2  1098.6  289.17   49.64   25.32  2226.7  289.21   50.06    9.57   3561.3 289.38   47.92   -8.49    3.5     35688.506      5.50   47.24000   39.71000  F2F2F2           
12.12.2023 09:55:31.226  15.69000000  15689.99757   0.00  -97.4   26.6  28.0 25.56  286.6   882.7  286.47   48.96   28.18  1757.5  286.41   49.39   16.15   2713.6 286.48   48.46    3.12    2.0     35731.226      5.50   47.24000   39.71000  F2F2F2           
12.12.2023 09:55:31.226  15.69000000  15689.99611   0.00  -76.8   47.2  28.0 26.49  287.8   860.5  287.67   49.09   28.51  1711.7  287.61   49.71   16.78   2639.3 287.68   49.07    3.98    5.0     35731.226      5.50   47.24000   39.71000  F2F2F2           
12.12.2023 09:55:31.226  15.69000000  15689.99647   0.00  -74.2   49.8  28.0 24.58  287.9   906.5  287.79   49.17   27.89  1807.6  287.76   49.75   15.44   2802.7 287.85   48.88    1.76    2.4     35731.226      5.50   47.24000   39.71000  F2F2F2           
12.12.2023 09:55:31.226  15.69000000  15689.99696   0.00  -64.5   59.5  28.0 18.55  289.6  1100.9  289.57   49.71   25.30  2230.3  289.62   50.20    9.50   3568.9 289.79   48.11   -8.68    1.5     35731.226      5.50   47.24000   39.71000  F2F2F2           
12.12.2023 09:56:13.956  15.69000000  15689.99781   0.00 -103.8   24.2  28.0 26.49  288.6   860.1  288.47   49.19   28.55  1710.0  288.43   49.93   16.80   2636.6 288.50   49.40    3.94    1.4     35773.956      5.50   47.24000   39.71000  F2F2F2           
12.12.2023 09:56:13.956  15.69000000  15689.99720   0.00  -83.7   44.3  28.0 23.07  292.4   945.8  292.34   49.88   27.55  1891.5  292.37   51.08   14.30   2964.2 292.51   50.64   -1.00    2.9     35773.956      5.50   47.24000   39.71000  F2F2F2           
12.12.2023 09:56:13.956  15.69000000  15689.99623   0.00  -76.5   51.5  28.0 23.84  287.5   926.1  287.40   49.14   27.61  1846.9  287.37   49.63   14.90   2867.2 287.46   48.60    0.95    3.0     35773.956      5.50   47.24000   39.71000  F2F2F2           
12.12.2023 09:56:13.956  15.69000000  15689.99684   0.00  -67.1   60.9  28.0 19.81  289.3  1052.0  289.26   49.59   25.96  2118.3  289.28   50.14   11.08   3357.8 289.44   48.46   -5.86    1.6     35773.956      5.50   47.24000   39.71000  F2F2F2           
12.12.2023 09:56:56.703  15.69000000  15689.99769   0.00 -104.4   29.6  28.0 25.00  276.4   901.7  276.20   47.53   27.82  1796.0  276.05   46.52   16.11   2751.1 276.01   44.18    4.33    8.5     35816.703      5.50   47.24000   39.71000  F2F2F2           
12.12.2023 09:56:56.703  15.69000000  15689.99647   0.00  -80.5   53.5  28.0 25.66  285.9   880.4  285.76   48.86   28.19  1749.9  285.69   49.19   16.26   2695.3 285.74   48.20    3.45    1.6     35816.703      5.50   47.24000   39.71000  F2F2F2           
12.12.2023 09:56:56.703  15.69000000  15689.99696   0.00  -72.9   61.1  28.0 19.86  289.3  1050.0  289.26   49.59   25.99  2111.9  289.28   50.14   11.17   3343.6 289.43   48.49   -5.67    3.6     35816.703      5.50   47.24000   39.71000  F2F2F2           
12.12.2023 09:57:50.009  15.69000000  15689.99805   0.00 -111.3   24.7  28.0 27.09  276.8   852.2  276.56   47.60   28.48  1693.0  276.37   46.77   17.41   2583.2 276.29   44.78    6.28    4.1     35870.009      5.50   47.24000   39.71000  F2F2F2           
12.12.2023 09:57:50.009  15.69000000  15689.99623   0.00  -97.6   38.4  28.0 24.08  283.8   921.0  283.67   48.60   27.59  1832.5  283.59   48.57   15.19   2826.8 283.64   47.07    2.04    1.4     35870.009      5.50   47.24000   39.71000  F2F2F2           
12.12.2023 09:57:50.009  15.69000000  15689.99647   0.00  -84.2   51.8  28.0 26.81  286.1   853.7  285.94   48.85   28.56  1693.5  285.86   49.25   17.03   2599.2 285.89   48.43    4.71    2.4     35870.009      5.50   47.24000   39.71000  F2F2F2           
12.12.2023 09:57:50.009  15.69000000  15689.99696   0.00  -76.1   59.9  28.0 17.50  285.9  1146.2  285.87   49.11   24.57  2320.1  285.89   48.82    8.46   3697.4 286.05   45.83   -9.32    4.7     35870.009      5.50   47.24000   39.71000  F2F2F2           
12.12.2023 09:58:32.680  15.69000000  15689.99684   0.00 -111.9   26.1  28.0 17.81  288.3  1130.8  288.27   49.53   24.84  2286.3  288.31   49.71    8.77   3653.3 288.48   47.21   -9.43    1.0     35912.680      5.50   47.24000   39.71000  F2F2F2           
12.12.2023 09:59:15.630  15.69000000  15690.00170   0.00 -102.7   21.3  28.0 18.18  289.7  1114.2  289.68   49.75   25.12  2248.7  289.72   50.22    9.24   3592.0 289.89   48.10   -9.00    1.8     35955.630      5.50   47.24000   39.71000  F2F2F2           
12.12.2023 09:59:15.630  15.69000000  15690.00109   0.00 -102.6   21.4  28.0 17.87  289.8  1127.1  289.78   49.78   24.95  2277.9  289.82   50.24    8.83   3647.5 290.00   48.01   -9.74    1.7     35955.630      5.50   47.24000   39.71000  F2F2F2           
12.12.2023 09:59:15.630  15.69000000  15689.99283   0.00 -102.1   21.9  28.0 17.93  289.7  1124.6  289.68   49.76   24.98  2272.1  289.72   50.21    8.91   3635.9 289.89   47.98   -9.56    1.9     35955.630      5.50   47.24000   39.71000  F2F2F2           
12.12.2023 09:59:15.630  15.69000000  15689.99356   0.00  -99.9   24.1  28.0 17.95  290.1  1123.6  290.08   49.83   25.01  2270.4  290.13   50.35    8.92   3635.7 290.30   48.19   -9.66    2.2     35955.630      5.50   47.24000   39.71000  F2F2F2           
12.12.2023 09:59:15.630  15.69000000  15690.00036   0.00  -99.9   24.1  28.0 18.67  289.6  1094.3  289.57   49.70   25.39  2204.1  289.60   50.21    9.87   3507.9 289.77   48.26   -7.89    1.9     35955.630      5.50   47.24000   39.71000  F2F2F2           
12.12.2023 09:59:15.630  15.69000000  15689.99964   0.00  -97.9   26.1  28.0 17.29  289.6  1152.6  289.58   49.78   24.59  2335.0  289.63   50.14    8.03   3753.9 289.82   47.61  -11.04    1.5     35955.630      5.50   47.24000   39.71000  F2F2F2           
12.12.2023 09:59:15.630  15.69000000  15689.99428   0.00  -97.5   26.5  28.0 17.58  289.6  1139.7  289.58   49.77   24.77  2305.9  289.63   50.15    8.44   3698.9 289.81   47.76  -10.35    1.2     35955.630      5.50   47.24000   39.71000  F2F2F2           
12.12.2023 09:59:15.630  15.69000000  15689.99891   0.00  -94.7   29.3  28.0 17.67  289.9  1135.7  289.88   49.81   24.84  2297.2  289.93   50.27    8.55   3684.9 290.11   47.96  -10.24    2.1     35955.630      5.50   47.24000   39.71000  F2F2F2           
12.12.2023 09:59:15.630  15.69000000  15689.99501   0.00  -94.0   30.0  28.0 18.48  289.8  1101.8  289.77   49.75   25.30  2221.1  289.81   50.27    9.62   3541.0 289.98   48.28   -8.36    1.7     35955.630      5.50   47.24000   39.71000  F2F2F2           
12.12.2023 09:59:15.630  15.69000000  15689.99818   0.00  -89.8   34.2  28.0 17.62  290.0  1137.8  289.98   49.83   24.81  2302.4  290.03   50.30    8.48   3695.5 290.21   47.98  -10.41    1.7     35955.630      5.50   47.24000   39.71000  F2F2F2           
12.12.2023 09:59:15.630  15.69000000  15689.99587   0.00  -87.9   36.1  28.0 18.19  290.1  1113.6  290.08   49.82   25.15  2248.0  290.12   50.36    9.24   3593.6 290.29   48.30   -9.11    1.9     35955.630      5.50   47.24000   39.71000  F2F2F2           
12.12.2023 09:59:15.630  15.69000000  15689.99696   0.00  -63.7   60.3  28.0 18.49  289.9  1101.4  289.87   49.77   25.31  2220.2  289.91   50.30    9.63   3540.1 290.08   48.33   -8.37    2.0     35955.630      5.50   47.24000   39.71000  F2F2F2           
12.12.2023 09:59:58.694  15.69000000  15689.99246   0.00 -115.6   20.4  28.0 13.74  289.9  1351.8  289.92   50.08   21.84  2807.1  290.02   49.78    1.45      0.0   0.00    0.00    0.00    0.3     35998.694      5.50   47.24000   39.71000                   
12.12.2023 09:59:58.694  15.69000000  15689.99477   0.00 -115.1   20.9  28.0 19.98  287.0  1045.5  286.94   49.21   25.97  2092.0  286.94   49.39   11.52   3285.4 287.06   47.50   -4.44    1.4     35998.694      5.50   47.24000   39.71000  F2F2F2           
12.12.2023 09:59:58.694  15.69000000  15690.00024   0.00 -115.1   20.9  28.0 18.94  290.7  1082.8  290.67   49.87   25.60  2177.8  290.71   50.59   10.21   3464.2 290.88   48.92   -7.55    1.9     35998.694      5.50   47.24000   39.71000  F2F2F2           
12.12.2023 09:59:58.694  15.69000000  15690.00146   0.00 -115.1   20.9  28.0 19.23  290.4  1071.8  290.37   49.80   25.74  2153.0  290.40   50.49   10.57   3416.5 290.56   48.88   -6.86    1.8     35998.694      5.50   47.24000   39.71000  F2F2F2           
12.12.2023 09:59:58.694  15.69000000  15690.00000   0.00 -114.6   21.4  28.0 18.91  289.5  1084.5  289.47   49.67   25.52  2180.1  289.50   50.18   10.21   3460.6 289.65   48.32   -7.25    0.9     35998.694      5.50   47.24000   39.71000  F2F2F2           
12.12.2023 09:59:58.694  15.69000000  15689.99878   0.00 -114.4   21.6  28.0 18.01  290.6  1120.5  290.58   49.91   25.08  2261.9  290.63   50.53    9.03   3621.4 290.81   48.49   -9.60    1.5     35998.694      5.50   47.24000   39.71000  F2F2F2           
12.12.2023 09:59:58.694  15.69000000  15689.99392   0.00 -114.2   21.8  28.0 19.28  290.0  1070.0  289.96   49.74   25.74  2148.7  290.00   50.36   10.64   3405.9 290.15   48.70   -6.64    0.5     35998.694      5.50   47.24000   39.71000  F2F2F2           
12.12.2023 09:59:58.694  15.69000000  15689.99976   0.00 -114.1   21.9  28.0 20.03  289.6  1042.5  289.55   49.63   26.10  2087.7  289.58   50.24   11.50   3292.1 289.72   48.75   -5.05    1.4     35998.694      5.50   47.24000   39.71000  F2F2F2           
12.12.2023 09:59:58.694  15.69000000  15690.00170   0.00 -114.0   22.0  28.0 18.16  289.8  1114.6  289.78   49.77   25.12  2247.5  289.82   50.26    9.25   3588.2 289.99   48.16   -8.97    1.1     35998.694      5.50   47.24000   39.71000  F2F2F2           
12.12.2023 09:59:58.694  15.69000000  15689.99562   0.00 -114.0   22.0  28.0 21.17  291.1  1003.0  291.05   49.80   26.71  2003.4  291.08   50.73   12.69   3147.4 291.22   49.75   -3.36    2.8     35998.694      5.50   47.24000   39.71000  F2F2F2           
12.12.2023 09:59:58.694  15.69000000  15689.99368   0.00 -112.7   23.3  28.0 19.82  289.9  1050.0  289.86   49.69   26.01  2104.3  289.88   50.34   11.27   3323.8 290.03   48.83   -5.53    0.9     35998.694      5.50   47.24000   39.71000  F2F2F2           
12.12.2023 09:59:58.694  15.69000000  15689.99197   0.00 -112.4   23.6  28.0 21.84  289.8   982.2  289.74   49.57   26.94  1958.0  289.74   50.32   13.33   3060.1 289.86   49.29   -1.98    0.6     35998.694      5.50   47.24000   39.71000  F2F2F2           
12.12.2023 09:59:58.694  15.69000000  15689.99854   0.00 -111.5   24.5  28.0 21.16  288.7  1004.2  288.64   49.43   26.59  2004.1  288.64   49.97   12.69   3137.2 288.76   48.64   -2.83    0.3     35998.694      5.50   47.24000   39.71000  F2F2F2           
12.12.2023 09:59:58.694  15.69000000  15689.99830   0.00 -111.3   24.7  28.0 23.21  288.5   942.3  288.41   49.31   27.43  1873.3  288.39   49.92   14.52   2906.2 288.48   48.96    0.29    0.2     35998.694      5.50   47.24000   39.71000  F2F2F2           
12.12.2023 09:59:58.694  15.69000000  15689.99538   0.00 -111.0   25.0  28.0 17.30  290.0  1151.5  289.99   49.85   24.62  2330.6  290.04   50.28    8.08   3746.8 290.22   47.84  -11.06    1.5     35998.694      5.50   47.24000   39.71000  F2F2F2           
12.12.2023 09:59:58.694  15.69000000  15689.99793   0.00 -106.0   30.0  28.0 22.53  285.8   963.1  285.70   48.93   27.06  1916.0  285.66   49.11   13.98   2970.4 285.74   47.64   -0.15    1.5     35998.694      5.50   47.24000   39.71000  F2F2F2           
12.12.2023 09:59:58.694  15.69000000  15689.99623   0.00 -104.3   31.7  28.0 22.41  281.7   968.9  281.57   48.32   26.92  1927.9  281.50   47.87   14.00   2976.6 281.54   45.81    0.53    2.9     35998.694      5.50   47.24000   39.71000  F2F2F2           
12.12.2023 09:59:58.694  15.69000000  15689.99732   0.00  -87.1   48.9  28.0 29.00  288.2   807.5  288.03   49.05   29.24  1596.4  287.94   49.78   18.38   2437.7 287.97   49.44    6.71    5.1     35998.694      5.50   47.24000   39.71000  F2F2F2           
12.12.2023 09:59:58.694  15.69000000  15689.99684   0.00  -72.9   63.1  28.0 16.18  291.2  1204.3  291.20   50.15   23.95  2453.0  291.27   50.65    6.30   3994.2 291.48   47.79  -14.54    1.8     35998.694      5.50   47.24000   39.71000  F2F2F2           
