09.12.2023 07:30:08.657  15.69000000  15689.99514   0.00 -102.1   21.9  28.0 21.66  286.9  1255.4  287.15   49.43   23.09  2979.2  287.72   48.49   -0.58      0.0   0.00    0.00    0.00    2.5     27008.657      5.50   47.24000   39.71000                   
09.12.2023 07:30:08.657  15.69000000  15689.99623   0.00  -92.9   31.1  28.0 24.68  296.6  1139.4  296.69   51.00   25.18  2809.1  297.10   52.78    0.90      0.0   0.00    0.00    0.00   11.0     27008.657      5.50   47.24000   39.71000                   
09.12.2023 07:30:08.657  15.69000000  15689.99574   0.00  -66.4   57.6  28.0 14.37  290.5  1822.9  290.70   50.58   15.24     0.0    0.00    0.00    0.00      0.0   0.00    0.00    0.00    4.7     27008.657      5.50   47.24000   39.71000                   
09.12.2023 07:30:40.506  15.69000000  15689.99149   0.00  -94.0   20.0  28.0 19.75  289.1  1359.3  289.31   49.95   21.72  3287.2  289.83   48.81   -5.01      0.0   0.00    0.00    0.00    3.9     27040.506      5.50   47.24000   39.71000                   
09.12.2023 07:30:40.506  15.69000000  15689.99793   0.00  -91.2   22.8  28.0 19.77  289.3  1358.5  289.51   49.99   21.73  3288.9  290.02   48.90   -5.06      0.0   0.00    0.00    0.00    3.8     27040.506      5.50   47.24000   39.71000                   
09.12.2023 07:30:40.506  15.69000000  15689.99878   0.00  -91.2   22.8  28.0 19.70  289.1  1362.3  289.31   49.96   21.68  3295.3  289.83   48.79   -5.11      0.0   0.00    0.00    0.00    3.8     27040.506      5.50   47.24000   39.71000                   
09.12.2023 07:30:40.506  15.69000000  15689.99343   0.00  -91.2   22.8  28.0 20.01  289.2  1344.4  289.41   49.96   21.93  3248.9  289.93   48.94   -4.52      0.0   0.00    0.00    0.00    3.8     27040.506      5.50   47.24000   39.71000                   
09.12.2023 07:30:40.506  15.69000000  15689.99270   0.00  -90.5   23.5  28.0 19.89  289.0  1350.9  289.21   49.93   21.83  3262.7  289.73   48.82   -4.67      0.0   0.00    0.00    0.00    3.9     27040.506      5.50   47.24000   39.71000                   
09.12.2023 07:30:40.506  15.69000000  15689.99465   0.00  -87.1   26.9  28.0 19.96  289.2  1347.2  289.41   49.96   21.89  3256.4  289.92   48.93   -4.62      0.0   0.00    0.00    0.00    3.9     27040.506      5.50   47.24000   39.71000                   
09.12.2023 07:30:40.506  15.69000000  15689.99684   0.00  -86.9   27.1  28.0 19.69  289.2  1363.0  289.41   49.98   21.67  3299.1  289.92   48.83   -5.18      0.0   0.00    0.00    0.00    3.8     27040.506      5.50   47.24000   39.71000                   
09.12.2023 07:30:40.506  15.69000000  15689.99623   0.00  -85.4   28.6  28.0 18.62  291.5  1435.3  291.67   50.54   20.75  3546.1  292.15   49.37   -8.91      0.0   0.00    0.00    0.00    4.4     27040.506      5.50   47.24000   39.71000                   
09.12.2023 07:30:40.506  15.69000000  15689.99574   0.00  -54.5   59.5  28.0 19.70  289.3  1362.6  289.50   50.00   21.68  3299.9  290.02   48.88   -5.21      0.0   0.00    0.00    0.00    3.9     27040.506      5.50   47.24000   39.71000                   
09.12.2023 07:31:23.085  15.69000000  15689.99368   0.00  -89.0   21.0  28.0 20.23  289.8  1330.4  289.99   50.07   22.14  3219.2  290.50   49.28   -4.22      0.0   0.00    0.00    0.00    4.5     27083.085      5.50   47.24000   39.71000                   
09.12.2023 07:31:23.085  15.69000000  15689.99404   0.00  -88.7   21.3  28.0 17.10  290.0  1541.9  290.19   50.30   19.19  3811.7  290.69   47.91  -12.01      0.0   0.00    0.00    0.00    2.1     27083.085      5.50   47.24000   39.71000                   
09.12.2023 07:31:23.085  15.69000000  15689.99769   0.00  -87.9   22.1  28.0 18.26  289.9  1454.1  290.09   50.21   20.42  3560.6  290.59   48.54   -8.76      0.0   0.00    0.00    0.00    2.4     27083.085      5.50   47.24000   39.71000                   
09.12.2023 07:31:23.085  15.69000000  15689.99720   0.00  -87.6   22.4  28.0 19.74  290.0  1358.9  290.19   50.14   21.75  3300.2  290.69   49.20   -5.34      0.0   0.00    0.00    0.00    3.0     27083.085      5.50   47.24000   39.71000                   
09.12.2023 07:31:23.085  15.69000000  15689.99696   0.00  -86.7   23.3  28.0 22.03  289.0  1237.0  289.21   49.81   23.41  2958.7  289.74   49.42   -0.59      0.0   0.00    0.00    0.00    6.3     27083.085      5.50   47.24000   39.71000                   
09.12.2023 07:31:23.085  15.69000000  15689.99526   0.00  -86.6   23.4  28.0 21.69  288.8  1252.9  289.01   49.79   23.18  2997.2  289.54   49.26   -1.08      0.0   0.00    0.00    0.00    6.1     27083.085      5.50   47.24000   39.71000                   
09.12.2023 07:31:23.085  15.69000000  15689.99453   0.00  -86.0   24.0  28.0 16.50  290.3  1593.5  290.49   50.41   18.48  3971.2  290.99   47.59  -14.11      0.0   0.00    0.00    0.00    1.9     27083.085      5.50   47.24000   39.71000                   
09.12.2023 07:31:23.085  15.69000000  15689.99489   0.00  -85.5   24.5  28.0 19.79  289.7  1355.4  289.90   50.07   21.79  3285.1  290.40   49.09   -5.08      0.0   0.00    0.00    0.00    3.4     27083.085      5.50   47.24000   39.71000                   
09.12.2023 07:31:23.085  15.69000000  15689.99647   0.00  -84.6   25.4  28.0 17.49  289.8  1510.6  290.00   50.23   19.63  3717.0  290.50   48.07  -10.75      0.0   0.00    0.00    0.00    1.2     27083.085      5.50   47.24000   39.71000                   
09.12.2023 07:31:23.085  15.69000000  15689.99574   0.00  -57.3   52.7  28.0 19.23  289.6  1389.3  289.80   50.08   21.32  3375.4  290.30   48.84   -6.26      0.0   0.00    0.00    0.00    3.2     27083.085      5.50   47.24000   39.71000                   
09.12.2023 07:31:55.065  15.69000000  15689.99574   0.00  -61.0   49.0  28.0 16.13  289.3  1621.8  289.50   50.18   18.05  4021.2  290.01   46.90  -14.43      0.0   0.00    0.00    0.00    3.2     27115.065      5.50   47.24000   39.71000                   
09.12.2023 07:32:27.028  15.69000000  15689.99854   0.00  -91.4   22.6  28.0 18.04  289.9  1465.6  290.09   50.22   20.26  3588.5  290.58   48.46   -9.12      0.0   0.00    0.00    0.00    3.4     27147.028      5.50   47.24000   39.71000                   
09.12.2023 07:32:27.028  15.69000000  15689.99295   0.00  -90.7   23.3  28.0 17.62  290.0  1496.8  290.19   50.26   19.82  3678.8  290.68   48.27  -10.31      0.0   0.00    0.00    0.00    3.0     27147.028      5.50   47.24000   39.71000                   
09.12.2023 07:32:27.028  15.69000000  15689.99781   0.00  -89.8   24.2  28.0 17.13  289.9  1534.9  290.09   50.27   19.29  3784.5  290.58   47.93  -11.64      0.0   0.00    0.00    0.00    3.2     27147.028      5.50   47.24000   39.71000                   
09.12.2023 07:32:27.028  15.69000000  15689.99745   0.00  -89.1   24.9  28.0 17.71  289.9  1489.7  290.09   50.24   19.92  3656.3  290.58   48.28   -9.99      0.0   0.00    0.00    0.00    3.4     27147.028      5.50   47.24000   39.71000                   
09.12.2023 07:32:27.028  15.69000000  15689.99404   0.00  -88.9   25.1  28.0 17.07  289.9  1539.7  290.09   50.27   19.22  3798.4  290.59   47.89  -11.81      0.0   0.00    0.00    0.00    3.4     27147.028      5.50   47.24000   39.71000                   
09.12.2023 07:32:27.028  15.69000000  15689.99380   0.00  -88.7   25.3  28.0 17.59  289.9  1498.9  290.09   50.24   19.79  3682.2  290.58   48.21  -10.33      0.0   0.00    0.00    0.00    3.0     27147.028      5.50   47.24000   39.71000                   
09.12.2023 07:32:27.028  15.69000000  15689.99465   0.00  -87.6   26.4  28.0 17.67  290.0  1493.1  290.19   50.26   19.88  3668.2  290.68   48.30  -10.17      0.0   0.00    0.00    0.00    3.3     27147.028      5.50   47.24000   39.71000                   
09.12.2023 07:32:27.028  15.69000000  15689.99660   0.00  -86.5   27.5  28.0 17.57  289.9  1500.4  290.09   50.24   19.77  3686.5  290.58   48.20  -10.38      0.0   0.00    0.00    0.00    3.0     27147.028      5.50   47.24000   39.71000                   
09.12.2023 07:32:27.028  15.69000000  15689.99489   0.00  -86.1   27.9  28.0 17.05  289.9  1541.3  290.09   50.28   19.20  3803.0  290.59   47.88  -11.87      0.0   0.00    0.00    0.00    3.2     27147.028      5.50   47.24000   39.71000                   
09.12.2023 07:32:27.028  15.69000000  15689.99574   0.00  -59.3   54.7  28.0 17.85  289.8  1479.2  289.99   50.20   20.07  3624.5  290.48   48.32   -9.56      0.0   0.00    0.00    0.00    3.2     27147.028      5.50   47.24000   39.71000                   
09.12.2023 07:32:59.010  15.69000000  15689.99805   0.00 -108.5   21.5  28.0 21.47  292.7  1263.5  292.84   50.55   23.21  3078.0  293.29   50.82   -2.68      0.0   0.00    0.00    0.00    9.4     27179.010      5.50   47.24000   39.71000                   
09.12.2023 07:32:59.010  15.69000000  15689.99343   0.00 -108.2   21.8  28.0 20.88  289.8  1289.6  289.99   50.02   22.71  3104.0  290.49   49.49   -2.66      0.0   0.00    0.00    0.00   10.9     27179.010      5.50   47.24000   39.71000                   
09.12.2023 07:32:59.010  15.69000000  15689.99769   0.00 -107.8   22.2  28.0 22.79  292.3  1201.8  292.45   50.38   24.04  2905.3  292.91   50.89   -0.21      0.0   0.00    0.00    0.00    8.0     27179.010      5.50   47.24000   39.71000                   
09.12.2023 07:32:59.010  15.69000000  15689.99380   0.00 -106.5   23.5  28.0 24.08  290.9  1147.6  291.08   50.04   24.72  2745.3  291.58   50.51    2.16      0.0   0.00    0.00    0.00    6.7     27179.010      5.50   47.24000   39.71000                   
09.12.2023 07:32:59.010  15.69000000  15689.99732   0.00 -106.3   23.7  28.0 20.30  290.9  1322.5  291.07   50.28   22.30  3211.0  291.55   49.79   -4.28      0.0   0.00    0.00    0.00   14.1     27179.010      5.50   47.24000   39.71000                   
09.12.2023 07:32:59.010  15.69000000  15689.99416   0.00 -104.7   25.3  28.0 20.50  293.2  1314.7  293.34   50.73   22.52  3227.9  293.77   50.81   -4.85      0.0   0.00    0.00    0.00    9.4     27179.010      5.50   47.24000   39.71000                   
09.12.2023 07:32:59.010  15.69000000  15689.99441   0.00 -104.0   26.0  28.0 17.26  293.9  1530.7  294.03   51.20   19.52  3879.0  294.46   49.76  -13.89      0.0   0.00    0.00    0.00   10.2     27179.010      5.50   47.24000   39.71000                   
09.12.2023 07:32:59.010  15.69000000  15689.99708   0.00 -103.0   27.0  28.0 21.74  291.5  1248.9  291.66   50.30   23.35  3020.7  292.13   50.38   -1.74      0.0   0.00    0.00    0.00    7.2     27179.010      5.50   47.24000   39.71000                   
09.12.2023 07:32:59.010  15.69000000  15689.99672   0.00 -102.7   27.3  28.0 20.71  292.4  1302.2  292.55   50.55   22.65  3180.1  293.00   50.53   -4.07      0.0   0.00    0.00    0.00   13.8     27179.010      5.50   47.24000   39.71000                   
09.12.2023 07:32:59.010  15.69000000  15689.99514   0.00 -100.7   29.3  28.0 21.46  294.6  1266.1  294.71   50.92   23.28  3113.9  295.12   51.62   -3.40      0.0   0.00    0.00    0.00    8.7     27179.010      5.50   47.24000   39.71000                   
09.12.2023 07:32:59.010  15.69000000  15689.99477   0.00 -100.1   29.9  28.0 21.36  290.5  1266.1  290.68   50.13   23.06  3052.0  291.17   49.90   -2.05      0.0   0.00    0.00    0.00    7.9     27179.010      5.50   47.24000   39.71000                   
09.12.2023 07:32:59.010  15.69000000  15689.99574   0.00  -72.3   57.7  28.0 21.21  290.2  1273.2  290.38   50.08   22.95  3066.5  290.87   49.74   -2.21      0.0   0.00    0.00    0.00    8.5     27179.010      5.50   47.24000   39.71000                   
09.12.2023 07:33:31.101  15.69000000  15689.99842   0.00  -97.5   20.5  28.0 15.50  289.6  1676.7  289.80   50.28   17.29  4190.0  290.30   46.49  -16.58      0.0   0.00    0.00    0.00    4.5     27211.101      5.50   47.24000   39.71000                   
09.12.2023 07:33:31.101  15.69000000  15689.99307   0.00  -97.2   20.8  28.0 15.64  289.4  1662.1  289.60   50.22   17.49  4138.3  290.10   46.56  -15.89      0.0   0.00    0.00    0.00    4.2     27211.101      5.50   47.24000   39.71000                   
09.12.2023 07:33:31.101  15.69000000  15689.99793   0.00  -96.4   21.6  28.0 15.17  289.8  1711.7  290.00   50.35   16.80  4308.1  290.50   46.19  -18.07      0.0   0.00    0.00    0.00    4.1     27211.101      5.50   47.24000   39.71000                   
09.12.2023 07:33:31.101  15.69000000  15689.99343   0.00  -95.3   22.7  28.0 16.42  289.7  1589.8  289.89   50.26   18.51  3933.5  290.39   47.38  -13.46      0.0   0.00    0.00    0.00    4.7     27211.101      5.50   47.24000   39.71000                   
09.12.2023 07:33:31.101  15.69000000  15689.99757   0.00  -95.0   23.0  28.0 15.50  289.4  1676.0  289.60   50.23   17.29  4180.7  290.11   46.41  -16.40      0.0   0.00    0.00    0.00    4.5     27211.101      5.50   47.24000   39.71000                   
09.12.2023 07:33:31.101  15.69000000  15689.99392   0.00  -93.8   24.2  28.0 15.71  289.7  1656.0  289.89   50.29   17.58  4130.5  290.39   46.75  -15.89      0.0   0.00    0.00    0.00    4.4     27211.101      5.50   47.24000   39.71000                   
09.12.2023 07:33:31.101  15.69000000  15689.99708   0.00  -93.7   24.3  28.0 14.95  289.6  1735.0  289.80   50.30   16.47  4375.1  290.31   45.84  -18.79      0.0   0.00    0.00    0.00    4.8     27211.101      5.50   47.24000   39.71000                   
09.12.2023 07:33:31.101  15.69000000  15689.99660   0.00  -93.6   24.4  28.0 12.88  289.3  2012.1  289.52   50.24   12.57     0.0    0.00    0.00    0.00      0.0   0.00    0.00    0.00    3.7     27211.101      5.50   47.24000   39.71000                   
09.12.2023 07:33:31.101  15.69000000  15689.99441   0.00  -93.4   24.6  28.0 16.18  289.6  1611.2  289.79   50.25   18.21  3993.0  290.29   47.14  -14.17      0.0   0.00    0.00    0.00    4.8     27211.101      5.50   47.24000   39.71000                   
09.12.2023 07:33:31.101  15.69000000  15689.99477   0.00  -92.9   25.1  28.0 17.05  289.3  1535.4  289.49   50.13   19.26  3766.7  289.99   47.67  -11.25      0.0   0.00    0.00    0.00    5.5     27211.101      5.50   47.24000   39.71000                   
09.12.2023 07:33:31.101  15.69000000  15689.99574   0.00  -64.7   53.3  28.0 16.52  289.8  1581.3  289.99   50.28   18.63  3911.7  290.48   47.50  -13.21      0.0   0.00    0.00    0.00    4.5     27211.101      5.50   47.24000   39.71000                   
09.12.2023 07:34:03.111  15.69000000  15689.99501   0.00  -96.0   20.0  28.0 17.90  290.1  1469.9  290.28   50.26   20.21  3599.7  290.76   48.52   -9.30      0.0   0.00    0.00    0.00    2.8     27243.111      5.50   47.24000   39.71000                   
09.12.2023 07:34:03.111  15.69000000  15689.99574   0.00  -62.8   53.2  28.0 17.13  289.8  1528.1  289.99   50.24   19.38  3756.9  290.47   47.95  -11.26      0.0   0.00    0.00    0.00    2.5     27243.111      5.50   47.24000   39.71000                   
09.12.2023 07:34:35.078  15.69000000  15689.99574   0.00  -64.7   53.3  28.0 16.94  290.3  1542.5  290.48   50.37   19.19  3809.6  290.96   48.05  -12.06      0.0   0.00    0.00    0.00    3.6     27275.078      5.50   47.24000   39.71000                   
09.12.2023 07:35:17.753  15.69000000  15689.99587   0.00  -69.6   64.4  28.0 21.46  289.8  1252.5  289.98   49.98   23.22  2998.0  290.46   49.67   -1.22      0.0   0.00    0.00    0.00    3.7     27317.753      5.50   47.24000   39.71000                   
09.12.2023 07:35:49.615  15.69000000  15689.99635   0.00 -103.1   32.9  28.0 29.73  292.0   971.9  292.18   49.91   27.19  2316.5  292.72   51.25    8.20      0.0   0.00    0.00    0.00    6.0     27349.615      5.50   47.24000   39.71000                   
09.12.2023 07:35:49.615  15.69000000  15689.99574   0.00  -76.5   59.5  28.0 17.52  287.9  1486.4  288.10   49.78   19.92  3591.0  288.61   47.45   -8.68      0.0   0.00    0.00    0.00    5.3     27349.615      5.50   47.24000   39.71000                   
09.12.2023 07:36:21.582  15.69000000  15689.99574   0.00  -80.1   55.9  28.0 20.18  287.6  1312.3  287.81   49.60   22.32  3119.9  288.31   48.47   -2.53      0.0   0.00    0.00    0.00   11.4     27381.582      5.50   47.24000   39.71000                   
09.12.2023 07:36:53.595  15.69000000  15689.99562   0.00  -80.4   47.6  28.0 20.55  288.7  1292.2  288.89   49.81   22.64  3082.6  289.38   49.03   -2.21      0.0   0.00    0.00    0.00    2.8     27413.595      5.50   47.24000   39.71000                   
09.12.2023 07:36:53.595  15.69000000  15689.99599   0.00  -70.7   57.3  28.0 23.79  291.6  1147.5  291.75   50.16   24.76  2738.2  292.20   50.78    2.21      0.0   0.00    0.00    0.00    5.7     27413.595      5.50   47.24000   39.71000                   
09.12.2023 07:37:25.568  15.69000000  15689.99599   0.00  -68.3   67.7  28.0 24.02  289.8  1135.2  289.98   49.83   24.85  2684.8  290.46   50.12    3.10      0.0   0.00    0.00    0.00    4.2     27445.568      5.50   47.24000   39.71000                   
09.12.2023 07:38:07.918  15.69000000  15689.99660   0.00 -103.0   21.0  28.0 27.64  333.6  1006.7  333.01   55.15   32.63  2509.7  332.43   65.40   14.55      0.0   0.00    0.00    0.00    5.0     27487.918      5.50   47.24000   39.71000                   
09.12.2023 07:38:07.918  15.69000000  15689.99599   0.00  -69.7   54.3  28.0 24.32  290.4  1122.4  290.57   49.91   25.05  2656.1  291.04   50.39    3.46      0.0   0.00    0.00    0.00    6.5     27487.918      5.50   47.24000   39.71000                   
09.12.2023 07:38:39.709  15.69000000  15689.99599   0.00  -82.6   53.4  28.0 21.12  294.5  1263.6  294.60   50.89   23.31  3083.8  294.97   51.59   -2.96      0.0   0.00    0.00    0.00   11.0     27519.709      5.50   47.24000   39.71000                   
09.12.2023 07:38:39.709  15.69000000  15689.99574   0.00  -75.4   60.6  28.0 59.03  136.1     0.0    0.00    0.00    0.00  3083.8  294.97   51.59   -2.96      0.0   0.00    0.00    0.00   14.6     27519.709      5.50   47.24000   39.71000                   
09.12.2023 07:39:11.969  15.69000000  15689.99587   0.00  -72.9   55.1  28.0 25.79  289.3  1067.3  289.48   49.65   25.76  2502.1  289.98   50.13    5.68      0.0   0.00    0.00    0.00    3.6     27551.969      5.50   47.24000   39.71000                   
09.12.2023 07:39:54.723  15.69000000  15689.99587   0.00  -76.8   59.2  28.0 26.88  291.7  1033.6  291.84   49.98   26.33  2436.9  292.30   51.05    6.49      0.0   0.00    0.00    0.00    4.4     27594.723      5.50   47.24000   39.71000                   
09.12.2023 07:39:54.723  15.69000000  15689.99562   0.00  -74.3   61.7  28.0 19.48  292.2  1347.2  292.33   50.57   22.01  3281.2  292.74   50.22   -5.43      0.0   0.00    0.00    0.00    6.0     27594.723      5.50   47.24000   39.71000                   
09.12.2023 07:40:26.927  15.69000000  15689.99574   0.00  -85.1   50.9  28.0 13.27  286.8  1901.7  287.03   49.52   14.14     0.0    0.00    0.00    0.00      0.0   0.00    0.00    0.00   20.0     27626.927      5.50   47.24000   39.71000                   
09.12.2023 07:40:59.055  15.69000000  15689.99635   0.00 -100.8   33.2  28.0 19.34  292.0  1351.7  292.13   50.54   21.94  3288.0  292.54   50.11   -5.49      0.0   0.00    0.00    0.00    8.0     27659.055      5.50   47.24000   39.71000                   
09.12.2023 07:40:59.055  15.69000000  15689.99574   0.00  -76.3   57.7  28.0  7.54  291.0     0.0    0.00    0.00    0.00  3288.0  292.54   50.11   -5.49      0.0   0.00    0.00    0.00    4.5     27659.055      5.50   47.24000   39.71000                   
09.12.2023 07:41:31.131  15.69000000  15689.99574   0.00  -76.7   57.3  28.0 16.19  290.3  1578.7  290.46   50.39   18.68  3898.1  290.91   47.77  -13.17      0.0   0.00    0.00    0.00   12.4     27691.131      5.50   47.24000   39.71000                   
09.12.2023 07:42:03.197  15.69000000  15689.99465   0.00 -115.5   20.5  28.0 37.16  278.0   849.5  278.60   47.87   28.51  2136.0  280.05   47.12   11.38      0.0   0.00    0.00    0.00    8.5     27723.197      5.50   47.24000   39.71000                   
09.12.2023 07:42:03.197  15.69000000  15689.99635   0.00  -97.5   38.5  28.0 25.12  296.4  1086.6  296.45   50.83   25.89  2606.3  296.78   52.72    3.92      0.0   0.00    0.00    0.00    5.3     27723.197      5.50   47.24000   39.71000                   
09.12.2023 07:42:03.197  15.69000000  15689.99574   0.00  -72.6   63.4  28.0 17.61  289.8  1460.3  289.96   50.18   20.33  3548.9  290.41   48.48   -8.56      0.0   0.00    0.00    0.00    4.3     27723.197      5.50   47.24000   39.71000                   
09.12.2023 07:42:35.226  15.69000000  15689.99684   0.00 -111.1   22.9  28.0 33.47   99.5   755.6   99.50   45.75   49.44  1474.2   99.67   43.55   57.99   2223.1 100.01   40.55   66.12    8.6     27755.226      5.50   47.24000   39.71000  F2F2F2           
09.12.2023 07:42:35.226  15.69000000  15689.99623   0.00  -90.0   44.0  28.0 27.11  293.7  1020.6  293.80   50.26   26.61  2411.0  294.20   51.76    6.82      0.0   0.00    0.00    0.00    8.0     27755.226      5.50   47.24000   39.71000                   
09.12.2023 07:42:35.226  15.69000000  15689.99574   0.00  -74.8   59.2  28.0 16.02  289.2  1587.2  289.37   50.13   18.54  3890.8  289.84   47.21  -12.77      0.0   0.00    0.00    0.00    7.0     27755.226      5.50   47.24000   39.71000                   
09.12.2023 07:43:38.976  15.69000000  15689.99684   0.00 -109.1   24.9  28.0 33.90   90.9   749.1   90.80   46.76   49.67  1453.2   90.85   45.51   58.64   2168.5  91.09   43.49   67.21    3.5     27818.976      5.50   47.24000   39.71000  F2F2F2           
09.12.2023 07:43:38.976  15.69000000  15689.99611   0.00  -79.4   54.6  28.0 30.18  292.8   940.1  292.92   49.96   27.66  2206.0  293.37   51.48    9.79      0.0   0.00    0.00    0.00    3.5     27818.976      5.50   47.24000   39.71000                   
09.12.2023 07:43:38.976  15.69000000  15689.99574   0.00  -68.8   65.2  28.0 21.82  289.7  1208.9  289.85   49.90   23.82  2862.0  290.29   49.81    0.67      0.0   0.00    0.00    0.00    3.8     27818.976      5.50   47.24000   39.71000                   
09.12.2023 07:44:11.111  15.69000000  15689.99441   0.00 -105.6   20.4  28.0 19.24  293.5  1348.4  293.60   50.84   22.06  3297.3  293.97   50.79   -5.85      0.0   0.00    0.00    0.00    7.4     27851.111      5.50   47.24000   39.71000                   
09.12.2023 07:44:11.111  15.69000000  15689.99574   0.00  -68.6   57.4  28.0 21.76  289.1  1209.4  289.26   49.79   23.79  2855.3  289.70   49.57    0.82      0.0   0.00    0.00    0.00    2.4     27851.111      5.50   47.24000   39.71000                   
09.12.2023 07:44:43.197  15.69000000  15689.99635   0.00  -93.8   30.2  28.0 28.52  293.7   976.5  293.79   50.16   27.22  2293.5  294.19   51.77    8.53      0.0   0.00    0.00    0.00    7.2     27883.197      5.50   47.24000   39.71000                   
09.12.2023 07:44:43.197  15.69000000  15689.99574   0.00  -69.6   54.4  28.0 21.97  291.0  1200.0  291.13   50.13   24.00  2851.6  291.54   50.36    0.68      0.0   0.00    0.00    0.00    4.3     27883.197      5.50   47.24000   39.71000                   
09.12.2023 07:45:15.216  15.69000000  15689.99562   0.00  -71.9   56.1  28.0 24.12  287.8  1106.9  287.97   49.45   25.16  2574.1  288.44   49.46    4.80      0.0   0.00    0.00    0.00    5.4     27915.216      5.50   47.24000   39.71000                   
09.12.2023 07:45:47.269  15.69000000  15689.99587   0.00  -69.7   56.3  28.0 24.32  288.8  1099.0  288.96   49.61   25.30  2562.1  289.41   49.84    4.89      0.0   0.00    0.00    0.00    4.9     27947.269      5.50   47.24000   39.71000                   
09.12.2023 07:46:19.306  15.69000000  15689.99660   0.00 -102.2   31.8  28.0 27.94  294.6   987.7  294.67   50.32   27.12  2321.8  295.03   52.07    8.12      0.0   0.00    0.00    0.00    8.3     27979.306      5.50   47.24000   39.71000                   
09.12.2023 07:46:19.306  15.69000000  15689.99623   0.00  -90.3   43.7  28.0 23.88  291.4  1116.0  291.52   50.07   25.18  2629.3  291.92   50.76    3.77      0.0   0.00    0.00    0.00    2.1     27979.306      5.50   47.24000   39.71000                   
09.12.2023 07:46:19.306  15.69000000  15689.99562   0.00  -68.5   65.5  28.0 28.11  290.7   981.1  290.84   49.73   27.00  2278.8  291.28   50.75    8.77      0.0   0.00    0.00    0.00    4.6     27979.306      5.50   47.24000   39.71000                   
09.12.2023 07:46:51.397  15.69000000  15689.99623   0.00  -86.0   36.0  28.0 26.99  293.7  1012.3  293.78   50.24   26.73  2376.5  294.15   51.75    7.32      0.0   0.00    0.00    0.00    6.1     28011.397      5.50   47.24000   39.71000                   
09.12.2023 07:46:51.397  15.69000000  15689.99587   0.00  -67.1   54.9  28.0 27.25  288.3  1001.5  288.47   49.40   26.62  2310.5  288.95   49.91    8.41      0.0   0.00    0.00    0.00    3.8     28011.397      5.50   47.24000   39.71000                   
09.12.2023 07:47:23.674  15.69000000  15689.99574   0.00  -64.4   59.6  28.0 24.26  289.6  1097.4  289.74   49.74   25.36  2562.6  290.17   50.14    4.82      0.0   0.00    0.00    0.00    4.5     28043.674      5.50   47.24000   39.71000                   
09.12.2023 07:47:55.878  15.69000000  15689.99660   0.00 -101.4   30.6  28.0 23.87  293.7  1113.4  293.78   50.45   25.34  2640.0  294.12   51.64    3.50      0.0   0.00    0.00    0.00    5.0     28075.878      5.50   47.24000   39.71000                   
09.12.2023 07:47:55.878  15.69000000  15689.99599   0.00  -76.1   55.9  28.0 31.25   26.3   828.7   25.45   53.90   45.24  1722.8   24.39   60.82   52.89   2864.5  23.01   68.92   68.00   19.2     28075.878      5.50   47.24000   39.71000  F2F2F2           
09.12.2023 07:47:55.878  15.69000000  15689.99574   0.00  -75.4   56.6  28.0 30.32  292.4   925.2  292.51   49.87   27.84  2150.6  292.93   51.33   10.59      0.0   0.00    0.00    0.00    3.2     28075.878      5.50   47.24000   39.71000                   
09.12.2023 07:48:28.141  15.69000000  15689.99587   0.00  -72.3   61.7  28.0 29.54  289.5   939.6  289.65   49.49   27.51  2164.6  290.12   50.40   10.41      0.0   0.00    0.00    0.00    3.4     28108.141      5.50   47.24000   39.71000                   
09.12.2023 07:49:00.214  15.69000000  15689.99562   0.00  -75.9   48.1  28.0 18.39  290.2  1381.9  290.33   50.19   21.44  3331.9  290.74   49.16   -5.77      0.0   0.00    0.00    0.00    2.3     28140.214      5.50   47.24000   39.71000                   
09.12.2023 07:49:00.214  15.69000000  15689.99611   0.00  -73.8   50.2  28.0 27.79  292.0   983.3  292.10   49.92   27.03  2285.8  292.50   51.17    8.65      0.0   0.00    0.00    0.00    4.9     28140.214      5.50   47.24000   39.71000                   
09.12.2023 07:49:32.209  15.69000000  15689.99635   0.00  -89.3   28.7  28.0 29.40  290.4   940.5  290.53   49.61   27.54  2169.5  290.97   50.68   10.33      0.0   0.00    0.00    0.00    8.5     28172.209      5.50   47.24000   39.71000                   
09.12.2023 07:49:32.209  15.69000000  15689.99599   0.00  -66.3   51.7  28.0 29.46  291.7   939.8  291.81   49.80   27.61  2175.7  292.22   51.10   10.23      0.0   0.00    0.00    0.00    4.5     28172.209      5.50   47.24000   39.71000                   
09.12.2023 07:49:32.209  15.69000000  15689.99562   0.00  -65.4   52.6  28.0 19.37  289.0  1317.7  289.14   49.88   22.29  3137.1  289.57   49.01   -2.97      0.0   0.00    0.00    0.00    3.1     28172.209      5.50   47.24000   39.71000                   
09.12.2023 07:50:04.227  15.69000000  15689.99562   0.00  -62.2   59.8  28.0 20.12  288.7  1273.3  288.84   49.78   22.89  3013.5  289.27   49.11   -1.26      0.0   0.00    0.00    0.00    3.6     28204.227      5.50   47.24000   39.71000                   
09.12.2023 07:50:36.434  15.69000000  15689.99599   0.00  -68.6   51.4  28.0 26.09  291.4  1028.1  291.50   49.92   26.39  2392.5  291.89   50.92    7.14      0.0   0.00    0.00    0.00    4.6     28236.434      5.50   47.24000   39.71000                   
09.12.2023 07:51:08.628  15.69000000  15689.99611   0.00  -78.5   45.5  28.0 27.25  290.6   991.9  290.72   49.73   26.85  2293.6  291.12   50.69    8.56      0.0   0.00    0.00    0.00    4.3     28268.628      5.50   47.24000   39.71000                   
09.12.2023 07:51:08.628  15.69000000  15689.99562   0.00  -66.8   57.2  28.0 17.73  288.1  1416.7  288.25   49.77   20.89  3389.2  288.69   48.02   -6.12      0.0   0.00    0.00    0.00    4.2     28268.628      5.50   47.24000   39.71000                   
09.12.2023 07:51:40.822  15.69000000  15689.99562   0.00  -66.1   51.9  28.0 19.77  288.6  1287.6  288.74   49.77   22.69  3049.2  289.16   49.00   -1.73      0.0   0.00    0.00    0.00    3.6     28300.822      5.50   47.24000   39.71000                   
09.12.2023 07:52:12.977  15.69000000  15689.99307   0.00 -107.0   21.0  28.0 17.91  288.9  1401.8  289.04   49.93   21.12  3362.6  289.47   48.46   -5.93      0.0   0.00    0.00    0.00    3.9     28332.977      5.50   47.24000   39.71000                   
09.12.2023 07:52:12.977  15.69000000  15689.99356   0.00 -106.9   21.1  28.0 19.34  289.8  1312.0  289.93   50.04   22.40  3131.8  290.33   49.37   -3.01      0.0   0.00    0.00    0.00    4.6     28332.977      5.50   47.24000   39.71000                   
09.12.2023 07:52:12.977  15.69000000  15689.99416   0.00 -106.6   21.4  28.0 17.49  289.3  1432.2  289.44   50.04   20.71  3453.6  289.86   48.44   -7.20      0.0   0.00    0.00    0.00    3.2     28332.977      5.50   47.24000   39.71000                   
09.12.2023 07:52:12.977  15.69000000  15689.99392   0.00 -106.3   21.7  28.0 15.39  288.7  1607.1  288.86   50.01   18.25  3931.0  289.31   46.80  -13.11      0.0   0.00    0.00    0.00    3.8     28332.977      5.50   47.24000   39.71000                   
09.12.2023 07:52:12.977  15.69000000  15689.99757   0.00 -106.2   21.8  28.0 19.27  289.9  1316.3  290.02   50.06   22.34  3144.8  290.43   49.39   -3.21      0.0   0.00    0.00    0.00    3.0     28332.977      5.50   47.24000   39.71000                   
09.12.2023 07:52:12.977  15.69000000  15689.99732   0.00 -106.1   21.9  28.0 19.06  289.3  1328.1  289.43   49.95   22.15  3168.3  289.84   49.07   -3.43      0.0   0.00    0.00    0.00    3.2     28332.977      5.50   47.24000   39.71000                   
09.12.2023 07:52:12.977  15.69000000  15689.99842   0.00 -105.9   22.1  28.0 17.86  289.5  1406.1  289.63   50.06   21.07  3385.3  290.05   48.70   -6.34      0.0   0.00    0.00    0.00    3.4     28332.977      5.50   47.24000   39.71000                   
09.12.2023 07:52:12.977  15.69000000  15689.99708   0.00 -105.7   22.3  28.0 20.76  289.7  1234.6  289.82   49.93   23.47  2920.7  290.22   49.69   -0.13      0.0   0.00    0.00    0.00    3.3     28332.977      5.50   47.24000   39.71000                   
09.12.2023 07:52:12.977  15.69000000  15689.99283   0.00 -105.1   22.9  28.0 17.03  288.6  1465.3  288.75   49.91   20.22  3531.4  289.18   47.90   -8.06      0.0   0.00    0.00    0.00    3.3     28332.977      5.50   47.24000   39.71000                   
09.12.2023 07:52:12.977  15.69000000  15689.99684   0.00 -104.2   23.8  28.0 21.04  290.1  1221.0  290.22   49.99   23.67  2888.7  290.61   49.91    0.26      0.0   0.00    0.00    0.00    2.4     28332.977      5.50   47.24000   39.71000                   
09.12.2023 07:52:12.977  15.69000000  15689.99465   0.00 -103.8   24.2  28.0 18.96  288.1  1332.7  288.25   49.71   22.05  3162.6  288.68   48.54   -3.15      0.0   0.00    0.00    0.00    4.9     28332.977      5.50   47.24000   39.71000                   
09.12.2023 07:52:12.977  15.69000000  15689.99441   0.00 -103.6   24.4  28.0 18.45  288.8  1365.5  288.94   49.88   21.62  3262.1  289.36   48.65   -4.59      0.0   0.00    0.00    0.00    2.7     28332.977      5.50   47.24000   39.71000                   
09.12.2023 07:52:12.977  15.69000000  15689.99489   0.00  -99.6   28.4  28.0 17.91  289.2  1402.2  289.34   50.00   21.12  3369.1  289.76   48.59   -6.07      0.0   0.00    0.00    0.00    2.1     28332.977      5.50   47.24000   39.71000                   
09.12.2023 07:52:12.977  15.69000000  15689.99647   0.00  -97.8   30.2  28.0 26.72  290.2  1004.2  290.32   49.69   26.66  2320.2  290.72   50.53    8.20      0.0   0.00    0.00    0.00    5.1     28332.977      5.50   47.24000   39.71000                   
09.12.2023 07:52:12.977  15.69000000  15689.99514   0.00  -96.0   32.0  28.0 19.22  286.5  1314.9  286.67   49.37   22.26  3091.6  287.11   47.99   -1.95      0.0   0.00    0.00    0.00    4.1     28332.977      5.50   47.24000   39.71000                   
09.12.2023 07:52:12.977  15.69000000  15689.99599   0.00  -80.0   48.0  28.0 26.47  294.2  1013.7  294.26   50.31   26.74  2371.0  294.58   51.91    7.40      0.0   0.00    0.00    0.00    4.0     28332.977      5.50   47.24000   39.71000                   
09.12.2023 07:52:12.977  15.69000000  15689.99562   0.00  -66.4   61.6  28.0 17.60  288.8  1423.4  288.94   49.93   20.81  3420.2  289.37   48.28   -6.66      0.0   0.00    0.00    0.00    3.1     28332.977      5.50   47.24000   39.71000                   
09.12.2023 07:52:45.542  15.69000000  15689.99623   0.00  -87.6   40.4  28.0 25.88  291.4  1029.2  291.50   49.92   26.37  2391.6  291.87   50.91    7.15      0.0   0.00    0.00    0.00    2.5     28365.542      5.50   47.24000   39.71000                   
09.12.2023 07:52:45.542  15.69000000  15689.99574   0.00  -70.9   57.1  28.0 20.77  289.9  1232.7  290.02   49.96   23.50  2917.5  290.41   49.78   -0.11      0.0   0.00    0.00    0.00    5.0     28365.542      5.50   47.24000   39.71000                   
09.12.2023 07:53:17.688  15.69000000  15689.99599   0.00  -77.0   53.0  28.0 23.87  290.0  1096.3  290.12   49.80   25.39  2555.2  290.50   50.28    4.91      0.0   0.00    0.00    0.00    3.5     28397.688      5.50   47.24000   39.71000                   
09.12.2023 07:53:17.688  15.69000000  15689.99562   0.00  -72.5   57.5  28.0 19.26  290.1  1313.7  290.22   50.10   22.38  3140.2  290.61   49.49   -3.17      0.0   0.00    0.00    0.00    5.2     28397.688      5.50   47.24000   39.71000                   
09.12.2023 07:53:49.983  15.69000000  15689.99635   0.00  -95.7   22.3  28.0 30.70  280.8   895.3  281.08   48.22   27.91  1998.3  281.67   47.83   13.06   3432.9 282.81   45.05   -5.29    7.0     28429.983      5.50   47.24000   39.71000  F2F2F2           
09.12.2023 07:53:49.983  15.69000000  15689.99562   0.00  -61.0   57.0  28.0 19.93  289.0  1272.7  289.13   49.84   22.91  3013.6  289.54   49.23   -1.30      0.0   0.00    0.00    0.00    3.6     28429.983      5.50   47.24000   39.71000                   
09.12.2023 07:54:22.053  15.69000000  15689.99623   0.00  -85.4   44.6  28.0 30.48  291.6   904.7  291.69   49.71   28.08  2077.7  292.09   51.05   11.63      0.0   0.00    0.00    0.00    7.2     28462.053      5.50   47.24000   39.71000                   
09.12.2023 07:54:22.053  15.69000000  15689.99574   0.00  -73.5   56.5  28.0 21.60  287.7  1186.1  287.84   49.51   24.07  2768.1  288.26   49.10    2.18      0.0   0.00    0.00    0.00    3.2     28462.053      5.50   47.24000   39.71000                   
09.12.2023 07:54:54.302  15.69000000  15689.99574   0.00  -69.8   66.2  28.0 20.70  288.5  1228.7  288.63   49.69   23.51  2889.3  289.04   49.23    0.44      0.0   0.00    0.00    0.00    4.0     28494.302      5.50   47.24000   39.71000                   
09.12.2023 07:55:26.490  15.69000000  15689.99635   0.00  -87.6   38.4  28.0 31.61  290.0   878.4  290.12   49.45   28.36  2005.2  290.56   50.56   12.66      0.0   0.00    0.00    0.00    4.7     28526.490      5.50   47.24000   39.71000                   
09.12.2023 07:55:26.490  15.69000000  15689.99562   0.00  -71.9   54.1  28.0  6.37  287.2     0.0    0.00    0.00    0.00  2005.2  290.56   50.56   12.66      0.0   0.00    0.00    0.00    4.7     28526.490      5.50   47.24000   39.71000                   
09.12.2023 07:55:58.782  15.69000000  15689.99574   0.00  -64.1   59.9  28.0 20.20  289.5  1252.4  289.62   49.91   23.21  2964.6  290.01   49.53   -0.70      0.0   0.00    0.00    0.00    4.3     28558.782      5.50   47.24000   39.71000                   
09.12.2023 07:56:31.098  15.69000000  15689.99660   0.00  -97.6   26.4  28.0 36.40  295.6   809.5  295.62   49.99   29.58  1905.5  296.03   52.17   14.24      0.0   0.00    0.00    0.00    8.2     28591.098      5.50   47.24000   39.71000                   
09.12.2023 07:56:31.098  15.69000000  15689.99623   0.00  -82.0   42.0  28.0 28.16  288.9   953.0  289.03   49.41   27.31  2176.9  289.43   50.16   10.26   3919.0 290.38   47.42  -13.28    4.0     28591.098      5.50   47.24000   39.71000  F2F2F2           
09.12.2023 07:56:31.098  15.69000000  15689.99574   0.00  -62.1   61.9  28.0 21.30  289.5  1195.8  289.62   49.84   24.00  2811.9  290.00   49.76    1.39      0.0   0.00    0.00    0.00    3.9     28591.098      5.50   47.24000   39.71000                   
09.12.2023 07:57:03.187  15.69000000  15689.99538   0.00  -84.2   35.8  28.0 23.61  291.1  1097.1  291.19   49.98   25.43  2562.8  291.54   50.67    4.74      0.0   0.00    0.00    0.00    4.8     28623.187      5.50   47.24000   39.71000                   
09.12.2023 07:57:03.187  15.69000000  15689.99574   0.00  -63.0   57.0  28.0 18.34  289.3  1357.9  289.42   49.98   21.74  3249.0  289.82   48.89   -4.50      0.0   0.00    0.00    0.00    4.5     28623.187      5.50   47.24000   39.71000                   
09.12.2023 07:57:45.907  15.69000000  15689.99672   0.00  -96.6   27.4  28.0 32.59  285.8   852.8  285.99   48.86   28.57  1920.8  286.50   49.36   13.89   3530.4 287.78   47.20   -7.71    3.2     28665.907      5.50   47.24000   39.71000  F2F2F2           
09.12.2023 07:57:45.907  15.69000000  15689.99611   0.00  -81.8   42.2  28.0 31.14  290.0   881.9  290.11   49.45   28.32  2007.7  290.52   50.55   12.62   3856.1 291.75   48.35  -12.86    6.4     28665.907      5.50   47.24000   39.71000  F2F2F2           
09.12.2023 07:57:45.907  15.69000000  15689.99574   0.00  -66.0   58.0  28.0 20.06  289.7  1255.0  289.81   49.95   23.18  2973.3  290.19   49.59   -0.85      0.0   0.00    0.00    0.00    4.2     28665.907      5.50   47.24000   39.71000                   
09.12.2023 07:58:18.148  15.69000000  15689.99574   0.00  -62.3   57.7  28.0 17.53  289.9  1409.9  290.02   50.15   21.04  3402.6  290.41   48.83   -6.65      0.0   0.00    0.00    0.00    3.1     28698.148      5.50   47.24000   39.71000                   
09.12.2023 07:58:50.398  15.69000000  15689.99672   0.00  -96.7   31.3  28.0 37.22  282.2   789.8  282.51   48.35   29.35  1786.2  283.23   48.50   15.82      0.0   0.00    0.00    0.00    2.4     28730.398      5.50   47.24000   39.71000                   
09.12.2023 07:58:50.398  15.69000000  15689.99611   0.00  -72.4   55.6  28.0 32.32  292.2   857.5  292.27   49.69   28.75  1958.4  292.64   51.19   13.35      0.0   0.00    0.00    0.00    4.1     28730.398      5.50   47.24000   39.71000                   
09.12.2023 07:58:50.398  15.69000000  15689.99538   0.00  -72.4   55.6  28.0 26.30  289.7  1000.1  289.80   49.60   26.69  2297.9  290.18   50.35    8.53   4103.6 291.02   47.18  -15.76    4.6     28730.398      5.50   47.24000   39.71000  F2F2F2           
09.12.2023 07:58:50.398  15.69000000  15689.99574   0.00  -71.3   56.7  28.0 17.50  290.7  1411.3  290.81   50.33   21.05  3420.7  291.19   49.18   -7.04      0.0   0.00    0.00    0.00    3.3     28730.398      5.50   47.24000   39.71000                   
09.12.2023 07:59:22.680  15.69000000  15689.99660   0.00  -89.7   30.3  28.0 36.93  284.6   791.4  284.85   48.64   29.37  1795.4  285.50   49.12   15.64      0.0   0.00    0.00    0.00    1.6     28762.680      5.50   47.24000   39.71000                   
09.12.2023 07:59:22.680  15.69000000  15689.99538   0.00  -78.6   41.4  28.0 26.45  288.1   993.5  288.22   49.35   26.72  2270.5  288.62   49.83    8.98   3993.9 289.47   46.69  -13.93    3.6     28762.680      5.50   47.24000   39.71000  F2F2F2           
09.12.2023 07:59:22.680  15.69000000  15689.99574   0.00  -61.5   58.5  28.0 16.95  289.3  1448.5  289.43   50.05   20.48  3499.9  289.83   48.31   -7.80      0.0   0.00    0.00    0.00    3.2     28762.680      5.50   47.24000   39.71000                   
09.12.2023 07:59:54.727  15.69000000  15689.99611   0.00  -80.1   41.9  28.0 13.01   31.4  1479.7   31.07   58.07   52.80  3508.8   30.49   68.75   86.92      0.0   0.00    0.00    0.00    5.2     28794.727      5.50   47.24000   39.71000                   
09.12.2023 07:59:54.727  15.69000000  15689.99538   0.00  -78.1   43.9  28.0 24.69  289.6  1049.7  289.70   49.66   26.01  2424.4  290.07   50.23    6.76      0.0   0.00    0.00    0.00    4.2     28794.727      5.50   47.24000   39.71000                   
09.12.2023 07:59:54.727  15.69000000  15689.99574   0.00  -65.8   56.2  28.0 11.51  289.7  2159.0  289.88   50.32   10.50     0.0    0.00    0.00    0.00      0.0   0.00    0.00    0.00    4.0     28794.727      5.50   47.24000   39.71000                   
