14.12.2023 14:00:24.763  15.69000000  15689.99343   0.00 -104.8   31.2  28.0 32.15  284.9     0.0    0.00    0.00    0.00  2837.6  289.31   49.44    1.11      0.0   0.00    0.00    0.00   10.0     50424.763      5.50   47.24000   39.71000                   
14.12.2023 14:00:24.763  15.69000000  15689.99404   0.00  -92.2   43.8  28.0 28.59  289.1     0.0    0.00    0.00    0.00  2837.6  289.31   49.44    1.11      0.0   0.00    0.00    0.00    5.7     50424.763      5.50   47.24000   39.71000                   
14.12.2023 14:00:24.763  15.69000000  15689.99465   0.00  -72.7   63.3  28.0 20.41  291.6  1211.1  291.21   50.16   23.85  2320.9  290.95   50.62    8.18   3391.9 290.76   49.03   -6.57    5.9     50424.763      5.50   47.24000   39.71000  F2F2F2           
14.12.2023 14:01:07.319  15.69000000  15689.99331   0.00 -111.0   25.0  28.0 26.12  294.3  1201.9  294.08   50.67   24.14  2181.0  293.98   51.68   10.16   3096.0 293.88   51.07   -3.01   17.6     50467.319      5.50   47.24000   39.71000  F2F2F2           
14.12.2023 14:01:07.319  15.69000000  15689.99356   0.00 -105.9   30.1  28.0 15.23  289.1  1403.8  288.75   49.87   21.08  2719.6  288.53   49.29    2.80   3996.0 288.35   46.07  -13.61    3.8     50467.319      5.50   47.24000   39.71000  F2F2F2           
14.12.2023 14:01:07.319  15.69000000  15689.99501   0.00  -80.9   55.1  28.0 22.90  293.4  1164.5  293.03   50.42   24.59  2205.8  292.80   51.29    9.80   3200.9 292.62   50.31   -4.31    5.0     50467.319      5.50   47.24000   39.71000  F2F2F2           
14.12.2023 14:01:07.319  15.69000000  15689.99441   0.00  -79.7   56.3  28.0 19.86  291.8  1226.9  291.41   50.22   23.64  2353.0  291.16   50.67    7.72   3440.1 290.97   49.02   -7.25    5.8     50467.319      5.50   47.24000   39.71000  F2F2F2           
14.12.2023 14:01:07.319  15.69000000  15689.99477   0.00  -77.8   58.2  28.0 22.16  289.6  1173.7  289.19   49.74   24.28  2236.4  288.91   49.95    9.44   3262.9 288.67   48.32   -4.47    7.6     50467.319      5.50   47.24000   39.71000  F2F2F2           
14.12.2023 14:01:49.963  15.69000000  15689.99343   0.00 -102.2   21.8  28.0 31.94  286.0     0.0    0.00    0.00    0.00  2236.4  288.91   49.95    9.44   3262.9 288.67   48.32   -4.47    4.5     50509.963      5.50   47.24000   39.71000  F2F2F2           
14.12.2023 14:01:49.963  15.69000000  15689.99514   0.00  -81.1   42.9  28.0 25.18  290.1  1159.9  289.75   49.82   24.50  2155.1  289.51   50.20   10.56   3101.2 289.28   48.95   -2.44    6.2     50509.963      5.50   47.24000   39.71000  F2F2F2           
14.12.2023 14:01:49.963  15.69000000  15689.99453   0.00  -64.5   59.5  28.0 18.63  291.1  1265.5  290.72   50.14   23.07  2433.6  290.46   50.37    6.61   3564.2 290.27   48.36   -8.73    3.8     50509.963      5.50   47.24000   39.71000  F2F2F2           
14.12.2023 14:02:32.453  15.69000000  15689.99258   0.00 -112.4   21.6  28.0 25.32  291.6  1170.8  291.28   50.11   24.41  2163.1  291.07   50.71   10.42   3101.6 290.88   49.68   -2.69    1.7     50552.453      5.50   47.24000   39.71000  F2F2F2           
14.12.2023 14:02:32.453  15.69000000  15689.99319   0.00 -104.3   29.7  28.0 30.92  289.6     0.0    0.00    0.00    0.00  2163.1  291.07   50.71   10.42   3101.6 290.88   49.68   -2.69    3.9     50552.453      5.50   47.24000   39.71000  F2F2F2           
14.12.2023 14:02:32.453  15.69000000  15689.99380   0.00  -97.2   36.8  28.0 25.92  283.6  1164.9  283.20   48.64   24.27  2151.3  282.89   48.02   10.94   3100.4 282.59   45.93   -1.21    3.8     50552.453      5.50   47.24000   39.71000  F2F2F2           
14.12.2023 14:02:32.453  15.69000000  15689.99514   0.00  -85.0   49.0  28.0 21.65  291.5  1186.7  291.10   50.10   24.19  2259.9  290.84   50.60    9.05   3293.6 290.63   49.18   -5.24    3.6     50552.453      5.50   47.24000   39.71000  F2F2F2           
14.12.2023 14:02:32.453  15.69000000  15689.99453   0.00  -68.6   65.4  28.0 15.65  291.5  1382.1  291.15   50.37   21.47  2669.0  290.93   50.33    3.28   3910.5 290.77   47.66  -13.28    2.8     50552.453      5.50   47.24000   39.71000  F2F2F2           
14.12.2023 14:03:15.134  15.69000000  15689.99270   0.00 -111.5   24.5  28.0 25.61  289.9  1178.6  289.58   49.81   24.23  2166.0  289.35   50.14   10.41   3101.0 289.13   48.88   -2.41    2.8     50595.134      5.50   47.24000   39.71000  F2F2F2           
14.12.2023 14:03:15.134  15.69000000  15689.99295   0.00 -111.3   24.7  28.0 32.13  288.8     0.0    0.00    0.00    0.00  2166.0  289.35   50.14   10.41   3101.0 289.13   48.88   -2.41    5.1     50595.134      5.50   47.24000   39.71000  F2F2F2           
14.12.2023 14:03:15.134  15.69000000  15689.99331   0.00 -100.6   35.4  28.0 26.71  289.4  1257.7  289.19   49.83   23.12  2223.1  289.05   50.01    9.62   3129.2 288.85   48.70   -2.74    3.8     50595.134      5.50   47.24000   39.71000  F2F2F2           
14.12.2023 14:03:15.134  15.69000000  15689.99404   0.00  -90.2   45.8  28.0 32.47  277.7     0.0    0.00    0.00    0.00  2223.1  289.05   50.01    9.62   3129.2 288.85   48.70   -2.74    5.3     50595.134      5.50   47.24000   39.71000  F2F2F2           
14.12.2023 14:03:15.134  15.69000000  15689.99514   0.00  -84.1   51.9  28.0 24.48  290.4  1161.1  290.03   49.87   24.49  2169.5  289.78   50.28   10.35   3131.1 289.55   49.01   -2.88    2.3     50595.134      5.50   47.24000   39.71000  F2F2F2           
14.12.2023 14:03:15.134  15.69000000  15689.99453   0.00  -65.5   70.5  28.0 15.30  291.6  1398.4  291.25   50.41   21.24  2700.4  291.03   50.34    2.84   3955.9 290.88   47.58  -13.88    3.4     50595.134      5.50   47.24000   39.71000  F2F2F2           
14.12.2023 14:03:57.859  15.69000000  15689.99283   0.00 -110.4   25.6  28.0 27.03  292.3  1659.0  292.62   50.99   17.62  2584.7  292.85   51.17    4.35   3440.6 292.88   49.97   -7.63    4.6     50637.859      5.50   47.24000   39.71000  F2F2F2           
14.12.2023 14:03:57.859  15.69000000  15689.99319   0.00 -107.8   28.2  28.0 27.12  291.0  1691.3  291.32   50.68   17.12  2611.7  291.53   50.63    4.04   3465.5 291.52   49.24   -7.70    4.5     50637.859      5.50   47.24000   39.71000  F2F2F2           
14.12.2023 14:03:57.859  15.69000000  15689.99453   0.00  -68.8   67.2  28.0 16.64  291.0  1340.7  290.63   50.21   22.02  2583.8  290.39   50.20    4.51   3787.8 290.21   47.72  -11.58    3.2     50637.859      5.50   47.24000   39.71000  F2F2F2           
14.12.2023 14:04:40.303  15.69000000  15689.99720   0.00  -97.7   20.3  28.0 18.92  291.5  1259.3  291.11   50.21   23.18  2414.0  290.84   50.52    6.87   3531.9 290.65   48.64   -8.39    4.0     50680.303      5.50   47.24000   39.71000  F2F2F2           
14.12.2023 14:04:40.303  15.69000000  15689.99100   0.00  -97.0   21.0  28.0 18.00  292.1  1289.2  291.72   50.37   22.79  2475.4  291.47   50.71    5.97   3622.5 291.28   48.74   -9.72    4.3     50680.303      5.50   47.24000   39.71000  F2F2F2           
14.12.2023 14:04:40.303  15.69000000  15689.99866   0.00  -95.4   22.6  28.0 18.43  292.4  1274.6  292.02   50.41   23.01  2444.7  291.76   50.84    6.40   3575.5 291.58   49.01   -9.17    4.1     50680.303      5.50   47.24000   39.71000  F2F2F2           
14.12.2023 14:04:40.303  15.69000000  15689.99052   0.00  -93.5   24.5  28.0 18.78  291.9  1263.5  291.51   50.29   23.14  2422.3  291.25   50.67    6.74   3543.2 291.06   48.82   -8.63    3.9     50680.303      5.50   47.24000   39.71000  F2F2F2           
14.12.2023 14:04:40.303  15.69000000  15689.99562   0.00  -92.9   25.1  28.0 17.41  292.5  1310.2  292.13   50.48   22.52  2517.9  291.88   50.84    5.35   3684.6 291.71   48.80  -10.63    3.7     50680.303      5.50   47.24000   39.71000  F2F2F2           
14.12.2023 14:04:40.303  15.69000000  15689.99672   0.00  -92.0   26.0  28.0 18.75  292.3  1264.3  291.91   50.37   23.15  2423.5  291.66   50.82    6.70   3543.7 291.47   49.03   -8.73    3.8     50680.303      5.50   47.24000   39.71000  F2F2F2           
14.12.2023 14:04:40.303  15.69000000  15689.99234   0.00  -91.1   26.9  28.0 18.43  291.9  1274.8  291.51   50.31   22.98  2445.8  291.26   50.65    6.40   3578.7 291.07   48.74   -9.10    4.0     50680.303      5.50   47.24000   39.71000  F2F2F2           
14.12.2023 14:04:40.303  15.69000000  15689.99356   0.00  -91.0   27.0  28.0 18.57  288.6  1272.0  288.19   49.65   22.89  2444.9  287.91   49.41    6.61   3589.0 287.68   46.99   -8.42    8.7     50680.303      5.50   47.24000   39.71000  F2F2F2           
14.12.2023 14:04:40.303  15.69000000  15689.99380   0.00  -89.9   28.1  28.0 20.88  290.1  1206.8  289.69   49.87   23.85  2302.0  289.40   50.08    8.51   3362.4 289.17   48.32   -5.87    3.9     50680.303      5.50   47.24000   39.71000  F2F2F2           
14.12.2023 14:04:40.303  15.69000000  15689.99635   0.00  -88.5   29.5  28.0 18.32  292.1  1278.3  291.71   50.35   22.94  2452.9  291.46   50.73    6.29   3588.7 291.28   48.82   -9.28    4.0     50680.303      5.50   47.24000   39.71000  F2F2F2           
14.12.2023 14:04:40.303  15.69000000  15689.99599   0.00  -88.2   29.8  28.0 18.81  291.8  1262.6  291.41   50.27   23.15  2420.5  291.15   50.63    6.77   3540.8 290.96   48.77   -8.58    4.2     50680.303      5.50   47.24000   39.71000  F2F2F2           
14.12.2023 14:04:40.303  15.69000000  15689.99283   0.00  -88.0   30.0  28.0 18.95  292.4  1258.1  292.01   50.38   23.24  2410.3  291.76   50.86    6.89   3523.4 291.57   49.13   -8.48    3.9     50680.303      5.50   47.24000   39.71000  F2F2F2           
14.12.2023 14:04:40.303  15.69000000  15689.99526   0.00  -87.7   30.3  28.0 22.86  289.7  1172.2  289.29   49.76   24.31  2215.9  289.00   49.99    9.72   3220.9 288.76   48.45   -3.94    3.3     50680.303      5.50   47.24000   39.71000  F2F2F2           
14.12.2023 14:04:40.303  15.69000000  15689.99319   0.00  -87.5   30.5  28.0 17.15  292.4  1320.0  292.03   50.47   22.38  2538.1  291.79   50.79    5.07   3714.9 291.62   48.67  -11.01    3.4     50680.303      5.50   47.24000   39.71000  F2F2F2           
14.12.2023 14:04:40.303  15.69000000  15689.99453   0.00  -59.8   58.2  28.0 18.55  292.0  1270.8  291.61   50.32   23.04  2437.5  291.36   50.70    6.52   3565.8 291.17   48.82   -8.95    3.8     50680.303      5.50   47.24000   39.71000  F2F2F2           
14.12.2023 14:05:23.005  15.69000000  15689.99380   0.00  -91.5   26.5  28.0 31.48  280.0     0.0    0.00    0.00    0.00  2437.5  291.36   50.70    6.52   3565.8 291.17   48.82   -8.95    4.6     50723.005      5.50   47.24000   39.71000  F2F2F2           
14.12.2023 14:05:23.005  15.69000000  15689.99465   0.00  -61.2   56.8  28.0 18.75  291.9  1265.3  291.51   50.29   23.11  2424.5  291.25   50.66    6.71   3546.1 291.05   48.81   -8.67    3.5     50723.005      5.50   47.24000   39.71000  F2F2F2           
14.12.2023 14:06:05.510  15.69000000  15689.99465   0.00  -58.1   55.9  28.0 18.09  291.2  1288.1  290.81   50.18   22.76  2471.3  290.54   50.37    6.08   3618.8 290.34   48.26   -9.45    3.3     50765.510      5.50   47.24000   39.71000  F2F2F2           
14.12.2023 14:06:48.086  15.69000000  15689.99356   0.00 -106.2   23.8  28.0 53.77  254.1     0.0    0.00    0.00    0.00  2471.3  290.54   50.37    6.08   3618.8 290.34   48.26   -9.45   20.2     50808.086      5.50   47.24000   39.71000  F2F2F2           
14.12.2023 14:06:48.086  15.69000000  15689.99319   0.00 -101.0   29.0  28.0 25.12  289.1  1188.2  288.75   49.67   24.07  2184.6  288.50   49.84   10.18   3131.6 288.26   48.42   -2.67    2.1     50808.086      5.50   47.24000   39.71000  F2F2F2           
14.12.2023 14:06:48.086  15.69000000  15689.99465   0.00  -72.6   57.4  28.0 21.12  292.2  1206.1  291.80   50.26   23.95  2290.7  291.53   50.83    8.60   3335.5 291.33   49.43   -5.93    3.2     50808.086      5.50   47.24000   39.71000  F2F2F2           
14.12.2023 14:07:30.654  15.69000000  15689.99465   0.00  -62.2   53.8  28.0 17.95  291.5  1294.2  291.10   50.25   22.69  2480.6  290.84   50.47    5.93   3631.2 290.64   48.38   -9.68    3.6     50850.654      5.50   47.24000   39.71000  F2F2F2           
14.12.2023 14:08:13.144  15.69000000  15689.99465   0.00  -62.5   55.5  28.0 18.09  291.3  1290.3  290.90   50.21   22.74  2471.1  290.63   50.40    6.08   3617.3 290.43   48.31   -9.45    4.7     50893.144      5.50   47.24000   39.71000  F2F2F2           
14.12.2023 14:08:55.783  15.69000000  15689.99307   0.00 -103.4   26.6  28.0 27.26  290.5     0.0    0.00    0.00    0.00  2471.1  290.63   50.40    6.08   3617.3 290.43   48.31   -9.45    3.5     50935.783      5.50   47.24000   39.71000  F2F2F2           
14.12.2023 14:08:55.783  15.69000000  15689.99368   0.00 -100.2   29.8  28.0 27.04  291.8     0.0    0.00    0.00    0.00  2471.1  290.63   50.40    6.08   3617.3 290.43   48.31   -9.45    5.2     50935.783      5.50   47.24000   39.71000  F2F2F2           
14.12.2023 14:08:55.783  15.69000000  15689.99416   0.00  -97.0   33.0  28.0 28.47  280.1     0.0    0.00    0.00    0.00  2471.1  290.63   50.40    6.08   3617.3 290.43   48.31   -9.45    3.2     50935.783      5.50   47.24000   39.71000  F2F2F2           
14.12.2023 14:08:55.783  15.69000000  15689.99465   0.00  -69.3   60.7  28.0 23.71  292.4  1187.5  292.04   50.28   24.22  2210.1  291.80   50.95    9.74   3182.7 291.60   49.87   -3.90    7.7     50935.783      5.50   47.24000   39.71000  F2F2F2           
14.12.2023 14:09:38.930  15.69000000  15689.99380   0.00  -98.5   23.5  28.0 27.19  288.9     0.0    0.00    0.00    0.00  2210.1  291.80   50.95    9.74   3182.7 291.60   49.87   -3.90    3.4     50978.930      5.50   47.24000   39.71000  F2F2F2           
14.12.2023 14:09:38.930  15.69000000  15689.99307   0.00  -95.6   26.4  28.0 26.67  291.1     0.0    0.00    0.00    0.00  2210.1  291.80   50.95    9.74   3182.7 291.60   49.87   -3.90    2.7     50978.930      5.50   47.24000   39.71000  F2F2F2           
14.12.2023 14:09:38.930  15.69000000  15689.99453   0.00  -62.0   60.0  28.0 19.56  292.3  1247.6  291.89   50.34   23.38  2375.8  291.62   50.83    7.38   3467.0 291.42   49.18   -7.70    4.2     50978.930      5.50   47.24000   39.71000  F2F2F2           
14.12.2023 14:10:21.493  15.69000000  15689.99404   0.00  -90.5   21.5  28.0 27.04  289.7     0.0    0.00    0.00    0.00  2375.8  291.62   50.83    7.38   3467.0 291.42   49.18   -7.70    4.2     51021.493      5.50   47.24000   39.71000  F2F2F2           
14.12.2023 14:10:21.493  15.69000000  15689.99465   0.00  -57.0   55.0  28.0 19.89  291.6  1240.3  291.18   50.20   23.45  2358.8  290.90   50.58    7.65   3441.5 290.68   48.88   -7.21    4.4     51021.493      5.50   47.24000   39.71000  F2F2F2           
14.12.2023 14:11:04.086  15.69000000  15689.99319   0.00  -97.3   28.7  28.0 23.50  291.7  1195.3  291.33   50.16   24.08  2222.0  291.07   50.70    9.58   3200.5 290.86   49.48   -4.03    5.5     51064.086      5.50   47.24000   39.71000  F2F2F2           
14.12.2023 14:11:04.086  15.69000000  15689.99416   0.00  -88.9   37.1  28.0 24.82  291.5  1222.7  291.19   50.17   23.69  2223.7  291.00   50.67    9.56   3168.2 290.80   49.52   -3.58    2.9     51064.086      5.50   47.24000   39.71000  F2F2F2           
14.12.2023 14:11:04.086  15.69000000  15689.99441   0.00  -85.4   40.6  28.0 23.66  290.7  1194.3  290.32   49.97   24.04  2218.0  290.05   50.35    9.66   3194.9 289.82   49.01   -3.78    6.3     51064.086      5.50   47.24000   39.71000  F2F2F2           
14.12.2023 14:11:04.086  15.69000000  15689.99477   0.00  -65.2   60.8  28.0 19.37  290.8  1255.2  290.38   50.06   23.20  2390.5  290.08   50.26    7.24   3493.1 289.86   48.34   -7.71    3.7     51064.086      5.50   47.24000   39.71000  F2F2F2           
14.12.2023 14:11:46.737  15.69000000  15689.99526   0.00 -104.5   31.5  28.0 19.56  286.3  1252.4  285.84   49.18   23.11  2390.2  285.51   48.59    7.54   3506.8 285.25   46.01   -6.80    4.6     51106.737      5.50   47.24000   39.71000  F2F2F2           
14.12.2023 14:11:46.737  15.69000000  15689.99319   0.00 -100.1   35.9  28.0 24.01  292.5  1207.1  292.16   50.33   23.95  2223.5  291.94   50.99    9.55   3186.4 291.75   49.93   -3.97    3.2     51106.737      5.50   47.24000   39.71000  F2F2F2           
14.12.2023 14:11:46.737  15.69000000  15689.99428   0.00  -90.3   45.7  28.0 25.91  289.4  1343.3  289.23   49.92   21.94  2317.7  289.12   49.97    8.30   3231.9 288.94   48.51   -4.11    8.3     51106.737      5.50   47.24000   39.71000  F2F2F2           
14.12.2023 14:11:46.737  15.69000000  15689.99392   0.00  -90.3   45.7  28.0 28.04  289.2     0.0    0.00    0.00    0.00  2317.7  289.12   49.97    8.30   3231.9 288.94   48.51   -4.11    2.8     51106.737      5.50   47.24000   39.71000  F2F2F2           
14.12.2023 14:11:46.737  15.69000000  15689.99477   0.00  -78.5   57.5  28.0 19.65  289.9  1249.0  289.47   49.88   23.25  2376.4  289.16   49.93    7.48   3473.1 288.93   47.93   -7.25    8.8     51106.737      5.50   47.24000   39.71000  F2F2F2           
14.12.2023 14:12:29.549  15.69000000  15689.99380   0.00  -91.7   26.3  28.0 24.59  292.0  1228.6  291.70   50.28   23.63  2233.7  291.50   50.84    9.41   3181.8 291.31   49.73   -3.85    4.7     51149.549      5.50   47.24000   39.71000  F2F2F2           
14.12.2023 14:12:29.549  15.69000000  15689.99416   0.00  -89.6   28.4  28.0 23.35  289.9  1198.1  289.50   49.82   23.96  2228.4  289.22   50.06    9.54   3214.9 288.97   48.56   -3.90    3.5     51149.549      5.50   47.24000   39.71000  F2F2F2           
14.12.2023 14:12:29.549  15.69000000  15689.99477   0.00  -58.8   59.2  28.0 17.12  292.5  1328.1  292.10   50.50   22.27  2538.1  291.83   50.81    5.07   3712.8 291.65   48.69  -10.99    3.7     51149.549      5.50   47.24000   39.71000  F2F2F2           
14.12.2023 14:13:22.693  15.69000000  15689.99368   0.00  -93.3   24.7  28.0 27.70  288.6     0.0    0.00    0.00    0.00  2538.1  291.83   50.81    5.07   3712.8 291.65   48.69  -10.99    3.0     51202.693      5.50   47.24000   39.71000  F2F2F2           
14.12.2023 14:13:22.693  15.69000000  15689.99319   0.00  -92.2   25.8  28.0 27.32  291.7     0.0    0.00    0.00    0.00  2538.1  291.83   50.81    5.07   3712.8 291.65   48.69  -10.99    2.1     51202.693      5.50   47.24000   39.71000  F2F2F2           
14.12.2023 14:13:22.693  15.69000000  15689.99453   0.00  -73.0   45.0  28.0 19.57  291.2  1253.6  290.77   50.13   23.24  2380.0  290.48   50.41    7.37   3473.1 290.25   48.59   -7.54    5.2     51202.693      5.50   47.24000   39.71000  F2F2F2           
14.12.2023 14:13:22.693  15.69000000  15689.99477   0.00  -65.1   52.9  28.0 17.56  292.3  1313.5  291.89   50.44   22.46  2506.3  291.62   50.75    5.53   3664.9 291.42   48.70  -10.31    3.8     51202.693      5.50   47.24000   39.71000  F2F2F2           
14.12.2023 14:14:05.505  15.69000000  15689.99356   0.00  -97.4   28.6  28.0 27.83  286.3     0.0    0.00    0.00    0.00  2506.3  291.62   50.75    5.53   3664.9 291.42   48.70  -10.31   23.8     51245.505      5.50   47.24000   39.71000  F2F2F2           
14.12.2023 14:14:05.505  15.69000000  15689.99319   0.00  -94.4   31.6  28.0 27.35  289.6     0.0    0.00    0.00    0.00  2506.3  291.62   50.75    5.53   3664.9 291.42   48.70  -10.31    2.2     51245.505      5.50   47.24000   39.71000  F2F2F2           
14.12.2023 14:14:05.505  15.69000000  15689.99392   0.00  -82.4   43.6  28.0 27.37  289.8     0.0    0.00    0.00    0.00  2506.3  291.62   50.75    5.53   3664.9 291.42   48.70  -10.31    4.4     51245.505      5.50   47.24000   39.71000  F2F2F2           
14.12.2023 14:14:05.505  15.69000000  15689.99477   0.00  -71.2   54.8  28.0 17.41  290.8  1320.4  290.38   50.14   22.30  2521.2  290.09   50.15    5.41   3692.3 289.88   47.82  -10.28   12.3     51245.505      5.50   47.24000   39.71000  F2F2F2           
14.12.2023 14:14:48.091  15.69000000  15689.99526   0.00  -99.1   24.9  28.0 21.96  293.0  1215.6  292.61   50.43   23.86  2274.5  292.34   51.12    8.81   3288.9 292.14   49.92   -5.44    3.5     51288.091      5.50   47.24000   39.71000  F2F2F2           
14.12.2023 14:14:48.091  15.69000000  15689.99331   0.00  -94.4   29.6  28.0 21.47  293.2  1220.8  292.80   50.47   23.80  2291.3  292.53   51.18    8.57   3319.0 292.33   49.95   -5.88    2.8     51288.091      5.50   47.24000   39.71000  F2F2F2           
14.12.2023 14:14:48.091  15.69000000  15689.99392   0.00  -83.8   40.2  28.0 28.42  289.8     0.0    0.00    0.00    0.00  2291.3  292.53   51.18    8.57   3319.0 292.33   49.95   -5.88    4.1     51288.091      5.50   47.24000   39.71000  F2F2F2           
14.12.2023 14:14:48.091  15.69000000  15689.99465   0.00  -63.8   60.2  28.0 18.55  292.6  1283.6  292.18   50.45   22.89  2439.4  291.90   50.90    6.47   3560.8 291.70   49.10   -9.00    3.1     51288.091      5.50   47.24000   39.71000  F2F2F2           
14.12.2023 14:15:30.855  15.69000000  15689.99356   0.00  -90.5   31.5  28.0 27.29  288.9     0.0    0.00    0.00    0.00  2439.4  291.90   50.90    6.47   3560.8 291.70   49.10   -9.00    2.8     51330.855      5.50   47.24000   39.71000  F2F2F2           
14.12.2023 14:15:30.855  15.69000000  15689.99404   0.00  -85.9   36.1  28.0 25.01  290.9  1295.7  290.66   50.17   22.65  2290.2  290.51   50.47    8.63   3224.5 290.32   49.18   -4.26    2.0     51330.855      5.50   47.24000   39.71000  F2F2F2           
14.12.2023 14:15:30.855  15.69000000  15689.99380   0.00  -85.5   36.5  28.0 26.67  289.2     0.0    0.00    0.00    0.00  2290.2  290.51   50.47    8.63   3224.5 290.32   49.18   -4.26    3.4     51330.855      5.50   47.24000   39.71000  F2F2F2           
14.12.2023 14:15:30.855  15.69000000  15689.99465   0.00  -61.2   60.8  28.0 19.99  291.7  1247.8  291.27   50.22   23.35  2359.1  290.97   50.60    7.64   3435.4 290.75   48.92   -7.15    3.8     51330.855      5.50   47.24000   39.71000  F2F2F2           
14.12.2023 14:16:13.473  15.69000000  15689.99404   0.00  -88.1   25.9  28.0 24.66  293.4  1292.6  293.18   50.66   22.82  2295.0  293.06   51.37    8.51   3233.1 292.93   50.40   -4.80    2.6     51373.473      5.50   47.24000   39.71000  F2F2F2           
14.12.2023 14:16:13.473  15.69000000  15689.99465   0.00  -59.6   54.4  28.0 19.65  292.3  1257.3  291.88   50.35   23.24  2377.4  291.58   50.81    7.36   3461.9 291.37   49.17   -7.62    4.7     51373.473      5.50   47.24000   39.71000  F2F2F2           
14.12.2023 14:16:56.013  15.69000000  15689.99404   0.00  -85.5   30.5  28.0 24.84  291.6  1310.3  291.38   50.33   22.48  2307.5  291.24   50.73    8.36   3242.4 291.08   49.50   -4.63    3.1     51416.013      5.50   47.24000   39.71000  F2F2F2           
14.12.2023 14:16:56.013  15.69000000  15689.99465   0.00  -60.2   55.8  28.0 20.24  291.5  1245.9  291.07   50.18   23.36  2349.5  290.77   50.53    7.78   3417.3 290.53   48.86   -6.86    4.4     51416.013      5.50   47.24000   39.71000  F2F2F2           
14.12.2023 14:17:38.734  15.69000000  15689.99526   0.00 -107.3   28.7  28.0 20.34  290.3  1245.4  289.86   49.95   23.32  2347.2  289.54   50.09    7.87   3415.7 289.29   48.25   -6.59    6.2     51458.734      5.50   47.24000   39.71000  F2F2F2           
14.12.2023 14:17:38.734  15.69000000  15689.99356   0.00 -101.4   34.6  28.0 25.62  289.1     0.0    0.00    0.00    0.00  2347.2  289.54   50.09    7.87   3415.7 289.29   48.25   -6.59    1.3     51458.734      5.50   47.24000   39.71000  F2F2F2           
14.12.2023 14:17:38.734  15.69000000  15689.99404   0.00  -89.4   46.6  28.0 24.50  290.9  1278.5  290.62   50.14   22.89  2283.7  290.43   50.45    8.72   3230.5 290.23   49.13   -4.32    2.3     51458.734      5.50   47.24000   39.71000  F2F2F2           
14.12.2023 14:17:38.734  15.69000000  15689.99489   0.00  -73.8   62.2  28.0 19.02  291.8  1276.0  291.37   50.28   22.96  2415.2  291.07   50.60    6.84   3521.1 290.84   48.77   -8.30    4.2     51458.734      5.50   47.24000   39.71000  F2F2F2           
14.12.2023 14:17:38.734  15.69000000  15689.99453   0.00  -63.7   72.3  28.0 20.26  291.9  1247.5  291.47   50.26   23.36  2349.6  291.17   50.68    7.77   3414.8 290.94   49.07   -6.91    4.1     51458.734      5.50   47.24000   39.71000  F2F2F2           
14.12.2023 14:18:21.421  15.69000000  15689.99416   0.00  -92.6   29.4  28.0 25.76  293.9     0.0    0.00    0.00    0.00  2349.6  291.17   50.68    7.77   3414.8 290.94   49.07   -6.91   12.3     51501.421      5.50   47.24000   39.71000  F2F2F2           
14.12.2023 14:18:21.421  15.69000000  15689.99392   0.00  -91.1   30.9  28.0 21.63  289.5  1227.6  289.06   49.78   23.53  2296.0  288.74   49.85    8.62   3327.3 288.47   48.07   -5.27    7.2     51501.421      5.50   47.24000   39.71000  F2F2F2           
14.12.2023 14:18:21.421  15.69000000  15689.99453   0.00  -65.8   56.2  28.0 19.47  291.5  1266.3  291.06   50.21   23.08  2391.5  290.76   50.50    7.19   3482.9 290.53   48.70   -7.72    4.1     51501.421      5.50   47.24000   39.71000  F2F2F2           
14.12.2023 14:19:14.529  15.69000000  15689.99343   0.00 -107.8   28.2  28.0 27.27  276.8     0.0    0.00    0.00    0.00  2391.5  290.76   50.50    7.19   3482.9 290.53   48.70   -7.72    3.9     51554.529      5.50   47.24000   39.71000  F2F2F2           
14.12.2023 14:19:14.529  15.69000000  15689.99392   0.00  -95.4   40.6  28.0 23.11  290.4  1234.2  290.01   49.96   23.48  2267.9  289.74   50.22    8.97   3253.5 289.49   48.73   -4.50    4.8     51554.529      5.50   47.24000   39.71000  F2F2F2           
14.12.2023 14:19:14.529  15.69000000  15689.99477   0.00  -80.0   56.0  28.0 18.29  291.7  1299.6  291.26   50.29   22.63  2461.5  290.96   50.53    6.20   3591.7 290.74   48.53   -9.19    4.9     51554.529      5.50   47.24000   39.71000  F2F2F2           
14.12.2023 14:19:57.098  15.69000000  15689.99356   0.00 -105.2   30.8  28.0 30.41  277.8     0.0    0.00    0.00    0.00  2461.5  290.96   50.53    6.20   3591.7 290.74   48.53   -9.19    6.8     51597.098      5.50   47.24000   39.71000  F2F2F2           
14.12.2023 14:19:57.098  15.69000000  15689.99416   0.00  -92.3   43.7  28.0 22.37  290.5  1232.4  290.09   49.98   23.51  2281.9  289.79   50.23    8.77   3287.1 289.54   48.68   -4.95    6.6     51597.098      5.50   47.24000   39.71000  F2F2F2           
14.12.2023 14:19:57.098  15.69000000  15689.99477   0.00  -75.6   60.4  28.0 19.03  290.5  1280.7  290.05   50.03   22.84  2419.8  289.73   50.11    6.84   3528.6 289.49   48.06   -8.09    4.2     51597.098      5.50   47.24000   39.71000  F2F2F2           
14.12.2023 14:20:39.894  15.69000000  15689.99331   0.00 -115.3   20.7  28.0 28.86  279.6     0.0    0.00    0.00    0.00  2419.8  289.73   50.11    6.84   3528.6 289.49   48.06   -8.09    9.1     51639.894      5.50   47.24000   39.71000  F2F2F2           
14.12.2023 14:20:39.894  15.69000000  15689.99307   0.00 -114.9   21.1  28.0 31.43  277.3     0.0    0.00    0.00    0.00  2419.8  289.73   50.11    6.84   3528.6 289.49   48.06   -8.09   10.3     51639.894      5.50   47.24000   39.71000  F2F2F2           
14.12.2023 14:20:39.894  15.69000000  15689.99526   0.00 -110.4   25.6  28.0 23.11  297.6  1274.6  297.35   51.44   23.36  2311.2  297.24   52.85    8.31   3283.6 297.18   52.37   -6.10   17.4     51639.894      5.50   47.24000   39.71000  F2F2F2           
14.12.2023 14:20:39.894  15.69000000  15689.99392   0.00  -94.3   41.7  28.0 25.99  289.8     0.0    0.00    0.00    0.00  2311.2  297.24   52.85    8.31   3283.6 297.18   52.37   -6.10    1.6     51639.894      5.50   47.24000   39.71000  F2F2F2           
14.12.2023 14:20:39.894  15.69000000  15689.99477   0.00  -72.9   63.1  28.0 18.17  290.9  1306.0  290.46   50.14   22.50  2472.0  290.14   50.21    6.09   3608.7 289.90   48.06   -9.22    5.2     51639.894      5.50   47.24000   39.71000  F2F2F2           
14.12.2023 14:21:33.147  15.69000000  15689.99356   0.00 -109.0   21.0  28.0 23.15  283.2  1232.5  282.73   48.57   23.35  2272.7  282.35   47.65    9.38   3279.9 282.03   45.16   -3.26    9.4     51693.147      5.50   47.24000   39.71000  F2F2F2           
14.12.2023 14:21:33.147  15.69000000  15689.99404   0.00  -88.6   41.4  28.0 25.92  289.2     0.0    0.00    0.00    0.00  2272.7  282.35   47.65    9.38   3279.9 282.03   45.16   -3.26    2.5     51693.147      5.50   47.24000   39.71000  F2F2F2           
14.12.2023 14:21:33.147  15.69000000  15689.99477   0.00  -76.3   53.7  28.0 19.08  294.3  1283.5  293.88   50.79   22.99  2414.6  293.60   51.54    6.78   3506.7 293.41   50.10   -8.63    4.3     51693.147      5.50   47.24000   39.71000  F2F2F2           
14.12.2023 14:22:15.885  15.69000000  15689.99562   0.00 -100.5   29.5  28.0 20.07  291.2  1263.4  290.76   50.14   23.11  2368.7  290.44   50.40    7.53   3438.1 290.19   48.64   -7.07    5.3     51735.885      5.50   47.24000   39.71000  F2F2F2           
14.12.2023 14:22:15.885  15.69000000  15689.99526   0.00  -97.3   32.7  28.0 20.89  289.1  1249.2  288.65   49.72   23.22  2335.1  288.30   49.66    8.10   3386.5 288.03   47.71   -5.94    5.6     51735.885      5.50   47.24000   39.71000  F2F2F2           
14.12.2023 14:22:15.885  15.69000000  15689.99380   0.00  -95.7   34.3  28.0 18.42  291.1  1301.8  290.65   50.17   22.57  2457.5  290.33   50.30    6.28   3582.7 290.09   48.23   -8.93    4.7     51735.885      5.50   47.24000   39.71000  F2F2F2           
14.12.2023 14:22:15.885  15.69000000  15689.99477   0.00  -72.2   57.8  28.0 18.54  292.2  1298.4  291.76   50.39   22.66  2448.3  291.45   50.73    6.36   3564.8 291.23   48.85   -8.95    4.6     51735.885      5.50   47.24000   39.71000  F2F2F2           
14.12.2023 14:22:58.816  15.69000000  15689.99526   0.00 -107.7   28.3  28.0 20.78  293.6  1257.4  293.19   50.61   23.31  2341.4  292.91   51.31    7.84   3381.1 292.70   50.01   -6.79    3.9     51778.816      5.50   47.24000   39.71000  F2F2F2           
14.12.2023 14:22:58.816  15.69000000  15689.99465   0.00  -72.4   63.6  28.0 17.46  292.8  1331.5  292.37   50.56   22.23  2516.2  292.07   50.91    5.37   3668.6 291.85   48.91  -10.46    5.2     51778.816      5.50   47.24000   39.71000  F2F2F2           
14.12.2023 14:23:52.148  15.69000000  15689.99222   0.00 -104.8   31.2  28.0  0.01   43.4     0.0    0.00    0.00    0.00  2516.2  292.07   50.91    5.37   3668.6 291.85   48.91  -10.46    8.5     51832.148      5.50   47.24000   39.71000  F2F2F2           
14.12.2023 14:23:52.148  15.69000000  15689.99465   0.00  -68.6   67.4  28.0 19.58  292.1  1277.7  291.66   50.34   22.95  2394.6  291.35   50.72    7.13   3475.0 291.11   49.01   -7.75    3.9     51832.148      5.50   47.24000   39.71000  F2F2F2           
14.12.2023 14:24:34.976  15.69000000  15689.99392   0.00 -102.6   21.4  28.0 27.13  279.0     0.0    0.00    0.00    0.00  2394.6  291.35   50.72    7.13   3475.0 291.11   49.01   -7.75    6.9     51874.976      5.50   47.24000   39.71000  F2F2F2           
14.12.2023 14:24:34.976  15.69000000  15689.99453   0.00  -65.5   58.5  28.0 19.09  292.5  1290.1  292.06   50.44   22.79  2420.4  291.75   50.85    6.74   3514.9 291.52   49.12   -8.36    4.2     51874.976      5.50   47.24000   39.71000  F2F2F2           
14.12.2023 14:25:17.655  15.69000000  15689.99368   0.00 -113.4   22.6  28.0  0.01  289.2  2852.4  289.12   49.33    0.93     0.0    0.00    0.00    0.00   3514.9 291.52   49.12   -8.36    8.4     51917.655      5.50   47.24000   39.71000  F2F2F2           
14.12.2023 14:25:17.655  15.69000000  15689.99453   0.00  -74.0   62.0  28.0 18.50  293.5  1306.2  293.07   50.66   22.62  2452.6  292.77   51.21    6.25   3562.9 292.55   49.53   -9.22    2.4     51917.655      5.50   47.24000   39.71000  F2F2F2           
14.12.2023 14:26:00.470  15.69000000  15689.99465   0.00  -74.1   53.9  28.0 18.22  292.5  1315.0  292.06   50.47   22.45  2471.0  291.74   50.82    6.03   3593.9 291.51   48.92   -9.40    2.7     51960.470      5.50   47.24000   39.71000  F2F2F2           
14.12.2023 14:26:53.763  15.69000000  15689.99465   0.00  -76.5   51.5  28.0 20.60  292.8  1273.1  292.38   50.47   23.05  2359.9  292.08   51.00    7.60   3403.2 291.85   49.54   -6.93    5.5     52013.763      5.50   47.24000   39.71000  F2F2F2           
14.12.2023 14:26:53.763  15.69000000  15689.99441   0.00  -76.0   52.0  28.0 17.51  290.4  1337.8  289.94   50.06   22.04  2521.1  289.60   49.96    5.44   3678.2 289.35   47.58   -9.97    6.3     52013.763      5.50   47.24000   39.71000  F2F2F2           
14.12.2023 14:27:36.434  15.69000000  15689.99441   0.00  -58.9   55.1  28.0 20.49  292.3  1276.1  291.87   50.38   22.98  2365.7  291.56   50.81    7.53   3413.1 291.33   49.26   -6.96    5.2     52056.434      5.50   47.24000   39.71000  F2F2F2           
14.12.2023 14:28:19.359  15.69000000  15689.99465   0.00  -62.1   57.9  28.0 17.44  292.5  1342.0  292.05   50.51   22.07  2521.7  291.73   50.78    5.31   3670.7 291.50   48.72  -10.40    4.0     52099.359      5.50   47.24000   39.71000  F2F2F2           
14.12.2023 14:29:02.128  15.69000000  15689.99453   0.00  -63.6   54.4  28.0 19.88  292.9  1289.1  292.47   50.52   22.83  2393.1  292.16   51.02    7.12   3456.1 291.93   49.46   -7.66    4.5     52142.128      5.50   47.24000   39.71000  F2F2F2           
14.12.2023 14:29:55.328  15.69000000  15689.99428   0.00  -75.5   50.5  28.0 18.76  290.3  1310.5  289.83   50.01   22.41  2449.4  289.48   49.99    6.45   3558.0 289.21   47.84   -8.40    5.1     52195.328      5.50   47.24000   39.71000  F2F2F2           
14.12.2023 14:29:55.328  15.69000000  15689.99465   0.00  -68.9   57.1  28.0 19.02  291.6  1305.4  291.14   50.27   22.54  2434.3  290.81   50.49    6.59   3528.8 290.56   48.60   -8.33    5.3     52195.328      5.50   47.24000   39.71000  F2F2F2           
14.12.2023 14:30:58.954  15.69000000  15689.99441   0.00  -54.6   53.4  28.0 20.24  291.9  1291.6  291.46   50.32   22.75  2386.1  291.14   50.65    7.25   3438.7 290.89   48.99   -7.22    4.5     52258.954      5.50   47.24000   39.71000  F2F2F2           
14.12.2023 14:31:41.451  15.69000000  15689.99453   0.00  -62.5   53.5  28.0 19.78  292.5  1300.1  292.06   50.45   22.66  2405.6  291.74   50.86    6.95   3470.1 291.50   49.22   -7.76    4.0     52301.451      5.50   47.24000   39.71000  F2F2F2           
14.12.2023 14:32:23.997  15.69000000  15689.99441   0.00  -57.3   50.7  28.0 19.55  291.9  1305.2  291.45   50.34   22.56  2417.2  291.12   50.62    6.81   3490.1 290.86   48.85   -7.89    4.0     52343.997      5.50   47.24000   39.71000  F2F2F2           
14.12.2023 14:33:06.427  15.69000000  15689.99222   0.00  -99.9   20.1  28.0 23.01  291.1  1413.1  290.87   50.34   21.02  2438.9  290.71   50.46    6.53   3402.2 290.52   48.89   -6.66    9.2     52386.427      5.50   47.24000   39.71000  F2F2F2           
14.12.2023 14:33:06.427  15.69000000  15689.99660   0.00  -99.7   20.3  28.0 21.43  291.7  1306.3  291.31   50.31   22.53  2371.6  291.02   50.61    7.46   3385.8 290.77   49.05   -6.49    8.4     52386.427      5.50   47.24000   39.71000  F2F2F2           
14.12.2023 14:33:06.427  15.69000000  15689.99283   0.00  -98.5   21.5  28.0 20.91  292.1  1301.6  291.69   50.38   22.62  2378.8  291.39   50.74    7.35   3407.6 291.14   49.18   -6.86   11.6     52386.427      5.50   47.24000   39.71000  F2F2F2           
14.12.2023 14:33:06.427  15.69000000  15689.99623   0.00  -98.5   21.5  28.0 21.41  293.2  1311.5  292.83   50.62   22.54  2377.0  292.57   51.17    7.34   3387.9 292.36   49.82   -6.82    6.7     52386.427      5.50   47.24000   39.71000  F2F2F2           
14.12.2023 14:33:06.427  15.69000000  15689.99246   0.00  -97.6   22.4  28.0 20.72  292.3  1301.3  291.89   50.42   22.63  2382.9  291.58   50.81    7.28   3416.9 291.34   49.26   -7.02    6.4     52386.427      5.50   47.24000   39.71000  F2F2F2           
14.12.2023 14:33:06.427  15.69000000  15689.99514   0.00  -97.4   22.6  28.0 21.12  292.7  1305.1  292.31   50.51   22.60  2377.2  292.03   50.98    7.35   3398.0 291.79   49.52   -6.85    9.4     52386.427      5.50   47.24000   39.71000  F2F2F2           
14.12.2023 14:33:06.427  15.69000000  15689.99574   0.00  -97.3   22.7  28.0 22.46  291.6  1348.7  291.29   50.36   21.94  2390.4  291.07   50.62    7.20   3372.8 290.85   49.12   -6.33   10.2     52386.427      5.50   47.24000   39.71000  F2F2F2           
14.12.2023 14:33:06.427  15.69000000  15689.99599   0.00  -97.0   23.0  28.0 21.63  291.9  1311.3  291.52   50.36   22.47  2372.1  291.25   50.69    7.45   3379.7 291.01   49.18   -6.46    7.7     52386.427      5.50   47.24000   39.71000  F2F2F2           
14.12.2023 14:33:06.427  15.69000000  15689.99307   0.00  -95.8   24.2  28.0 23.87  291.6     0.0    0.00    0.00    0.00  2372.1  291.25   50.69    7.45   3379.7 291.01   49.18   -6.46    8.0     52386.427      5.50   47.24000   39.71000  F2F2F2           
14.12.2023 14:33:06.427  15.69000000  15689.99331   0.00  -94.9   25.1  28.0 22.35  292.2  1345.2  291.89   50.48   22.02  2389.4  291.67   50.84    7.19   3373.7 291.46   49.41   -6.46    7.5     52386.427      5.50   47.24000   39.71000  F2F2F2           
14.12.2023 14:33:06.427  15.69000000  15689.99368   0.00  -94.8   25.2  28.0 23.73  290.8     0.0    0.00    0.00    0.00  2389.4  291.67   50.84    7.19   3373.7 291.46   49.41   -6.46    7.7     52386.427      5.50   47.24000   39.71000  F2F2F2           
14.12.2023 14:33:06.427  15.69000000  15689.99538   0.00  -94.6   25.4  28.0 23.00  291.6  1420.2  291.39   50.46   20.94  2445.7  291.25   50.65    6.41   3407.6 291.06   49.14   -6.84    8.5     52386.427      5.50   47.24000   39.71000  F2F2F2           
14.12.2023 14:33:06.427  15.69000000  15689.99392   0.00  -93.8   26.2  28.0 22.94  291.0  1398.4  290.75   50.30   21.22  2426.7  290.58   50.41    6.70   3393.4 290.37   48.84   -6.51    8.2     52386.427      5.50   47.24000   39.71000  F2F2F2           
14.12.2023 14:33:06.427  15.69000000  15689.99453   0.00  -66.0   54.0  28.0 21.06  292.5  1303.8  292.10   50.46   22.61  2377.4  291.81   50.90    7.35   3400.5 291.58   49.41   -6.85    6.7     52386.427      5.50   47.24000   39.71000  F2F2F2           
14.12.2023 14:33:49.078  15.69000000  15689.99453   0.00  -55.9   52.1  28.0 20.18  291.9  1305.1  291.47   50.34   22.56  2399.9  291.14   50.64    7.06   3450.9 290.89   48.96   -7.38    5.0     52429.078      5.50   47.24000   39.71000  F2F2F2           
14.12.2023 14:34:31.687  15.69000000  15689.99453   0.00  -62.8   53.2  28.0 20.60  290.6  1305.2  290.16   50.08   22.50  2390.5  289.83   50.17    7.25   3431.6 289.55   48.34   -6.85    4.7     52471.687      5.50   47.24000   39.71000  F2F2F2           
14.12.2023 14:35:14.118  15.69000000  15689.99866   0.00  -97.1   20.9  28.0 19.09  291.7  1322.5  291.24   50.32   22.30  2446.0  290.90   50.52    6.42   3531.1 290.63   48.63   -8.38    4.2     52514.118      5.50   47.24000   39.71000  F2F2F2           
14.12.2023 14:35:14.118  15.69000000  15689.99052   0.00  -96.9   21.1  28.0 19.33  291.7  1319.1  291.25   50.31   22.35  2435.8  290.91   50.53    6.56   3513.0 290.64   48.68   -8.14    4.1     52514.118      5.50   47.24000   39.71000  F2F2F2           
14.12.2023 14:35:14.118  15.69000000  15689.99197   0.00  -94.0   24.0  28.0 19.57  291.7  1316.1  291.25   50.31   22.39  2426.4  290.91   50.54    6.69   3495.7 290.65   48.73   -7.92    4.1     52514.118      5.50   47.24000   39.71000  F2F2F2           
14.12.2023 14:35:14.118  15.69000000  15689.99161   0.00  -93.7   24.3  28.0 19.80  291.8  1314.1  291.36   50.33   22.43  2418.1  291.02   50.59    6.81   3479.7 290.76   48.82   -7.73    4.2     52514.118      5.50   47.24000   39.71000  F2F2F2           
14.12.2023 14:35:14.118  15.69000000  15689.99720   0.00  -93.7   24.3  28.0 19.49  291.6  1316.9  291.15   50.29   22.38  2429.4  290.81   50.50    6.65   3501.7 290.54   48.66   -7.97    3.5     52514.118      5.50   47.24000   39.71000  F2F2F2           
14.12.2023 14:35:14.118  15.69000000  15689.99100   0.00  -93.4   24.6  28.0 19.63  291.8  1315.6  291.35   50.33   22.41  2424.1  291.02   50.58    6.72   3491.1 290.76   48.79   -7.88    4.1     52514.118      5.50   47.24000   39.71000  F2F2F2           
14.12.2023 14:35:14.118  15.69000000  15689.99818   0.00  -93.2   24.8  28.0 19.32  291.8  1319.3  291.35   50.33   22.35  2436.2  291.01   50.57    6.55   3513.4 290.74   48.73   -8.17    3.9     52514.118      5.50   47.24000   39.71000  F2F2F2           
14.12.2023 14:35:14.118  15.69000000  15689.99769   0.00  -93.1   24.9  28.0 19.08  291.7  1322.7  291.24   50.32   22.30  2446.4  290.90   50.52    6.41   3531.9 290.63   48.63   -8.39    3.9     52514.118      5.50   47.24000   39.71000  F2F2F2           
14.12.2023 14:35:14.118  15.69000000  15689.99672   0.00  -88.5   29.5  28.0 19.59  291.7  1315.9  291.25   50.31   22.40  2425.6  290.91   50.54    6.70   3494.2 290.65   48.73   -7.90    4.1     52514.118      5.50   47.24000   39.71000  F2F2F2           
14.12.2023 14:35:14.118  15.69000000  15689.99246   0.00  -88.3   29.7  28.0 19.73  291.8  1314.7  291.35   50.33   22.42  2420.5  291.02   50.58    6.77   3484.3 290.76   48.81   -7.79    4.2     52514.118      5.50   47.24000   39.71000  F2F2F2           
14.12.2023 14:35:14.118  15.69000000  15689.99623   0.00  -83.9   34.1  28.0 19.34  291.8  1319.1  291.35   50.33   22.36  2435.4  291.01   50.57    6.56   3512.0 290.75   48.74   -8.15    4.1     52514.118      5.50   47.24000   39.71000  F2F2F2           
14.12.2023 14:35:14.118  15.69000000  15689.99307   0.00  -83.7   34.3  28.0 19.53  291.8  1316.7  291.35   50.33   22.39  2427.9  291.01   50.58    6.67   3498.2 290.75   48.77   -7.97    4.1     52514.118      5.50   47.24000   39.71000  F2F2F2           
14.12.2023 14:35:14.118  15.69000000  15689.99356   0.00  -80.5   37.5  28.0 19.59  291.9  1316.2  291.45   50.35   22.40  2425.7  291.12   50.62    6.69   3493.6 290.86   48.84   -7.94    4.2     52514.118      5.50   47.24000   39.71000  F2F2F2           
14.12.2023 14:35:14.118  15.69000000  15689.99562   0.00  -80.4   37.6  28.0 19.61  291.9  1316.0  291.45   50.35   22.40  2424.9  291.12   50.62    6.70   3492.3 290.86   48.84   -7.92    4.1     52514.118      5.50   47.24000   39.71000  F2F2F2           
14.12.2023 14:35:14.118  15.69000000  15689.99404   0.00  -78.3   39.7  28.0 20.17  291.3  1311.0  290.86   50.22   22.45  2406.0  290.53   50.41    7.00   3457.3 290.26   48.63   -7.33    4.2     52514.118      5.50   47.24000   39.71000  F2F2F2           
14.12.2023 14:35:14.118  15.69000000  15689.99514   0.00  -78.3   39.7  28.0 19.21  291.8  1320.8  291.35   50.33   22.33  2440.8  291.01   50.56    6.49   3521.6 290.74   48.71   -8.28    4.0     52514.118      5.50   47.24000   39.71000  F2F2F2           
14.12.2023 14:35:14.118  15.69000000  15689.99465   0.00  -57.9   60.1  28.0 19.45  291.8  1317.7  291.35   50.33   22.38  2431.0  291.01   50.57    6.62   3503.9 290.75   48.76   -8.05    4.1     52514.118      5.50   47.24000   39.71000  F2F2F2           
14.12.2023 14:35:56.869  15.69000000  15689.99465   0.00  -59.4   52.6  28.0 18.58  292.1  1334.3  291.64   50.41   22.16  2471.4  291.30   50.65    6.04   3571.6 291.04   48.74   -9.00    3.6     52556.869      5.50   47.24000   39.71000  F2F2F2           
14.12.2023 14:36:39.480  15.69000000  15689.98748   0.00 -111.8   20.2  28.0 20.98  290.0  1319.3  289.57   49.97   22.28  2395.1  289.24   49.95    7.21   3423.4 288.96   48.07   -6.62    7.0     52599.480      5.50   47.24000   39.71000  F2F2F2           
14.12.2023 14:36:39.480  15.69000000  15690.00134   0.00 -111.2   20.8  28.0 22.93  291.0  1571.2  290.93   50.50   18.80  2583.0  290.88   50.40    4.49   3530.7 290.74   48.69   -8.40    9.7     52599.480      5.50   47.24000   39.71000  F2F2F2           
14.12.2023 14:36:39.480  15.69000000  15689.98687   0.00 -111.2   20.8  28.0 20.65  290.5  1317.6  290.07   50.07   22.32  2400.8  289.73   50.12    7.11   3437.8 289.45   48.28   -6.91    7.4     52599.480      5.50   47.24000   39.71000  F2F2F2           
14.12.2023 14:36:39.480  15.69000000  15690.00024   0.00 -111.2   20.8  28.0 23.16  289.6  1776.5  289.73   50.30   15.88  2760.2  289.79   49.75    2.12   3684.9 289.68   47.74  -10.14    8.9     52599.480      5.50   47.24000   39.71000  F2F2F2           
14.12.2023 14:36:39.480  15.69000000  15689.98979   0.00 -111.2   20.8  28.0 19.88  290.4  1317.9  289.94   50.04   22.31  2420.7  289.59   50.05    6.84   3482.6 289.30   48.09   -7.46    6.4     52599.480      5.50   47.24000   39.71000  F2F2F2           
14.12.2023 14:36:39.480  15.69000000  15689.98893   0.00 -111.2   20.8  28.0 21.00  289.9  1319.3  289.47   49.95   22.28  2394.7  289.14   49.91    7.23   3422.7 288.86   48.02   -6.58    6.7     52599.480      5.50   47.24000   39.71000  F2F2F2           
14.12.2023 14:36:39.480  15.69000000  15689.99964   0.00 -110.7   21.3  28.0 19.87  291.2  1319.3  290.75   50.21   22.33  2421.4  290.41   50.36    6.79   3480.8 290.14   48.51   -7.61    6.3     52599.480      5.50   47.24000   39.71000  F2F2F2           
14.12.2023 14:36:39.480  15.69000000  15690.00182   0.00 -110.5   21.5  28.0 19.98  291.8  1319.8  291.36   50.34   22.35  2418.5  291.03   50.59    6.80   3472.5 290.77   48.85   -7.64    5.8     52599.480      5.50   47.24000   39.71000  F2F2F2           
14.12.2023 14:36:39.480  15.69000000  15689.98821   0.00 -110.3   21.7  28.0 17.84  291.6  1352.5  291.13   50.33   21.88  2512.5  290.77   50.42    5.49   3639.9 290.51   48.29   -9.76    4.7     52599.480      5.50   47.24000   39.71000  F2F2F2           
14.12.2023 14:36:39.480  15.69000000  15689.99039   0.00 -109.6   22.4  28.0 20.78  290.5  1318.6  290.07   50.07   22.31  2398.7  289.74   50.13    7.14   3431.7 289.46   48.30   -6.83    6.8     52599.480      5.50   47.24000   39.71000  F2F2F2           
14.12.2023 14:36:39.480  15.69000000  15689.99891   0.00 -108.9   23.1  28.0 20.38  291.4  1318.7  290.97   50.26   22.35  2407.7  290.64   50.45    6.97   3450.2 290.38   48.70   -7.26    5.3     52599.480      5.50   47.24000   39.71000  F2F2F2           
14.12.2023 14:36:39.480  15.69000000  15689.99818   0.00 -104.9   27.1  28.0 22.88  289.7  1486.0  289.52   50.10   19.96  2507.7  289.37   49.89    5.64   3468.3 289.16   48.05   -7.24    8.3     52599.480      5.50   47.24000   39.71000  F2F2F2           
14.12.2023 14:36:39.480  15.69000000  15689.99112   0.00 -103.8   28.2  28.0 20.24  290.8  1317.2  290.36   50.13   22.34  2410.4  290.02   50.22    6.96   3459.3 289.74   48.36   -7.25    6.1     52599.480      5.50   47.24000   39.71000  F2F2F2           
14.12.2023 14:36:39.480  15.69000000  15689.99757   0.00 -100.7   31.3  28.0 22.38  289.2  1378.5  288.87   49.88   21.44  2420.3  288.62   49.69    6.90   3405.7 288.35   47.82   -6.26    8.4     52599.480      5.50   47.24000   39.71000  F2F2F2           
14.12.2023 14:36:39.480  15.69000000  15689.99173   0.00 -100.0   32.0  28.0 20.83  290.7  1319.6  290.28   50.12   22.30  2398.4  289.95   50.21    7.13   3429.1 289.68   48.41   -6.84    6.4     52599.480      5.50   47.24000   39.71000  F2F2F2           
14.12.2023 14:36:39.480  15.69000000  15689.99696   0.00  -98.2   33.8  28.0 22.99  289.5  1530.2  289.36   50.09   19.33  2544.9  289.25   49.80    5.14   3498.9 289.05   47.92   -7.61    8.7     52599.480      5.50   47.24000   39.71000  F2F2F2           
14.12.2023 14:36:39.480  15.69000000  15689.99647   0.00  -96.4   35.6  28.0 20.37  290.0  1315.5  289.55   49.96   22.33  2406.3  289.20   49.92    7.06   3453.8 288.91   47.97   -7.00    7.6     52599.480      5.50   47.24000   39.71000  F2F2F2           
14.12.2023 14:36:39.480  15.69000000  15689.99234   0.00  -95.9   36.1  28.0 21.58  289.8  1332.3  289.41   49.95   22.10  2394.0  289.10   49.90    7.24   3404.1 288.82   48.05   -6.34    6.3     52599.480      5.50   47.24000   39.71000  F2F2F2           
14.12.2023 14:36:39.480  15.69000000  15689.99295   0.00  -94.7   37.3  28.0 20.95  290.6  1320.8  290.18   50.10   22.28  2396.8  289.86   50.17    7.16   3424.0 289.58   48.38   -6.76    7.3     52599.480      5.50   47.24000   39.71000  F2F2F2           
14.12.2023 14:36:39.480  15.69000000  15689.99356   0.00  -94.0   38.0  28.0 19.72  290.9  1319.8  290.44   50.15   22.31  2426.2  290.10   50.24    6.73   3491.5 289.82   48.32   -7.68    9.0     52599.480      5.50   47.24000   39.71000  F2F2F2           
14.12.2023 14:36:39.480  15.69000000  15689.99587   0.00  -93.7   38.3  28.0 21.27  289.7  1323.3  289.28   49.92   22.22  2392.4  288.96   49.85    7.27   3412.6 288.67   47.96   -6.41    7.7     52599.480      5.50   47.24000   39.71000  F2F2F2           
14.12.2023 14:36:39.480  15.69000000  15689.99526   0.00  -92.2   39.8  28.0 22.03  289.7  1353.5  289.34   49.96   21.80  2404.2  289.06   49.87    7.10   3400.1 288.79   48.05   -6.28    7.6     52599.480      5.50   47.24000   39.71000  F2F2F2           
14.12.2023 14:36:39.480  15.69000000  15689.99404   0.00  -88.7   43.3  28.0 22.08  290.2  1360.6  289.86   50.07   21.72  2409.7  289.59   50.06    6.99   3402.2 289.34   48.31   -6.42    4.3     52599.480      5.50   47.24000   39.71000  F2F2F2           
14.12.2023 14:36:39.480  15.69000000  15689.99465   0.00  -70.6   61.4  28.0 22.54  289.9  1407.6  289.62   50.06   21.05  2443.6  289.41   49.96    6.53   3420.2 289.17   48.18   -6.62    8.9     52599.480      5.50   47.24000   39.71000  F2F2F2           
14.12.2023 14:37:22.216  15.69000000  15689.99331   0.00 -113.6   20.4  28.0 30.58  269.2     0.0    0.00    0.00    0.00  2443.6  289.41   49.96    6.53   3420.2 289.17   48.18   -6.62    6.5     52642.216      5.50   47.24000   39.71000  F2F2F2           
14.12.2023 14:37:22.216  15.69000000  15689.99356   0.00 -111.6   22.4  28.0 19.05  292.5  1332.4  292.05   50.49   22.21  2454.5  291.72   50.82    6.26   3535.5 291.46   49.04   -8.62    6.9     52642.216      5.50   47.24000   39.71000  F2F2F2           
14.12.2023 14:37:22.216  15.69000000  15689.99392   0.00 -103.9   30.1  28.0 24.65  289.6     0.0    0.00    0.00    0.00  2454.5  291.72   50.82    6.26   3535.5 291.46   49.04   -8.62    5.2     52642.216      5.50   47.24000   39.71000  F2F2F2           
14.12.2023 14:37:22.216  15.69000000  15689.99246   0.00 -102.5   31.5  28.0 25.57  285.1     0.0    0.00    0.00    0.00  2454.5  291.72   50.82    6.26   3535.5 291.46   49.04   -8.62    5.5     52642.216      5.50   47.24000   39.71000  F2F2F2           
14.12.2023 14:37:22.216  15.69000000  15689.99477   0.00  -65.8   68.2  28.0 15.95  293.0  1410.3  292.54   50.70   21.14  2632.5  292.20   50.88    3.71   3826.1 291.97   48.55  -12.54    3.7     52642.216      5.50   47.24000   39.71000  F2F2F2           
14.12.2023 14:38:05.032  15.69000000  15689.99428   0.00  -91.9   28.1  28.0 17.88  292.7  1356.3  292.24   50.57   21.88  2511.9  291.90   50.85    5.44   3631.6 291.64   48.90   -9.92    5.1     52685.032      5.50   47.24000   39.71000  F2F2F2           
14.12.2023 14:38:05.032  15.69000000  15689.99477   0.00  -65.7   54.3  28.0 17.54  292.6  1364.4  292.13   50.55   21.76  2530.9  291.79   50.80    5.17   3663.3 291.53   48.76  -10.31    3.1     52685.032      5.50   47.24000   39.71000  F2F2F2           
14.12.2023 14:38:47.457  15.69000000  15689.99745   0.00 -115.6   20.4  28.0 16.52  293.5  1394.9  293.04   50.79   21.38  2593.4  292.70   51.11    4.24   3760.0 292.47   49.00  -11.81    4.6     52727.457      5.50   47.24000   39.71000  F2F2F2           
14.12.2023 14:38:47.457  15.69000000  15689.99039   0.00 -114.7   21.3  28.0 18.97  293.9  1341.3  293.47   50.80   22.16  2463.3  293.15   51.36    6.08   3540.8 292.92   49.77   -9.00    5.0     52727.457      5.50   47.24000   39.71000  F2F2F2           
14.12.2023 14:38:47.457  15.69000000  15689.99793   0.00 -114.0   22.0  28.0 18.16  294.1  1353.9  293.66   50.86   21.99  2498.6  293.33   51.41    5.57   3602.8 293.10   49.72   -9.87    5.4     52727.457      5.50   47.24000   39.71000  F2F2F2           
14.12.2023 14:38:47.457  15.69000000  15689.99088   0.00 -113.4   22.6  28.0 18.25  293.7  1351.9  293.25   50.77   22.00  2494.4  292.93   51.25    5.65   3596.7 292.69   49.52   -9.70    4.1     52727.457      5.50   47.24000   39.71000  F2F2F2           
14.12.2023 14:38:47.457  15.69000000  15689.99197   0.00 -113.3   22.7  28.0 16.98  293.6  1381.4  293.14   50.79   21.57  2563.9  292.81   51.17    4.65   3712.5 292.57   49.17  -11.21    3.9     52727.457      5.50   47.24000   39.71000  F2F2F2           
14.12.2023 14:38:47.457  15.69000000  15689.99234   0.00 -112.6   23.4  28.0 22.46  292.6  1539.3  292.50   50.85   19.32  2565.2  292.44   51.02    4.65   3523.7 292.31   49.50   -8.64    5.0     52727.457      5.50   47.24000   39.71000  F2F2F2           
14.12.2023 14:38:47.457  15.69000000  15689.99854   0.00 -112.2   23.8  28.0 18.00  292.8  1356.1  292.34   50.59   21.89  2507.2  292.00   50.89    5.50   3621.2 291.74   48.98   -9.81    5.5     52727.457      5.50   47.24000   39.71000  F2F2F2           
14.12.2023 14:38:47.457  15.69000000  15689.99149   0.00 -111.4   24.6  28.0 19.00  293.3  1340.0  292.86   50.67   22.14  2461.8  292.54   51.12    6.13   3540.0 292.29   49.45   -8.86    4.1     52727.457      5.50   47.24000   39.71000  F2F2F2           
14.12.2023 14:38:47.457  15.69000000  15689.99684   0.00 -111.1   24.9  28.0 18.48  292.9  1347.0  292.45   50.60   22.02  2483.8  292.11   50.95    5.83   3580.7 291.86   49.13   -9.30    5.3     52727.457      5.50   47.24000   39.71000  F2F2F2           
14.12.2023 14:38:47.457  15.69000000  15689.99270   0.00 -107.6   28.4  28.0 23.99  288.8     0.0    0.00    0.00    0.00  2483.8  292.11   50.95    5.83   3580.7 291.86   49.13   -9.30    5.2     52727.457      5.50   47.24000   39.71000  F2F2F2           
14.12.2023 14:38:47.457  15.69000000  15689.99331   0.00 -107.1   28.9  28.0 14.93  293.7  1450.7  293.24   50.91   20.61  2709.5  292.92   51.10    2.57   3941.0 292.70   48.62  -14.22    7.4     52727.457      5.50   47.24000   39.71000  F2F2F2           
14.12.2023 14:38:47.457  15.69000000  15689.99307   0.00 -107.0   29.0  28.0 16.43  293.6  1397.6  293.14   50.81   21.35  2599.2  292.81   51.14    4.15   3769.0 292.57   49.03  -11.95    5.1     52727.457      5.50   47.24000   39.71000  F2F2F2           
14.12.2023 14:38:47.457  15.69000000  15689.99599   0.00 -106.3   29.7  28.0 17.61  293.2  1365.1  292.74   50.68   21.78  2527.7  292.40   51.03    5.19   3654.4 292.15   49.11  -10.34    4.5     52727.457      5.50   47.24000   39.71000  F2F2F2           
14.12.2023 14:38:47.457  15.69000000  15689.99574   0.00 -105.4   30.6  28.0 17.24  293.0  1374.3  292.54   50.65   21.64  2549.2  292.19   50.94    4.89   3690.2 291.94   48.90  -10.76    3.9     52727.457      5.50   47.24000   39.71000  F2F2F2           
14.12.2023 14:38:47.457  15.69000000  15689.99526   0.00 -102.0   34.0  28.0 15.67  295.1  1422.4  294.66   51.18   21.09  2649.2  294.34   51.72    3.36   3843.7 294.13   49.67  -13.33    4.9     52727.457      5.50   47.24000   39.71000  F2F2F2           
14.12.2023 14:38:47.457  15.69000000  15689.99465   0.00  -76.0   60.0  28.0 19.44  292.7  1334.9  292.26   50.54   22.18  2445.5  291.94   50.91    6.38   3511.1 291.68   49.21   -8.34    5.2     52727.457      5.50   47.24000   39.71000  F2F2F2           
14.12.2023 14:39:30.661  15.69000000  15689.99404   0.00  -88.7   29.3  28.0 19.42  291.8  1337.0  291.35   50.36   22.11  2448.5  291.01   50.56    6.38   3516.6 290.74   48.72   -8.21    4.8     52770.661      5.50   47.24000   39.71000  F2F2F2           
14.12.2023 14:39:30.661  15.69000000  15689.99501   0.00  -84.9   33.1  28.0 17.95  292.6  1359.4  292.14   50.55   21.83  2511.7  291.79   50.81    5.45   3627.2 291.53   48.85   -9.84    4.7     52770.661      5.50   47.24000   39.71000  F2F2F2           
14.12.2023 14:39:30.661  15.69000000  15689.99465   0.00  -64.1   53.9  28.0 18.25  292.0  1353.0  291.53   50.41   21.89  2497.2  291.18   50.59    5.68   3604.3 290.91   48.59   -9.40    4.5     52770.661      5.50   47.24000   39.71000  F2F2F2           
14.12.2023 14:40:13.450  15.69000000  15689.99465   0.00  -72.7   51.3  28.0 18.60  292.8  1350.6  292.35   50.58   21.97  2482.9  292.01   50.91    5.84   3574.1 291.75   49.10   -9.19    4.8     52813.450      5.50   47.24000   39.71000  F2F2F2           
14.12.2023 14:40:56.240  15.69000000  15689.99672   0.00  -93.2   20.8  28.0 17.51  293.2  1374.2  292.74   50.69   21.65  2537.9  292.39   51.02    5.04   3665.2 292.14   49.07  -10.48    4.7     52856.240      5.50   47.24000   39.71000  F2F2F2           
14.12.2023 14:40:56.240  15.69000000  15689.99270   0.00  -91.2   22.8  28.0 20.77  291.5  1354.9  291.11   50.33   21.85  2432.3  290.81   50.50    6.61   3455.7 290.55   48.77   -7.37    4.7     52856.240      5.50   47.24000   39.71000  F2F2F2           
14.12.2023 14:40:56.240  15.69000000  15689.99307   0.00  -89.0   25.0  28.0 18.09  293.1  1362.1  292.64   50.66   21.82  2508.2  292.30   51.01    5.47   3615.0 292.05   49.15   -9.80    5.0     52856.240      5.50   47.24000   39.71000  F2F2F2           
14.12.2023 14:40:56.240  15.69000000  15689.99611   0.00  -88.0   26.0  28.0 17.63  293.3  1371.5  292.84   50.71   21.70  2531.3  292.50   51.07    5.13   3653.8 292.25   49.15  -10.36    4.8     52856.240      5.50   47.24000   39.71000  F2F2F2           
14.12.2023 14:40:56.240  15.69000000  15689.99331   0.00  -87.5   26.5  28.0 17.93  293.6  1365.5  293.15   50.77   21.80  2515.7  292.81   51.20    5.34   3626.5 292.57   49.39  -10.07    4.8     52856.240      5.50   47.24000   39.71000  F2F2F2           
14.12.2023 14:40:56.240  15.69000000  15689.99392   0.00  -85.7   28.3  28.0 17.09  293.5  1384.6  293.04   50.77   21.52  2561.3  292.70   51.13    4.70   3703.0 292.45   49.14  -11.05    4.8     52856.240      5.50   47.24000   39.71000  F2F2F2           
14.12.2023 14:40:56.240  15.69000000  15689.99368   0.00  -85.6   28.4  28.0 18.08  293.0  1362.1  292.54   50.64   21.81  2508.7  292.20   50.97    5.47   3616.2 291.94   49.09   -9.79    4.5     52856.240      5.50   47.24000   39.71000  F2F2F2           
14.12.2023 14:40:56.240  15.69000000  15689.99416   0.00  -85.3   28.7  28.0 17.71  293.3  1369.8  292.84   50.71   21.72  2527.1  292.50   51.07    5.19   3646.8 292.25   49.17  -10.27    4.8     52856.240      5.50   47.24000   39.71000  F2F2F2           
14.12.2023 14:40:56.240  15.69000000  15689.99550   0.00  -85.1   28.9  28.0 17.11  293.3  1384.0  292.84   50.73   21.52  2560.3  292.49   51.05    4.72   3702.0 292.24   49.03  -10.99    4.8     52856.240      5.50   47.24000   39.71000  F2F2F2           
14.12.2023 14:40:56.240  15.69000000  15689.99465   0.00  -62.4   51.6  28.0 18.01  293.1  1363.6  292.64   50.66   21.80  2512.0  292.30   51.00    5.42   3621.7 292.05   49.13   -9.89    4.8     52856.240      5.50   47.24000   39.71000  F2F2F2           
14.12.2023 14:41:39.194  15.69000000  15689.99319   0.00 -101.5   20.5  28.0 16.51  292.2  1402.6  291.72   50.51   21.21  2600.6  291.36   50.57    4.21   3768.8 291.10   48.25  -11.57    2.0     52899.194      5.50   47.24000   39.71000  F2F2F2           
14.12.2023 14:41:39.194  15.69000000  15689.99501   0.00  -74.0   48.0  28.0 17.61  292.8  1374.0  292.33   50.61   21.64  2534.5  291.98   50.87    5.11   3658.5 291.72   48.87  -10.30    5.7     52899.194      5.50   47.24000   39.71000  F2F2F2           
14.12.2023 14:41:39.194  15.69000000  15689.99453   0.00  -73.1   48.9  28.0 15.85  293.6  1423.3  293.13   50.85   20.99  2642.2  292.79   51.11    3.54   3831.0 292.55   48.85  -12.76    2.4     52899.194      5.50   47.24000   39.71000  F2F2F2           
14.12.2023 14:42:21.999  15.69000000  15689.99769   0.00  -97.7   20.3  28.0 18.70  292.1  1357.3  291.64   50.44   21.84  2486.1  291.29   50.64    5.83   3573.2 291.02   48.72   -9.02    5.4     52941.999      5.50   47.24000   39.71000  F2F2F2           
14.12.2023 14:42:21.999  15.69000000  15689.99173   0.00  -96.9   21.1  28.0 18.69  291.9  1357.2  291.44   50.40   21.83  2486.5  291.08   50.56    5.84   3574.6 290.81   48.61   -8.99    5.5     52941.999      5.50   47.24000   39.71000  F2F2F2           
14.12.2023 14:42:21.999  15.69000000  15689.99720   0.00  -94.4   23.6  28.0 18.52  292.0  1359.5  291.54   50.42   21.80  2493.5  291.18   50.59    5.73   3587.1 290.91   48.63   -9.17    5.2     52941.999      5.50   47.24000   39.71000  F2F2F2           
14.12.2023 14:42:21.999  15.69000000  15689.99222   0.00  -93.8   24.2  28.0 18.82  291.9  1355.7  291.44   50.40   21.85  2481.4  291.09   50.57    5.91   3565.0 290.81   48.64   -8.86    5.3     52941.999      5.50   47.24000   39.71000  F2F2F2           
14.12.2023 14:42:21.999  15.69000000  15689.99672   0.00  -92.9   25.1  28.0 18.58  291.9  1358.6  291.44   50.40   21.81  2491.0  291.08   50.55    5.77   3582.8 290.80   48.59   -9.09    5.3     52941.999      5.50   47.24000   39.71000  F2F2F2           
14.12.2023 14:42:21.999  15.69000000  15689.99258   0.00  -90.3   27.7  28.0 19.89  291.0  1350.3  290.56   50.21   21.89  2448.8  290.22   50.26    6.41   3500.0 289.93   48.36   -7.82    4.7     52941.999      5.50   47.24000   39.71000  F2F2F2           
14.12.2023 14:42:21.999  15.69000000  15689.99635   0.00  -90.3   27.7  28.0 18.51  292.1  1359.8  291.64   50.44   21.80  2493.8  291.28   50.63    5.72   3587.4 291.01   48.68   -9.20    5.2     52941.999      5.50   47.24000   39.71000  F2F2F2           
14.12.2023 14:42:21.999  15.69000000  15689.99307   0.00  -89.4   28.6  28.0 18.92  291.9  1354.7  291.44   50.40   21.86  2477.7  291.09   50.57    5.96   3557.9 290.82   48.66   -8.77    5.2     52941.999      5.50   47.24000   39.71000  F2F2F2           
14.12.2023 14:42:21.999  15.69000000  15689.99587   0.00  -87.5   30.5  28.0 18.57  292.0  1358.8  291.54   50.42   21.81  2491.3  291.18   50.59    5.76   3583.2 290.91   48.64   -9.12    5.4     52941.999      5.50   47.24000   39.71000  F2F2F2           
14.12.2023 14:42:21.999  15.69000000  15689.99356   0.00  -86.8   31.2  28.0 19.38  291.7  1351.5  291.25   50.35   21.90  2462.4  290.91   50.51    6.19   3527.9 290.63   48.64   -8.34    5.2     52941.999      5.50   47.24000   39.71000  F2F2F2           
14.12.2023 14:42:21.999  15.69000000  15689.99501   0.00  -68.5   49.5  28.0 17.34  292.5  1382.4  292.03   50.55   21.50  2551.1  291.67   50.73    4.89   3685.2 291.40   48.63  -10.57    5.3     52941.999      5.50   47.24000   39.71000  F2F2F2           
14.12.2023 14:42:21.999  15.69000000  15689.99441   0.00  -66.8   51.2  28.0 18.93  291.5  1354.0  291.04   50.31   21.86  2477.2  290.68   50.41    5.99   3558.5 290.40   48.45   -8.68    5.5     52941.999      5.50   47.24000   39.71000  F2F2F2           
14.12.2023 14:43:04.913  15.69000000  15689.99307   0.00  -97.0   21.0  28.0 17.53  292.0  1380.1  291.52   50.44   21.51  2543.0  291.16   50.54    5.04   3670.8 290.88   48.40  -10.25    3.9     52984.913      5.50   47.24000   39.71000  F2F2F2           
14.12.2023 14:43:04.913  15.69000000  15689.99587   0.00  -93.9   24.1  28.0 17.74  291.9  1375.6  291.42   50.42   21.57  2532.1  291.06   50.51    5.20   3652.7 290.78   48.40  -10.00    3.8     52984.913      5.50   47.24000   39.71000  F2F2F2           
14.12.2023 14:43:04.913  15.69000000  15689.99623   0.00  -93.3   24.7  28.0 18.04  291.7  1369.6  291.22   50.37   21.65  2517.3  290.86   50.45    5.41   3627.8 290.58   48.36   -9.62    4.4     52984.913      5.50   47.24000   39.71000  F2F2F2           
14.12.2023 14:43:04.913  15.69000000  15689.99283   0.00  -91.6   26.4  28.0 17.82  291.8  1373.9  291.32   50.39   21.59  2528.1  290.96   50.48    5.26   3646.1 290.68   48.36   -9.89    3.9     52984.913      5.50   47.24000   39.71000  F2F2F2           
14.12.2023 14:43:04.913  15.69000000  15689.99356   0.00  -91.3   26.7  28.0 17.26  291.6  1386.2  291.12   50.36   21.41  2558.4  290.75   50.37    4.84   3698.0 290.47   48.11  -10.50    4.3     52984.913      5.50   47.24000   39.71000  F2F2F2           
14.12.2023 14:43:04.913  15.69000000  15689.99550   0.00  -90.8   27.2  28.0 18.15  291.4  1367.4  290.92   50.30   21.66  2512.4  290.56   50.34    5.50   3620.1 290.27   48.22   -9.45    3.9     52984.913      5.50   47.24000   39.71000  F2F2F2           
14.12.2023 14:43:04.913  15.69000000  15689.99380   0.00  -89.6   28.4  28.0 18.93  291.5  1357.3  291.04   50.32   21.81  2480.0  290.68   50.41    5.95   3560.3 290.40   48.44   -8.71    4.0     52984.913      5.50   47.24000   39.71000  F2F2F2           
14.12.2023 14:43:04.913  15.69000000  15689.99501   0.00  -77.4   40.6  28.0 17.69  292.2  1376.8  291.73   50.48   21.57  2534.4  291.37   50.63    5.15   3655.6 291.09   48.55  -10.11    5.8     52984.913      5.50   47.24000   39.71000  F2F2F2           
14.12.2023 14:43:04.913  15.69000000  15689.99453   0.00  -65.3   52.7  28.0 17.73  291.8  1375.7  291.32   50.40   21.56  2532.7  290.96   50.47    5.19   3654.0 290.68   48.34   -9.99    4.0     52984.913      5.50   47.24000   39.71000  F2F2F2           
14.12.2023 14:43:58.230  15.69000000  15689.99210   0.00 -102.0   20.0  28.0 21.21  290.3  1405.4  289.95   50.13   21.10  2469.7  289.68   50.04    6.15   3476.4 289.41   48.16   -7.40    3.9     53038.230      5.50   47.24000   39.71000  F2F2F2           
14.12.2023 14:43:58.230  15.69000000  15689.99623   0.00  -99.1   22.9  28.0 20.65  290.4  1374.8  290.00   50.11   21.52  2453.8  289.68   50.06    6.37   3479.5 289.40   48.15   -7.44    3.5     53038.230      5.50   47.24000   39.71000  F2F2F2           
14.12.2023 14:43:58.230  15.69000000  15689.99234   0.00  -98.6   23.4  28.0 21.01  290.2  1390.5  289.83   50.09   21.30  2460.4  289.53   50.00    6.29   3474.5 289.25   48.09   -7.34    3.9     53038.230      5.50   47.24000   39.71000  F2F2F2           
14.12.2023 14:43:58.230  15.69000000  15689.99599   0.00  -96.4   25.6  28.0 20.73  290.2  1376.8  289.80   50.07   21.49  2453.9  289.49   49.99    6.38   3477.6 289.20   48.05   -7.37    3.3     53038.230      5.50   47.24000   39.71000  F2F2F2           
14.12.2023 14:43:58.230  15.69000000  15689.99562   0.00  -93.5   28.5  28.0 20.35  290.8  1367.8  290.39   50.19   21.64  2453.9  290.06   50.20    6.35   3488.2 289.78   48.31   -7.63    3.7     53038.230      5.50   47.24000   39.71000  F2F2F2           
14.12.2023 14:43:58.230  15.69000000  15689.99270   0.00  -92.7   29.3  28.0 23.17  289.1     0.0    0.00    0.00    0.00  2453.9  290.06   50.20    6.35   3488.2 289.78   48.31   -7.63    4.1     53038.230      5.50   47.24000   39.71000  F2F2F2           
14.12.2023 14:43:58.230  15.69000000  15689.99538   0.00  -92.5   29.5  28.0 21.02  289.9  1389.0  289.52   50.03   21.31  2458.9  289.22   49.88    6.33   3473.7 288.94   47.93   -7.26    3.8     53038.230      5.50   47.24000   39.71000  F2F2F2           
14.12.2023 14:43:58.230  15.69000000  15689.99295   0.00  -92.4   29.6  28.0 21.65  290.3  1459.7  290.03   50.20   20.34  2509.8  289.81   50.05    5.58   3498.8 289.57   48.18   -7.72    4.2     53038.230      5.50   47.24000   39.71000  F2F2F2           
14.12.2023 14:43:58.230  15.69000000  15689.99319   0.00  -90.8   31.2  28.0 21.15  290.3  1400.7  289.94   50.13   21.16  2466.7  289.66   50.04    6.19   3475.5 289.39   48.15   -7.38    3.6     53038.230      5.50   47.24000   39.71000  F2F2F2           
14.12.2023 14:43:58.230  15.69000000  15689.99343   0.00  -90.7   31.3  28.0 21.02  290.7  1394.9  290.34   50.21   21.26  2464.1  290.06   50.19    6.21   3476.1 289.79   48.35   -7.48    3.6     53038.230      5.50   47.24000   39.71000  F2F2F2           
14.12.2023 14:43:58.230  15.69000000  15689.99380   0.00  -88.4   33.6  28.0 21.73  290.3  1476.0  290.05   50.22   20.11  2522.8  289.85   50.06    5.40   3508.0 289.61   48.18   -7.85    3.9     53038.230      5.50   47.24000   39.71000  F2F2F2           
14.12.2023 14:43:58.230  15.69000000  15689.99501   0.00  -85.8   36.2  28.0 15.82  293.3  1430.0  292.83   50.79   20.88  2647.2  292.47   50.97    3.48   3834.8 292.22   48.66  -12.72    4.6     53038.230      5.50   47.24000   39.71000  F2F2F2           
14.12.2023 14:43:58.230  15.69000000  15689.99428   0.00  -68.7   53.3  28.0 20.84  290.5  1383.4  290.12   50.15   21.41  2457.4  289.82   50.11    6.31   3476.3 289.54   48.22   -7.43    4.3     53038.230      5.50   47.24000   39.71000  F2F2F2           
14.12.2023 14:44:41.007  15.69000000  15689.99270   0.00  -90.8   21.2  28.0 22.43  288.9     0.0    0.00    0.00    0.00  2457.4  289.82   50.11    6.31   3476.3 289.54   48.22   -7.43    3.9     53081.007      5.50   47.24000   39.71000  F2F2F2           
14.12.2023 14:44:41.007  15.69000000  15689.99319   0.00  -90.7   21.3  28.0 20.99  289.9  1396.7  289.53   50.03   21.20  2466.6  289.23   49.88    6.22   3481.0 288.95   47.92   -7.35    4.2     53081.007      5.50   47.24000   39.71000  F2F2F2           
14.12.2023 14:44:41.007  15.69000000  15689.99526   0.00  -89.4   22.6  28.0 20.61  290.1  1379.1  289.70   50.05   21.45  2458.8  289.38   49.94    6.32   3485.5 289.09   47.97   -7.44    4.2     53081.007      5.50   47.24000   39.71000  F2F2F2           
14.12.2023 14:44:41.007  15.69000000  15689.99489   0.00  -81.2   30.8  28.0 18.51  291.9  1369.5  291.44   50.41   21.66  2501.9  291.08   50.54    5.62   3592.7 290.80   48.56   -9.22    5.2     53081.007      5.50   47.24000   39.71000  F2F2F2           
14.12.2023 14:44:41.007  15.69000000  15689.99428   0.00  -59.6   52.4  28.0 20.65  290.2  1381.2  289.80   50.08   21.43  2459.8  289.48   49.98    6.30   3484.8 289.20   48.03   -7.46    4.6     53081.007      5.50   47.24000   39.71000  F2F2F2           
14.12.2023 14:45:23.608  15.69000000  15689.99489   0.00  -74.0   46.0  28.0 18.96  292.4  1370.8  291.96   50.53   21.66  2489.7  291.61   50.76    5.77   3562.3 291.34   48.92   -8.95    5.1     53123.608      5.50   47.24000   39.71000  F2F2F2           
14.12.2023 14:45:23.608  15.69000000  15689.99441   0.00  -56.0   64.0  28.0 20.39  290.4  1380.2  289.99   50.12   21.45  2464.5  289.67   50.04    6.22   3496.3 289.38   48.09   -7.65    4.8     53123.608      5.50   47.24000   39.71000  F2F2F2           
14.12.2023 14:46:06.421  15.69000000  15689.99343   0.00 -108.3   27.7  28.0 24.14  291.6     0.0    0.00    0.00    0.00  2464.5  289.67   50.04    6.22   3496.3 289.38   48.09   -7.65    4.2     53166.421      5.50   47.24000   39.71000  F2F2F2           
14.12.2023 14:46:06.421  15.69000000  15689.99380   0.00 -104.0   32.0  28.0 22.78  291.0     0.0    0.00    0.00    0.00  2464.5  289.67   50.04    6.22   3496.3 289.38   48.09   -7.65    3.0     53166.421      5.50   47.24000   39.71000  F2F2F2           
14.12.2023 14:46:06.421  15.69000000  15689.99283   0.00 -101.4   34.6  28.0 25.55  286.7     0.0    0.00    0.00    0.00  2464.5  289.67   50.04    6.22   3496.3 289.38   48.09   -7.65    4.7     53166.421      5.50   47.24000   39.71000  F2F2F2           
14.12.2023 14:46:06.421  15.69000000  15689.99428   0.00  -80.6   55.4  28.0 20.03  290.8  1378.9  290.38   50.20   21.48  2471.4  290.05   50.18    6.11   3512.5 289.76   48.24   -7.94    3.3     53166.421      5.50   47.24000   39.71000  F2F2F2           
14.12.2023 14:46:06.421  15.69000000  15689.99489   0.00  -80.5   55.5  28.0 18.94  293.3  1377.1  292.87   50.73   21.62  2495.2  292.54   51.11    5.65   3564.6 292.29   49.39   -9.18    4.2     53166.421      5.50   47.24000   39.71000  F2F2F2           
14.12.2023 14:46:49.148  15.69000000  15689.99270   0.00 -109.8   26.2  28.0 20.09  286.4  1369.3  285.92   49.24   21.50  2466.3  285.51   48.49    6.52   3520.5 285.17   45.93   -6.95    4.7     53209.148      5.50   47.24000   39.71000  F2F2F2           
14.12.2023 14:46:49.148  15.69000000  15689.99331   0.00 -108.2   27.8  28.0 24.97  286.2     0.0    0.00    0.00    0.00  2466.3  285.51   48.49    6.52   3520.5 285.17   45.93   -6.95    4.8     53209.148      5.50   47.24000   39.71000  F2F2F2           
14.12.2023 14:46:49.148  15.69000000  15689.99428   0.00  -81.2   54.8  28.0 21.99  289.7     0.0    0.00    0.00    0.00  2466.3  285.51   48.49    6.52   3520.5 285.17   45.93   -6.95    4.4     53209.148      5.50   47.24000   39.71000  F2F2F2           
14.12.2023 14:46:49.148  15.69000000  15689.99477   0.00  -80.2   55.8  28.0 19.07  290.7  1374.6  290.24   50.17   21.54  2491.5  289.87   50.10    5.83   3564.1 289.57   48.01   -8.57    4.3     53209.148      5.50   47.24000   39.71000  F2F2F2           
14.12.2023 14:47:31.730  15.69000000  15689.99562   0.00 -113.0   23.0  28.0 21.35  288.9  1485.4  288.61   49.89   19.94  2539.4  288.37   49.47    5.28   3535.1 288.10   47.35   -7.85    3.3     53251.730      5.50   47.24000   39.71000  F2F2F2           
14.12.2023 14:47:31.730  15.69000000  15689.99307   0.00 -103.7   32.3  28.0 25.29  288.9     0.0    0.00    0.00    0.00  2539.4  288.37   49.47    5.28   3535.1 288.10   47.35   -7.85    3.1     53251.730      5.50   47.24000   39.71000  F2F2F2           
14.12.2023 14:47:31.730  15.69000000  15689.99465   0.00  -81.9   54.1  28.0 18.22  290.5  1383.7  290.01   50.13   21.40  2524.0  289.63   49.97    5.40   3625.7 289.32   47.72   -9.29    5.7     53251.730      5.50   47.24000   39.71000  F2F2F2           
14.12.2023 14:47:31.730  15.69000000  15689.99428   0.00  -74.4   61.6  28.0 22.71  289.9     0.0    0.00    0.00    0.00  2524.0  289.63   49.97    5.40   3625.7 289.32   47.72   -9.29    5.2     53251.730      5.50   47.24000   39.71000  F2F2F2           
14.12.2023 14:48:14.253  15.69000000  15689.99441   0.00  -66.9   59.1  28.0 20.41  290.0  1410.3  289.61   50.06   21.02  2491.7  289.29   49.88    5.87   3518.5 289.00   47.85   -7.85    4.6     53294.253      5.50   47.24000   39.71000  F2F2F2           
14.12.2023 14:48:57.002  15.69000000  15689.99356   0.00 -115.5   20.5  28.0 23.95  284.1     0.0    0.00    0.00    0.00  2491.7  289.29   49.88    5.87   3518.5 289.00   47.85   -7.85   21.1     53337.002      5.50   47.24000   39.71000  F2F2F2           
14.12.2023 14:48:57.002  15.69000000  15689.99331   0.00 -115.3   20.7  28.0 23.53  288.4     0.0    0.00    0.00    0.00  2491.7  289.29   49.88    5.87   3518.5 289.00   47.85   -7.85    4.8     53337.002      5.50   47.24000   39.71000  F2F2F2           
14.12.2023 14:48:57.002  15.69000000  15689.99526   0.00 -106.3   29.7  28.0 21.28  290.7  1581.0  290.53   50.41   18.65  2625.5  290.39   50.16    3.93   3607.5 290.19   48.21   -9.27    2.6     53337.002      5.50   47.24000   39.71000  F2F2F2           
14.12.2023 14:48:57.002  15.69000000  15689.99441   0.00  -71.6   64.4  28.0 21.45  290.4  1690.3  290.35   50.43   17.11  2718.0  290.29   50.01    2.65   3684.6 290.12   47.97  -10.24    5.3     53337.002      5.50   47.24000   39.71000  F2F2F2           
14.12.2023 14:49:50.194  15.69000000  15689.99441   0.00  -68.3   53.7  28.0 20.47  289.9  1436.5  289.53   50.07   20.65  2514.1  289.23   49.83    5.56   3535.2 288.95   47.77   -8.05    4.2     53390.194      5.50   47.24000   39.71000  F2F2F2           
14.12.2023 14:50:32.779  15.69000000  15689.99356   0.00 -109.4   24.6  28.0 25.13  290.7     0.0    0.00    0.00    0.00  2514.1  289.23   49.83    5.56   3535.2 288.95   47.77   -8.05    2.6     53432.779      5.50   47.24000   39.71000  F2F2F2           
14.12.2023 14:50:32.779  15.69000000  15689.99526   0.00 -109.1   24.9  28.0 35.65  265.2     0.0    0.00    0.00    0.00  2514.1  289.23   49.83    5.56   3535.2 288.95   47.77   -8.05   12.0     53432.779      5.50   47.24000   39.71000  F2F2F2           
14.12.2023 14:50:32.779  15.69000000  15689.99392   0.00 -105.0   29.0  28.0 24.63  288.2     0.0    0.00    0.00    0.00  2514.1  289.23   49.83    5.56   3535.2 288.95   47.77   -8.05    7.0     53432.779      5.50   47.24000   39.71000  F2F2F2           
14.12.2023 14:50:32.779  15.69000000  15689.99477   0.00 -100.4   33.6  28.0 17.99  292.4  1403.6  291.93   50.56   21.20  2544.4  291.57   50.70    4.99   3642.2 291.29   48.69   -9.98    3.6     53432.779      5.50   47.24000   39.71000  F2F2F2           
14.12.2023 14:50:32.779  15.69000000  15689.99441   0.00  -75.9   58.1  28.0 21.90  290.3     0.0    0.00    0.00    0.00  2544.4  291.57   50.70    4.99   3642.2 291.29   48.69   -9.98    3.5     53432.779      5.50   47.24000   39.71000  F2F2F2           
14.12.2023 14:51:15.503  15.69000000  15689.99368   0.00 -103.1   32.9  28.0 25.22  292.2     0.0    0.00    0.00    0.00  2544.4  291.57   50.70    4.99   3642.2 291.29   48.69   -9.98    3.2     53475.503      5.50   47.24000   39.71000  F2F2F2           
14.12.2023 14:51:15.503  15.69000000  15689.99489   0.00  -99.7   36.3  28.0 22.33  290.1     0.0    0.00    0.00    0.00  2544.4  291.57   50.70    4.99   3642.2 291.29   48.69   -9.98    2.8     53475.503      5.50   47.24000   39.71000  F2F2F2           
14.12.2023 14:51:15.503  15.69000000  15689.99428   0.00  -70.9   65.1  28.0 20.21  290.6  1445.6  290.24   50.23   20.54  2527.6  289.94   50.09    5.33   3552.4 289.67   48.09   -8.44    3.2     53475.503      5.50   47.24000   39.71000  F2F2F2           
14.12.2023 14:52:08.592  15.69000000  15689.99489   0.00 -106.0   30.0  28.0 19.61  290.9  1425.7  290.49   50.27   20.83  2522.9  290.17   50.18    5.38   3566.5 289.88   48.16   -8.67    5.2     53528.592      5.50   47.24000   39.71000  F2F2F2           
14.12.2023 14:52:08.592  15.69000000  15689.99428   0.00  -87.7   48.3  28.0  1.35  299.9  2559.9  299.68   53.86    4.63     0.0    0.00    0.00    0.00   3566.5 289.88   48.16   -8.67   23.1     53528.592      5.50   47.24000   39.71000  F2F2F2           
14.12.2023 14:52:51.302  15.69000000  15689.99319   0.00 -116.0   20.0  28.0 19.74  283.6  1401.7  283.09   48.63   21.05  2508.6  282.65   47.34    6.27   3574.3 282.28   44.33   -6.81    8.4     53571.302      5.50   47.24000   39.71000  F2F2F2           
14.12.2023 14:52:51.302  15.69000000  15689.99526   0.00 -113.4   22.6  28.0 23.02  289.7     0.0    0.00    0.00    0.00  2508.6  282.65   47.34    6.27   3574.3 282.28   44.33   -6.81    2.9     53571.302      5.50   47.24000   39.71000  F2F2F2           
14.12.2023 14:52:51.302  15.69000000  15689.99368   0.00 -105.2   30.8  28.0 27.62  288.3     0.0    0.00    0.00    0.00  2508.6  282.65   47.34    6.27   3574.3 282.28   44.33   -6.81    4.6     53571.302      5.50   47.24000   39.71000  F2F2F2           
14.12.2023 14:52:51.302  15.69000000  15689.99477   0.00  -88.3   47.7  28.0 20.77  291.7  1669.1  291.61   50.74   17.44  2713.6  291.53   50.53    2.61   3694.9 291.37   48.59  -10.69    3.9     53571.302      5.50   47.24000   39.71000  F2F2F2           
14.12.2023 14:52:51.302  15.69000000  15689.99428   0.00  -73.2   62.8  28.0 20.93  291.6     0.0    0.00    0.00    0.00  2713.6  291.53   50.53    2.61   3694.9 291.37   48.59  -10.69    3.5     53571.302      5.50   47.24000   39.71000  F2F2F2           
14.12.2023 14:53:34.019  15.69000000  15689.99392   0.00  -98.2   37.8  28.0 24.62  291.8     0.0    0.00    0.00    0.00  2713.6  291.53   50.53    2.61   3694.9 291.37   48.59  -10.69    5.5     53614.019      5.50   47.24000   39.71000  F2F2F2           
14.12.2023 14:53:34.019  15.69000000  15689.99428   0.00  -77.0   59.0  28.0 21.47  290.5     0.0    0.00    0.00    0.00  2713.6  291.53   50.53    2.61   3694.9 291.37   48.59  -10.69    3.9     53614.019      5.50   47.24000   39.71000  F2F2F2           
14.12.2023 14:54:27.220  15.69000000  15689.99380   0.00  -92.5   31.5  28.0 24.23  291.6     0.0    0.00    0.00    0.00  2713.6  291.53   50.53    2.61   3694.9 291.37   48.59  -10.69    4.0     53667.220      5.50   47.24000   39.71000  F2F2F2           
14.12.2023 14:54:27.220  15.69000000  15689.99441   0.00  -67.0   57.0  28.0 20.37  290.6  1547.9  290.34   50.34   19.11  2615.0  290.12   50.07    4.10   3621.6 289.88   48.02   -9.38    3.2     53667.220      5.50   47.24000   39.71000  F2F2F2           
14.12.2023 14:55:09.983  15.69000000  15689.99453   0.00  -58.2   57.8  28.0 19.65  290.9  1468.9  290.53   50.32   20.23  2560.4  290.23   50.17    4.85   3595.3 289.95   48.12   -9.06    4.1     53709.983      5.50   47.24000   39.71000  F2F2F2           
14.12.2023 14:55:52.549  15.69000000  15689.99380   0.00  -94.0   24.0  28.0 23.63  291.5     0.0    0.00    0.00    0.00  2560.4  290.23   50.17    4.85   3595.3 289.95   48.12   -9.06    3.7     53752.549      5.50   47.24000   39.71000  F2F2F2           
14.12.2023 14:55:52.549  15.69000000  15689.99465   0.00  -62.9   55.1  28.0 18.39  291.9  1435.8  291.46   50.49   20.73  2560.3  291.10   50.51    4.80   3635.9 290.81   48.45   -9.79    3.3     53752.549      5.50   47.24000   39.71000  F2F2F2           
14.12.2023 14:56:35.112  15.69000000  15689.99453   0.00  -62.1   53.9  28.0 20.14  292.1  1636.1  291.94   50.80   17.92  2697.6  291.81   50.66    2.81   3696.2 291.63   48.73  -10.77    4.1     53795.112      5.50   47.24000   39.71000  F2F2F2           
14.12.2023 14:57:28.236  15.69000000  15689.99368   0.00  -95.1   26.9  28.0 23.42  291.1     0.0    0.00    0.00    0.00  2697.6  291.81   50.66    2.81   3696.2 291.63   48.73  -10.77    3.9     53848.236      5.50   47.24000   39.71000  F2F2F2           
14.12.2023 14:57:28.236  15.69000000  15689.99404   0.00  -92.7   29.3  28.0 22.28  291.3     0.0    0.00    0.00    0.00  2697.6  291.81   50.66    2.81   3696.2 291.63   48.73  -10.77    4.1     53848.236      5.50   47.24000   39.71000  F2F2F2           
14.12.2023 14:57:28.236  15.69000000  15689.99453   0.00  -66.0   56.0  28.0 19.62  291.1  1514.0  290.77   50.41   19.60  2600.9  290.50   50.23    4.27   3629.1 290.24   48.18   -9.56    3.4     53848.236      5.50   47.24000   39.71000  F2F2F2           
14.12.2023 14:58:53.424  15.69000000  15689.99550   0.00 -112.5   23.5  28.0 19.59  288.5  1506.0  288.12   49.79   19.64  2595.6  287.79   49.17    4.56   3631.5 287.48   46.76   -8.90   11.5     53933.424      5.50   47.24000   39.71000  F2F2F2           
14.12.2023 14:58:53.424  15.69000000  15689.99988   0.00 -109.8   26.2  28.0 19.11  291.4  1494.3  291.03   50.46   19.89  2594.5  290.73   50.33    4.34   3638.4 290.45   48.26   -9.73    4.0     53933.424      5.50   47.24000   39.71000  F2F2F2           
14.12.2023 14:58:53.424  15.69000000  15689.98869   0.00 -104.8   31.2  28.0 20.96  291.5     0.0    0.00    0.00    0.00  2594.5  290.73   50.33    4.34   3638.4 290.45   48.26   -9.73    4.3     53933.424      5.50   47.24000   39.71000  F2F2F2           
14.12.2023 14:58:53.424  15.69000000  15689.99368   0.00  -89.1   46.9  28.0 23.51  291.9     0.0    0.00    0.00    0.00  2594.5  290.73   50.33    4.34   3638.4 290.45   48.26   -9.73    4.0     53933.424      5.50   47.24000   39.71000  F2F2F2           
14.12.2023 14:58:53.424  15.69000000  15689.99489   0.00  -67.4   68.6  28.0 16.33  293.0  1465.3  292.51   50.76   20.36  2643.5  292.12   50.83    3.56   3785.5 291.83   48.59  -11.98    4.0     53933.424      5.50   47.24000   39.71000  F2F2F2           
14.12.2023 14:58:53.424  15.69000000  15689.99428   0.00  -54.6   81.4  28.0 20.80  291.4     0.0    0.00    0.00    0.00  2643.5  292.12   50.83    3.56   3785.5 291.83   48.59  -11.98    4.3     53933.424      5.50   47.24000   39.71000  F2F2F2           
14.12.2023 14:59:36.040  15.69000000  15689.98930   0.00 -114.0   22.0  28.0 18.09  291.8  1462.1  291.35   50.50   20.35  2590.1  291.00   50.44    4.38   3669.2 290.70   48.31  -10.19    4.9     53976.040      5.50   47.24000   39.71000  F2F2F2           
14.12.2023 14:59:36.040  15.69000000  15690.00012   0.00 -108.3   27.7  28.0 18.53  291.1  1469.9  290.67   50.35   20.22  2586.4  290.32   50.18    4.48   3651.8 290.02   48.01   -9.80    4.4     53976.040      5.50   47.24000   39.71000  F2F2F2           
14.12.2023 14:59:36.040  15.69000000  15689.98881   0.00 -104.3   31.7  28.0 18.45  291.8  1471.6  291.38   50.52   20.22  2589.5  291.04   50.46    4.39   3655.4 290.75   48.37  -10.02    3.3     53976.040      5.50   47.24000   39.71000  F2F2F2           
14.12.2023 14:59:36.040  15.69000000  15689.99356   0.00  -84.6   51.4  28.0 23.68  291.7     0.0    0.00    0.00    0.00  2589.5  291.04   50.46    4.39   3655.4 290.75   48.37  -10.02    5.0     53976.040      5.50   47.24000   39.71000  F2F2F2           
14.12.2023 14:59:36.040  15.69000000  15689.99489   0.00  -67.1   68.9  28.0 18.60  291.7  1476.8  291.29   50.50   20.15  2590.5  290.96   50.42    4.38   3651.1 290.67   48.34   -9.95    5.3     53976.040      5.50   47.24000   39.71000  F2F2F2           
14.12.2023 14:59:36.040  15.69000000  15689.99453   0.00  -54.8   81.2  28.0 17.90  291.2  1456.7  290.73   50.35   20.41  2590.9  290.36   50.18    4.42   3679.1 290.05   47.94  -10.15    3.9     53976.040      5.50   47.24000   39.71000  F2F2F2           
