
delt0=       1  eps=   1e-05  ep=   1e-06  ep1=   0.001
Geomagnetic Field - const
fh= 1.34  i=  65.2  d=   6.8
Number TID: 1
Tid Parametres
  delt   lamb     t     b      a     fi
0.000   200.0  20.0 -45.0   45.0   0.000
delta=-0.000  r0= 200.0  lon=  39.000 lat=  55.000
Beta=  20.0  Alfa=   0.0 aX=  20.0 aY= 100.0 aZ=  20.0


Number diff. equation: 6

+==============================================================================+
|   Medium characteristics Sunspot number= 141.0 IG= 123.3   GMT time:12:00    |
|------------------------------------------------------------------------------|
|   S   | fh |  I  |   D  | fd |  hd | fe |  he | ff1 | hf1 | ff2 | hf2 |   Hi |
|-------+----+-----+------+----+-----+----+-----+-----+-----+-----+-----+------|
|    0.0|1.25| 58.8|   3.1|0.18| 81.3|2.84|110.0| 0.00|  0.0|10.82|290.0|  72.5|
+==============================================================================+

+==================================+
|       Es-layer parametres        |
|----------------------------------|
|   S   | hEs | fbEs | f0Es | P Es |
|-------+-----+------+------+------|
|    0.0|110.8| 2.51 | 2.92 | 59.6 |
+==================================+

|  0|21.58|43223.8|  1|20.40|22.04|  21.717|  40.723| 1353.879| -73.9|  -0.2| 1514.2| 0.000|   0.0|  30.667|  41.312|235.57|   0.0|    0.0|    0.0|F2              |
|   |     |       |  2|22.04|23.43|   5.082|  41.533| 2571.182| -74.1|  -0.4| 2887.8| 0.000|   0.0|  13.107|  40.811|223.25|   0.0|    0.0|    0.0|F2F2            |
|   |     |       |  3|23.43|23.64|  -9.776|  44.576| 3746.242| -74.4|  -0.7| 4221.3| 0.000|   0.0|  -2.684|  42.807|219.04|   0.0|    0.0|    0.0|F2F2F2          |
|  0|21.58|43223.8|  1|11.11|13.05|  15.928|  41.142| 1775.820| -75.5|  -0.1| 1879.0| 0.000|   0.0|  27.405|  41.250|204.76|   0.0|    0.0|    0.0|F2              |
|   |     |       |  2|13.05|13.98|  -4.543|  43.926| 3340.155| -75.6|  -0.2| 3541.1| 0.000|   0.0|   4.919|  42.123|190.51|   0.0|    0.0|    0.0|F2F2            |
|  0|21.58|43266.4|  1|20.51|22.14|  21.723|  40.766| 1353.238| -74.1|  -0.2| 1514.8| 0.000|   0.0|  30.641|  41.332|236.17|   0.0|    0.0|    0.0|F2              |
|   |     |       |  2|22.14|23.53|   5.111|  41.613| 2570.674| -74.3|  -0.4| 2889.7| 0.000|   0.0|  13.099|  40.874|223.93|   0.0|    0.0|    0.0|F2F2            |
|   |     |       |  3|23.53|23.74|  -9.715|  44.690| 3746.417| -74.6|  -0.7| 4225.3| 0.000|   0.0|  -2.625|  42.901|219.80|   0.0|    0.0|    0.0|F2F2F2          |
|  0|21.58|43266.4|  1|12.96|14.75|  17.573|  40.914| 1654.764| -74.8|  -0.1| 1765.8| 0.000|   0.0|  28.373|  41.219|210.23|   0.0|    0.0|    0.0|F2              |
|   |     |       |  2|14.75|15.84|  -1.940|  43.020| 3120.029| -75.0|  -0.3| 3337.1| 0.000|   0.0|   7.343|  41.559|196.62|   0.0|    0.0|    0.0|F2F2            |
|  0|21.58|43309.0|  1|18.57|20.17|  21.046|  40.745| 1402.406| -74.1|  -0.2| 1547.1| 0.000|   0.0|  30.235|  41.289|228.64|   0.0|    0.0|    0.0|F2              |
|   |     |       |  2|20.17|21.52|   3.892|  41.748| 2661.968| -74.3|  -0.4| 2947.3| 0.000|   0.0|  12.075|  40.918|216.20|   0.0|    0.0|    0.0|F2F2            |
|   |     |       |  3|21.52|21.68| -11.249|  45.074| 3873.998| -74.6|  -0.7| 4301.1| 0.000|   0.0|  -4.066|  43.165|211.96|   0.0|    0.0|    0.0|F2F2F2          |
|  0|21.58|43309.0|  1| 0.00| 0.00|   0.000|   0.000|    0.000|   0.0|   0.0|    0.0| 0.000|   0.0|   0.000|   0.000|  0.00|   0.0|    0.0|    0.0|                |
|  0|21.58|43309.0|  1|15.76|17.38|  19.550|  41.118| 1511.054| -75.7|  -0.1| 1636.9| 0.000|   0.0|  29.406|  41.417|219.11|   0.0|    0.0|    0.0|F2              |
|   |     |       |  2|17.38|18.57|   1.463|  42.845| 2866.382| -75.9|  -0.3| 3114.0| 0.000|   0.0|  10.118|  41.620|206.71|   0.0|    0.0|    0.0|F2F2            |
+---+-----+-------+---+-----+-----+--------+--------+---------+------+------+-------+------+------+--------+--------+------+------+-------+-------+----------------+
+---+-----+-------+---+-----+-----+--------+--------+---------+------+------+-------+------+------+--------+--------+------+------+-------+-------+----------------+
|0-x| fr  |  time |hop| d0  | d1  |   fi   |  teta  |   dist  |  at  |  dev |   p   |  df  |  l   |   fot  |   tot  |  rot | lsp  |   pf  |    s  |                |
+---+-----+-------+---+-----+-----+--------+--------+---------+------+------+-------+------+------+--------+--------+------+------+-------+-------+----------------+
|  0|21.58|43351.5|  1|17.95|19.54|  20.753|  40.760| 1423.603| -74.2|  -0.2| 1563.7| 0.000|   0.0|  30.132|  41.290|226.56|   0.0|    0.0|    0.0|F2              |
|   |     |       |  2|19.54|20.87|   3.381|  41.854| 2701.404| -74.4|  -0.4| 2977.6| 0.000|   0.0|  11.697|  40.970|214.08|   0.0|    0.0|    0.0|F2F2            |
|   |     |       |  3|20.87|21.02| -11.886|  45.313| 3930.624| -74.6|  -0.6| 4343.8| 0.000|   0.0|  -4.520|  43.305|209.98|   0.0|    0.0|    0.0|F2F2F2          |
|  0|21.58|43351.5|  1| 9.62|11.70|  14.337|  41.182| 1892.265| -75.4|  -0.1| 1990.3| 0.000|   0.0|  26.386|  41.175|200.80|   0.0|    0.0|    0.0|F2              |
|   |     |       |  2|11.70|12.55|  -7.113|  44.490| 3548.871| -75.5|  -0.2| 3739.0| 0.000|   0.0|   2.982|  42.356|186.77|   0.0|    0.0|    0.0|F2F2            |
|  0|21.58|43394.1|  1|15.04|16.69|  19.080|  40.831| 1545.005| -74.5|  -0.1| 1666.8| 0.000|   0.0|  29.219|  41.251|216.96|   0.0|    0.0|    0.0|F2              |
|   |     |       |  2|16.69|17.91|   0.533|  42.442| 2923.166| -74.7|  -0.3| 3162.2| 0.000|   0.0|   9.385|  41.262|203.94|   0.0|    0.0|    0.0|F2F2            |
|  0|21.58|43436.5|  1|15.07|16.66|  19.053|  41.364| 1548.192| -76.7|  -0.1| 1670.4| 0.000|   0.0|  29.176|  41.526|217.42|   0.0|    0.0|    0.0|F2              |
|   |     |       |  2|16.66|17.79|   0.694|  43.447| 2940.475| -77.0|  -0.4| 3180.9| 0.000|   0.0|   9.432|  42.038|205.23|   0.0|    0.0|    0.0|F2F2            |
|  0|21.58|43436.5|  1| 0.00| 0.00|   0.000|   0.000|    0.000|   0.0|   0.0|    0.0| 0.000|   0.0|   0.000|   0.000|  0.00|   0.0|    0.0|    0.0|                |
|  0|21.58|43436.5|  1|10.38|12.32|  15.113|  41.519| 1838.618| -76.7|  -0.1| 1939.6| 0.000|   0.0|  26.850|  41.401|203.40|   0.0|    0.0|    0.0|F2              |
|   |     |       |  2|12.32|13.19|  -5.747|  44.878| 3463.939| -76.8|  -0.2| 3660.6| 0.000|   0.0|   3.865|  42.778|189.67|   0.0|    0.0|    0.0|F2F2            |
|  0|21.58|43436.5|  1|14.18|15.83|  18.442|  41.204| 1592.341| -76.0|  -0.1| 1709.7| 0.000|   0.0|  28.853|  41.415|214.56|   0.0|    0.0|    0.0|F2              |
|   |     |       |  2|15.83|16.95|  -0.397|  43.318| 3016.500| -76.2|  -0.3| 3246.9| 0.000|   0.0|   8.564|  41.877|201.84|   0.0|    0.0|    0.0|F2F2            |
|  0|21.58|43436.5|  1|10.01|12.01|  14.725|  41.367| 1865.584| -76.1|  -0.1| 1965.1| 0.000|   0.0|  26.662|  41.300|202.33|   0.0|    0.0|    0.0|F2              |
|   |     |       |  2|12.01|12.87|  -6.429|  44.715| 3507.579| -76.2|  -0.2| 3701.1| 0.000|   0.0|   3.579|  42.566|188.62|   0.0|    0.0|    0.0|F2F2            |
|  0|21.58|43436.5|  1|14.57|16.19|  18.716|  41.298| 1572.677| -76.4|  -0.1| 1692.1| 0.000|   0.0|  29.004|  41.477|215.82|   0.0|    0.0|    0.0|F2              |
|   |     |       |  2|16.19|17.31|   0.099|  43.416| 2983.199| -76.6|  -0.3| 3217.9| 0.000|   0.0|   8.925|  41.984|203.33|   0.0|    0.0|    0.0|F2F2            |
|  0|21.58|43500.1|  1|15.25|16.81|  19.147|  41.459| 1541.748| -77.1|  -0.1| 1665.1| 0.000|   0.0|  29.205|  41.578|218.20|   0.0|    0.0|    0.0|F2              |
|   |     |       |  2|16.81|17.93|   0.877|  43.601| 2931.814| -77.4|  -0.4| 3174.7| 0.000|   0.0|   9.578|  42.164|206.28|   0.0|    0.0|    0.0|F2F2            |
+---+-----+-------+---+-----+-----+--------+--------+---------+------+------+-------+------+------+--------+--------+------+------+-------+-------+----------------+
+---+-----+-------+---+-----+-----+--------+--------+---------+------+------+-------+------+------+--------+--------+------+------+-------+-------+----------------+
|0-x| fr  |  time |hop| d0  | d1  |   fi   |  teta  |   dist  |  at  |  dev |   p   |  df  |  l   |   fot  |   tot  |  rot | lsp  |   pf  |    s  |                |
+---+-----+-------+---+-----+-----+--------+--------+---------+------+------+-------+------+------+--------+--------+------+------+-------+-------+----------------+
|  0|21.58|43500.1|  1|15.07|16.67|  19.045|  41.097| 1547.904| -75.6|  -0.1| 1670.1| 0.000|   0.0|  29.198|  41.388|217.48|   0.0|    0.0|    0.0|F2              |
|   |     |       |  2|16.67|17.85|   0.568|  42.952| 2934.911| -75.8|  -0.3| 3175.1| 0.000|   0.0|   9.348|  41.655|204.88|   0.0|    0.0|    0.0|F2F2            |
|  0|21.58|43500.1|  1| 0.00| 0.00|   0.000|   0.000|    0.000|   0.0|   0.0|    0.0| 0.000|   0.0|   0.000|   0.000|  0.00|   0.0|    0.0|    0.0|F2              |
|  0|21.58|43500.1|  1|12.40|14.16|  17.008|  41.135| 1696.898| -75.6|  -0.1| 1805.9| 0.000|   0.0|  28.063|  41.307|209.34|   0.0|    0.0|    0.0|F2              |
|   |     |       |  2|14.16|15.21|  -2.821|  43.604| 3203.166| -75.8|  -0.3| 3416.2| 0.000|   0.0|   6.589|  41.949|195.96|   0.0|    0.0|    0.0|F2F2            |
|  0|21.58|43500.1|  1|12.79|14.52|  17.341|  41.074| 1672.243| -75.4|  -0.1| 1783.0| 0.000|   0.0|  28.241|  41.291|210.45|   0.0|    0.0|    0.0|F2              |
|   |     |       |  2|14.52|15.61|  -2.295|  43.393| 3157.733| -75.6|  -0.3| 3374.3| 0.000|   0.0|   7.045|  41.819|197.14|   0.0|    0.0|    0.0|F2F2            |
|  0|21.58|43500.1|  1|13.99|15.63|  18.280|  41.208| 1604.182| -76.0|  -0.1| 1720.7| 0.000|   0.0|  28.736|  41.407|214.13|   0.0|    0.0|    0.0|F2              |
|   |     |       |  2|15.63|16.75|  -0.677|  43.372| 3038.701| -76.2|  -0.3| 3267.4| 0.000|   0.0|   8.371|  41.898|201.44|   0.0|    0.0|    0.0|F2F2            |
|  0|21.58|43542.7|  1|16.77|17.00|  23.523|  50.535| 1572.571|-117.6|  -0.2| 1710.0| 0.000|   0.0|  30.781|  46.483|229.34|   0.0|    0.0|    0.0|F2              |
|   |     |       |  2|17.00|19.08|  10.279|  60.609| 3221.279|-117.5|  -0.1| 3518.6| 0.000|   0.0|  16.284|  55.605|233.32|   0.0|    0.0|    0.0|F2F2            |
|  0|21.58|43542.7|  1| 0.00| 0.00|   0.000|   0.000|    0.000|   0.0|   0.0|    0.0| 0.000|   0.0|   0.000|   0.000|  0.00|   0.0|    0.0|    0.0|                |
|  0|21.58|43542.7|  1|10.32|12.26|  15.010|  41.323| 1844.322| -76.0|  -0.1| 1945.1| 0.000|   0.0|  26.765|  41.289|203.36|   0.0|    0.0|    0.0|F2              |
|   |     |       |  2|12.26|13.17|  -6.005|  44.552| 3470.209| -76.1|  -0.2| 3666.4| 0.000|   0.0|   3.679|  42.509|189.42|   0.0|    0.0|    0.0|F2F2            |
|  0|21.58|43585.3|  1| 0.00| 0.00|   0.000|   0.000|    0.000|   0.0|   0.0|    0.0| 0.000|   0.0|   0.000|   0.000|  0.00|   0.0|    0.0|    0.0|                |
|  0|21.58|43585.3|  1|14.87|16.45|  18.876|  41.221| 1560.655| -76.1|  -0.1| 1682.0| 0.000|   0.0|  29.072|  41.443|217.12|   0.0|    0.0|    0.0|F2              |
|   |     |       |  2|16.45|17.61|   0.317|  43.233| 2961.611| -76.3|  -0.3| 3200.1| 0.000|   0.0|   9.179|  41.849|204.78|   0.0|    0.0|    0.0|F2F2            |
|  0|21.58|43627.8|  1|14.65|16.22|  18.705|  41.323| 1573.561| -76.5|  -0.1| 1693.8| 0.000|   0.0|  29.019|  41.490|216.63|   0.0|    0.0|    0.0|F2              |
|   |     |       |  2|16.22|17.35|   0.060|  43.473| 2987.812| -76.7|  -0.3| 3224.2| 0.000|   0.0|   8.927|  42.020|204.35|   0.0|    0.0|    0.0|F2F2            |
|  0|21.58|43627.8|  1|12.13|13.87|  16.722|  41.224| 1718.299| -75.9|  -0.1| 1826.4| 0.000|   0.0|  27.910|  41.339|208.96|   0.0|    0.0|    0.0|F2              |
+---+-----+-------+---+-----+-----+--------+--------+---------+------+------+-------+------+------+--------+--------+------+------+-------+-------+----------------+
|   |     |       |  2|13.87|14.92|  -3.276|  43.858| 3245.108| -76.1|  -0.3| 3456.3| 0.000|   0.0|   6.204|  42.114|195.68|   0.0|    0.0|    0.0|F2F2            |
|  0|21.58|43627.8|  1| 0.00| 0.00|   0.000|   0.000|    0.000|   0.0|   0.0|    0.0| 0.000|   0.0|   0.000|   0.000|  0.00|   0.0|    0.0|    0.0|                |
|  0|21.58|43627.8|  1|19.07|19.15|  24.518|  50.264| 1487.417|-118.7|  -0.2| 1641.4| 0.000|   0.0|  31.300|  46.395|237.50|   0.0|    0.0|    0.0|F2              |
|   |     |       |  2|19.15|20.88|  11.802|  60.037| 3073.868|-118.7|  -0.2| 3406.5| 0.000|   0.0|  17.707|  55.077|244.48|   0.0|    0.0|    0.0|F2F2            |
|  0|21.58|43627.8|  1|15.50|17.03|  19.270|  41.311| 1532.074| -76.5|  -0.1| 1657.0| 0.000|   0.0|  29.340|  41.512|219.33|   0.0|    0.0|    0.0|F2              |
|   |     |       |  2|17.03|18.20|   1.014|  43.295| 2912.385| -76.8|  -0.4| 3158.4| 0.000|   0.0|   9.693|  41.940|207.28|   0.0|    0.0|    0.0|F2F2            |
|  0|21.58|43680.9|  1| 0.00| 0.00|   0.000|   0.000|    0.000|   0.0|   0.0|    0.0| 0.000|   0.0|   0.000|   0.000|  0.00|   0.0|    0.0|    0.0|                |
|  0|21.58|43680.9|  1|15.26|16.80|  19.104|  41.169| 1543.790| -75.9|  -0.1| 1667.4| 0.000|   0.0|  29.230|  41.429|218.62|   0.0|    0.0|    0.0|F2              |
|   |     |       |  2|16.80|18.00|   0.669|  43.076| 2931.148| -76.1|  -0.3| 3174.3| 0.000|   0.0|   9.449|  41.752|206.34|   0.0|    0.0|    0.0|F2F2            |
|  0|21.58|43723.3|  1|16.36|17.84|  19.757|  41.281| 1496.225| -76.5|  -0.2| 1626.5| 0.000|   0.0|  29.579|  41.516|222.38|   0.0|    0.0|    0.0|F2              |
|   |     |       |  2|17.84|19.05|   1.822|  43.107| 2847.518| -76.7|  -0.4| 3104.3| 0.000|   0.0|  10.370|  41.839|210.62|   0.0|    0.0|    0.0|F2F2            |
|  0|21.58|43766.2|  1|20.69|22.33|  21.816|  39.246| 1364.025| -66.9|  -0.1| 1529.7| 0.000|   0.0|  30.682|  40.532|238.34|   0.0|    0.0|    0.0|F2              |
|   |     |       |  2|22.33|23.94|   4.445|  38.758| 2577.829| -67.0|  -0.2| 2904.0| 0.000|   0.0|  12.885|  38.661|224.99|   0.0|    0.0|    0.0|F2F2            |
|   |     |       |  3|23.94|24.43| -11.545|  40.669| 3730.985| -67.0|  -0.2| 4219.4| 0.000|   0.0|  -3.738|  39.433|218.87|   0.0|    0.0|    0.0|F2F2F2          |
|  0|21.58|43766.2|  1| 0.04| 5.81|   0.581|  43.418| 2947.917| -76.8|  -0.0| 3029.9| 0.000|   0.0|  16.186|  41.484|181.63|   0.0|    0.0|    0.0|F2              |
|  0|21.58|43766.2|  1|17.88|19.28|  20.520|  41.613| 1441.320| -78.0|  -0.2| 1582.0| 0.000|   0.0|  29.892|  41.716|227.80|   0.0|    0.0|    0.0|F2              |
|   |     |       |  2|19.28|20.46|   3.257|  43.533| 2754.296| -78.2|  -0.4| 3032.5| 0.000|   0.0|  11.509|  42.237|217.11|   0.0|    0.0|    0.0|F2F2            |
|   |     |       |  3|20.46|20.57| -11.683|  47.806| 4031.140| -78.6|  -0.8| 4448.6| 0.000|   0.0|  -4.574|  45.410|214.01|   0.0|    0.0|    0.0|F2F2F2          |
|  0|21.58|43819.6|  1|15.05|16.56|  18.915|  41.221| 1557.791| -76.1|  -0.1| 1680.5| 0.000|   0.0|  29.184|  41.451|218.40|   0.0|    0.0|    0.0|F2              |
|   |     |       |  2|16.56|17.75|   0.348|  43.229| 2959.241| -76.3|  -0.3| 3200.6| 0.000|   0.0|   9.163|  41.851|206.18|   0.0|    0.0|    0.0|F2F2            |
+---+-----+-------+---+-----+-----+--------+--------+---------+------+------+-------+------+------+--------+--------+------+------+-------+-------+----------------+
+---+-----+-------+---+-----+-----+--------+--------+---------+------+------+-------+------+------+--------+--------+------+------+-------+-------+----------------+
|0-x| fr  |  time |hop| d0  | d1  |   fi   |  teta  |   dist  |  at  |  dev |   p   |  df  |  l   |   fot  |   tot  |  rot | lsp  |   pf  |    s  |                |
+---+-----+-------+---+-----+-----+--------+--------+---------+------+------+-------+------+------+--------+--------+------+------+-------+-------+----------------+
|  0|21.58|43862.4|  1| 0.00| 0.00|   0.000|   0.000|    0.000|   0.0|   0.0|    0.0| 0.000|   0.0|   0.000|   0.000|  0.00|   0.0|    0.0|    0.0|                |
|  0|21.58|43862.4|  1|14.18|15.74|  18.301|  41.032| 1602.054| -75.3|  -0.1| 1720.1| 0.000|   0.0|  28.869|  41.324|215.73|   0.0|    0.0|    0.0|F2              |
|   |     |       |  2|15.74|16.94|  -0.768|  43.050| 3035.448| -75.5|  -0.3| 3267.1| 0.000|   0.0|   8.282|  41.650|202.96|   0.0|    0.0|    0.0|F2F2            |
|  0|21.58|43905.0|  1|11.49|13.20|  16.029|  41.443| 1770.686| -76.6|  -0.1| 1876.6| 0.000|   0.0|  27.415|  41.412|207.90|   0.0|    0.0|    0.0|F2              |
|   |     |       |  2|13.20|14.23|  -4.368|  44.482| 3347.584| -76.8|  -0.3| 3554.6| 0.000|   0.0|   5.233|  42.526|194.95|   0.0|    0.0|    0.0|F2F2            |
|  0|21.58|43905.0|  1|19.79|21.27|  21.273|  40.642| 1386.430| -73.6|  -0.2| 1543.2| 0.000|   0.0|  30.219|  41.230|234.94|   0.0|    0.0|    0.0|F2              |
|   |     |       |  2|21.27|22.70|   4.224|  41.503| 2632.784| -73.8|  -0.4| 2941.8| 0.000|   0.0|  12.434|  40.742|223.15|   0.0|    0.0|    0.0|F2F2            |
|   |     |       |  3|22.70|23.05| -10.818|  44.662| 3825.411| -74.1|  -0.7| 4288.1| 0.000|   0.0|  -3.585|  42.815|218.10|   0.0|    0.0|    0.0|F2F2F2          |
|  0|21.58|43905.0|  1|22.81|24.54|  21.442|  40.348| 1376.081| -72.2|  -0.2| 1573.3| 0.000|   0.0|  30.487|  41.100|250.38|   0.0|    0.0|    0.0|F2              |
|   |     |       |  2|24.54|26.08|   4.623|  40.892| 2592.439| -72.4|  -0.4| 2978.8| 0.000|   0.0|  12.792|  40.292|237.05|   0.0|    0.0|    0.0|F2F2            |
|   |     |       |  3|26.08|26.46| -10.651|  43.780| 3777.811| -72.7|  -0.7| 4359.7| 0.000|   0.0|  -3.317|  42.064|232.79|   0.0|    0.0|    0.0|F2F2F2          |
|  0|21.58|43905.0|  1|17.83|19.24|  20.460|  41.274| 1444.652| -76.5|  -0.2| 1585.3| 0.000|   0.0|  29.984|  41.546|228.00|   0.0|    0.0|    0.0|F2              |
|   |     |       |  2|19.24|20.50|   3.022|  42.910| 2753.959| -76.7|  -0.4| 3031.5| 0.000|   0.0|  11.350|  41.752|216.66|   0.0|    0.0|    0.0|F2F2            |
|   |     |       |  3|20.50|20.68| -12.081|  46.921| 4017.944| -77.0|  -0.7| 4433.8| 0.000|   0.0|  -4.824|  44.635|212.84|   0.0|    0.0|    0.0|F2F2F2          |
|  0|21.58|43947.7|  1| 0.00| 0.00|   0.000|   0.000|    0.000|   0.0|   0.0|    0.0| 0.000|   0.0|   0.000|   0.000|  0.00|   0.0|    0.0|    0.0|                |
|  0|21.58|43990.4|  1|10.02|11.86|  14.514|  41.614| 1883.614| -76.9|  -0.1| 1984.2| 0.000|   0.0|  26.576|  41.420|204.18|   0.0|    0.0|    0.0|F2              |
|   |     |       |  2|11.86|12.81|  -6.754|  45.262| 3553.179| -77.0|  -0.2| 3749.3| 0.000|   0.0|   3.206|  42.970|190.89|   0.0|    0.0|    0.0|F2F2            |
|  0|21.58|43990.4|  1| 0.00| 0.00|   0.000|   0.000|    0.000|   0.0|   0.0|    0.0| 0.000|   0.0|   0.000|   0.000|  0.00|   0.0|    0.0|    0.0|                |
|  0|21.58|43990.4|  1| 0.00| 0.00|   0.000|   0.000|    0.000|   0.0|   0.0|    0.0| 0.000|   0.0|   0.000|   0.000|  0.00|   0.0|    0.0|    0.0|                |
|  0|21.58|43990.4|  1|15.76|17.21|  19.317|  41.095| 1528.037| -75.6|  -0.1| 1655.1| 0.000|   0.0|  29.409|  41.405|221.13|   0.0|    0.0|    0.0|F2              |
+---+-----+-------+---+-----+-----+--------+--------+---------+------+------+-------+------+------+--------+--------+------+------+-------+-------+----------------+
|   |     |       |  2|17.21|18.47|   0.962|  42.886| 2904.199| -75.8|  -0.3| 3154.3| 0.000|   0.0|   9.707|  41.622|209.06|   0.0|    0.0|    0.0|F2F2            |
|  0|21.58|44043.7|  1| 3.07| 6.81|   4.984|  42.198| 2592.387| -75.7|  -0.0| 2677.4| 0.000|   0.0|  20.328|  41.097|187.72|   0.0|    0.0|    0.0|F2              |
|  0|21.58|44043.7|  1| 9.52|11.42|  13.940|  41.562| 1925.122| -76.6|  -0.1| 2024.1| 0.000|   0.0|  26.254|  41.360|202.96|   0.0|    0.0|    0.0|F2              |
|   |     |       |  2|11.42|12.36|  -7.690|  45.346| 3625.383| -76.7|  -0.2| 3818.0| 0.000|   0.0|   2.221|  43.009|189.02|   0.0|    0.0|    0.0|F2F2            |
|  0|21.58|44043.7|  1|14.89|16.35|  18.728|  41.224| 1571.503| -76.1|  -0.1| 1693.7| 0.000|   0.0|  29.000|  41.438|218.48|   0.0|    0.0|    0.0|F2              |
|   |     |       |  2|16.35|17.56|   0.001|  43.294| 2986.630| -76.3|  -0.3| 3227.0| 0.000|   0.0|   8.869|  41.882|206.41|   0.0|    0.0|    0.0|F2F2            |
|  0|21.58|44043.7|  1|20.25|21.82|  21.650|  39.008| 1380.009| -65.9|  -0.1| 1542.2| 0.000|   0.0|  30.668|  40.411|237.44|   0.0|    0.0|    0.0|F2              |
|   |     |       |  2|21.82|23.46|   3.985|  38.366| 2606.705| -65.9|  -0.1| 2925.6| 0.000|   0.0|  12.569|  38.335|224.00|   0.0|    0.0|    0.0|F2F2            |
|   |     |       |  3|23.46|24.03| -12.248|  40.184| 3764.362| -66.0|  -0.2| 4241.0| 0.000|   0.0|  -4.382|  38.996|217.24|   0.0|    0.0|    0.0|F2F2F2          |
|  0|21.58|44043.7|  1|12.03|13.68|  16.477|  41.097| 1735.417| -75.4|  -0.1| 1843.7| 0.000|   0.0|  27.895|  41.267|209.88|   0.0|    0.0|    0.0|F2              |
|   |     |       |  2|13.68|14.82|  -3.792|  43.711| 3277.749| -75.6|  -0.3| 3489.3| 0.000|   0.0|   5.808|  41.966|196.48|   0.0|    0.0|    0.0|F2F2            |
|  0|21.58|44043.7|  1|14.74|16.21|  18.628|  41.151| 1578.535| -75.8|  -0.1| 1699.9| 0.000|   0.0|  29.052|  41.403|218.05|   0.0|    0.0|    0.0|F2              |
|   |     |       |  2|16.21|17.44|  -0.195|  43.187| 2997.739| -76.0|  -0.3| 3236.3| 0.000|   0.0|   8.725|  41.788|205.74|   0.0|    0.0|    0.0|F2F2            |
|  0|21.58|44043.7|  1|13.63|15.16|  17.816|  41.116| 1637.733| -75.6|  -0.1| 1753.3| 0.000|   0.0|  28.511|  41.338|214.53|   0.0|    0.0|    0.0|F2              |
|   |     |       |  2|15.16|16.36|  -1.573|  43.353| 3103.662| -75.8|  -0.3| 3330.4| 0.000|   0.0|   7.650|  41.827|201.89|   0.0|    0.0|    0.0|F2F2            |
|  0|21.58|44086.6|  1| 6.19| 8.76|   9.665|  41.543| 2237.773| -75.5|  -0.1| 2327.8| 0.000|   0.0|  23.676|  41.079|194.59|   0.0|    0.0|    0.0|F2              |
|   |     |       |  2| 8.76| 9.46| -14.239|  46.673| 4164.299| -75.5|  -0.1| 4337.7| 0.000|   0.0|  -3.250|  43.548|179.78|   0.0|    0.0|    0.0|F2F2            |
|  0|21.58|44086.6|  1|12.59|14.15|  16.945|  41.510| 1703.924| -77.0|  -0.1| 1814.8| 0.000|   0.0|  28.008|  41.499|211.75|   0.0|    0.0|    0.0|F2              |
|   |     |       |  2|14.15|15.24|  -2.875|  44.343| 3232.779| -77.2|  -0.3| 3450.3| 0.000|   0.0|   6.502|  42.507|199.35|   0.0|    0.0|    0.0|F2F2            |
|  0|21.58|44086.6|  1|12.14|13.74|  16.553|  41.473| 1732.444| -76.8|  -0.1| 1841.4| 0.000|   0.0|  27.820|  41.461|210.45|   0.0|    0.0|    0.0|F2              |
+---+-----+-------+---+-----+-----+--------+--------+---------+------+------+-------+------+------+--------+--------+------+------+-------+-------+----------------+
|   |     |       |  2|13.74|14.82|  -3.531|  44.391| 3282.721| -77.0|  -0.3| 3496.0| 0.000|   0.0|   5.947|  42.505|197.77|   0.0|    0.0|    0.0|F2F2            |
|  0|21.58|44086.6|  1|11.26|12.92|  15.740|  41.766| 1795.067| -77.7|  -0.1| 1900.5| 0.000|   0.0|  27.335|  41.570|208.08|   0.0|    0.0|    0.0|F2              |
|   |     |       |  2|12.92|13.91|  -4.752|  45.179| 3402.490| -77.9|  -0.3| 3608.9| 0.000|   0.0|   4.928|  43.024|195.55|   0.0|    0.0|    0.0|F2F2            |
|  0|21.58|44086.6|  1| 0.02| 5.99|   0.199|  41.362| 2919.978| -72.2|  -0.0| 3001.3| 0.000|   0.0|  16.493|  40.231|182.08|   0.0|    0.0|    0.0|F2              |
|  0|21.58|44086.6|  1|11.83|13.50|  16.283|  40.966| 1748.906| -74.9|  -0.1| 1856.3| 0.000|   0.0|  27.776|  41.188|209.37|   0.0|    0.0|    0.0|F2              |
|   |     |       |  2|13.50|14.66|  -4.168|  43.529| 3298.918| -75.0|  -0.2| 3508.6| 0.000|   0.0|   5.535|  41.801|195.72|   0.0|    0.0|    0.0|F2F2            |
+==============================================================================+
|   Medium characteristics Sunspot number= 141.0 IG= 123.3   GMT time:12:14    |
|------------------------------------------------------------------------------|
|   S   | fh |  I  |   D  | fd |  hd | fe |  he | ff1 | hf1 | ff2 | hf2 |   Hi |
|-------+----+-----+------+----+-----+----+-----+-----+-----+-----+-----+------|
|    0.0|1.25| 58.8|   3.1|0.18| 81.3|2.77|110.0| 0.00|  0.0|10.65|288.9|  74.0|
+==============================================================================+

+==================================+
|       Es-layer parametres        |
|----------------------------------|
|   S   | hEs | fbEs | f0Es | P Es |
|-------+-----+------+------+------|
|    0.0|110.7| 2.47 | 2.89 | 60.1 |
+==================================+

|  0|21.58|44203.7|  1|12.88|14.42|  17.160|  41.131| 1685.765| -75.6|  -0.1| 1798.0| 0.000|   0.0|  28.182|  41.315|212.72|   0.0|    0.0|    0.0|F2              |
|   |     |       |  2|14.42|15.60|  -2.690|  43.580| 3192.772| -75.8|  -0.3| 3412.7| 0.000|   0.0|   6.716|  41.934|199.93|   0.0|    0.0|    0.0|F2F2            |
|  0|21.58|44246.6|  1|15.22|16.63|  18.891|  41.075| 1559.068| -75.5|  -0.1| 1683.4| 0.000|   0.0|  29.231|  41.378|220.04|   0.0|    0.0|    0.0|F2              |
|   |     |       |  2|16.63|17.89|   0.184|  42.976| 2963.727| -75.7|  -0.3| 3208.3| 0.000|   0.0|   9.035|  41.649|207.96|   0.0|    0.0|    0.0|F2F2            |
|  0|21.58|44246.6|  1| 0.00| 0.00|   0.000|   0.000|    0.000|   0.0|   0.0|    0.0| 0.000|   0.0|   0.000|   0.000|  0.00|   0.0|    0.0|    0.0|                |
|  0|21.58|44246.6|  1|19.58|20.90|  21.016|  41.515| 1404.378| -77.6|  -0.2| 1560.3| 0.000|   0.0|  30.244|  41.691|235.75|   0.0|    0.0|    0.0|F2              |
|   |     |       |  2|20.90|22.14|   4.088|  43.222| 2684.042| -77.9|  -0.5| 2992.0| 0.000|   0.0|  12.202|  42.041|225.33|   0.0|    0.0|    0.0|F2F2            |
|   |     |       |  3|22.14|22.36| -10.627|  47.218| 3924.803| -78.3|  -0.9| 4387.1| 0.000|   0.0|  -3.628|  44.965|221.66|   0.0|    0.0|    0.0|F2F2F2          |
|  0|21.58|44246.6|  1|12.65|14.19|  16.949|  41.270| 1701.931| -76.1|  -0.1| 1813.2| 0.000|   0.0|  28.039|  41.375|212.18|   0.0|    0.0|    0.0|F2              |
|   |     |       |  2|14.19|15.34|  -2.994|  43.903| 3226.035| -76.3|  -0.3| 3444.1| 0.000|   0.0|   6.433|  42.164|199.58|   0.0|    0.0|    0.0|F2F2            |
|  0|21.58|44246.6|  1|18.12|19.42|  20.465|  41.569| 1445.191| -77.8|  -0.2| 1588.8| 0.000|   0.0|  29.935|  41.695|230.10|   0.0|    0.0|    0.0|F2              |
|   |     |       |  2|19.42|20.63|   3.099|  43.473| 2764.175| -78.0|  -0.4| 3048.0| 0.000|   0.0|  11.391|  42.182|219.68|   0.0|    0.0|    0.0|F2F2            |
|   |     |       |  3|20.63|20.82| -11.878|  47.746| 4042.657| -78.4|  -0.8| 4468.5| 0.000|   0.0|  -4.786|  45.356|216.11|   0.0|    0.0|    0.0|F2F2F2          |
|  0|21.58|44246.6|  1|15.39|16.79|  18.998|  41.171| 1551.565| -75.9|  -0.1| 1676.9| 0.000|   0.0|  29.180|  41.425|220.57|   0.0|    0.0|    0.0|F2              |
+---+-----+-------+---+-----+-----+--------+--------+---------+------+------+-------+------+------+--------+--------+------+------+-------+-------+----------------+
|   |     |       |  2|16.79|18.03|   0.402|  43.126| 2952.174| -76.1|  -0.3| 3198.9| 0.000|   0.0|   9.269|  41.769|208.83|   0.0|    0.0|    0.0|F2F2            |
|  0|21.58|44289.3|  1|15.91|17.29|  19.315|  41.047| 1528.082| -75.4|  -0.1| 1656.6| 0.000|   0.0|  29.366|  41.377|222.32|   0.0|    0.0|    0.0|F2              |
|   |     |       |  2|17.29|18.57|   0.890|  42.807| 2907.239| -75.6|  -0.3| 3160.2| 0.000|   0.0|   9.630|  41.559|210.52|   0.0|    0.0|    0.0|F2F2            |
|  0|21.58|44331.9|  1|15.05|16.44|  18.748|  41.174| 1569.809| -75.9|  -0.1| 1693.3| 0.000|   0.0|  29.037|  41.415|219.66|   0.0|    0.0|    0.0|F2              |
|   |     |       |  2|16.44|17.68|  -0.039|  43.207| 2986.935| -76.1|  -0.3| 3230.0| 0.000|   0.0|   8.891|  41.807|207.92|   0.0|    0.0|    0.0|F2F2            |
|  0|21.58|44374.6|  1|12.65|14.17|  16.916|  41.032| 1703.111| -75.2|  -0.1| 1814.5| 0.000|   0.0|  28.058|  41.251|212.38|   0.0|    0.0|    0.0|F2              |
|   |     |       |  2|14.17|15.38|  -3.175|  43.477| 3224.764| -75.4|  -0.3| 3442.8| 0.000|   0.0|   6.319|  41.826|199.54|   0.0|    0.0|    0.0|F2F2            |
|  0|21.58|44417.3|  1|14.92|16.30|  18.637|  41.127| 1577.781| -75.7|  -0.1| 1700.7| 0.000|   0.0|  29.015|  41.387|219.46|   0.0|    0.0|    0.0|F2              |
|   |     |       |  2|16.30|17.55|  -0.264|  43.153| 3001.784| -75.9|  -0.3| 3243.6| 0.000|   0.0|   8.668|  41.758|207.62|   0.0|    0.0|    0.0|F2F2            |
|  0|21.58|44459.9|  1|13.40|14.85|  17.509|  41.019| 1659.810| -75.2|  -0.1| 1774.8| 0.000|   0.0|  28.391|  41.275|214.80|   0.0|    0.0|    0.0|F2              |
|   |     |       |  2|14.85|16.09|  -2.216|  43.282| 3148.413| -75.4|  -0.3| 3374.0| 0.000|   0.0|   7.108|  41.737|202.34|   0.0|    0.0|    0.0|F2F2            |
|  0|21.58|44502.6|  1|11.72|13.29|  16.044|  40.973| 1766.372| -74.9|  -0.1| 1873.8| 0.000|   0.0|  27.669|  41.180|210.03|   0.0|    0.0|    0.0|F2              |
|   |     |       |  2|13.29|14.49|  -4.658|  43.639| 3338.468| -75.0|  -0.2| 3548.5| 0.000|   0.0|   5.107|  41.854|196.78|   0.0|    0.0|    0.0|F2F2            |
|  0|21.58|44545.3|  1|12.58|14.07|  16.802|  41.008| 1711.312| -75.1|  -0.1| 1822.6| 0.000|   0.0|  28.043|  41.236|212.60|   0.0|    0.0|    0.0|F2              |
|   |     |       |  2|14.07|15.29|  -3.413|  43.477| 3242.129| -75.3|  -0.3| 3460.0| 0.000|   0.0|   6.103|  41.813|199.83|   0.0|    0.0|    0.0|F2F2            |
|  0|21.58|44587.9|  1|20.96|20.99|  26.408|  51.754| 1481.533|-127.8|  -0.2| 1659.4| 0.000|   0.0|  32.497|  47.093|250.86|   0.0|    0.0|    0.0|F2              |
|   |     |       |  2|20.99|23.44|  15.567|  62.573| 3051.448|-127.7|  -0.1| 3437.9| 0.000|   0.0|  20.461|  57.294|255.13|   0.0|    0.0|    0.0|F2F2            |
|  0|21.58|44587.9|  1| 0.96| 6.12|   1.251|  40.205| 2820.922| -69.9|   0.0| 2903.5| 0.000|   0.0|  17.563|  39.646|184.73|   0.0|    0.0|    0.0|F2              |
|  0|21.58|44587.9|  1|11.96|13.49|  16.237|  40.995| 1752.437| -75.0|  -0.1| 1861.0| 0.000|   0.0|  27.731|  41.199|210.89|   0.0|    0.0|    0.0|F2              |
|   |     |       |  2|13.49|14.70|  -4.356|  43.627| 3315.982| -75.1|  -0.2| 3528.4| 0.000|   0.0|   5.346|  41.865|197.90|   0.0|    0.0|    0.0|F2F2            |
+---+-----+-------+---+-----+-----+--------+--------+---------+------+------+-------+------+------+--------+--------+------+------+-------+-------+----------------+
+---+-----+-------+---+-----+-----+--------+--------+---------+------+------+-------+------+------+--------+--------+------+------+-------+-------+----------------+
|0-x| fr  |  time |hop| d0  | d1  |   fi   |  teta  |   dist  |  at  |  dev |   p   |  df  |  l   |   fot  |   tot  |  rot | lsp  |   pf  |    s  |                |
+---+-----+-------+---+-----+-----+--------+--------+---------+------+------+-------+------+------+--------+--------+------+------+-------+-------+----------------+
|  0|21.58|44630.7|  1|22.40|22.46|  25.504|  51.110| 1485.980|-123.7|  -0.3| 1685.5| 0.000|   0.0|  32.153|  46.662|258.79|   0.0|    0.0|    0.0|F2              |
|   |     |       |  2|22.46|24.44|  13.801|  61.493| 3065.730|-123.6|  -0.2| 3495.5| 0.000|   0.0|  19.262|  56.241|265.63|   0.0|    0.0|    0.0|F2F2            |
|  0|21.58|44630.7|  1|11.59|13.15|  15.883|  40.784| 1777.123| -74.2|  -0.1| 1884.1| 0.000|   0.0|  27.573|  41.071|209.87|   0.0|    0.0|    0.0|F2              |
|   |     |       |  2|13.15|14.39|  -5.032|  43.346| 3355.537| -74.3|  -0.2| 3564.5| 0.000|   0.0|   4.855|  41.602|196.43|   0.0|    0.0|    0.0|F2F2            |
|  0|21.58|44673.4|  1|18.16|18.35|  25.755|  52.039| 1543.758|-127.1|  -0.2| 1694.7| 0.000|   0.0|  31.974|  47.330|238.31|   0.0|    0.0|    0.0|F2              |
|   |     |       |  2|18.35|21.19|  14.635|  63.043| 3148.845|-126.9|  -0.0| 3477.3| 0.000|   0.0|  19.616|  57.712|239.05|   0.0|    0.0|    0.0|F2F2            |
|  0|21.58|44673.4|  1|15.48|16.78|  18.931|  41.026| 1556.067| -75.3|  -0.1| 1682.6| 0.000|   0.0|  29.211|  41.351|221.83|   0.0|    0.0|    0.0|F2              |
|   |     |       |  2|16.78|18.07|   0.148|  42.890| 2963.809| -75.5|  -0.3| 3212.9| 0.000|   0.0|   9.087|  41.573|210.37|   0.0|    0.0|    0.0|F2F2            |
|  0|21.58|44673.4|  1|15.45|16.76|  18.914|  40.977| 1557.209| -75.1|  -0.1| 1683.5| 0.000|   0.0|  29.210|  41.326|221.72|   0.0|    0.0|    0.0|F2              |
|   |     |       |  2|16.76|18.06|   0.099|  42.804| 2964.874| -75.3|  -0.3| 3213.5| 0.000|   0.0|   9.052|  41.505|210.16|   0.0|    0.0|    0.0|F2F2            |
|  0|21.58|44716.2|  1|12.66|14.09|  16.811|  41.114| 1711.126| -75.5|  -0.1| 1823.0| 0.000|   0.0|  28.131|  41.297|213.32|   0.0|    0.0|    0.0|F2              |
|   |     |       |  2|14.09|15.31|  -3.395|  43.682| 3247.757| -75.7|  -0.3| 3467.1| 0.000|   0.0|   6.153|  41.964|200.95|   0.0|    0.0|    0.0|F2F2            |
|  0|21.58|44716.2|  1|14.50|15.84|  18.260|  40.957| 1604.848| -75.0|  -0.1| 1725.8| 0.000|   0.0|  28.868|  41.285|218.78|   0.0|    0.0|    0.0|F2              |
|   |     |       |  2|15.84|17.13|  -1.034|  42.958| 3052.101| -75.2|  -0.3| 3289.9| 0.000|   0.0|   8.089|  41.560|206.90|   0.0|    0.0|    0.0|F2F2            |
|  0|21.58|44758.9|  1| 0.00| 0.00|   0.000|   0.000|    0.000|   0.0|   0.0|    0.0| 0.000|   0.0|   0.000|   0.000|  0.00|   0.0|    0.0|    0.0|                |
|  0|21.58|44758.9|  1| 3.18| 6.77|   4.742|  41.417| 2593.556| -73.7|  -0.0| 2679.5| 0.000|   0.0|  20.363|  40.644|189.95|   0.0|    0.0|    0.0|F2              |
|  0|21.58|44758.9|  1| 8.63|10.52|  12.613|  40.871| 2014.959| -74.1|  -0.1| 2111.7| 0.000|   0.0|  25.656|  40.921|202.18|   0.0|    0.0|    0.0|F2              |
|   |     |       |  2|10.52|11.64| -10.214|  44.548| 3776.918| -74.2|  -0.2| 3964.4| 0.000|   0.0|   0.193|  42.216|187.15|   0.0|    0.0|    0.0|F2F2            |
|  0|21.58|44801.6|  1|17.57|16.18|  62.582|  35.912| 1763.007|  56.2|   0.3| 1925.0| 0.000|   0.0|  50.118|  38.807|240.64|   0.0|    0.0|    0.0|F2              |
|  0|21.58|44801.6|  1| 0.05| 5.87|   0.093|  42.670| 2961.511| -75.0|  -0.0| 3045.3| 0.000|   0.0|  16.079|  40.996|185.53|   0.0|    0.0|    0.0|F2              |
+---+-----+-------+---+-----+-----+--------+--------+---------+------+------+-------+------+------+--------+--------+------+------+-------+-------+----------------+
+---+-----+-------+---+-----+-----+--------+--------+---------+------+------+-------+------+------+--------+--------+------+------+-------+-------+----------------+
|0-x| fr  |  time |hop| d0  | d1  |   fi   |  teta  |   dist  |  at  |  dev |   p   |  df  |  l   |   fot  |   tot  |  rot | lsp  |   pf  |    s  |                |
+---+-----+-------+---+-----+-----+--------+--------+---------+------+------+-------+------+------+--------+--------+------+------+-------+-------+----------------+
|  0|21.58|44844.2|  1|13.93|15.25|  17.797|  41.040| 1638.863| -75.3|  -0.1| 1757.0| 0.000|   0.0|  28.662|  41.309|217.38|   0.0|    0.0|    0.0|F2              |
|   |     |       |  2|15.25|16.52|  -1.811|  43.254| 3117.967| -75.5|  -0.3| 3350.2| 0.000|   0.0|   7.476|  41.735|205.58|   0.0|    0.0|    0.0|F2F2            |
|  0|21.58|44887.0|  1|14.36|15.66|  18.104|  40.959| 1616.218| -75.0|  -0.1| 1736.7| 0.000|   0.0|  28.839|  41.283|218.77|   0.0|    0.0|    0.0|F2              |
|   |     |       |  2|15.66|16.95|  -1.334|  43.015| 3075.644| -75.2|  -0.3| 3312.5| 0.000|   0.0|   7.903|  41.578|207.08|   0.0|    0.0|    0.0|F2F2            |
|  0|21.58|44929.7|  1|17.01|18.22|  19.728|  41.070| 1497.948| -75.5|  -0.1| 1634.8| 0.000|   0.0|  29.715|  41.417|227.69|   0.0|    0.0|    0.0|F2              |
|   |     |       |  2|18.22|19.52|   1.517|  42.751| 2859.832| -75.8|  -0.4| 3129.6| 0.000|   0.0|  10.195|  41.544|216.92|   0.0|    0.0|    0.0|F2F2            |
|  0|21.58|44972.4|  1|14.60|15.85|  18.242|  41.108| 1606.619| -75.6|  -0.1| 1728.5| 0.000|   0.0|  28.799|  41.359|219.70|   0.0|    0.0|    0.0|F2              |
|   |     |       |  2|15.85|17.12|  -1.058|  43.257| 3062.964| -75.8|  -0.3| 3303.0| 0.000|   0.0|   8.121|  41.778|208.53|   0.0|    0.0|    0.0|F2F2            |
+==============================================================================+
|   Medium characteristics Sunspot number= 141.0 IG= 123.3   GMT time:12:29    |
|------------------------------------------------------------------------------|
|   S   | fh |  I  |   D  | fd |  hd | fe |  he | ff1 | hf1 | ff2 | hf2 |   Hi |
|-------+----+-----+------+----+-----+----+-----+-----+-----+-----+-----+------|
|    0.0|1.25| 58.8|   3.1|0.18| 81.4|2.68|110.0| 0.00|  0.0|10.48|287.4|  75.7|
+==============================================================================+

+==================================+
|       Es-layer parametres        |
|----------------------------------|
|   S   | hEs | fbEs | f0Es | P Es |
|-------+-----+------+------+------|
|    0.0|110.5| 2.43 | 2.86 | 60.7 |
+==================================+

|  0|21.58|45015.3|  1|13.19|14.51|  17.158|  41.026| 1685.388| -75.2|  -0.1| 1800.1| 0.000|   0.0|  28.266|  41.266|215.49|   0.0|    0.0|    0.0|F2              |
|   |     |       |  2|14.51|15.78|  -2.925|  43.429| 3204.931| -75.4|  -0.3| 3430.1| 0.000|   0.0|   6.549|  41.800|203.61|   0.0|    0.0|    0.0|F2F2            |
|  0|21.58|45068.3|  1|12.10|13.49|  16.207|  40.914| 1754.187| -74.7|  -0.1| 1863.9| 0.000|   0.0|  27.776|  41.159|212.38|   0.0|    0.0|    0.0|F2              |
|   |     |       |  2|13.49|14.77|  -4.558|  43.514| 3326.844| -74.8|  -0.2| 3541.8| 0.000|   0.0|   5.216|  41.761|199.89|   0.0|    0.0|    0.0|F2F2            |
|  0|21.58|45068.3|  1| 5.77| 8.18|   8.628|  41.789| 2317.645| -75.8|  -0.0| 2408.3| 0.000|   0.0|  23.189|  41.143|196.65|   0.0|    0.0|    0.0|F2              |
|  0|21.58|45068.3|  1|12.21|13.59|  16.306|  40.939| 1747.100| -74.8|  -0.1| 1857.3| 0.000|   0.0|  27.802|  41.176|212.68|   0.0|    0.0|    0.0|F2              |
|   |     |       |  2|13.59|14.87|  -4.385|  43.530| 3314.778| -75.0|  -0.3| 3530.8| 0.000|   0.0|   5.344|  41.786|200.30|   0.0|    0.0|    0.0|F2F2            |
|  0|21.58|45068.3|  1|11.78|13.19|  15.909|  40.978| 1776.165| -74.9|  -0.1| 1884.5| 0.000|   0.0|  27.608|  41.176|211.50|   0.0|    0.0|    0.0|F2              |
|   |     |       |  2|13.19|14.45|  -5.019|  43.723| 3367.680| -75.0|  -0.2| 3579.9| 0.000|   0.0|   4.806|  41.894|198.94|   0.0|    0.0|    0.0|F2F2            |
|  0|21.58|45111.1|  1|22.05|23.47|  20.700|  41.432| 1427.411| -77.2|  -0.2| 1621.1| 0.000|   0.0|  30.181|  41.640|251.34|   0.0|    0.0|    0.0|F2              |
|   |     |       |  2|23.47|24.71|   3.918|  43.090| 2692.968| -77.5|  -0.5| 3069.2| 0.000|   0.0|  12.033|  41.927|240.03|   0.0|    0.0|    0.0|F2F2            |
|   |     |       |  3|24.71|25.00| -10.727|  47.055| 3924.498| -78.0|  -1.0| 4487.0| 0.000|   0.0|  -3.750|  44.807|236.46|   0.0|    0.0|    0.0|F2F2F2          |
+---+-----+-------+---+-----+-----+--------+--------+---------+------+------+-------+------+------+--------+--------+------+------+-------+-------+----------------+
+---+-----+-------+---+-----+-----+--------+--------+---------+------+------+-------+------+------+--------+--------+------+------+-------+-------+----------------+
|0-x| fr  |  time |hop| d0  | d1  |   fi   |  teta  |   dist  |  at  |  dev |   p   |  df  |  l   |   fot  |   tot  |  rot | lsp  |   pf  |    s  |                |
+---+-----+-------+---+-----+-----+--------+--------+---------+------+------+-------+------+------+--------+--------+------+------+-------+-------+----------------+
|  0|21.58|45111.1|  1|14.57|15.80|  18.183|  41.134| 1610.985| -75.7|  -0.1| 1732.9| 0.000|   0.0|  28.791|  41.371|219.92|   0.0|    0.0|    0.0|F2              |
|   |     |       |  2|15.80|17.06|  -1.178|  43.330| 3074.096| -75.9|  -0.3| 3314.3| 0.000|   0.0|   7.986|  41.830|208.95|   0.0|    0.0|    0.0|F2F2            |
|  0|21.58|45153.6|  1| 0.05| 5.82|  -0.060|  42.744| 2974.741| -75.1|  -0.0| 3059.2| 0.000|   0.0|  16.083|  41.023|187.01|   0.0|    0.0|    0.0|F2              |
|  0|21.58|45153.6|  1|16.90|18.08|  19.611|  40.952| 1506.437| -75.0|  -0.1| 1643.0| 0.000|   0.0|  29.557|  41.343|227.70|   0.0|    0.0|    0.0|F2              |
|   |     |       |  2|18.08|19.40|   1.228|  42.570| 2876.019| -75.2|  -0.3| 3145.1| 0.000|   0.0|   9.950|  41.393|217.06|   0.0|    0.0|    0.0|F2F2            |
|  0|21.58|45153.6|  1|12.57|13.89|  16.599|  41.229| 1727.345| -75.9|  -0.1| 1839.3| 0.000|   0.0|  27.947|  41.341|214.01|   0.0|    0.0|    0.0|F2              |
|   |     |       |  2|13.89|15.11|  -3.812|  43.985| 3288.790| -76.1|  -0.3| 3508.9| 0.000|   0.0|   5.793|  42.169|202.44|   0.0|    0.0|    0.0|F2F2            |
|  0|21.58|45153.6|  1|15.85|17.03|  19.012|  41.098| 1550.297| -75.6|  -0.1| 1679.8| 0.000|   0.0|  29.351|  41.400|224.20|   0.0|    0.0|    0.0|F2              |
|   |     |       |  2|17.03|18.31|   0.228|  43.019| 2961.728| -75.8|  -0.3| 3217.1| 0.000|   0.0|   9.156|  41.674|213.57|   0.0|    0.0|    0.0|F2F2            |
|  0|21.58|45153.6|  1|15.54|16.73|  18.823|  41.051| 1564.042| -75.4|  -0.1| 1691.7| 0.000|   0.0|  29.145|  41.359|223.09|   0.0|    0.0|    0.0|F2              |
|   |     |       |  2|16.73|18.02|  -0.121|  42.987| 2986.293| -75.6|  -0.3| 3237.7| 0.000|   0.0|   8.905|  41.626|212.38|   0.0|    0.0|    0.0|F2F2            |
|  0|21.58|45196.3|  1|15.84|17.07|  19.051|  40.323| 1548.036| -72.4|  -0.1| 1677.5| 0.000|   0.0|  29.135|  40.974|223.58|   0.0|    0.0|    0.0|F2              |
|   |     |       |  2|17.07|18.51|  -0.052|  41.564| 2942.858| -72.6|  -0.3| 3197.3| 0.000|   0.0|   9.056|  40.546|212.28|   0.0|    0.0|    0.0|F2F2            |
|  0|21.58|45196.3|  1| 9.56|11.16|  13.564|  41.314| 1949.938| -75.7|  -0.1| 2050.2| 0.000|   0.0|  26.284|  41.218|205.88|   0.0|    0.0|    0.0|F2              |
|   |     |       |  2|11.16|12.31|  -8.682|  45.096| 3687.796| -75.8|  -0.2| 3883.7| 0.000|   0.0|   1.473|  42.735|192.51|   0.0|    0.0|    0.0|F2F2            |
|  0|21.58|45238.9|  1| 0.00| 0.00|   0.000|   0.000|    0.000|   0.0|   0.0|    0.0| 0.000|   0.0|   0.000|   0.000|  0.00|   0.0|    0.0|    0.0|                |
|  0|21.58|45238.9|  1|16.99|18.14|  19.624|  41.141| 1505.692| -75.8|  -0.1| 1643.1| 0.000|   0.0|  29.667|  41.450|228.33|   0.0|    0.0|    0.0|F2              |
|   |     |       |  2|18.14|19.41|   1.313|  42.923| 2879.604| -76.1|  -0.4| 3150.5| 0.000|   0.0|  10.027|  41.664|218.12|   0.0|    0.0|    0.0|F2F2            |
|  0|21.58|45281.5|  1| 0.00| 0.00|   0.000|   0.000|    0.000|   0.0|   0.0|    0.0| 0.000|   0.0|   0.000|   0.000|  0.00|   0.0|    0.0|    0.0|                |
|  0|21.58|45281.5|  1|13.23|14.49|  17.123|  41.107| 1688.364| -75.5|  -0.1| 1803.5| 0.000|   0.0|  28.269|  41.307|216.15|   0.0|    0.0|    0.0|F2              |
+---+-----+-------+---+-----+-----+--------+--------+---------+------+------+-------+------+------+--------+--------+------+------+-------+-------+----------------+
|   |     |       |  2|14.49|15.74|  -3.025|  43.606| 3218.089| -75.7|  -0.3| 3444.6| 0.000|   0.0|   6.462|  41.928|204.86|   0.0|    0.0|    0.0|F2F2            |
|  0|21.58|45334.7|  1|16.93|18.07|  19.566|  41.118| 1509.893| -75.7|  -0.1| 1647.0| 0.000|   0.0|  29.547|  41.428|228.27|   0.0|    0.0|    0.0|F2              |
|   |     |       |  2|18.07|19.34|   1.185|  42.900| 2888.312| -76.0|  -0.4| 3158.7| 0.000|   0.0|   9.951|  41.636|218.21|   0.0|    0.0|    0.0|F2F2            |
|  0|21.58|45334.7|  1|11.71|13.05|  15.771|  41.261| 1788.080| -75.9|  -0.1| 1896.5| 0.000|   0.0|  27.568|  41.318|211.96|   0.0|    0.0|    0.0|F2              |
|   |     |       |  2|13.05|14.26|  -5.214|  44.314| 3403.293| -76.1|  -0.3| 3616.2| 0.000|   0.0|   4.664|  42.323|200.28|   0.0|    0.0|    0.0|F2F2            |
|  0|21.58|45334.7|  1| 7.24| 9.17|  10.645|  42.034| 2173.996| -77.2|  -0.1| 2268.1| 0.000|   0.0|  24.606|  41.413|200.84|   0.0|    0.0|    0.0|F2              |
|   |     |       |  2| 9.17|10.14| -12.955|  47.389| 4104.597| -77.3|  -0.2| 4288.4| 0.000|   0.0|  -2.238|  44.192|187.61|   0.0|    0.0|    0.0|F2F2            |
|  0|21.58|45334.7|  1|16.62|17.72|  19.396|  41.619| 1524.245| -77.9|  -0.2| 1659.3| 0.000|   0.0|  29.490|  41.682|227.42|   0.0|    0.0|    0.0|F2              |
|   |     |       |  2|17.72|18.86|   1.063|  43.898| 2927.506| -78.1|  -0.4| 3194.4| 0.000|   0.0|   9.804|  42.386|218.18|   0.0|    0.0|    0.0|F2F2            |
|  0|21.58|45334.7|  1|22.35|22.62|  26.048|  52.283| 1546.093|-128.4|  -0.2| 1756.7| 0.000|   0.0|  32.273|  47.349|263.08|   0.0|    0.0|    0.0|F2              |
|   |     |       |  2|22.62|25.01|  15.382|  63.301| 3127.127|-128.4|  -0.2| 3574.6| 0.000|   0.0|  20.221|  57.905|266.03|   0.0|    0.0|    0.0|F2F2            |
|  0|21.58|45334.7|  1|14.49|15.67|  18.068|  41.263| 1619.995| -76.2|  -0.1| 1741.8| 0.000|   0.0|  28.802|  41.437|220.21|   0.0|    0.0|    0.0|F2              |
|   |     |       |  2|15.67|16.90|  -1.379|  43.618| 3098.059| -76.4|  -0.3| 3338.3| 0.000|   0.0|   7.816|  42.035|209.75|   0.0|    0.0|    0.0|F2F2            |
|  0|21.58|45377.3|  1| 0.00| 0.00|   0.000|   0.000|    0.000|   0.0|   0.0|    0.0| 0.000|   0.0|   0.000|   0.000|  0.00|   0.0|    0.0|    0.0|                |
|  0|21.58|45377.3|  1|19.50|19.92|  30.636|  54.767| 1541.023|-147.1|  -0.2| 1710.5| 0.000|   0.0|  34.601|  48.885|248.45|   0.0|    0.0|    0.0|F2              |
|   |     |       |  2|19.92|21.87|  23.913|  67.437| 3093.092|-147.2|  -0.3| 3449.2| 0.000|   0.0|  26.928|  61.304|243.43|   0.0|    0.0|    0.0|F2F2            |
|  0|21.58|45377.3|  1| 0.00| 0.00|   0.000|   0.000|    0.000|   0.0|   0.0|    0.0| 0.000|   0.0|   0.000|   0.000|  0.00|   0.0|    0.0|    0.0|                |
|  0|21.58|45420.2|  1| 0.01| 5.73|  -0.192|  43.098| 2994.793| -75.8|  -0.0| 3080.0| 0.000|   0.0|  16.039|  41.217|188.18|   0.0|    0.0|    0.0|F2              |
|  0|21.58|45420.2|  1|13.01|14.26|  16.907|  41.006| 1703.610| -75.1|  -0.1| 1817.8| 0.000|   0.0|  28.226|  41.249|215.75|   0.0|    0.0|    0.0|F2              |
|   |     |       |  2|14.26|15.53|  -3.463|  43.493| 3246.278| -75.3|  -0.3| 3470.9| 0.000|   0.0|   6.172|  41.807|204.44|   0.0|    0.0|    0.0|F2F2            |
+---+-----+-------+---+-----+-----+--------+--------+---------+------+------+-------+------+------+--------+--------+------+------+-------+-------+----------------+
+---+-----+-------+---+-----+-----+--------+--------+---------+------+------+-------+------+------+--------+--------+------+------+-------+-------+----------------+
|0-x| fr  |  time |hop| d0  | d1  |   fi   |  teta  |   dist  |  at  |  dev |   p   |  df  |  l   |   fot  |   tot  |  rot | lsp  |   pf  |    s  |                |
+---+-----+-------+---+-----+-----+--------+--------+---------+------+------+-------+------+------+--------+--------+------+------+-------+-------+----------------+
|  0|21.58|45463.4|  1|15.36|16.50|  18.624|  41.103| 1578.658| -75.6|  -0.1| 1705.7| 0.000|   0.0|  29.106|  41.382|223.18|   0.0|    0.0|    0.0|F2              |
|   |     |       |  2|16.50|17.76|  -0.510|  43.155| 3019.799| -75.8|  -0.3| 3270.2| 0.000|   0.0|   8.611|  41.728|212.97|   0.0|    0.0|    0.0|F2F2            |
|  0|21.58|45463.4|  1|12.02|13.31|  16.026|  41.278| 1769.572| -76.0|  -0.1| 1879.4| 0.000|   0.0|  27.650|  41.338|213.03|   0.0|    0.0|    0.0|F2              |
|   |     |       |  2|13.31|14.52|  -4.828|  44.276| 3373.710| -76.2|  -0.3| 3589.7| 0.000|   0.0|   4.976|  42.320|201.81|   0.0|    0.0|    0.0|F2F2            |
|  0|21.58|45463.4|  1|12.96|14.20|  16.852|  41.114| 1708.162| -75.5|  -0.1| 1822.2| 0.000|   0.0|  28.205|  41.303|215.74|   0.0|    0.0|    0.0|F2              |
|   |     |       |  2|14.20|15.45|  -3.524|  43.714| 3258.274| -75.7|  -0.3| 3482.7| 0.000|   0.0|   6.065|  41.977|204.62|   0.0|    0.0|    0.0|F2F2            |
|  0|21.58|45463.4|  1|13.72|14.92|  17.465|  41.099| 1663.334| -75.5|  -0.1| 1781.2| 0.000|   0.0|  28.497|  41.323|218.00|   0.0|    0.0|    0.0|F2              |
|   |     |       |  2|14.92|16.17|  -2.500|  43.497| 3176.148| -75.7|  -0.3| 3408.2| 0.000|   0.0|   6.955|  41.870|207.22|   0.0|    0.0|    0.0|F2F2            |
|  0|21.58|45516.8|  1|14.99|16.13|  18.368|  41.107| 1597.416| -75.6|  -0.1| 1722.3| 0.000|   0.0|  29.032|  41.376|222.10|   0.0|    0.0|    0.0|F2              |
|   |     |       |  2|16.13|17.38|  -0.966|  43.242| 3055.780| -75.8|  -0.3| 3302.0| 0.000|   0.0|   8.219|  41.769|211.86|   0.0|    0.0|    0.0|F2F2            |
|  0|21.58|45559.9|  1|16.31|17.41|  19.166|  41.193| 1539.322| -76.0|  -0.1| 1672.6| 0.000|   0.0|  29.391|  41.453|226.63|   0.0|    0.0|    0.0|F2              |
|   |     |       |  2|17.41|18.65|   0.462|  43.167| 2949.018| -76.3|  -0.4| 3212.0| 0.000|   0.0|   9.399|  41.793|216.94|   0.0|    0.0|    0.0|F2F2            |
|  0|21.58|45602.9|  1| 0.00| 0.00|   0.000|   0.000|    0.000|   0.0|   0.0|    0.0| 0.000|   0.0|   0.000|   0.000|  0.00|   0.0|    0.0|    0.0|                |
|  0|21.58|45602.9|  1|14.76|15.89|  18.188|  41.135| 1610.659| -75.7|  -0.1| 1734.3| 0.000|   0.0|  28.945|  41.382|221.55|   0.0|    0.0|    0.0|F2              |
|   |     |       |  2|15.89|17.13|  -1.285|  43.353| 3082.609| -75.9|  -0.3| 3326.5| 0.000|   0.0|   7.934|  41.837|211.40|   0.0|    0.0|    0.0|F2F2            |
|  0|21.58|45656.1|  1|14.42|15.55|  17.937|  41.038| 1628.614| -75.3|  -0.1| 1750.4| 0.000|   0.0|  28.540|  41.300|220.18|   0.0|    0.0|    0.0|F2              |
|   |     |       |  2|15.55|16.82|  -1.766|  43.250| 3114.495| -75.5|  -0.3| 3354.6| 0.000|   0.0|   7.596|  41.724|210.24|   0.0|    0.0|    0.0|F2F2            |
|  0|21.58|45699.0|  1|16.85|17.88|  19.415|  41.714| 1523.440| -78.3|  -0.2| 1660.8| 0.000|   0.0|  29.414|  41.727|228.99|   0.0|    0.0|    0.0|F2              |
|   |     |       |  2|17.88|18.98|   1.077|  44.084| 2932.480| -78.5|  -0.4| 3204.2| 0.000|   0.0|   9.806|  42.527|220.57|   0.0|    0.0|    0.0|F2F2            |
|  0|21.58|45699.0|  1| 0.00| 0.00|   0.000|   0.000|    0.000|   0.0|   0.0|    0.0| 0.000|   0.0|   0.000|   0.000|  0.00|   0.0|    0.0|    0.0|                |
+---+-----+-------+---+-----+-----+--------+--------+---------+------+------+-------+------+------+--------+--------+------+------+-------+-------+----------------+
+---+-----+-------+---+-----+-----+--------+--------+---------+------+------+-------+------+------+--------+--------+------+------+-------+-------+----------------+
|0-x| fr  |  time |hop| d0  | d1  |   fi   |  teta  |   dist  |  at  |  dev |   p   |  df  |  l   |   fot  |   tot  |  rot | lsp  |   pf  |    s  |                |
+---+-----+-------+---+-----+-----+--------+--------+---------+------+------+-------+------+------+--------+--------+------+------+-------+-------+----------------+
|  0|21.58|45699.0|  1|11.36|12.66|  15.331|  40.941| 1818.020| -74.7|  -0.1| 1925.2| 0.000|   0.0|  27.342|  41.128|211.49|   0.0|    0.0|    0.0|F2              |
|   |     |       |  2|12.66|13.95|  -6.169|  43.883| 3457.164| -74.8|  -0.2| 3667.5| 0.000|   0.0|   3.956|  41.925|199.76|   0.0|    0.0|    0.0|F2F2            |
|  0|21.58|45742.1|  1|17.02|18.09|  19.487|  41.166| 1515.711| -75.9|  -0.1| 1654.4| 0.000|   0.0|  29.559|  41.454|229.55|   0.0|    0.0|    0.0|F2              |
|   |     |       |  2|18.09|19.32|   1.009|  43.023| 2904.749| -76.2|  -0.4| 3178.3| 0.000|   0.0|   9.819|  41.718|220.15|   0.0|    0.0|    0.0|F2F2            |
|  0|21.58|45742.1|  1|18.17|19.28|  19.999|  40.977| 1478.145| -75.2|  -0.2| 1626.1| 0.000|   0.0|  29.847|  41.381|233.92|   0.0|    0.0|    0.0|F2              |
|   |     |       |  2|19.28|20.55|   1.900|  42.511| 2825.418| -75.4|  -0.4| 3116.5| 0.000|   0.0|  10.527|  41.382|224.14|   0.0|    0.0|    0.0|F2F2            |
|   |     |       |  3|20.55|21.02| -13.590|  46.549| 4110.976| -75.7|  -0.7| 4546.1| 0.000|   0.0|  -6.443|  44.308|218.30|   0.0|    0.0|    0.0|F2F2F2          |
|  0|21.58|45742.1|  1|14.82|15.93|  18.196|  40.959| 1609.549| -75.0|  -0.1| 1733.7| 0.000|   0.0|  28.859|  41.285|221.89|   0.0|    0.0|    0.0|F2              |
|   |     |       |  2|15.93|17.21|  -1.372|  43.027| 3078.801| -75.2|  -0.3| 3323.6| 0.000|   0.0|   7.894|  41.582|211.76|   0.0|    0.0|    0.0|F2F2            |
|  0|21.58|45742.1|  1|15.62|16.70|  18.710|  41.102| 1572.359| -75.6|  -0.1| 1701.4| 0.000|   0.0|  29.232|  41.391|224.63|   0.0|    0.0|    0.0|F2              |
|   |     |       |  2|16.70|17.95|  -0.413|  43.139| 3012.226| -75.8|  -0.3| 3266.8| 0.000|   0.0|   8.656|  41.725|214.89|   0.0|    0.0|    0.0|F2F2            |
|  0|21.58|45742.1|  1|14.99|16.08|  18.306|  41.108| 1601.930| -75.6|  -0.1| 1727.1| 0.000|   0.0|  28.728|  41.354|222.19|   0.0|    0.0|    0.0|F2              |
|   |     |       |  2|16.08|17.33|  -1.120|  43.273| 3068.046| -75.8|  -0.3| 3315.0| 0.000|   0.0|   8.077|  41.785|212.66|   0.0|    0.0|    0.0|F2F2            |
|  0|21.58|45742.1|  1|17.83|18.92|  19.858|  41.140| 1488.536| -75.9|  -0.2| 1633.6| 0.000|   0.0|  29.737|  41.456|232.60|   0.0|    0.0|    0.0|F2              |
|   |     |       |  2|18.92|20.15|   1.693|  42.861| 2850.038| -76.1|  -0.4| 3135.8| 0.000|   0.0|  10.379|  41.633|223.18|   0.0|    0.0|    0.0|F2F2            |
|  0|21.58|45785.0|  1|13.74|14.88|  17.398|  40.944| 1667.595| -74.9|  -0.1| 1785.9| 0.000|   0.0|  28.285|  41.227|218.32|   0.0|    0.0|    0.0|F2              |
|   |     |       |  2|14.88|16.17|  -2.756|  43.247| 3186.627| -75.1|  -0.3| 3419.7| 0.000|   0.0|   6.758|  41.664|208.14|   0.0|    0.0|    0.0|F2F2            |
|  0|21.58|45785.0|  1|14.03|15.15|  17.615|  41.096| 1652.373| -75.5|  -0.1| 1772.2| 0.000|   0.0|  28.528|  41.326|219.51|   0.0|    0.0|    0.0|F2              |
|   |     |       |  2|15.15|16.40|  -2.327|  43.463| 3162.349| -75.7|  -0.3| 3398.7| 0.000|   0.0|   7.146|  41.849|209.48|   0.0|    0.0|    0.0|F2F2            |
|  0|21.58|45785.0|  1|16.01|17.09|  18.938|  40.929| 1555.451| -74.9|  -0.1| 1687.1| 0.000|   0.0|  29.323|  41.311|225.98|   0.0|    0.0|    0.0|F2              |
+---+-----+-------+---+-----+-----+--------+--------+---------+------+------+-------+------+------+--------+--------+------+------+-------+-------+----------------+
|   |     |       |  2|17.09|18.38|  -0.088|  42.746| 2976.846| -75.1|  -0.3| 3236.4| 0.000|   0.0|   8.969|  41.443|216.13|   0.0|    0.0|    0.0|F2F2            |
|  0|21.58|45785.0|  1|15.50|16.57|  18.622|  41.202| 1579.155| -76.0|  -0.1| 1707.5| 0.000|   0.0|  29.087|  41.431|224.32|   0.0|    0.0|    0.0|F2              |
|   |     |       |  2|16.57|17.79|  -0.539|  43.355| 3028.084| -76.2|  -0.3| 3281.5| 0.000|   0.0|   8.577|  41.878|214.85|   0.0|    0.0|    0.0|F2F2            |
|  0|21.58|45785.0|  1|13.79|14.93|  17.437|  40.918| 1664.714| -74.8|  -0.1| 1783.2| 0.000|   0.0|  28.491|  41.229|218.74|   0.0|    0.0|    0.0|F2              |
|   |     |       |  2|14.93|16.22|  -2.702|  43.185| 3180.747| -75.0|  -0.3| 3414.2| 0.000|   0.0|   6.796|  41.621|208.24|   0.0|    0.0|    0.0|F2F2            |
|  0|21.58|45785.0|  1|16.41|17.46|  19.154|  41.338| 1540.685| -76.6|  -0.1| 1675.1| 0.000|   0.0|  29.360|  41.526|227.51|   0.0|    0.0|    0.0|F2              |
|   |     |       |  2|17.46|18.65|   0.461|  43.451| 2957.718| -76.9|  -0.4| 3223.1| 0.000|   0.0|   9.366|  42.010|218.43|   0.0|    0.0|    0.0|F2F2            |
|  0|21.58|45785.0|  1|14.45|15.56|  17.923|  41.039| 1629.626| -75.3|  -0.1| 1751.8| 0.000|   0.0|  28.775|  41.317|220.87|   0.0|    0.0|    0.0|F2              |
|   |     |       |  2|15.56|16.82|  -1.819|  43.261| 3118.765| -75.5|  -0.3| 3359.6| 0.000|   0.0|   7.508|  41.734|210.78|   0.0|    0.0|    0.0|F2F2            |
|  0|21.58|45828.0|  1|11.31|12.58|  15.244|  41.057| 1825.161| -75.1|  -0.1| 1932.3| 0.000|   0.0|  27.358|  41.188|211.69|   0.0|    0.0|    0.0|F2              |
|   |     |       |  2|12.58|13.85|  -6.304|  44.139| 3476.455| -75.2|  -0.2| 3687.0| 0.000|   0.0|   3.817|  42.111|200.30|   0.0|    0.0|    0.0|F2F2            |
|  0|21.58|45828.0|  1|13.42|14.56|  17.133|  40.976| 1687.054| -75.0|  -0.1| 1803.7| 0.000|   0.0|  28.364|  41.246|217.74|   0.0|    0.0|    0.0|F2              |
|   |     |       |  2|14.56|15.84|  -3.205|  43.390| 3224.072| -75.2|  -0.3| 3454.0| 0.000|   0.0|   6.369|  41.746|207.23|   0.0|    0.0|    0.0|F2F2            |
|  0|21.58|45828.0|  1|12.49|13.68|  16.350|  40.967| 1744.052| -74.9|  -0.1| 1856.3| 0.000|   0.0|  27.949|  41.201|214.99|   0.0|    0.0|    0.0|F2              |
|   |     |       |  2|13.68|14.97|  -4.521|  43.618| 3327.758| -75.1|  -0.3| 3548.6| 0.000|   0.0|   5.341|  41.829|204.09|   0.0|    0.0|    0.0|F2F2            |
|  0|21.58|45828.0|  1|12.97|14.15|  16.771|  40.716| 1712.506| -74.0|  -0.1| 1826.9| 0.000|   0.0|  28.168|  41.092|216.27|   0.0|    0.0|    0.0|F2              |
|   |     |       |  2|14.15|15.49|  -3.924|  43.020| 3264.230| -74.2|  -0.3| 3489.2| 0.000|   0.0|   5.844|  41.414|205.21|   0.0|    0.0|    0.0|F2F2            |
|  0|21.58|45828.0|  1|12.96|14.12|  16.756|  40.957| 1714.452| -74.9|  -0.1| 1828.9| 0.000|   0.0|  28.142|  41.215|216.34|   0.0|    0.0|    0.0|F2              |
|   |     |       |  2|14.12|15.41|  -3.847|  43.473| 3273.657| -75.1|  -0.3| 3498.9| 0.000|   0.0|   5.904|  41.761|205.67|   0.0|    0.0|    0.0|F2F2            |
|  0|21.58|45828.0|  1|15.79|16.86|  18.792|  41.028| 1566.250| -75.3|  -0.1| 1696.5| 0.000|   0.0|  29.272|  41.357|225.36|   0.0|    0.0|    0.0|F2              |
+---+-----+-------+---+-----+-----+--------+--------+---------+------+------+-------+------+------+--------+--------+------+------+-------+-------+----------------+
|   |     |       |  2|16.86|18.12|  -0.314|  42.977| 3000.141| -75.5|  -0.3| 3257.1| 0.000|   0.0|   8.741|  41.608|215.66|   0.0|    0.0|    0.0|F2F2            |
|  0|21.58|45828.0|  1|12.87|14.04|  16.679|  40.985| 1720.151| -75.0|  -0.1| 1834.1| 0.000|   0.0|  28.157|  41.230|216.12|   0.0|    0.0|    0.0|F2              |
|   |     |       |  2|14.04|15.32|  -3.964|  43.550| 3284.761| -75.2|  -0.3| 3509.2| 0.000|   0.0|   5.746|  41.820|205.39|   0.0|    0.0|    0.0|F2F2            |
|  0|21.58|45881.6|  1|13.95|15.04|  17.527|  41.305| 1659.845| -76.3|  -0.1| 1779.4| 0.000|   0.0|  28.609|  41.438|219.62|   0.0|    0.0|    0.0|F2              |
|   |     |       |  2|15.04|16.24|  -2.418|  43.888| 3183.302| -76.5|  -0.3| 3419.4| 0.000|   0.0|   7.033|  42.168|210.00|   0.0|    0.0|    0.0|F2F2            |
|  0|21.58|45924.4|  1|13.46|14.57|  17.136|  41.133| 1687.522| -75.6|  -0.1| 1804.6| 0.000|   0.0|  28.398|  41.330|218.13|   0.0|    0.0|    0.0|F2              |
|   |     |       |  2|14.57|15.81|  -3.161|  43.690| 3230.885| -75.8|  -0.3| 3461.7| 0.000|   0.0|   6.427|  41.973|208.09|   0.0|    0.0|    0.0|F2F2            |
|  0|21.58|45924.4|  1|11.75|12.95|  15.643|  41.211| 1797.086| -75.7|  -0.1| 1906.2| 0.000|   0.0|  27.584|  41.290|213.18|   0.0|    0.0|    0.0|F2              |
|   |     |       |  2|12.95|14.19|  -5.620|  44.306| 3432.730| -75.9|  -0.3| 3647.6| 0.000|   0.0|   4.350|  42.287|202.45|   0.0|    0.0|    0.0|F2F2            |
|  0|21.58|45924.4|  1|13.29|14.41|  16.999|  41.031| 1697.003| -75.2|  -0.1| 1813.2| 0.000|   0.0|  28.291|  41.268|217.55|   0.0|    0.0|    0.0|F2              |
|   |     |       |  2|14.41|15.68|  -3.432|  43.541| 3245.694| -75.4|  -0.3| 3474.6| 0.000|   0.0|   6.227|  41.841|207.30|   0.0|    0.0|    0.0|F2F2            |
|  0|21.58|45967.2|  1|14.49|15.56|  17.901|  41.039| 1631.294| -75.3|  -0.1| 1753.9| 0.000|   0.0|  28.746|  41.315|221.35|   0.0|    0.0|    0.0|F2              |
|   |     |       |  2|15.56|16.82|  -1.899|  43.278| 3125.086| -75.5|  -0.3| 3367.0| 0.000|   0.0|   7.487|  41.736|211.63|   0.0|    0.0|    0.0|F2F2            |
|  0|21.58|46041.6|  1|11.22|12.45|  15.090|  40.892| 1835.324| -74.5|  -0.1| 1942.2| 0.000|   0.0|  27.268|  41.093|211.77|   0.0|    0.0|    0.0|F2              |
|   |     |       |  2|12.45|13.77|  -6.687|  43.897| 3495.384| -74.6|  -0.2| 3705.4| 0.000|   0.0|   3.501|  41.904|200.43|   0.0|    0.0|    0.0|F2F2            |
|  0|21.58|46084.4|  1|15.16|16.18|  18.320|  41.183| 1601.197| -75.9|  -0.1| 1727.9| 0.000|   0.0|  28.984|  41.411|223.83|   0.0|    0.0|    0.0|F2              |
|   |     |       |  2|16.18|17.40|  -1.135|  43.423| 3073.863| -76.1|  -0.3| 3324.2| 0.000|   0.0|   8.132|  41.890|214.74|   0.0|    0.0|    0.0|F2F2            |
|  0|21.58|46084.4|  1|15.76|16.76|  18.694|  41.275| 1574.174| -76.3|  -0.1| 1704.7| 0.000|   0.0|  29.094|  41.470|225.83|   0.0|    0.0|    0.0|F2              |
|   |     |       |  2|16.76|17.96|  -0.435|  43.480| 3024.410| -76.5|  -0.3| 3282.3| 0.000|   0.0|   8.630|  41.982|217.03|   0.0|    0.0|    0.0|F2F2            |
|  0|21.58|46084.4|  1|14.61|15.64|  17.949|  41.166| 1628.226| -75.8|  -0.1| 1751.7| 0.000|   0.0|  28.722|  41.380|221.98|   0.0|    0.0|    0.0|F2              |
+---+-----+-------+---+-----+-----+--------+--------+---------+------+------+-------+------+------+--------+--------+------+------+-------+-------+----------------+
|   |     |       |  2|15.64|16.87|  -1.790|  43.505| 3124.451| -76.0|  -0.3| 3368.3| 0.000|   0.0|   7.590|  41.913|212.76|   0.0|    0.0|    0.0|F2F2            |
|  0|21.58|46127.4|  1| 9.76|11.08|  13.502|  41.380| 1955.195| -75.9|  -0.1| 2057.0| 0.000|   0.0|  26.234|  41.248|208.13|   0.0|    0.0|    0.0|F2              |
|   |     |       |  2|11.08|12.31|  -9.070|  45.331| 3725.941| -76.0|  -0.2| 3925.9| 0.000|   0.0|   1.197|  42.876|196.64|   0.0|    0.0|    0.0|F2F2            |
|  0|21.58|46127.4|  1|15.51|16.53|  18.533|  41.006| 1585.068| -75.2|  -0.1| 1714.1| 0.000|   0.0|  29.069|  41.328|225.00|   0.0|    0.0|    0.0|F2              |
|   |     |       |  2|16.53|17.78|  -0.834|  43.025| 3039.540| -75.4|  -0.3| 3294.1| 0.000|   0.0|   8.348|  41.611|215.74|   0.0|    0.0|    0.0|F2F2            |
|  0|21.58|46170.3|  1|13.72|14.76|  17.270|  41.209| 1678.100| -75.9|  -0.1| 1796.8| 0.000|   0.0|  28.413|  41.372|219.41|   0.0|    0.0|    0.0|F2              |
|   |     |       |  2|14.76|15.98|  -2.963|  43.803| 3220.259| -76.1|  -0.3| 3454.7| 0.000|   0.0|   6.584|  42.070|210.06|   0.0|    0.0|    0.0|F2F2            |
|  0|21.58|46213.2|  1|13.97|14.99|  17.448|  41.204| 1665.080| -75.9|  -0.1| 1785.2| 0.000|   0.0|  28.545|  41.381|220.28|   0.0|    0.0|    0.0|F2              |
|   |     |       |  2|14.99|16.21|  -2.671|  43.740| 3196.720| -76.1|  -0.3| 3433.9| 0.000|   0.0|   6.839|  42.039|211.08|   0.0|    0.0|    0.0|F2F2            |
|  0|21.58|46213.2|  1|11.70|12.83|  15.509|  41.133| 1806.343| -75.4|  -0.1| 1915.5| 0.000|   0.0|  27.383|  41.234|213.42|   0.0|    0.0|    0.0|F2              |
|   |     |       |  2|12.83|14.11|  -5.955|  44.223| 3454.150| -75.6|  -0.3| 3669.2| 0.000|   0.0|   4.090|  42.200|203.19|   0.0|    0.0|    0.0|F2F2            |
|  0|21.58|46256.0|  1|20.13|21.34|  20.188|  40.519| 1465.361| -73.1|  -0.1| 1637.5| 0.000|   0.0|  29.956|  41.153|244.60|   0.0|    0.0|    0.0|F2              |
|   |     |       |  2|21.34|22.70|   2.357|  41.556| 2768.948| -73.3|  -0.3| 3103.5| 0.000|   0.0|  10.973|  40.676|233.66|   0.0|    0.0|    0.0|F2F2            |
|   |     |       |  3|22.70|23.37| -13.026|  45.038| 4001.396| -73.7|  -0.7| 4498.7| 0.000|   0.0|  -5.702|  43.021|227.08|   0.0|    0.0|    0.0|F2F2F2          |
|  0|21.58|46256.0|  1|10.98|12.16|  14.780|  41.163| 1859.777| -75.4|  -0.1| 1966.0| 0.000|   0.0|  26.944|  41.208|211.45|   0.0|    0.0|    0.0|F2              |
|   |     |       |  2|12.16|13.43|  -7.146|  44.520| 3552.444| -75.5|  -0.2| 3761.6| 0.000|   0.0|   3.116|  42.342|201.03|   0.0|    0.0|    0.0|F2F2            |
|  0|21.58|46256.0|  1|10.65|11.86|  14.433|  41.062| 1884.270| -75.0|  -0.1| 1989.2| 0.000|   0.0|  26.736|  41.134|210.46|   0.0|    0.0|    0.0|F2              |
|   |     |       |  2|11.86|13.16|  -7.746|  44.444| 3593.213| -75.1|  -0.2| 3799.6| 0.000|   0.0|   2.629|  42.242|199.71|   0.0|    0.0|    0.0|F2F2            |
|  0|21.58|46298.9|  1|15.44|16.42|  18.437|  41.007| 1592.068| -75.2|  -0.1| 1720.9| 0.000|   0.0|  29.093|  41.330|225.17|   0.0|    0.0|    0.0|F2              |
|   |     |       |  2|16.42|17.67|  -1.033|  43.063| 3055.197| -75.4|  -0.3| 3309.4| 0.000|   0.0|   8.199|  41.626|216.15|   0.0|    0.0|    0.0|F2F2            |
+---+-----+-------+---+-----+-----+--------+--------+---------+------+------+-------+------+------+--------+--------+------+------+-------+-------+----------------+
+---+-----+-------+---+-----+-----+--------+--------+---------+------+------+-------+------+------+--------+--------+------+------+-------+-------+----------------+
|0-x| fr  |  time |hop| d0  | d1  |   fi   |  teta  |   dist  |  at  |  dev |   p   |  df  |  l   |   fot  |   tot  |  rot | lsp  |   pf  |    s  |                |
+---+-----+-------+---+-----+-----+--------+--------+---------+------+------+-------+------+------+--------+--------+------+------+-------+-------+----------------+
|  0|21.58|46298.9|  1|12.73|13.79|  16.422|  40.993| 1738.877| -75.0|  -0.1| 1852.7| 0.000|   0.0|  28.007|  41.219|216.61|   0.0|    0.0|    0.0|F2              |
|   |     |       |  2|13.79|15.08|  -4.516|  43.673| 3329.296| -75.2|  -0.3| 3553.8| 0.000|   0.0|   5.333|  41.872|206.71|   0.0|    0.0|    0.0|F2F2            |
|  0|21.58|46298.9|  1|14.34|15.34|  17.697|  41.043| 1646.138| -75.3|  -0.1| 1768.4| 0.000|   0.0|  28.714|  41.313|221.57|   0.0|    0.0|    0.0|F2              |
|   |     |       |  2|15.34|16.60|  -2.320|  43.363| 3158.619| -75.5|  -0.3| 3399.9| 0.000|   0.0|   7.136|  41.776|212.34|   0.0|    0.0|    0.0|F2F2            |
|  0|21.58|46298.9|  1|12.31|13.40|  16.051|  40.948| 1765.695| -74.8|  -0.1| 1877.6| 0.000|   0.0|  27.829|  41.178|215.38|   0.0|    0.0|    0.0|F2              |
|   |     |       |  2|13.40|14.71|  -5.155|  43.709| 3377.129| -75.0|  -0.3| 3597.6| 0.000|   0.0|   4.830|  41.854|205.21|   0.0|    0.0|    0.0|F2F2            |
|  0|21.58|46298.9|  1|12.85|13.91|  16.526|  40.963| 1731.204| -74.9|  -0.1| 1845.6| 0.000|   0.0|  28.078|  41.210|216.96|   0.0|    0.0|    0.0|F2              |
|   |     |       |  2|13.91|15.21|  -4.355|  43.585| 3314.437| -75.1|  -0.3| 3540.0| 0.000|   0.0|   5.449|  41.817|207.03|   0.0|    0.0|    0.0|F2F2            |
|  0|21.58|46298.9|  1|12.30|13.38|  16.042|  41.003| 1766.687| -75.0|  -0.1| 1878.5| 0.000|   0.0|  27.590|  41.190|215.05|   0.0|    0.0|    0.0|F2              |
|   |     |       |  2|13.38|14.68|  -5.150|  43.816| 3380.494| -75.2|  -0.3| 3600.9| 0.000|   0.0|   4.800|  41.939|205.26|   0.0|    0.0|    0.0|F2F2            |
|  0|21.58|46298.9|  1|12.85|13.90|  16.525|  41.044| 1731.631| -75.2|  -0.1| 1846.1| 0.000|   0.0|  28.071|  41.252|216.99|   0.0|    0.0|    0.0|F2              |
|   |     |       |  2|13.90|15.18|  -4.323|  43.736| 3317.371| -75.4|  -0.3| 3543.1| 0.000|   0.0|   5.475|  41.934|207.21|   0.0|    0.0|    0.0|F2F2            |
|  0|21.58|46298.9|  1|11.40|12.54|  15.189|  41.003| 1828.755| -74.9|  -0.1| 1936.7| 0.000|   0.0|  27.233|  41.150|212.70|   0.0|    0.0|    0.0|F2              |
|   |     |       |  2|12.54|13.85|  -6.555|  44.091| 3492.990| -75.0|  -0.2| 3705.5| 0.000|   0.0|   3.624|  42.056|202.24|   0.0|    0.0|    0.0|F2F2            |
|  0|21.58|46298.9|  1|13.73|14.75|  17.241|  41.079| 1679.568| -75.4|  -0.1| 1798.5| 0.000|   0.0|  28.426|  41.305|219.65|   0.0|    0.0|    0.0|F2              |
|   |     |       |  2|14.75|16.00|  -3.093|  43.574| 3222.007| -75.6|  -0.3| 3456.7| 0.000|   0.0|   6.510|  41.886|210.32|   0.0|    0.0|    0.0|F2F2            |
|  0|21.58|46298.9|  1|12.95|14.00|  16.610|  41.068| 1725.593| -75.3|  -0.1| 1840.5| 0.000|   0.0|  28.131|  41.270|217.31|   0.0|    0.0|    0.0|F2              |
|   |     |       |  2|14.00|15.27|  -4.170|  43.756| 3306.928| -75.5|  -0.3| 3533.7| 0.000|   0.0|   5.624|  41.955|207.62|   0.0|    0.0|    0.0|F2F2            |
|  0|21.58|46298.9|  1|12.23|13.32|  15.978|  41.033| 1771.474| -75.1|  -0.1| 1883.0| 0.000|   0.0|  27.724|  41.213|215.14|   0.0|    0.0|    0.0|F2              |
|   |     |       |  2|13.32|14.61|  -5.243|  43.891| 3389.996| -75.3|  -0.3| 3609.9| 0.000|   0.0|   4.771|  41.983|205.12|   0.0|    0.0|    0.0|F2F2            |
+---+-----+-------+---+-----+-----+--------+--------+---------+------+------+-------+------+------+--------+--------+------+------+-------+-------+----------------+
+---+-----+-------+---+-----+-----+--------+--------+---------+------+------+-------+------+------+--------+--------+------+------+-------+-------+----------------+
|0-x| fr  |  time |hop| d0  | d1  |   fi   |  teta  |   dist  |  at  |  dev |   p   |  df  |  l   |   fot  |   tot  |  rot | lsp  |   pf  |    s  |                |
+---+-----+-------+---+-----+-----+--------+--------+---------+------+------+-------+------+------+--------+--------+------+------+-------+-------+----------------+
|  0|21.58|46298.9|  1|12.17|13.25|  15.924|  41.117| 1775.970| -75.4|  -0.1| 1887.3| 0.000|   0.0|  27.702|  41.255|215.02|   0.0|    0.0|    0.0|F2              |
|   |     |       |  2|13.25|14.53|  -5.300|  44.067| 3400.559| -75.6|  -0.3| 3620.0| 0.000|   0.0|   4.659|  42.121|205.07|   0.0|    0.0|    0.0|F2F2            |
|  0|21.58|46298.9|  1|14.49|15.49|  17.805|  41.016| 1638.212| -75.2|  -0.1| 1761.3| 0.000|   0.0|  28.519|  41.285|221.72|   0.0|    0.0|    0.0|F2              |
|   |     |       |  2|15.49|16.75|  -2.144|  43.278| 3143.028| -75.4|  -0.3| 3386.0| 0.000|   0.0|   7.335|  41.716|212.85|   0.0|    0.0|    0.0|F2F2            |
|  0|21.58|46298.9|  1|15.88|16.84|  18.699|  41.348| 1574.084| -76.6|  -0.1| 1705.8| 0.000|   0.0|  29.149|  41.512|226.78|   0.0|    0.0|    0.0|F2              |
|   |     |       |  2|16.84|18.00|  -0.430|  43.624| 3028.601| -76.8|  -0.3| 3288.9| 0.000|   0.0|   8.672|  42.086|218.45|   0.0|    0.0|    0.0|F2F2            |
|  0|21.58|46298.9|  1|14.53|15.51|  17.831|  41.245| 1637.241| -76.1|  -0.1| 1760.6| 0.000|   0.0|  28.661|  41.415|222.18|   0.0|    0.0|    0.0|F2              |
|   |     |       |  2|15.51|16.72|  -2.008|  43.701| 3146.916| -76.3|  -0.3| 3390.7| 0.000|   0.0|   7.365|  42.052|213.43|   0.0|    0.0|    0.0|F2F2            |
|  0|21.58|46298.9|  1|13.27|14.30|  16.875|  41.008| 1705.993| -75.1|  -0.1| 1822.5| 0.000|   0.0|  28.289|  41.254|218.24|   0.0|    0.0|    0.0|F2              |
|   |     |       |  2|14.30|15.58|  -3.747|  43.558| 3269.268| -75.3|  -0.3| 3499.1| 0.000|   0.0|   5.963|  41.834|208.57|   0.0|    0.0|    0.0|F2F2            |
|  0|21.58|46342.1|  1|16.30|17.27|  18.924|  41.149| 1556.902| -75.8|  -0.1| 1691.6| 0.000|   0.0|  29.281|  41.420|228.29|   0.0|    0.0|    0.0|F2              |
|   |     |       |  2|17.27|18.47|  -0.101|  43.177| 2990.581| -76.0|  -0.3| 3256.4| 0.000|   0.0|   8.977|  41.765|219.74|   0.0|    0.0|    0.0|F2F2            |
|  0|21.58|46385.2|  1|12.81|13.84|  16.465|  41.100| 1736.331| -75.4|  -0.1| 1850.7| 0.000|   0.0|  28.057|  41.279|217.08|   0.0|    0.0|    0.0|F2              |
|   |     |       |  2|13.84|15.11|  -4.424|  43.866| 3329.320| -75.6|  -0.3| 3555.0| 0.000|   0.0|   5.385|  42.026|207.52|   0.0|    0.0|    0.0|F2F2            |
|  0|21.58|46385.2|  1| 8.30| 9.74|  11.609|  41.220| 2091.584| -75.0|  -0.1| 2189.0| 0.000|   0.0|  25.229|  41.050|205.00|   0.0|    0.0|    0.0|F2              |
|   |     |       |  2| 9.74|11.04| -12.164|  45.689| 3967.439| -75.1|  -0.2| 4158.1| 0.000|   0.0|  -1.170|  42.883|192.85|   0.0|    0.0|    0.0|F2F2            |
|  0|21.58|46385.2|  1|10.74|11.90|  14.486|  41.089| 1880.599| -75.1|  -0.1| 1986.0| 0.000|   0.0|  26.762|  41.151|210.94|   0.0|    0.0|    0.0|F2              |
|   |     |       |  2|11.90|13.21|  -7.689|  44.488| 3590.793| -75.2|  -0.2| 3798.3| 0.000|   0.0|   2.665|  42.281|200.55|   0.0|    0.0|    0.0|F2F2            |
|  0|21.58|46385.2|  1|19.68|20.80|  20.088|  40.908| 1471.654| -74.9|  -0.2| 1638.2| 0.000|   0.0|  29.931|  41.353|242.69|   0.0|    0.0|    0.0|F2              |
|   |     |       |  2|20.80|22.05|   2.247|  42.323| 2795.192| -75.1|  -0.4| 3120.0| 0.000|   0.0|  10.786|  41.258|232.76|   0.0|    0.0|    0.0|F2F2            |
+---+-----+-------+---+-----+-----+--------+--------+---------+------+------+-------+------+------+--------+--------+------+------+-------+-------+----------------+
|   |     |       |  3|22.05|22.62| -13.069|  46.193| 4056.254| -75.4|  -0.7| 4540.1| 0.000|   0.0|  -5.993|  44.033|226.68|   0.0|    0.0|    0.0|F2F2F2          |
|  0|21.58|46385.2|  1|12.70|13.73|  16.370|  41.103| 1743.300| -75.4|  -0.1| 1857.1| 0.000|   0.0|  27.991|  41.274|216.75|   0.0|    0.0|    0.0|F2              |
|   |     |       |  2|13.73|15.01|  -4.583|  43.902| 3342.227| -75.6|  -0.3| 3566.9| 0.000|   0.0|   5.270|  42.040|207.17|   0.0|    0.0|    0.0|F2F2            |
|  0|21.58|46428.2|  1|15.54|16.49|  18.457|  41.156| 1591.071| -75.8|  -0.1| 1720.8| 0.000|   0.0|  28.986|  41.399|225.76|   0.0|    0.0|    0.0|F2              |
|   |     |       |  2|16.49|17.69|  -0.959|  43.341| 3058.377| -76.0|  -0.3| 3314.5| 0.000|   0.0|   8.239|  41.842|217.29|   0.0|    0.0|    0.0|F2F2            |
|  0|21.58|46471.1|  1|14.69|15.63|  17.891|  41.244| 1632.847| -76.1|  -0.1| 1757.4| 0.000|   0.0|  28.695|  41.418|223.05|   0.0|    0.0|    0.0|F2              |
|   |     |       |  2|15.63|16.83|  -1.937|  43.687| 3141.232| -76.3|  -0.3| 3387.4| 0.000|   0.0|   7.446|  42.043|214.65|   0.0|    0.0|    0.0|F2F2            |
|  0|21.58|46471.1|  1|16.21|17.16|  18.836|  40.930| 1562.848| -74.9|  -0.1| 1697.2| 0.000|   0.0|  29.285|  41.308|228.21|   0.0|    0.0|    0.0|F2              |
|   |     |       |  2|17.16|18.42|  -0.365|  42.797| 2998.495| -75.1|  -0.3| 3263.3| 0.000|   0.0|   8.808|  41.458|219.47|   0.0|    0.0|    0.0|F2F2            |
|  0|21.58|46471.1|  1|15.17|16.12|  18.213|  40.985| 1608.371| -75.1|  -0.1| 1735.8| 0.000|   0.0|  28.929|  41.304|224.59|   0.0|    0.0|    0.0|F2              |
|   |     |       |  2|16.12|17.38|  -1.470|  43.097| 3088.162| -75.3|  -0.3| 3339.6| 0.000|   0.0|   7.843|  41.625|215.78|   0.0|    0.0|    0.0|F2F2            |
|  0|21.58|46471.1|  1|16.71|17.69|  19.110|  40.664| 1542.932| -73.8|  -0.1| 1680.9| 0.000|   0.0|  29.368|  41.177|229.92|   0.0|    0.0|    0.0|F2              |
|   |     |       |  2|17.69|19.00|   0.032|  42.211| 2953.311| -74.0|  -0.3| 3224.9| 0.000|   0.0|   9.164|  41.036|220.82|   0.0|    0.0|    0.0|F2F2            |
|  0|21.58|46471.1|  1| 9.57|10.82|  13.156|  41.248| 1979.066| -75.4|  -0.1| 2080.4| 0.000|   0.0|  26.139|  41.163|208.35|   0.0|    0.0|    0.0|F2              |
|   |     |       |  2|10.82|12.11|  -9.777|  45.233| 3773.503| -75.5|  -0.2| 3972.8| 0.000|   0.0|   0.625|  42.749|196.98|   0.0|    0.0|    0.0|F2F2            |
|  0|21.58|46471.1|  1|14.74|15.70|  17.927|  40.989| 1629.217| -75.1|  -0.1| 1754.0| 0.000|   0.0|  28.613|  41.279|222.92|   0.0|    0.0|    0.0|F2              |
|   |     |       |  2|15.70|16.96|  -1.974|  43.195| 3127.999| -75.3|  -0.3| 3374.3| 0.000|   0.0|   7.486|  41.662|214.32|   0.0|    0.0|    0.0|F2F2            |
|  0|21.58|46471.1|  1|14.74|15.70|  17.928|  40.938| 1629.000| -74.9|  -0.1| 1753.8| 0.000|   0.0|  28.617|  41.253|222.90|   0.0|    0.0|    0.0|F2              |
|   |     |       |  2|15.70|16.97|  -1.993|  43.099| 3126.372| -75.1|  -0.3| 3372.6| 0.000|   0.0|   7.434|  41.593|214.19|   0.0|    0.0|    0.0|F2F2            |
|  0|21.58|46471.1|  1|17.30|18.30|  19.400|  40.454| 1522.446| -72.9|  -0.1| 1665.2| 0.000|   0.0|  29.368|  41.064|231.88|   0.0|    0.0|    0.0|F2              |
+---+-----+-------+---+-----+-----+--------+--------+---------+------+------+-------+------+------+--------+--------+------+------+-------+-------+----------------+
|   |     |       |  2|18.30|19.66|   0.491|  41.724| 2907.614| -73.1|  -0.3| 3188.0| 0.000|   0.0|   9.530|  40.695|222.66|   0.0|    0.0|    0.0|F2F2            |
|  0|21.58|46471.1|  1|12.72|13.74|  16.361|  41.049| 1743.616| -75.2|  -0.1| 1857.6| 0.000|   0.0|  28.001|  41.247|216.96|   0.0|    0.0|    0.0|F2              |
|   |     |       |  2|13.74|15.02|  -4.640|  43.808| 3343.070| -75.4|  -0.3| 3568.1| 0.000|   0.0|   5.244|  41.963|207.46|   0.0|    0.0|    0.0|F2F2            |
|  0|21.58|46471.1|  1|12.58|13.62|  16.243|  40.780| 1751.024| -74.2|  -0.1| 1864.3| 0.000|   0.0|  27.990|  41.105|216.45|   0.0|    0.0|    0.0|F2              |
|   |     |       |  2|13.62|14.97|  -4.950|  43.343| 3349.467| -74.4|  -0.3| 3572.7| 0.000|   0.0|   5.047|  41.586|206.45|   0.0|    0.0|    0.0|F2F2            |
|  0|21.58|46471.1|  1|15.96|16.90|  18.692|  41.078| 1573.632| -75.5|  -0.1| 1706.2| 0.000|   0.0|  29.149|  41.373|227.32|   0.0|    0.0|    0.0|F2              |
|   |     |       |  2|16.90|18.12|  -0.569|  43.121| 3023.062| -75.7|  -0.3| 3284.7| 0.000|   0.0|   8.592|  41.695|218.82|   0.0|    0.0|    0.0|F2F2            |
|  0|21.58|46514.1|  1|13.09|14.08|  16.662|  41.094| 1721.897| -75.4|  -0.1| 1837.8| 0.000|   0.0|  28.201|  41.289|218.17|   0.0|    0.0|    0.0|F2              |
|   |     |       |  2|14.08|15.34|  -4.125|  43.799| 3305.106| -75.6|  -0.3| 3533.9| 0.000|   0.0|   5.701|  41.985|208.99|   0.0|    0.0|    0.0|F2F2            |
|  0|21.58|46557.0|  1|17.18|18.13|  19.289|  41.073| 1530.032| -75.5|  -0.1| 1671.9| 0.000|   0.0|  29.559|  41.405|232.11|   0.0|    0.0|    0.0|F2              |
|   |     |       |  2|18.13|19.33|   0.544|  42.919| 2935.738| -75.7|  -0.3| 3215.2| 0.000|   0.0|   9.529|  41.604|223.68|   0.0|    0.0|    0.0|F2F2            |
|  0|21.58|46599.8|  1| 6.09| 7.86|   8.502|  42.386| 2338.428| -77.5|  -0.1| 2431.4| 0.000|   0.0|  23.372|  41.455|201.35|   0.0|    0.0|    0.0|F2              |
|  0|21.58|46599.8|  1| 9.02|10.29|  12.449|  41.356| 2031.866| -75.6|  -0.1| 2131.6| 0.000|   0.0|  25.739|  41.176|207.29|   0.0|    0.0|    0.0|F2              |
|   |     |       |  2|10.29|11.59| -10.888|  45.683| 3874.033| -75.7|  -0.2| 4070.2| 0.000|   0.0|  -0.060|  42.963|196.29|   0.0|    0.0|    0.0|F2F2            |
|  0|21.58|46642.9|  1|15.56|16.46|  18.401|  41.207| 1595.359| -76.0|  -0.1| 1725.6| 0.000|   0.0|  28.986|  41.425|226.35|   0.0|    0.0|    0.0|F2              |
|   |     |       |  2|16.46|17.65|  -1.070|  43.460| 3070.277| -76.2|  -0.3| 3327.5| 0.000|   0.0|   8.196|  41.920|218.32|   0.0|    0.0|    0.0|F2F2            |
|  0|21.58|46685.7|  1|15.98|16.88|  18.633|  41.153| 1578.151| -75.8|  -0.1| 1711.3| 0.000|   0.0|  29.184|  41.413|227.96|   0.0|    0.0|    0.0|F2              |
|   |     |       |  2|16.88|18.07|  -0.670|  43.285| 3035.510| -76.0|  -0.3| 3298.4| 0.000|   0.0|   8.554|  41.808|219.91|   0.0|    0.0|    0.0|F2F2            |
|  0|21.58|46728.5|  1| 0.00| 0.00|   0.000|   0.000|    0.000|   0.0|   0.0|    0.0| 0.000|   0.0|   0.000|   0.000|  0.00|   0.0|    0.0|    0.0|                |
|  0|21.58|46728.5|  1| 0.00| 0.00|   0.000|   0.000|    0.000|   0.0|   0.0|    0.0| 0.000|   0.0|   0.000|   0.000|  0.00|   0.0|    0.0|    0.0|                |
+---+-----+-------+---+-----+-----+--------+--------+---------+------+------+-------+------+------+--------+--------+------+------+-------+-------+----------------+
+---+-----+-------+---+-----+-----+--------+--------+---------+------+------+-------+------+------+--------+--------+------+------+-------+-------+----------------+
|0-x| fr  |  time |hop| d0  | d1  |   fi   |  teta  |   dist  |  at  |  dev |   p   |  df  |  l   |   fot  |   tot  |  rot | lsp  |   pf  |    s  |                |
+---+-----+-------+---+-----+-----+--------+--------+---------+------+------+-------+------+------+--------+--------+------+------+-------+-------+----------------+
|  0|21.58|46771.7|  1|21.64|22.97|  28.372|  56.388| 1797.550|-143.6|  -0.3| 2048.0| 0.000|   0.0|  33.135|  49.808|272.38|   0.0|    0.0|    0.0|F2              |
|   |     |       |  2|22.97|23.84|  21.544|  68.408| 3292.524|-143.9|  -0.6| 3758.7| 0.000|   0.0|  24.688|  62.449|260.01|   0.0|    0.0|    0.0|F2F2            |
|  0|21.58|46771.7|  1|13.76|14.66|  17.121|  41.161| 1688.728| -75.7|  -0.1| 1808.4| 0.000|   0.0|  28.427|  41.346|220.77|   0.0|    0.0|    0.0|F2              |
|   |     |       |  2|14.66|15.90|  -3.370|  43.790| 3249.589| -75.9|  -0.3| 3486.2| 0.000|   0.0|   6.292|  42.030|212.40|   0.0|    0.0|    0.0|F2F2            |
|  0|21.58|46771.7|  1|15.12|15.99|  18.084|  41.264| 1618.783| -76.2|  -0.1| 1746.4| 0.000|   0.0|  28.895|  41.444|225.20|   0.0|    0.0|    0.0|F2              |
|   |     |       |  2|15.99|17.17|  -1.636|  43.674| 3118.746| -76.4|  -0.3| 3371.0| 0.000|   0.0|   7.709|  42.050|217.35|   0.0|    0.0|    0.0|F2F2            |
+---+-----+-------+---+-----+-----+--------+--------+---------+------+------+-------+------+------+--------+--------+------+------+-------+-------+----------------+