
delt0=       1  eps=   1e-05  ep=   1e-06  ep1=   0.001
Geomagnetic Field - const
fh= 1.34  i=  65.2  d=   6.8
Number TID: 1
Tid Parametres
  delt   lamb     t     b      a     fi
0.000   200.0  20.0 -45.0   45.0   0.000
delta=-0.000  r0= 200.0  lon=  39.000 lat=  55.000
Beta=  20.0  Alfa=   0.0 aX=  20.0 aY= 100.0 aZ=  20.0


Number diff. equation: 6

+==============================================================================+
|   Medium characteristics Sunspot number= 139.8 IG= 122.8   GMT time:12:00    |
|------------------------------------------------------------------------------|
|   S   | fh |  I  |   D  | fd |  hd | fe |  he | ff1 | hf1 | ff2 | hf2 |   Hi |
|-------+----+-----+------+----+-----+----+-----+-----+-----+-----+-----+------|
|    0.0|1.25| 58.8|   3.1|0.18| 81.3|2.85|110.0| 0.00|  0.0|11.01|290.2|  72.3|
+==============================================================================+

+==================================+
|       Es-layer parametres        |
|----------------------------------|
|   S   | hEs | fbEs | f0Es | P Es |
|-------+-----+------+------+------|
|    0.0|110.8| 2.51 | 2.92 | 59.6 |
+==================================+

|  0|21.58|43243.0|  1| 0.00| 0.00|   0.000|   0.000|    0.000|   0.0|   0.0|    0.0| 0.000|   0.0|   0.000|   0.000|  0.00|   0.0|    0.0|    0.0|                |
+---+-----+-------+---+-----+-----+--------+--------+---------+------+------+-------+------+------+--------+--------+------+------+-------+-------+----------------+
+---+-----+-------+---+-----+-----+--------+--------+---------+------+------+-------+------+------+--------+--------+------+------+-------+-------+----------------+
|0-x| fr  |  time |hop| d0  | d1  |   fi   |  teta  |   dist  |  at  |  dev |   p   |  df  |  l   |   fot  |   tot  |  rot | lsp  |   pf  |    s  |                |
+---+-----+-------+---+-----+-----+--------+--------+---------+------+------+-------+------+------+--------+--------+------+------+-------+-------+----------------+
|  0|21.58|43243.0|  1| 0.00| 0.00|   0.000|   0.000|    0.000|   0.0|   0.0|    0.0| 0.000|   0.0|   0.000|   0.000|  0.00|   0.0|    0.0|    0.0|                |
|  0|21.58|43243.0|  1|15.33|16.86|  19.244|  41.021| 1533.239| -75.3|  -0.1| 1656.3| 0.000|   0.0|  29.332|  41.361|218.02|   0.0|    0.0|    0.0|F2              |
|   |     |       |  2|16.86|17.84|   0.654|  42.789| 2923.976| -75.5|  -0.3| 3166.6| 0.000|   0.0|   9.553|  41.526|206.89|   0.0|    0.0|    0.0|F2F2            |
|  0|21.58|43285.7|  1| 0.00| 0.00|   0.000|   0.000|    0.000|   0.0|   0.0|    0.0| 0.000|   0.0|   0.000|   0.000|  0.00|   0.0|    0.0|    0.0|                |
|  0|21.58|43285.7|  1| 8.62| 9.71|  15.503|  50.347| 2125.741|-104.6|  -0.1| 2226.6| 0.000|   0.0|  26.485|  45.992|205.10|   0.0|    0.0|    0.0|F2              |
|   |     |       |  2| 9.71|11.72|  -2.595|  61.549| 4199.825|-104.5|  -0.0| 4412.5| 0.000|   0.0|   5.359|  55.968|201.85|   0.0|    0.0|    0.0|F2F2            |
|  0|21.58|43285.7|  1| 6.99| 9.36|  10.833|  40.872| 2143.969| -73.7|  -0.0| 2234.7| 0.000|   0.0|  24.450|  40.797|194.32|   0.0|    0.0|    0.0|F2              |
|   |     |       |  2| 9.36| 9.79| -13.263|  45.220| 4026.500| -73.8|  -0.1| 4202.1| 0.000|   0.0|  -1.897|  42.427|181.85|   0.0|    0.0|    0.0|F2F2            |
|  0|21.58|43338.9|  1| 0.00| 0.00|   0.000|   0.000|    0.000|   0.0|   0.0|    0.0| 0.000|   0.0|   0.000|   0.000|  0.00|   0.0|    0.0|    0.0|                |
|  0|21.58|43338.9|  1|13.84|15.42|  18.140|  41.057| 1613.895| -75.4|  -0.1| 1729.5| 0.000|   0.0|  28.715|  41.326|213.72|   0.0|    0.0|    0.0|F2              |
|   |     |       |  2|15.42|16.34|  -1.230|  43.179| 3073.129| -75.6|  -0.3| 3300.4| 0.000|   0.0|   8.072|  41.704|202.38|   0.0|    0.0|    0.0|F2F2            |
|  0|21.58|43381.4|  1|10.04|11.94|  14.607|  40.730| 1869.421| -73.9|  -0.1| 1969.2| 0.000|   0.0|  26.720|  40.961|202.70|   0.0|    0.0|    0.0|F2              |
|   |     |       |  2|11.94|12.69|  -7.276|  43.675| 3530.034| -74.0|  -0.2| 3724.3| 0.000|   0.0|   2.916|  41.720|189.84|   0.0|    0.0|    0.0|F2F2            |
|  0|21.58|43381.4|  1| 8.00|10.17|  12.162|  40.925| 2048.209| -74.2|  -0.1| 2141.7| 0.000|   0.0|  25.231|  40.912|197.22|   0.0|    0.0|    0.0|F2              |
|   |     |       |  2|10.17|10.72| -11.133|  44.853| 3856.217| -74.2|  -0.1| 4037.7| 0.000|   0.0|  -0.256|  42.334|184.61|   0.0|    0.0|    0.0|F2F2            |
|  0|21.58|43381.4|  1| 4.84| 7.69|   7.628|  41.787| 2390.677| -75.5|  -0.0| 2477.6| 0.000|   0.0|  22.339|  41.068|189.84|   0.0|    0.0|    0.0|F2              |
|  0|21.58|43381.4|  1|13.54|15.15|  17.901|  40.883| 1630.815| -74.7|  -0.1| 1745.0| 0.000|   0.0|  28.434|  41.210|212.61|   0.0|    0.0|    0.0|F2              |
|   |     |       |  2|15.15|16.08|  -1.718|  42.926| 3100.918| -74.9|  -0.3| 3325.1| 0.000|   0.0|   7.656|  41.486|201.20|   0.0|    0.0|    0.0|F2F2            |
|  0|21.58|43381.4|  1| 8.28|10.40|  12.519|  41.032| 2023.292| -74.6|  -0.1| 2117.6| 0.000|   0.0|  25.499|  40.995|198.09|   0.0|    0.0|    0.0|F2              |
|   |     |       |  2|10.40|10.96| -10.514|  44.926| 3814.288| -74.7|  -0.2| 3997.5| 0.000|   0.0|   0.275|  42.431|185.58|   0.0|    0.0|    0.0|F2F2            |
+---+-----+-------+---+-----+-----+--------+--------+---------+------+------+-------+------+------+--------+--------+------+------+-------+-------+----------------+
+---+-----+-------+---+-----+-----+--------+--------+---------+------+------+-------+------+------+--------+--------+------+------+-------+-------+----------------+
|0-x| fr  |  time |hop| d0  | d1  |   fi   |  teta  |   dist  |  at  |  dev |   p   |  df  |  l   |   fot  |   tot  |  rot | lsp  |   pf  |    s  |                |
+---+-----+-------+---+-----+-----+--------+--------+---------+------+------+-------+------+------+--------+--------+------+------+-------+-------+----------------+
|  0|21.58|43424.1|  1|12.96|14.60|  17.414|  40.836| 1666.138| -74.5|  -0.1| 1777.6| 0.000|   0.0|  28.381|  41.178|211.27|   0.0|    0.0|    0.0|F2              |
|   |     |       |  2|14.60|15.52|  -2.568|  42.988| 3164.719| -74.6|  -0.2| 3383.4| 0.000|   0.0|   6.980|  41.479|199.39|   0.0|    0.0|    0.0|F2F2            |
|  0|21.58|43424.1|  1|15.50|14.65|  32.006|  28.837| 1622.044| -15.1|   0.2| 1744.7| 0.000|   0.0|  36.527|  35.718|221.14|   0.0|    0.0|    0.0|F2              |
|  0|21.58|43424.1|  1| 0.00| 0.00|   0.000|   0.000|    0.000|   0.0|   0.0|    0.0| 0.000|   0.0|   0.000|   0.000|  0.00|   0.0|    0.0|    0.0|                |
|  0|21.58|43424.1|  1|12.54|14.23|  17.071|  40.550| 1690.468| -73.4|  -0.1| 1800.0| 0.000|   0.0|  28.076|  41.000|209.79|   0.0|    0.0|    0.0|F2              |
|   |     |       |  2|14.23|15.17|  -3.282|  42.564| 3203.380| -73.5|  -0.2| 3417.8| 0.000|   0.0|   6.478|  41.107|197.60|   0.0|    0.0|    0.0|F2F2            |
|  0|21.58|43466.7|  1|13.32|14.96|  17.735|  40.396| 1642.569| -72.8|  -0.1| 1755.7| 0.000|   0.0|  28.591|  40.967|212.29|   0.0|    0.0|    0.0|F2              |
|   |     |       |  2|14.96|15.97|  -2.245|  42.078| 3114.289| -72.9|  -0.2| 3336.0| 0.000|   0.0|   7.309|  40.807|199.97|   0.0|    0.0|    0.0|F2F2            |
|  0|21.58|43466.7|  1|12.88|14.54|  17.366|  40.393| 1669.174| -72.8|  -0.1| 1780.2| 0.000|   0.0|  28.410|  40.948|210.99|   0.0|    0.0|    0.0|F2              |
|   |     |       |  2|14.54|15.53|  -2.871|  42.186| 3162.484| -72.9|  -0.2| 3380.0| 0.000|   0.0|   6.785|  40.850|198.54|   0.0|    0.0|    0.0|F2F2            |
|  0|21.58|43466.7|  1|16.81|18.27|  20.111|  40.859| 1470.076| -74.6|  -0.1| 1602.2| 0.000|   0.0|  29.775|  41.314|223.26|   0.0|    0.0|    0.0|F2              |
|   |     |       |  2|18.27|19.36|   2.058|  42.246| 2807.005| -74.8|  -0.3| 3067.9| 0.000|   0.0|  10.743|  41.189|212.40|   0.0|    0.0|    0.0|F2F2            |
|   |     |       |  3|19.36|19.39| -13.730|  46.182| 4104.011| -75.1|  -0.6| 4494.2| 0.000|   0.0|  -6.355|  43.973|208.98|   0.0|    0.0|    0.0|F2F2F2          |
|  0|21.58|43466.7|  1|17.26|18.72|  20.379|  40.680| 1450.994| -73.8|  -0.1| 1586.0| 0.000|   0.0|  29.950|  41.235|224.71|   0.0|    0.0|    0.0|F2              |
|   |     |       |  2|18.72|19.85|   2.445|  41.836| 2768.981| -74.0|  -0.3| 3035.5| 0.000|   0.0|  11.032|  40.903|213.61|   0.0|    0.0|    0.0|F2F2            |
|   |     |       |  3|19.85|19.92| -13.322|  45.513| 4043.789| -74.3|  -0.6| 4442.2| 0.000|   0.0|  -5.745|  43.385|210.28|   0.0|    0.0|    0.0|F2F2F2          |
|  0|21.58|43466.7|  1|14.12|15.71|  18.366|  40.429| 1597.109| -72.9|  -0.1| 1714.1| 0.000|   0.0|  28.921|  41.015|214.70|   0.0|    0.0|    0.0|F2              |
|   |     |       |  2|15.71|16.76|  -1.156|  41.949| 3032.256| -73.0|  -0.2| 3261.9| 0.000|   0.0|   8.161|  40.778|202.59|   0.0|    0.0|    0.0|F2F2            |
|  0|21.58|43509.3|  1|24.01|23.96|  25.066|  49.594| 1404.458|-117.6|  -0.4| 1612.5| 0.000|   0.0|  31.855|  45.946|260.14|   0.0|    0.0|    0.0|F2              |
|   |     |       |  2|23.96|24.53|  12.578|  58.723| 2917.123|-117.8|  -0.6| 3356.6| 0.000|   0.0|  18.243|  54.158|270.04|   0.0|    0.0|    0.0|F2F2            |
+---+-----+-------+---+-----+-----+--------+--------+---------+------+------+-------+------+------+--------+--------+------+------+-------+-------+----------------+
+---+-----+-------+---+-----+-----+--------+--------+---------+------+------+-------+------+------+--------+--------+------+------+-------+-------+----------------+
|0-x| fr  |  time |hop| d0  | d1  |   fi   |  teta  |   dist  |  at  |  dev |   p   |  df  |  l   |   fot  |   tot  |  rot | lsp  |   pf  |    s  |                |
+---+-----+-------+---+-----+-----+--------+--------+---------+------+------+-------+------+------+--------+--------+------+------+-------+-------+----------------+
|  0|21.58|43509.3|  1|24.78|26.69|  20.945|  40.300| 1412.113| -72.1|  -0.2| 1647.5| 0.000|   0.0|  30.203|  41.052|260.47|   0.0|    0.0|    0.0|F2              |
|   |     |       |  2|26.69|27.98|   3.567|  40.946| 2669.282| -72.2|  -0.3| 3131.5| 0.000|   0.0|  11.987|  40.276|248.12|   0.0|    0.0|    0.0|F2F2            |
|   |     |       |  3|27.98|27.96| -13.753|  44.539| 4032.282| -72.5|  -0.6| 4754.2| 0.000|   0.0|  -5.601|  42.428|249.04|   0.0|    0.0|    0.0|F2F2F2          |
|  0|21.58|43509.3|  1|13.69|15.28|  18.000|  40.628| 1623.320| -73.7|  -0.1| 1738.3| 0.000|   0.0|  28.725|  41.101|213.59|   0.0|    0.0|    0.0|F2              |
|   |     |       |  2|15.28|16.29|  -1.684|  42.426| 3083.666| -73.8|  -0.2| 3309.4| 0.000|   0.0|   7.779|  41.102|201.68|   0.0|    0.0|    0.0|F2F2            |
|  0|21.58|43562.4|  1|25.15|25.04|  25.112|  51.219| 1519.033|-123.1|  -0.4| 1767.1| 0.000|   0.0|  31.755|  46.793|271.99|   0.0|    0.0|    0.0|F2              |
|   |     |       |  2|25.04|26.44|  13.213|  61.799| 3128.795|-123.2|  -0.5| 3653.6| 0.000|   0.0|  18.499|  56.669|283.29|   0.0|    0.0|    0.0|F2F2            |
|  0|21.58|43562.4|  1|16.22|17.73|  19.812|  40.177| 1494.212| -71.7|  -0.1| 1622.8| 0.000|   0.0|  29.531|  40.931|221.15|   0.0|    0.0|    0.0|F2              |
|   |     |       |  2|17.73|18.91|   1.190|  41.061| 2842.096| -71.8|  -0.2| 3095.3| 0.000|   0.0|  10.107|  40.240|209.57|   0.0|    0.0|    0.0|F2F2            |
|   |     |       |  3|18.91|18.98| -15.183|  44.625| 4138.723| -72.0|  -0.4| 4516.4| 0.000|   0.0|  -7.371|  42.551|205.70|   0.0|    0.0|    0.0|F2F2F2          |
|  0|21.58|43605.0|  1|16.08|17.55|  19.655|  40.643| 1503.500| -73.7|  -0.1| 1631.4| 0.000|   0.0|  29.592|  41.186|221.23|   0.0|    0.0|    0.0|F2              |
|   |     |       |  2|17.55|18.66|   1.151|  41.973| 2866.018| -73.9|  -0.3| 3118.2| 0.000|   0.0|  10.045|  40.930|209.96|   0.0|    0.0|    0.0|F2F2            |
|  0|21.58|43647.6|  1| 0.00| 0.00|   0.000|   0.000|    0.000|   0.0|   0.0|    0.0| 0.000|   0.0|   0.000|   0.000|  0.00|   0.0|    0.0|    0.0|                |
|  0|21.58|43647.6|  1|18.03|19.47|  20.751|  40.443| 1425.158| -72.7|  -0.1| 1565.7| 0.000|   0.0|  30.186|  41.132|227.78|   0.0|    0.0|    0.0|F2              |
|   |     |       |  2|19.47|20.68|   2.969|  41.291| 2719.058| -72.9|  -0.3| 2996.6| 0.000|   0.0|  11.532|  40.514|216.64|   0.0|    0.0|    0.0|F2F2            |
|   |     |       |  3|20.68|20.84| -12.755|  44.621| 3963.825| -73.1|  -0.5| 4378.7| 0.000|   0.0|  -5.261|  42.685|212.50|   0.0|    0.0|    0.0|F2F2F2          |
|  0|21.58|43690.2|  1|24.21|24.05|  25.967|  50.857| 1437.628|-124.0|  -0.4| 1654.0| 0.000|   0.0|  32.052|  46.755|263.04|   0.0|    0.0|    0.0|F2              |
|   |     |       |  2|24.05|25.39|  14.431|  61.109| 2993.544|-124.0|  -0.4| 3457.3| 0.000|   0.0|  19.610|  56.092|274.39|   0.0|    0.0|    0.0|F2F2            |
|  0|21.58|43690.2|  1| 0.00| 5.57|  -0.259|  42.077| 2970.851| -73.6|  -0.0| 3052.8| 0.000|   0.0|  16.139|  40.612|181.90|   0.0|    0.0|    0.0|F2              |
|  0|21.58|43732.7|  1|21.42|21.23|  27.424|  51.923| 1436.249|-130.9|  -0.2| 1611.6| 0.000|   0.0|  32.886|  47.325|248.71|   0.0|    0.0|    0.0|F2              |
+---+-----+-------+---+-----+-----+--------+--------+---------+------+------+-------+------+------+--------+--------+------+------+-------+-------+----------------+
|   |     |       |  2|21.23|23.48|  17.251|  62.960| 2987.879|-130.9|  -0.2| 3370.9| 0.000|   0.0|  21.881|  57.541|256.77|   0.0|    0.0|    0.0|F2F2            |
|  0|21.58|43732.7|  1|16.67|18.14|  20.059|  40.001| 1477.833| -70.9|  -0.1| 1609.5| 0.000|   0.0|  29.717|  40.855|223.13|   0.0|    0.0|    0.0|F2              |
|   |     |       |  2|18.14|19.39|   1.509|  40.667| 2811.251| -71.0|  -0.2| 3070.6| 0.000|   0.0|  10.455|  39.954|211.53|   0.0|    0.0|    0.0|F2F2            |
|   |     |       |  3|19.39|19.53| -14.857|  43.991| 4088.039| -71.2|  -0.4| 4474.8| 0.000|   0.0|  -7.025|  42.035|207.06|   0.0|    0.0|    0.0|F2F2F2          |
|  0|21.58|43732.7|  1|18.79|20.16|  21.020|  40.961| 1403.742| -75.1|  -0.2| 1550.1| 0.000|   0.0|  30.319|  41.411|230.87|   0.0|    0.0|    0.0|F2              |
|   |     |       |  2|20.16|21.30|   3.683|  42.192| 2687.280| -75.3|  -0.4| 2976.9| 0.000|   0.0|  12.028|  41.236|220.57|   0.0|    0.0|    0.0|F2F2            |
|   |     |       |  3|21.30|21.44| -11.578|  45.810| 3930.022| -75.6|  -0.7| 4363.8| 0.000|   0.0|  -4.455|  43.773|216.67|   0.0|    0.0|    0.0|F2F2F2          |
|  0|21.58|43775.7|  1|24.98|24.91|  25.142|  51.288| 1522.445|-123.4|  -0.4| 1768.7| 0.000|   0.0|  31.545|  46.964|271.28|   0.0|    0.0|    0.0|F2              |
|   |     |       |  2|24.91|26.38|  13.321|  61.871| 3128.155|-123.5|  -0.5| 3648.6| 0.000|   0.0|  18.587|  56.732|282.45|   0.0|    0.0|    0.0|F2F2            |
|  0|21.58|43775.7|  1|17.77|17.83|  25.656|  51.918| 1539.976|-126.5|  -0.2| 1684.6| 0.000|   0.0|  31.960|  47.238|234.63|   0.0|    0.0|    0.0|F2              |
|   |     |       |  2|17.83|20.46|  14.294|  62.992| 3165.006|-126.4|  -0.1| 3481.3| 0.000|   0.0|  19.480|  57.524|238.19|   0.0|    0.0|    0.0|F2F2            |
|  0|21.58|43775.7|  1|19.65|21.00|  21.342|  41.074| 1380.082| -75.6|  -0.2| 1533.5| 0.000|   0.0|  30.513|  41.486|234.21|   0.0|    0.0|    0.0|F2              |
|   |     |       |  2|21.00|22.14|   4.310|  42.320| 2644.558| -75.8|  -0.4| 2948.2| 0.000|   0.0|  12.530|  41.365|224.20|   0.0|    0.0|    0.0|F2F2            |
|   |     |       |  3|22.14|22.29| -10.719|  45.892| 3870.896| -76.1|  -0.7| 4326.2| 0.000|   0.0|  -3.703|  43.883|220.39|   0.0|    0.0|    0.0|F2F2F2          |
|  0|21.58|43818.7|  1|14.78|16.25|  18.711|  40.828| 1571.857| -74.5|  -0.1| 1692.9| 0.000|   0.0|  28.938|  41.226|217.61|   0.0|    0.0|    0.0|F2              |
|   |     |       |  2|16.25|17.30|  -0.414|  42.595| 2996.311| -74.7|  -0.3| 3234.7| 0.000|   0.0|   8.715|  41.314|206.54|   0.0|    0.0|    0.0|F2F2            |
|  0|21.58|43861.5|  1| 0.00| 0.00|   0.000|   0.000|    0.000|   0.0|   0.0|    0.0| 0.000|   0.0|   0.000|   0.000|  0.00|   0.0|    0.0|    0.0|                |
|  0|21.58|43861.5|  1| 9.28|11.18|  13.574|  41.038| 1946.631| -74.8|  -0.1| 2044.7| 0.000|   0.0|  26.121|  41.064|202.16|   0.0|    0.0|    0.0|F2              |
|   |     |       |  2|11.18|11.94|  -8.843|  44.592| 3679.016| -74.9|  -0.2| 3870.2| 0.000|   0.0|   1.524|  42.318|189.47|   0.0|    0.0|    0.0|F2F2            |
|  0|21.58|43914.9|  1|24.10|23.90|  27.246|  52.147| 1465.301|-131.1|  -0.3| 1684.8| 0.000|   0.0|  32.826|  47.390|265.39|   0.0|    0.0|    0.0|F2              |
+---+-----+-------+---+-----+-----+--------+--------+---------+------+------+-------+------+------+--------+--------+------+------+-------+-------+----------------+
|   |     |       |  2|23.90|25.97|  17.088|  63.329| 3030.747|-131.1|  -0.3| 3503.5| 0.000|   0.0|  21.731|  57.819|275.01|   0.0|    0.0|    0.0|F2F2            |
|  0|21.58|43914.9|  1|15.45|16.87|  19.146|  40.780| 1540.222| -74.3|  -0.1| 1665.1| 0.000|   0.0|  29.381|  41.240|220.16|   0.0|    0.0|    0.0|F2              |
|   |     |       |  2|16.87|17.97|   0.303|  42.381| 2938.217| -74.5|  -0.3| 3184.3| 0.000|   0.0|   9.354|  41.188|209.07|   0.0|    0.0|    0.0|F2F2            |
|  0|21.58|43957.8|  1|21.22|21.20|  25.149|  49.933| 1422.445|-119.0|  -0.3| 1594.2| 0.000|   0.0|  31.626|  46.262|245.94|   0.0|    0.0|    0.0|F2              |
|   |     |       |  2|21.20|22.36|  12.773|  59.337| 2953.240|-119.0|  -0.3| 3321.0| 0.000|   0.0|  18.312|  54.720|254.79|   0.0|    0.0|    0.0|F2F2            |
|  0|21.58|43957.8|  1|19.33|20.67|  21.181|  40.832| 1392.348| -74.5|  -0.2| 1543.6| 0.000|   0.0|  30.344|  41.346|233.43|   0.0|    0.0|    0.0|F2              |
|   |     |       |  2|20.67|21.87|   3.906|  41.906| 2664.433| -74.7|  -0.4| 2963.5| 0.000|   0.0|  12.228|  41.031|223.15|   0.0|    0.0|    0.0|F2F2            |
|   |     |       |  3|21.87|22.08| -11.328|  45.351| 3891.631| -75.0|  -0.7| 4339.5| 0.000|   0.0|  -4.103|  43.374|219.07|   0.0|    0.0|    0.0|F2F2F2          |
|  0|21.58|44011.1|  1|23.88|23.80|  25.632|  50.571| 1437.177|-122.2|  -0.3| 1649.2| 0.000|   0.0|  31.873|  46.601|261.73|   0.0|    0.0|    0.0|F2              |
|   |     |       |  2|23.80|25.03|  13.827|  60.524| 2982.319|-122.3|  -0.4| 3434.6| 0.000|   0.0|  19.245|  55.544|272.54|   0.0|    0.0|    0.0|F2F2            |
|  0|21.58|44011.1|  1|18.65|19.96|  20.863|  41.069| 1415.045| -75.6|  -0.2| 1561.0| 0.000|   0.0|  30.285|  41.465|231.22|   0.0|    0.0|    0.0|F2              |
|   |     |       |  2|19.96|21.10|   3.433|  42.442| 2711.658| -75.8|  -0.4| 3000.5| 0.000|   0.0|  11.799|  41.413|221.19|   0.0|    0.0|    0.0|F2F2            |
|   |     |       |  3|21.10|21.26| -11.828|  46.219| 3966.778| -76.1|  -0.7| 4399.5| 0.000|   0.0|  -4.595|  44.073|217.57|   0.0|    0.0|    0.0|F2F2F2          |
|  0|21.58|44054.2|  1|10.84|11.70|  20.306|  52.863| 1953.954|-118.2|  -0.1| 2064.8| 0.000|   0.0|  28.810|  47.609|214.07|   0.0|    0.0|    0.0|F2              |
|   |     |       |  2|11.70|15.23|   6.209|  64.872| 3842.304|-118.0|   0.1| 4079.9| 0.000|   0.0|  12.283|  59.212|204.71|   0.0|    0.0|    0.0|F2F2            |
|  0|21.58|44054.2|  1|20.21|21.56|  21.471|  40.666| 1371.949| -73.7|  -0.2| 1531.2| 0.000|   0.0|  30.499|  41.271|237.10|   0.0|    0.0|    0.0|F2              |
|   |     |       |  2|21.56|22.81|   4.367|  41.515| 2622.649| -73.9|  -0.4| 2937.3| 0.000|   0.0|  12.638|  40.756|226.66|   0.0|    0.0|    0.0|F2F2            |
|   |     |       |  3|22.81|23.09| -10.807|  44.698| 3826.090| -74.1|  -0.6| 4297.4| 0.000|   0.0|  -3.633|  42.860|222.12|   0.0|    0.0|    0.0|F2F2F2          |
|  0|21.58|44054.2|  1| 0.16| 5.69|  -0.189|  41.280| 2945.862| -71.9|  -0.0| 3028.2| 0.000|   0.0|  16.379|  40.149|183.20|   0.0|    0.0|    0.0|F2              |
+==============================================================================+
|   Medium characteristics Sunspot number= 139.8 IG= 122.8   GMT time:12:14    |
|------------------------------------------------------------------------------|
|   S   | fh |  I  |   D  | fd |  hd | fe |  he | ff1 | hf1 | ff2 | hf2 |   Hi |
|-------+----+-----+------+----+-----+----+-----+-----+-----+-----+-----+------|
|    0.0|1.25| 58.8|   3.1|0.18| 81.3|2.77|110.0| 0.00|  0.0|10.86|289.3|  73.8|
+==============================================================================+

+==================================+
|       Es-layer parametres        |
|----------------------------------|
|   S   | hEs | fbEs | f0Es | P Es |
|-------+-----+------+------+------|
|    0.0|110.7| 2.47 | 2.89 | 60.1 |
+==================================+

|  0|21.58|44107.8|  1|22.56|22.40|  27.378|  51.867| 1434.197|-130.6|  -0.2| 1625.4| 0.000|   0.0|  32.912|  47.256|255.77|   0.0|    0.0|    0.0|F2              |
+---+-----+-------+---+-----+-----+--------+--------+---------+------+------+-------+------+------+--------+--------+------+------+-------+-------+----------------+
|   |     |       |  2|22.40|24.49|  17.197|  62.814| 2977.679|-130.6|  -0.2| 3392.6| 0.000|   0.0|  21.821|  57.448|263.93|   0.0|    0.0|    0.0|F2F2            |
|  0|21.58|44107.8|  1|13.63|15.09|  17.751|  40.909| 1641.803| -74.8|  -0.1| 1757.5| 0.000|   0.0|  28.530|  41.231|215.11|   0.0|    0.0|    0.0|F2              |
|   |     |       |  2|15.09|16.13|  -2.043|  43.039| 3128.089| -75.0|  -0.3| 3355.7| 0.000|   0.0|   7.432|  41.545|203.84|   0.0|    0.0|    0.0|F2F2            |
|  0|21.58|44150.9|  1|14.96|16.34|  18.730|  40.999| 1570.696| -75.2|  -0.1| 1693.3| 0.000|   0.0|  29.034|  41.324|219.25|   0.0|    0.0|    0.0|F2              |
|   |     |       |  2|16.34|17.41|  -0.344|  42.918| 3000.576| -75.4|  -0.3| 3242.3| 0.000|   0.0|   8.803|  41.557|208.58|   0.0|    0.0|    0.0|F2F2            |
|  0|21.58|44150.9|  1|14.92|16.32|  18.717|  40.754| 1571.401| -74.2|  -0.1| 1693.7| 0.000|   0.0|  29.051|  41.197|219.05|   0.0|    0.0|    0.0|F2              |
|   |     |       |  2|16.32|17.43|  -0.476|  42.463| 2997.057| -74.4|  -0.3| 3238.0| 0.000|   0.0|   8.714|  41.205|207.98|   0.0|    0.0|    0.0|F2F2            |
|  0|21.58|44150.9|  1|13.68|15.12|  17.773|  41.088| 1640.816| -75.5|  -0.1| 1756.9| 0.000|   0.0|  28.525|  41.325|215.42|   0.0|    0.0|    0.0|F2              |
|   |     |       |  2|15.12|16.13|  -1.938|  43.369| 3130.856| -75.7|  -0.3| 3359.3| 0.000|   0.0|   7.440|  41.809|204.46|   0.0|    0.0|    0.0|F2F2            |
|  0|21.58|44150.9|  1|15.26|16.68|  18.999|  40.269| 1552.009| -72.2|  -0.1| 1676.1| 0.000|   0.0|  29.331|  40.970|220.03|   0.0|    0.0|    0.0|F2              |
|   |     |       |  2|16.68|17.89|  -0.226|  41.479| 2953.309| -72.3|  -0.2| 3197.5| 0.000|   0.0|   8.996|  40.470|208.36|   0.0|    0.0|    0.0|F2F2            |
|  0|21.58|44150.9|  1| 0.06| 5.62|  -0.246|  42.262| 2974.841| -74.0|  -0.0| 3057.9| 0.000|   0.0|  16.075|  40.722|183.84|   0.0|    0.0|    0.0|F2              |
|  0|21.58|44150.9|  1| 0.00| 0.00|   0.000|   0.000|    0.000|   0.0|   0.0|    0.0| 0.000|   0.0|   0.000|   0.000|  0.00|   0.0|    0.0|    0.0|                |
|  0|21.58|44150.9|  1|14.98|16.37|  18.753|  40.852| 1568.850| -74.6|  -0.1| 1691.5| 0.000|   0.0|  29.053|  41.249|219.26|   0.0|    0.0|    0.0|F2              |
|   |     |       |  2|16.37|17.47|  -0.370|  42.636| 2994.232| -74.8|  -0.3| 3236.0| 0.000|   0.0|   8.787|  41.343|208.37|   0.0|    0.0|    0.0|F2F2            |
|  0|21.58|44194.1|  1| 0.00| 0.00|   0.000|   0.000|    0.000|   0.0|   0.0|    0.0| 0.000|   0.0|   0.000|   0.000|  0.00|   0.0|    0.0|    0.0|                |
|  0|21.58|44194.1|  1|10.48|12.14|  14.808|  41.477| 1860.555| -76.5|  -0.1| 1963.3| 0.000|   0.0|  26.886|  41.372|206.61|   0.0|    0.0|    0.0|F2              |
|   |     |       |  2|12.14|12.97|  -6.705|  45.016| 3539.680| -76.6|  -0.2| 3741.2| 0.000|   0.0|   3.437|  42.756|195.22|   0.0|    0.0|    0.0|F2F2            |
|  0|21.58|44194.1|  1|22.98|24.41|  21.680|  41.187| 1355.227| -76.1|  -0.2| 1549.3| 0.000|   0.0|  30.620|  41.550|250.83|   0.0|    0.0|    0.0|F2              |
|   |     |       |  2|24.41|25.58|   5.188|  42.423| 2582.713| -76.4|  -0.5| 2964.4| 0.000|   0.0|  13.199|  41.482|240.59|   0.0|    0.0|    0.0|F2F2            |
+---+-----+-------+---+-----+-----+--------+--------+---------+------+------+-------+------+------+--------+--------+------+------+-------+-------+----------------+
|   |     |       |  3|25.58|25.77|  -9.501|  45.927| 3783.071| -76.8|  -0.9| 4355.9| 0.000|   0.0|  -2.411|  43.897|237.60|   0.0|    0.0|    0.0|F2F2F2          |
|  0|21.58|44236.9|  1|19.92|20.10|  35.191|  55.801| 1504.888|-163.5|  -0.2| 1672.9| 0.000|   0.0|  37.140|  49.570|247.17|   0.0|    0.0|    0.0|F2              |
|   |     |       |  2|20.10|21.17|  31.814|  69.524| 3066.310|-163.6|  -0.3| 3419.2| 0.000|   0.0|  33.276|  63.049|244.37|   0.0|    0.0|    0.0|F2F2            |
|  0|21.58|44236.9|  1|22.84|24.28|  21.684|  40.931| 1355.450| -74.9|  -0.2| 1547.7| 0.000|   0.0|  30.628|  41.418|250.18|   0.0|    0.0|    0.0|F2              |
|   |     |       |  2|24.28|25.52|   5.071|  41.939| 2580.370| -75.1|  -0.4| 2958.3| 0.000|   0.0|  13.126|  41.111|239.57|   0.0|    0.0|    0.0|F2F2            |
|   |     |       |  3|25.52|25.78|  -9.770|  45.229| 3772.823| -75.5|  -0.8| 4339.8| 0.000|   0.0|  -2.651|  43.317|236.04|   0.0|    0.0|    0.0|F2F2F2          |
|  0|21.58|44236.9|  1|10.43|12.13|  14.742|  40.957| 1861.043| -74.7|  -0.1| 1963.5| 0.000|   0.0|  26.906|  41.098|206.36|   0.0|    0.0|    0.0|F2              |
|   |     |       |  2|12.13|13.04|  -7.034|  44.075| 3527.282| -74.8|  -0.2| 3727.6| 0.000|   0.0|   3.027|  42.047|193.79|   0.0|    0.0|    0.0|F2F2            |
|  0|21.58|44300.8|  1|18.67|18.78|  24.356|  50.232| 1495.926|-118.3|  -0.2| 1646.4| 0.000|   0.0|  31.609|  46.183|238.19|   0.0|    0.0|    0.0|F2              |
|   |     |       |  2|18.78|20.42|  11.551|  59.948| 3083.302|-118.3|  -0.2| 3407.0| 0.000|   0.0|  17.488|  55.023|243.68|   0.0|    0.0|    0.0|F2F2            |
|  0|21.58|44300.8|  1|20.13|20.14|  28.860|  53.279| 1479.244|-138.6|  -0.2| 1645.4| 0.000|   0.0|  33.583|  48.132|245.27|   0.0|    0.0|    0.0|F2              |
|   |     |       |  2|20.14|22.72|  20.250|  65.208| 3038.188|-138.5|  -0.1| 3399.3| 0.000|   0.0|  24.100|  59.469|248.27|   0.0|    0.0|    0.0|F2F2            |
|  0|21.58|44300.8|  1|22.91|24.36|  21.629|  40.908| 1359.543| -74.8|  -0.2| 1553.6| 0.000|   0.0|  30.569|  41.401|250.83|   0.0|    0.0|    0.0|F2              |
|   |     |       |  2|24.36|25.60|   4.985|  41.908| 2585.939| -75.0|  -0.4| 2967.0| 0.000|   0.0|  13.076|  41.082|240.17|   0.0|    0.0|    0.0|F2F2            |
|   |     |       |  3|25.60|25.87|  -9.884|  45.197| 3779.797| -75.4|  -0.8| 4351.4| 0.000|   0.0|  -2.734|  43.280|236.61|   0.0|    0.0|    0.0|F2F2F2          |
|  0|21.58|44354.0|  1| 0.00| 0.00|   0.000|   0.000|    0.000|   0.0|   0.0|    0.0| 0.000|   0.0|   0.000|   0.000|  0.00|   0.0|    0.0|    0.0|                |
|  0|21.58|44354.0|  1| 0.00| 0.00|   0.000|   0.000|    0.000|   0.0|   0.0|    0.0| 0.000|   0.0|   0.000|   0.000|  0.00|   0.0|    0.0|    0.0|                |
|  0|21.58|44354.0|  1| 8.60|10.51|  12.588|  40.996| 2017.955| -74.5|  -0.1| 2114.6| 0.000|   0.0|  25.555|  40.982|201.66|   0.0|    0.0|    0.0|F2              |
|   |     |       |  2|10.51|11.33| -10.493|  44.864| 3810.203| -74.6|  -0.2| 3998.5| 0.000|   0.0|   0.363|  42.369|189.13|   0.0|    0.0|    0.0|F2F2            |
|  0|21.58|44396.6|  1|14.71|16.06|  18.488|  41.101| 1588.640| -75.6|  -0.1| 1710.2| 0.000|   0.0|  28.974|  41.371|219.15|   0.0|    0.0|    0.0|F2              |
+---+-----+-------+---+-----+-----+--------+--------+---------+------+------+-------+------+------+--------+--------+------+------+-------+-------+----------------+
|   |     |       |  2|16.06|17.11|  -0.760|  43.188| 3039.064| -75.8|  -0.3| 3279.0| 0.000|   0.0|   8.394|  41.743|208.70|   0.0|    0.0|    0.0|F2F2            |
|  0|21.58|44396.6|  1|15.44|16.77|  19.004|  40.852| 1550.590| -74.6|  -0.1| 1676.2| 0.000|   0.0|  29.258|  41.267|221.32|   0.0|    0.0|    0.0|F2              |
|   |     |       |  2|16.77|17.89|   0.022|  42.569| 2963.872| -74.8|  -0.3| 3211.6| 0.000|   0.0|   9.104|  41.315|210.73|   0.0|    0.0|    0.0|F2F2            |
|  0|21.58|44396.6|  1|13.93|15.33|  17.919|  40.831| 1629.454| -74.5|  -0.1| 1747.0| 0.000|   0.0|  28.682|  41.204|216.68|   0.0|    0.0|    0.0|F2              |
|   |     |       |  2|15.33|16.42|  -1.846|  42.853| 3108.032| -74.7|  -0.3| 3339.4| 0.000|   0.0|   7.543|  41.422|205.59|   0.0|    0.0|    0.0|F2F2            |
|  0|21.58|44396.6|  1|14.79|16.14|  18.550|  40.976| 1583.749| -75.1|  -0.1| 1705.8| 0.000|   0.0|  29.002|  41.309|219.34|   0.0|    0.0|    0.0|F2              |
|   |     |       |  2|16.14|17.22|  -0.705|  42.936| 3027.393| -75.3|  -0.3| 3268.1| 0.000|   0.0|   8.509|  41.549|208.77|   0.0|    0.0|    0.0|F2F2            |
|  0|21.58|44396.6|  1| 9.17|11.00|  13.270|  40.808| 1966.795| -74.0|  -0.1| 2065.2| 0.000|   0.0|  26.101|  40.933|203.33|   0.0|    0.0|    0.0|F2              |
|   |     |       |  2|11.00|11.89|  -9.501|  44.292| 3714.894| -74.1|  -0.2| 3906.6| 0.000|   0.0|   1.017|  42.037|190.29|   0.0|    0.0|    0.0|F2F2            |
|  0|21.58|44396.6|  1|15.01|16.36|  18.711|  40.877| 1571.928| -74.7|  -0.1| 1695.1| 0.000|   0.0|  29.057|  41.262|219.94|   0.0|    0.0|    0.0|F2              |
|   |     |       |  2|16.36|17.46|  -0.473|  42.702| 3003.612| -74.9|  -0.3| 3246.6| 0.000|   0.0|   8.675|  41.389|209.30|   0.0|    0.0|    0.0|F2F2            |
|  0|21.58|44396.6|  1|13.13|14.59|  17.278|  40.733| 1675.795| -74.1|  -0.1| 1789.5| 0.000|   0.0|  28.202|  41.109|214.08|   0.0|    0.0|    0.0|F2              |
|   |     |       |  2|14.59|15.66|  -2.973|  42.866| 3190.369| -74.2|  -0.2| 3413.8| 0.000|   0.0|   6.661|  41.358|202.81|   0.0|    0.0|    0.0|F2F2            |
|  0|21.58|44396.6|  1|12.89|14.34|  17.061|  41.052| 1692.617| -75.3|  -0.1| 1805.3| 0.000|   0.0|  28.192|  41.274|213.69|   0.0|    0.0|    0.0|F2              |
|   |     |       |  2|14.34|15.35|  -3.197|  43.527| 3228.011| -75.5|  -0.3| 3449.6| 0.000|   0.0|   6.426|  41.848|202.62|   0.0|    0.0|    0.0|F2F2            |
|  0|21.58|44396.6|  1|15.10|16.44|  18.771|  40.901| 1567.549| -74.8|  -0.1| 1691.2| 0.000|   0.0|  29.072|  41.276|220.21|   0.0|    0.0|    0.0|F2              |
|   |     |       |  2|16.44|17.54|  -0.358|  42.730| 2996.060| -75.0|  -0.3| 3240.0| 0.000|   0.0|   8.757|  41.417|209.64|   0.0|    0.0|    0.0|F2F2            |
|  0|21.58|44396.6|  1| 2.00| 6.10|   2.641|  41.728| 2752.260| -73.8|  -0.0| 2837.2| 0.000|   0.0|  18.813|  40.649|187.48|   0.0|    0.0|    0.0|F2              |
|  0|21.58|44396.6|  1|13.54|14.91|  17.594|  41.532| 1656.408| -77.2|  -0.1| 1772.2| 0.000|   0.0|  28.308|  41.542|215.60|   0.0|    0.0|    0.0|F2              |
|   |     |       |  2|14.91|15.84|  -2.111|  44.266| 3173.766| -77.4|  -0.3| 3402.4| 0.000|   0.0|   7.294|  42.472|205.76|   0.0|    0.0|    0.0|F2F2            |
+---+-----+-------+---+-----+-----+--------+--------+---------+------+------+-------+------+------+--------+--------+------+------+-------+-------+----------------+
+---+-----+-------+---+-----+-----+--------+--------+---------+------+------+-------+------+------+--------+--------+------+------+-------+-------+----------------+
|0-x| fr  |  time |hop| d0  | d1  |   fi   |  teta  |   dist  |  at  |  dev |   p   |  df  |  l   |   fot  |   tot  |  rot | lsp  |   pf  |    s  |                |
+---+-----+-------+---+-----+-----+--------+--------+---------+------+------+-------+------+------+--------+--------+------+------+-------+-------+----------------+
|  0|21.58|44396.6|  1|14.45|15.83|  18.311|  40.853| 1600.979| -74.6|  -0.1| 1721.2| 0.000|   0.0|  28.867|  41.233|218.24|   0.0|    0.0|    0.0|F2              |
|   |     |       |  2|15.83|16.92|  -1.168|  42.777| 3056.446| -74.8|  -0.3| 3293.3| 0.000|   0.0|   8.103|  41.405|207.37|   0.0|    0.0|    0.0|F2F2            |
|  0|21.58|44396.6|  1|20.88|22.19|  21.504|  40.904| 1368.636| -74.8|  -0.2| 1535.7| 0.000|   0.0|  30.569|  41.402|241.03|   0.0|    0.0|    0.0|F2              |
|   |     |       |  2|22.19|23.39|   4.549|  41.953| 2618.686| -75.0|  -0.4| 2948.7| 0.000|   0.0|  12.702|  41.100|231.01|   0.0|    0.0|    0.0|F2F2            |
|   |     |       |  3|23.39|23.68| -10.441|  45.313| 3825.372| -75.3|  -0.7| 4319.8| 0.000|   0.0|  -3.441|  43.407|226.57|   0.0|    0.0|    0.0|F2F2F2          |
|  0|21.58|44396.6|  1| 0.00| 0.00|   0.000|   0.000|    0.000|   0.0|   0.0|    0.0| 0.000|   0.0|   0.000|   0.000|  0.00|   0.0|    0.0|    0.0|                |
|  0|21.58|44396.6|  1|14.57|15.94|  18.400|  40.828| 1594.442| -74.5|  -0.1| 1715.2| 0.000|   0.0|  28.933|  41.225|218.61|   0.0|    0.0|    0.0|F2              |
|   |     |       |  2|15.94|17.04|  -1.027|  42.703| 3043.975| -74.7|  -0.3| 3282.1| 0.000|   0.0|   8.281|  41.352|207.76|   0.0|    0.0|    0.0|F2F2            |
|  0|21.58|44439.5|  1| 0.00| 0.00|   0.000|   0.000|    0.000|   0.0|   0.0|    0.0| 0.000|   0.0|   0.000|   0.000|  0.00|   0.0|    0.0|    0.0|                |
|  0|21.58|44439.5|  1| 0.00| 0.00|   0.000|   0.000|    0.000|   0.0|   0.0|    0.0| 0.000|   0.0|   0.000|   0.000|  0.00|   0.0|    0.0|    0.0|                |
|  0|21.58|44439.5|  1| 0.00| 0.00|   0.000|   0.000|    0.000|   0.0|   0.0|    0.0| 0.000|   0.0|   0.000|   0.000|  0.00|   0.0|    0.0|    0.0|                |
|  0|21.58|44482.2|  1|12.95|14.39|  17.096|  40.866| 1689.319| -74.6|  -0.1| 1802.3| 0.000|   0.0|  28.223|  41.179|213.98|   0.0|    0.0|    0.0|F2              |
|   |     |       |  2|14.39|15.44|  -3.234|  43.174| 3219.079| -74.7|  -0.2| 3441.2| 0.000|   0.0|   6.411|  41.578|202.73|   0.0|    0.0|    0.0|F2F2            |
|  0|21.58|44482.2|  1|12.75|14.20|  16.921|  40.949| 1702.374| -74.9|  -0.1| 1814.5| 0.000|   0.0|  28.167|  41.217|213.47|   0.0|    0.0|    0.0|F2              |
|   |     |       |  2|14.20|15.23|  -3.492|  43.382| 3244.685| -75.0|  -0.2| 3465.1| 0.000|   0.0|   6.227|  41.715|202.26|   0.0|    0.0|    0.0|F2F2            |
|  0|21.58|44482.2|  1|11.57|13.12|  15.840|  40.838| 1780.507| -74.4|  -0.1| 1887.6| 0.000|   0.0|  27.562|  41.100|210.06|   0.0|    0.0|    0.0|F2              |
|   |     |       |  2|13.12|14.13|  -5.337|  43.514| 3383.461| -74.5|  -0.2| 3593.4| 0.000|   0.0|   4.746|  41.692|198.27|   0.0|    0.0|    0.0|F2F2            |
|  0|21.58|44482.2|  1|14.53|15.89|  18.347|  40.853| 1598.308| -74.6|  -0.1| 1719.0| 0.000|   0.0|  28.884|  41.234|218.67|   0.0|    0.0|    0.0|F2              |
|   |     |       |  2|15.89|16.99|  -1.120|  42.769| 3052.730| -74.8|  -0.3| 3290.7| 0.000|   0.0|   8.151|  41.400|207.92|   0.0|    0.0|    0.0|F2F2            |
|  0|21.58|44482.2|  1| 9.64|11.38|  13.794|  40.937| 1929.764| -74.5|  -0.1| 2029.8| 0.000|   0.0|  26.336|  41.029|204.77|   0.0|    0.0|    0.0|F2              |
+---+-----+-------+---+-----+-----+--------+--------+---------+------+------+-------+------+------+--------+--------+------+------+-------+-------+----------------+
|   |     |       |  2|11.38|12.29|  -8.620|  44.360| 3653.604| -74.6|  -0.2| 3849.0| 0.000|   0.0|   1.907|  42.124|192.45|   0.0|    0.0|    0.0|F2F2            |
|  0|21.58|44482.2|  1|11.51|13.07|  15.784|  40.784| 1784.321| -74.2|  -0.1| 1891.1| 0.000|   0.0|  27.551|  41.069|209.88|   0.0|    0.0|    0.0|F2              |
|   |     |       |  2|13.07|14.09|  -5.452|  43.431| 3388.970| -74.3|  -0.2| 3598.3| 0.000|   0.0|   4.662|  41.621|197.99|   0.0|    0.0|    0.0|F2F2            |
|  0|21.58|44482.2|  1|17.80|19.03|  20.326|  41.248| 1454.471| -76.3|  -0.1| 1595.2| 0.000|   0.0|  29.945|  41.531|229.46|   0.0|    0.0|    0.0|F2              |
|   |     |       |  2|19.03|20.11|   2.495|  42.938| 2793.348| -76.6|  -0.4| 3072.0| 0.000|   0.0|  11.032|  41.737|220.04|   0.0|    0.0|    0.0|F2F2            |
|   |     |       |  3|20.11|20.28| -12.954|  47.118| 4091.475| -76.9|  -0.7| 4509.1| 0.000|   0.0|  -5.612|  44.755|216.67|   0.0|    0.0|    0.0|F2F2F2          |
|  0|21.58|44482.2|  1|15.43|16.74|  18.968|  40.973| 1553.261| -75.1|  -0.1| 1678.9| 0.000|   0.0|  29.244|  41.329|221.54|   0.0|    0.0|    0.0|F2              |
|   |     |       |  2|16.74|17.84|   0.000|  42.810| 2972.250| -75.3|  -0.3| 3220.4| 0.000|   0.0|   9.100|  41.493|211.23|   0.0|    0.0|    0.0|F2F2            |
|  0|21.58|44482.2|  1|11.86|13.38|  16.116|  40.886| 1760.649| -74.6|  -0.1| 1868.9| 0.000|   0.0|  27.714|  41.140|210.89|   0.0|    0.0|    0.0|F2              |
|   |     |       |  2|13.38|14.39|  -4.858|  43.516| 3348.740| -74.7|  -0.2| 3561.2| 0.000|   0.0|   5.092|  41.731|199.27|   0.0|    0.0|    0.0|F2F2            |
|  0|21.58|44525.1|  1|12.80|14.24|  16.952|  40.975| 1700.222| -75.0|  -0.1| 1812.6| 0.000|   0.0|  28.177|  41.231|213.72|   0.0|    0.0|    0.0|F2              |
|   |     |       |  2|14.24|15.27|  -3.437|  43.422| 3242.048| -75.1|  -0.2| 3463.1| 0.000|   0.0|   6.273|  41.749|202.61|   0.0|    0.0|    0.0|F2F2            |
|  0|21.58|44567.8|  1|11.60|13.13|  15.844|  40.893| 1780.486| -74.6|  -0.1| 1887.8| 0.000|   0.0|  27.566|  41.129|210.37|   0.0|    0.0|    0.0|F2              |
|   |     |       |  2|13.13|14.14|  -5.321|  43.619| 3386.040| -74.7|  -0.2| 3596.6| 0.000|   0.0|   4.469|  41.810|198.34|   0.0|    0.0|    0.0|F2F2            |
|  0|21.58|44610.5|  1|12.60|14.04|  16.759|  40.846| 1713.767| -74.5|  -0.1| 1825.3| 0.000|   0.0|  28.063|  41.153|213.27|   0.0|    0.0|    0.0|F2              |
|   |     |       |  2|14.04|15.10|  -3.832|  43.245| 3264.882| -74.6|  -0.2| 3484.2| 0.000|   0.0|   5.926|  41.593|201.98|   0.0|    0.0|    0.0|F2F2            |
|  0|21.58|44653.4|  1|10.20|11.85|  14.374|  40.825| 1886.890| -74.2|  -0.1| 1989.0| 0.000|   0.0|  26.767|  41.011|206.71|   0.0|    0.0|    0.0|F2              |
|   |     |       |  2|11.85|12.83|  -7.767|  43.971| 3576.620| -74.3|  -0.2| 3776.3| 0.000|   0.0|   2.703|  41.877|194.50|   0.0|    0.0|    0.0|F2F2            |
|  0|21.58|44653.4|  1| 7.86| 9.85|  11.534|  40.798| 2092.508| -73.6|  -0.0| 2187.4| 0.000|   0.0|  25.026|  40.813|200.54|   0.0|    0.0|    0.0|F2              |
|   |     |       |  2| 9.85|10.70| -12.287|  44.875| 3940.815| -73.7|  -0.1| 4125.3| 0.000|   0.0|  -1.088|  42.237|187.51|   0.0|    0.0|    0.0|F2F2            |
+---+-----+-------+---+-----+-----+--------+--------+---------+------+------+-------+------+------+--------+--------+------+------+-------+-------+----------------+
+---+-----+-------+---+-----+-----+--------+--------+---------+------+------+-------+------+------+--------+--------+------+------+-------+-------+----------------+
|0-x| fr  |  time |hop| d0  | d1  |   fi   |  teta  |   dist  |  at  |  dev |   p   |  df  |  l   |   fot  |   tot  |  rot | lsp  |   pf  |    s  |                |
+---+-----+-------+---+-----+-----+--------+--------+---------+------+------+-------+------+------+--------+--------+------+------+-------+-------+----------------+
|  0|21.58|44653.4|  1| 0.06| 5.60|  -0.372|  42.471| 2989.731| -74.4|  -0.0| 3073.9| 0.000|   0.0|  16.082|  40.832|185.91|   0.0|    0.0|    0.0|F2              |
|  0|21.58|44653.4|  1| 7.28| 9.37|  10.754|  41.111| 2152.448| -74.4|  -0.0| 2246.0| 0.000|   0.0|  24.661|  40.934|199.38|   0.0|    0.0|    0.0|F2              |
|   |     |       |  2| 9.37|10.13| -13.349|  45.714| 4054.801| -74.5|  -0.1| 4236.8| 0.000|   0.0|  -2.243|  42.836|186.37|   0.0|    0.0|    0.0|F2F2            |
|  0|21.58|44653.4|  1| 6.64| 8.87|   9.850|  41.110| 2218.114| -74.2|  -0.0| 2310.2| 0.000|   0.0|  24.023|  40.867|197.78|   0.0|    0.0|    0.0|F2              |
|   |     |       |  2| 8.87| 9.59| -14.727|  46.023| 4169.092| -74.3|  -0.1| 4347.9| 0.000|   0.0|  -3.435|  42.971|184.65|   0.0|    0.0|    0.0|F2F2            |
|  0|21.58|44653.4|  1| 0.00| 0.00|   0.000|   0.000|    0.000|   0.0|   0.0|    0.0| 0.000|   0.0|   0.000|   0.000|  0.00|   0.0|    0.0|    0.0|                |
|  0|21.58|44653.4|  1| 8.48|10.36|  12.341|  40.915| 2035.117| -74.2|  -0.1| 2131.8| 0.000|   0.0|  25.593|  40.933|202.26|   0.0|    0.0|    0.0|F2              |
|   |     |       |  2|10.36|11.23| -10.971|  44.814| 3842.812| -74.3|  -0.2| 4031.1| 0.000|   0.0|  -0.028|  42.294|189.51|   0.0|    0.0|    0.0|F2F2            |
|  0|21.58|44696.4|  1| 0.00| 0.00|   0.000|   0.000|    0.000|   0.0|   0.0|    0.0| 0.000|   0.0|   0.000|   0.000|  0.00|   0.0|    0.0|    0.0|                |
|  0|21.58|44696.4|  1| 0.00| 0.00|   0.000|   0.000|    0.000|   0.0|   0.0|    0.0| 0.000|   0.0|   0.000|   0.000|  0.00|   0.0|    0.0|    0.0|                |
|  0|21.58|44696.4|  1|13.60|14.95|  17.569|  41.144| 1655.905| -75.7|  -0.1| 1772.3| 0.000|   0.0|  28.504|  41.350|216.52|   0.0|    0.0|    0.0|F2              |
|   |     |       |  2|14.95|15.98|  -2.357|  43.556| 3167.626| -75.9|  -0.3| 3397.2| 0.000|   0.0|   7.151|  41.916|206.14|   0.0|    0.0|    0.0|F2F2            |
|  0|21.58|44739.3|  1|21.02|22.25|  21.377|  41.311| 1377.453| -76.7|  -0.2| 1547.4| 0.000|   0.0|  30.547|  41.610|242.83|   0.0|    0.0|    0.0|F2              |
|   |     |       |  2|22.25|23.36|   4.499|  42.757| 2641.438| -76.9|  -0.4| 2977.0| 0.000|   0.0|  12.687|  41.700|233.70|   0.0|    0.0|    0.0|F2F2            |
|   |     |       |  3|23.36|23.59| -10.322|  46.510| 3869.509| -77.3|  -0.8| 4372.6| 0.000|   0.0|  -3.293|  44.381|230.20|   0.0|    0.0|    0.0|F2F2F2          |
|  0|21.58|44739.3|  1| 0.00| 0.00|   0.000|   0.000|    0.000|   0.0|   0.0|    0.0| 0.000|   0.0|   0.000|   0.000|  0.00|   0.0|    0.0|    0.0|                |
|  0|21.58|44739.3|  1|18.68|18.80|  25.444|  51.347| 1507.969|-124.3|  -0.2| 1660.4| 0.000|   0.0|  32.084|  46.806|240.01|   0.0|    0.0|    0.0|F2              |
|   |     |       |  2|18.80|21.06|  13.820|  61.871| 3096.853|-124.2|  -0.1| 3427.1| 0.000|   0.0|  19.043|  56.737|243.23|   0.0|    0.0|    0.0|F2F2            |
|  0|21.58|44739.3|  1|11.21|12.75|  15.413|  40.765| 1811.139| -74.1|  -0.1| 1917.1| 0.000|   0.0|  27.391|  41.042|209.66|   0.0|    0.0|    0.0|F2              |
|   |     |       |  2|12.75|13.79|  -6.119|  43.526| 3440.698| -74.2|  -0.2| 3648.3| 0.000|   0.0|   4.067|  41.653|197.81|   0.0|    0.0|    0.0|F2F2            |
+---+-----+-------+---+-----+-----+--------+--------+---------+------+------+-------+------+------+--------+--------+------+------+-------+-------+----------------+
+---+-----+-------+---+-----+-----+--------+--------+---------+------+------+-------+------+------+--------+--------+------+------+-------+-------+----------------+
|0-x| fr  |  time |hop| d0  | d1  |   fi   |  teta  |   dist  |  at  |  dev |   p   |  df  |  l   |   fot  |   tot  |  rot | lsp  |   pf  |    s  |                |
+---+-----+-------+---+-----+-----+--------+--------+---------+------+------+-------+------+------+--------+--------+------+------+-------+-------+----------------+
|  0|21.58|44782.3|  1|14.51|15.81|  18.254|  40.854| 1605.086| -74.6|  -0.1| 1726.1| 0.000|   0.0|  28.919|  41.237|219.36|   0.0|    0.0|    0.0|F2              |
|   |     |       |  2|15.81|16.93|  -1.330|  42.807| 3069.110| -74.8|  -0.3| 3307.9| 0.000|   0.0|   8.047|  41.410|208.90|   0.0|    0.0|    0.0|F2F2            |
|  0|21.58|44782.3|  1| 0.00| 0.00|   0.000|   0.000|    0.000|   0.0|   0.0|    0.0| 0.000|   0.0|   0.000|   0.000|  0.00|   0.0|    0.0|    0.0|                |
|  0|21.58|44782.3|  1|11.36|12.87|  15.549|  40.874| 1801.849| -74.5|  -0.1| 1908.4| 0.000|   0.0|  27.502|  41.110|210.24|   0.0|    0.0|    0.0|F2              |
|   |     |       |  2|12.87|13.90|  -5.856|  43.687| 3427.317| -74.6|  -0.2| 3636.5| 0.000|   0.0|   4.039|  41.824|198.26|   0.0|    0.0|    0.0|F2F2            |
|  0|21.58|44825.3|  1|20.71|21.98|  21.311|  40.725| 1383.282| -73.9|  -0.1| 1550.3| 0.000|   0.0|  30.529|  41.308|241.61|   0.0|    0.0|    0.0|F2              |
|   |     |       |  2|21.98|23.21|   4.113|  41.668| 2644.208| -74.2|  -0.4| 2973.6| 0.000|   0.0|  12.440|  40.857|231.61|   0.0|    0.0|    0.0|F2F2            |
|   |     |       |  3|23.21|23.59| -11.052|  44.965| 3855.052| -74.5|  -0.7| 4348.0| 0.000|   0.0|  -3.794|  43.046|226.89|   0.0|    0.0|    0.0|F2F2F2          |
|  0|21.58|44825.3|  1|17.59|17.80|  25.224|  51.708| 1549.733|-124.8|  -0.1| 1694.6| 0.000|   0.0|  31.969|  46.970|236.49|   0.0|    0.0|    0.0|F2              |
|   |     |       |  2|17.80|20.32|  13.599|  62.526| 3167.011|-124.7|  -0.0| 3481.5| 0.000|   0.0|  18.914|  57.166|237.96|   0.0|    0.0|    0.0|F2F2            |
|  0|21.58|44825.3|  1| 0.60| 8.21|  13.630|  60.199| 2967.821|-121.5|   0.2| 3067.2| 0.000|   0.0|  22.459|  52.681|195.51|   0.0|    0.0|    0.0|F2              |
|  0|21.58|44825.3|  1|15.81|17.08|  19.150|  40.611| 1540.152| -73.6|  -0.1| 1668.5| 0.000|   0.0|  29.395|  41.154|223.45|   0.0|    0.0|    0.0|F2              |
|   |     |       |  2|17.08|18.27|   0.100|  42.087| 2945.105| -73.8|  -0.3| 3198.4| 0.000|   0.0|   9.232|  40.950|213.03|   0.0|    0.0|    0.0|F2F2            |
|  0|21.58|44868.1|  1|12.07|13.51|  16.210|  40.802| 1753.522| -74.3|  -0.1| 1863.1| 0.000|   0.0|  27.856|  41.108|212.40|   0.0|    0.0|    0.0|F2              |
|   |     |       |  2|13.51|14.59|  -4.813|  43.347| 3339.646| -74.4|  -0.2| 3555.0| 0.000|   0.0|   5.183|  41.599|201.06|   0.0|    0.0|    0.0|F2F2            |
|  0|21.58|44910.9|  1| 0.00| 0.00|   0.000|   0.000|    0.000|   0.0|   0.0|    0.0| 0.000|   0.0|   0.000|   0.000|  0.00|   0.0|    0.0|    0.0|                |
|  0|21.58|44910.9|  1|11.71|13.17|  15.857|  40.782| 1779.025| -74.2|  -0.1| 1887.1| 0.000|   0.0|  27.684|  41.080|211.49|   0.0|    0.0|    0.0|F2              |
|   |     |       |  2|13.17|14.25|  -5.413|  43.424| 3385.878| -74.3|  -0.2| 3598.2| 0.000|   0.0|   4.680|  41.618|200.00|   0.0|    0.0|    0.0|F2F2            |
|  0|21.58|44953.6|  1|20.79|22.04|  21.266|  40.832| 1386.178| -74.4|  -0.1| 1554.6| 0.000|   0.0|  30.418|  41.353|242.35|   0.0|    0.0|    0.0|F2              |
|   |     |       |  2|22.04|23.25|   4.090|  41.881| 2650.519| -74.7|  -0.4| 2982.5| 0.000|   0.0|  12.356|  41.020|232.56|   0.0|    0.0|    0.0|F2F2            |
+---+-----+-------+---+-----+-----+--------+--------+---------+------+------+-------+------+------+--------+--------+------+------+-------+-------+----------------+
|   |     |       |  3|23.25|23.62| -11.022|  45.282| 3866.371| -75.0|  -0.7| 4363.2| 0.000|   0.0|  -3.760|  43.303|228.05|   0.0|    0.0|    0.0|F2F2F2          |
|  0|21.58|44953.6|  1|15.94|17.18|  19.197|  40.611| 1536.747| -73.6|  -0.1| 1666.1| 0.000|   0.0|  29.419|  41.156|224.17|   0.0|    0.0|    0.0|F2              |
|   |     |       |  2|17.18|18.38|   0.164|  42.077| 2940.164| -73.8|  -0.3| 3195.5| 0.000|   0.0|   9.297|  40.945|213.93|   0.0|    0.0|    0.0|F2F2            |
|  0|21.58|44996.3|  1| 0.00| 0.00|   0.000|   0.000|    0.000|   0.0|   0.0|    0.0| 0.000|   0.0|   0.000|   0.000|  0.00|   0.0|    0.0|    0.0|                |
|  0|21.58|44996.3|  1|15.42|16.65|  18.828|  40.949| 1563.436| -75.0|  -0.1| 1689.8| 0.000|   0.0|  29.207|  41.313|222.72|   0.0|    0.0|    0.0|F2              |
|   |     |       |  2|16.65|17.77|  -0.331|  42.820| 2996.769| -75.2|  -0.3| 3246.5| 0.000|   0.0|   8.789|  41.486|212.84|   0.0|    0.0|    0.0|F2F2            |
+==============================================================================+
|   Medium characteristics Sunspot number= 139.8 IG= 122.8   GMT time:12:29    |
|------------------------------------------------------------------------------|
|   S   | fh |  I  |   D  | fd |  hd | fe |  he | ff1 | hf1 | ff2 | hf2 |   Hi |
|-------+----+-----+------+----+-----+----+-----+-----+-----+-----+-----+------|
|    0.0|1.25| 58.8|   3.1|0.18| 81.4|2.68|110.0| 0.00|  0.0|10.69|287.8|  75.6|
+==============================================================================+

+==================================+
|       Es-layer parametres        |
|----------------------------------|
|   S   | hEs | fbEs | f0Es | P Es |
|-------+-----+------+------+------|
|    0.0|110.5| 2.43 | 2.86 | 60.7 |
+==================================+

|  0|21.58|45038.8|  1|20.16|17.49|  48.141|  27.625| 1757.405|  14.3|   0.3| 1947.9| 0.000|   0.0|  43.032|  35.326|252.85|   0.0|    0.0|    0.0|F2              |
|  0|21.58|45081.4|  1|19.93|21.06|  20.994|  41.641| 1406.508| -78.2|  -0.2| 1566.4| 0.000|   0.0|  30.215|  41.757|239.15|   0.0|    0.0|    0.0|F2              |
|   |     |       |  2|21.06|22.05|   3.850|  43.500| 2709.456| -78.4|  -0.4| 3025.8| 0.000|   0.0|  12.092|  42.233|231.08|   0.0|    0.0|    0.0|F2F2            |
|   |     |       |  3|22.05|22.23| -11.073|  47.727| 3982.219| -78.8|  -0.8| 4457.1| 0.000|   0.0|  -3.932|  45.335|228.34|   0.0|    0.0|    0.0|F2F2F2          |
|  0|21.58|45081.4|  1|10.35|11.90|  14.415|  40.823| 1883.861| -74.2|  -0.1| 1987.0| 0.000|   0.0|  26.816|  41.014|208.14|   0.0|    0.0|    0.0|F2              |
|   |     |       |  2|11.90|12.95|  -7.784|  43.977| 3578.083| -74.3|  -0.2| 3780.2| 0.000|   0.0|   2.682|  41.880|196.32|   0.0|    0.0|    0.0|F2F2            |
|  0|21.58|45124.0|  1| 0.02| 5.66|  -0.690|  41.633| 2990.432| -72.5|  -0.0| 3074.9| 0.000|   0.0|  16.005|  40.313|187.13|   0.0|    0.0|    0.0|F2              |
|  0|21.58|45124.0|  1|15.79|17.02|  19.077|  40.441| 1545.799| -72.9|  -0.1| 1674.5| 0.000|   0.0|  29.299|  41.055|223.94|   0.0|    0.0|    0.0|F2              |
|   |     |       |  2|17.02|18.25|  -0.155|  41.799| 2956.075| -73.1|  -0.3| 3210.1| 0.000|   0.0|   9.028|  40.716|213.67|   0.0|    0.0|    0.0|F2F2            |
|  0|21.58|45124.0|  1|14.83|16.06|  18.395|  41.027| 1595.223| -75.3|  -0.1| 1718.5| 0.000|   0.0|  29.007|  41.335|221.17|   0.0|    0.0|    0.0|F2              |
|   |     |       |  2|16.06|17.15|  -1.073|  43.102| 3059.295| -75.5|  -0.3| 3302.9| 0.000|   0.0|   8.207|  41.651|211.44|   0.0|    0.0|    0.0|F2F2            |
|  0|21.58|45124.0|  1| 5.24| 7.75|   7.586|  41.306| 2385.342| -74.2|  -0.0| 2475.4| 0.000|   0.0|  22.634|  40.812|196.02|   0.0|    0.0|    0.0|F2              |
|  0|21.58|45177.3|  1| 0.00| 0.00|   0.000|   0.000|    0.000|   0.0|   0.0|    0.0| 0.000|   0.0|   0.000|   0.000|  0.00|   0.0|    0.0|    0.0|                |
|  0|21.58|45177.3|  1|10.60|12.11|  14.664|  40.873| 1866.154| -74.4|  -0.1| 1970.3| 0.000|   0.0|  26.968|  41.056|209.03|   0.0|    0.0|    0.0|F2              |
+---+-----+-------+---+-----+-----+--------+--------+---------+------+------+-------+------+------+--------+--------+------+------+-------+-------+----------------+
|   |     |       |  2|12.11|13.16|  -7.385|  43.994| 3549.693| -74.5|  -0.2| 3754.0| 0.000|   0.0|   2.768|  41.955|197.14|   0.0|    0.0|    0.0|F2F2            |
|  0|21.58|45220.0|  1|10.47|11.99|  14.515|  40.908| 1877.214| -74.5|  -0.1| 1980.9| 0.000|   0.0|  26.847|  41.063|208.75|   0.0|    0.0|    0.0|F2              |
|   |     |       |  2|11.99|13.03|  -7.621|  44.109| 3571.292| -74.6|  -0.2| 3774.8| 0.000|   0.0|   2.830|  41.988|197.33|   0.0|    0.0|    0.0|F2F2            |
|  0|21.58|45262.7|  1|21.84|22.02|  30.162|  54.012| 1487.167|-144.1|  -0.2| 1679.4| 0.000|   0.0|  34.549|  48.245|258.32|   0.0|    0.0|    0.0|F2              |
|   |     |       |  2|22.02|23.95|  22.911|  66.142| 3004.829|-144.2|  -0.3| 3409.6| 0.000|   0.0|  26.256|  60.128|258.43|   0.0|    0.0|    0.0|F2F2            |
|  0|21.58|45262.7|  1|13.08|14.36|  17.008|  41.159| 1697.028| -75.7|  -0.1| 1811.6| 0.000|   0.0|  28.230|  41.332|216.24|   0.0|    0.0|    0.0|F2              |
|   |     |       |  2|14.36|15.41|  -3.410|  43.781| 3252.256| -75.9|  -0.3| 3478.6| 0.000|   0.0|   6.266|  42.023|206.34|   0.0|    0.0|    0.0|F2F2            |
|  0|21.58|45305.3|  1| 0.00| 0.00|   0.000|   0.000|    0.000|   0.0|   0.0|    0.0| 0.000|   0.0|   0.000|   0.000|  0.00|   0.0|    0.0|    0.0|                |
|  0|21.58|45305.3|  1|11.67|13.07|  15.726|  40.897| 1789.050| -74.6|  -0.1| 1897.4| 0.000|   0.0|  27.509|  41.125|212.18|   0.0|    0.0|    0.0|F2              |
|   |     |       |  2|13.07|14.15|  -5.665|  43.700| 3413.890| -74.7|  -0.2| 3627.3| 0.000|   0.0|   4.494|  41.806|201.41|   0.0|    0.0|    0.0|F2F2            |
|  0|21.58|45347.8|  1|11.26|12.70|  15.318|  40.597| 1817.377| -73.5|  -0.1| 1924.1| 0.000|   0.0|  27.345|  40.950|211.05|   0.0|    0.0|    0.0|F2              |
|   |     |       |  2|12.70|13.83|  -6.485|  43.280| 3458.607| -73.6|  -0.2| 3668.2| 0.000|   0.0|   3.828|  41.434|199.65|   0.0|    0.0|    0.0|F2F2            |
|  0|21.58|45347.8|  1| 6.24| 8.45|   9.013|  40.646| 2272.900| -72.7|  -0.0| 2364.7| 0.000|   0.0|  23.761|  40.572|198.55|   0.0|    0.0|    0.0|F2              |
|   |     |       |  2| 8.45| 9.34| -16.323|  45.519| 4261.110| -72.8|  -0.1| 4439.1| 0.000|   0.0|  -4.814|  42.472|184.53|   0.0|    0.0|    0.0|F2F2            |
|  0|21.58|45347.8|  1|11.14|12.57|  15.189|  40.913| 1828.236| -74.6|  -0.1| 1934.6| 0.000|   0.0|  27.281|  41.108|210.86|   0.0|    0.0|    0.0|F2              |
|   |     |       |  2|12.57|13.64|  -6.554|  43.907| 3486.082| -74.7|  -0.2| 3695.2| 0.000|   0.0|   3.708|  41.909|199.87|   0.0|    0.0|    0.0|F2F2            |
|  0|21.58|45347.8|  1| 0.00| 0.00|   0.000|   0.000|    0.000|   0.0|   0.0|    0.0| 0.000|   0.0|   0.000|   0.000|  0.00|   0.0|    0.0|    0.0|                |
|  0|21.58|45347.8|  1|17.81|18.99|  20.142|  40.536| 1468.595| -73.2|  -0.1| 1611.2| 0.000|   0.0|  29.950|  41.164|231.43|   0.0|    0.0|    0.0|F2              |
|   |     |       |  2|18.99|20.21|   1.764|  41.662| 2814.195| -73.4|  -0.3| 3096.1| 0.000|   0.0|  10.580|  40.724|221.78|   0.0|    0.0|    0.0|F2F2            |
|   |     |       |  3|20.21|20.60| -14.148|  45.380| 4097.692| -73.6|  -0.5| 4518.9| 0.000|   0.0|  -6.745|  43.275|216.21|   0.0|    0.0|    0.0|F2F2F2          |
+---+-----+-------+---+-----+-----+--------+--------+---------+------+------+-------+------+------+--------+--------+------+------+-------+-------+----------------+
+---+-----+-------+---+-----+-----+--------+--------+---------+------+------+-------+------+------+--------+--------+------+------+-------+-------+----------------+
|0-x| fr  |  time |hop| d0  | d1  |   fi   |  teta  |   dist  |  at  |  dev |   p   |  df  |  l   |   fot  |   tot  |  rot | lsp  |   pf  |    s  |                |
+---+-----+-------+---+-----+-----+--------+--------+---------+------+------+-------+------+------+--------+--------+------+------+-------+-------+----------------+
|  0|21.58|45347.8|  1|13.51|14.79|  17.357|  40.758| 1670.101| -74.2|  -0.1| 1786.7| 0.000|   0.0|  28.520|  41.149|217.55|   0.0|    0.0|    0.0|F2              |
|   |     |       |  2|14.79|15.92|  -3.010|  42.927| 3194.902| -74.3|  -0.2| 3425.0| 0.000|   0.0|   6.713|  41.391|207.29|   0.0|    0.0|    0.0|F2F2            |
|  0|21.58|45401.0|  1|23.67|24.02|  25.715|  52.442| 1578.921|-128.1|  -0.3| 1817.6| 0.000|   0.0|  31.796|  47.616|270.52|   0.0|    0.0|    0.0|F2              |
|   |     |       |  2|24.02|26.00|  15.151|  63.322| 3142.683|-128.1|  -0.3| 3635.9| 0.000|   0.0|  20.025|  57.910|275.16|   0.0|    0.0|    0.0|F2F2            |
|  0|21.58|45401.0|  1|13.95|15.20|  17.695|  40.781| 1645.634| -74.3|  -0.1| 1764.5| 0.000|   0.0|  28.578|  41.168|218.91|   0.0|    0.0|    0.0|F2              |
|   |     |       |  2|15.20|16.33|  -2.435|  42.867| 3151.303| -74.5|  -0.3| 3386.1| 0.000|   0.0|   7.132|  41.387|208.95|   0.0|    0.0|    0.0|F2F2            |
|  0|21.58|45401.0|  1|14.08|15.30|  17.785|  41.088| 1639.904| -75.5|  -0.1| 1759.5| 0.000|   0.0|  28.616|  41.332|219.42|   0.0|    0.0|    0.0|F2              |
|   |     |       |  2|15.30|16.37|  -2.148|  43.413| 3147.668| -75.7|  -0.3| 3384.3| 0.000|   0.0|   7.339|  41.819|209.98|   0.0|    0.0|    0.0|F2F2            |
|  0|21.58|45443.7|  1|18.93|20.06|  20.553|  41.201| 1437.750| -76.1|  -0.1| 1589.7| 0.000|   0.0|  30.060|  41.516|235.99|   0.0|    0.0|    0.0|F2              |
|   |     |       |  2|20.06|21.14|   2.824|  42.793| 2765.311| -76.4|  -0.4| 3065.8| 0.000|   0.0|  11.360|  41.640|227.53|   0.0|    0.0|    0.0|F2F2            |
|   |     |       |  3|21.14|21.42| -12.549|  46.857| 4049.259| -76.7|  -0.7| 4499.5| 0.000|   0.0|  -5.425|  44.598|223.26|   0.0|    0.0|    0.0|F2F2F2          |
|  0|21.58|45443.7|  1| 9.59|11.15|  13.480|  41.225| 1955.198| -75.4|  -0.1| 2056.2| 0.000|   0.0|  26.223|  41.167|207.01|   0.0|    0.0|    0.0|F2              |
|   |     |       |  2|11.15|12.13|  -9.210|  45.058| 3724.748| -75.5|  -0.2| 3923.2| 0.000|   0.0|   1.204|  42.641|195.67|   0.0|    0.0|    0.0|F2F2            |
|  0|21.58|45443.7|  1|19.53|19.74|  24.549|  50.199| 1480.729|-118.6|  -0.2| 1640.9| 0.000|   0.0|  31.685|  46.188|243.92|   0.0|    0.0|    0.0|F2              |
|   |     |       |  2|19.74|21.35|  12.001|  59.734| 3036.259|-118.6|  -0.2| 3378.6| 0.000|   0.0|  17.507|  55.148|247.25|   0.0|    0.0|    0.0|F2F2            |
|  0|21.58|45443.7|  1|11.57|12.94|  15.598|  41.097| 1799.617| -75.3|  -0.1| 1907.8| 0.000|   0.0|  27.465|  41.224|212.29|   0.0|    0.0|    0.0|F2              |
|   |     |       |  2|12.94|13.98|  -5.826|  44.122| 3440.996| -75.4|  -0.2| 3654.3| 0.000|   0.0|   4.335|  42.115|201.96|   0.0|    0.0|    0.0|F2F2            |
|  0|21.58|45443.7|  1| 0.00| 0.00|   0.000|   0.000|    0.000|   0.0|   0.0|    0.0| 0.000|   0.0|   0.000|   0.000|  0.00|   0.0|    0.0|    0.0|                |
|  0|21.58|45443.7|  1|13.25|14.51|  17.115|  40.998| 1688.427| -75.1|  -0.1| 1804.0| 0.000|   0.0|  28.284|  41.253|217.02|   0.0|    0.0|    0.0|F2              |
|   |     |       |  2|14.51|15.59|  -3.335|  43.454| 3235.688| -75.3|  -0.3| 3463.9| 0.000|   0.0|   6.423|  41.770|207.21|   0.0|    0.0|    0.0|F2F2            |
+---+-----+-------+---+-----+-----+--------+--------+---------+------+------+-------+------+------+--------+--------+------+------+-------+-------+----------------+
+---+-----+-------+---+-----+-----+--------+--------+---------+------+------+-------+------+------+--------+--------+------+------+-------+-------+----------------+
|0-x| fr  |  time |hop| d0  | d1  |   fi   |  teta  |   dist  |  at  |  dev |   p   |  df  |  l   |   fot  |   tot  |  rot | lsp  |   pf  |    s  |                |
+---+-----+-------+---+-----+-----+--------+--------+---------+------+------+-------+------+------+--------+--------+------+------+-------+-------+----------------+
|  0|21.58|45486.4|  1|13.18|14.44|  17.047|  41.026| 1693.496| -75.2|  -0.1| 1808.8| 0.000|   0.0|  28.265|  41.265|216.93|   0.0|    0.0|    0.0|F2              |
|   |     |       |  2|14.44|15.51|  -3.448|  43.530| 3246.443| -75.4|  -0.3| 3474.2| 0.000|   0.0|   6.276|  41.827|207.16|   0.0|    0.0|    0.0|F2F2            |
|  0|21.58|45529.0|  1|21.83|22.02|  25.644|  50.900| 1461.216|-123.3|  -0.2| 1649.5| 0.000|   0.0|  32.118|  46.637|255.69|   0.0|    0.0|    0.0|F2              |
|   |     |       |  2|22.02|23.69|  14.159|  60.890| 2992.022|-123.3|  -0.2| 3392.7| 0.000|   0.0|  19.496|  55.853|261.11|   0.0|    0.0|    0.0|F2F2            |
|  0|21.58|45529.0|  1|16.52|17.66|  19.392|  40.948| 1522.349| -75.0|  -0.1| 1656.3| 0.000|   0.0|  29.453|  41.334|227.37|   0.0|    0.0|    0.0|F2              |
|   |     |       |  2|17.66|18.78|   0.575|  42.664| 2926.200| -75.2|  -0.3| 3191.4| 0.000|   0.0|   9.591|  41.414|218.50|   0.0|    0.0|    0.0|F2F2            |
|  0|21.58|45529.0|  1|14.94|16.12|  18.388|  40.978| 1595.566| -75.1|  -0.1| 1720.0| 0.000|   0.0|  28.920|  41.302|222.25|   0.0|    0.0|    0.0|F2              |
|   |     |       |  2|16.12|17.22|  -1.180|  43.025| 3064.725| -75.3|  -0.3| 3310.9| 0.000|   0.0|   8.197|  41.579|213.12|   0.0|    0.0|    0.0|F2F2            |
|  0|21.58|45572.1|  1| 0.00| 0.00|   0.000|   0.000|    0.000|   0.0|   0.0|    0.0| 0.000|   0.0|   0.000|   0.000|  0.00|   0.0|    0.0|    0.0|                |
|  0|21.58|45572.1|  1| 2.10| 5.98|   2.348|  41.552| 2769.475| -73.3|  -0.0| 2856.1| 0.000|   0.0|  18.933|  40.529|191.47|   0.0|    0.0|    0.0|F2              |
|  0|21.58|45572.1|  1| 0.00| 0.00|   0.000|   0.000|    0.000|   0.0|   0.0|    0.0| 0.000|   0.0|   0.000|   0.000|  0.00|   0.0|    0.0|    0.0|                |
|  0|21.58|45615.2|  1|15.00|16.17|  18.413|  40.928| 1593.691| -74.9|  -0.1| 1718.5| 0.000|   0.0|  29.013|  41.284|222.67|   0.0|    0.0|    0.0|F2              |
|   |     |       |  2|16.17|17.28|  -1.174|  42.926| 3061.339| -75.1|  -0.3| 3308.4| 0.000|   0.0|   8.140|  41.512|213.48|   0.0|    0.0|    0.0|F2F2            |
|  0|21.58|45658.2|  1|14.57|15.75|  18.100|  40.905| 1616.424| -74.8|  -0.1| 1738.9| 0.000|   0.0|  28.813|  41.254|221.38|   0.0|    0.0|    0.0|F2              |
|   |     |       |  2|15.75|16.86|  -1.734|  42.983| 3103.864| -75.0|  -0.3| 3346.3| 0.000|   0.0|   7.749|  41.513|212.18|   0.0|    0.0|    0.0|F2F2            |
|  0|21.58|45701.3|  1| 9.65|11.17|  13.484|  41.043| 1953.232| -74.8|  -0.1| 2054.6| 0.000|   0.0|  26.414|  41.082|207.73|   0.0|    0.0|    0.0|F2              |
|   |     |       |  2|11.17|12.21|  -9.344|  44.735| 3721.281| -74.9|  -0.2| 3920.5| 0.000|   0.0|   1.141|  42.380|196.36|   0.0|    0.0|    0.0|F2F2            |
|  0|21.58|45701.3|  1|14.64|15.81|  18.142|  40.880| 1613.312| -74.7|  -0.1| 1736.3| 0.000|   0.0|  28.907|  41.249|221.72|   0.0|    0.0|    0.0|F2              |
|   |     |       |  2|15.81|16.93|  -1.680|  42.923| 3098.128| -74.9|  -0.3| 3341.4| 0.000|   0.0|   7.795|  41.471|212.51|   0.0|    0.0|    0.0|F2F2            |
|  0|21.58|45701.3|  1|17.95|19.03|  20.074|  41.410| 1473.388| -77.0|  -0.1| 1617.9| 0.000|   0.0|  29.809|  41.604|232.97|   0.0|    0.0|    0.0|F2              |
+---+-----+-------+---+-----+-----+--------+--------+---------+------+------+-------+------+------+--------+--------+------+------+-------+-------+----------------+
|   |     |       |  2|19.03|20.04|   1.985|  43.337| 2842.204| -77.3|  -0.4| 3128.7| 0.000|   0.0|  10.685|  42.003|225.17|   0.0|    0.0|    0.0|F2F2            |
|  0|21.58|45701.3|  1| 0.00| 0.00|   0.000|   0.000|    0.000|   0.0|   0.0|    0.0| 0.000|   0.0|   0.000|   0.000|  0.00|   0.0|    0.0|    0.0|                |
|  0|21.58|45701.3|  1|12.43|13.69|  16.349|  41.180| 1745.292| -75.7|  -0.1| 1857.4| 0.000|   0.0|  27.917|  41.311|215.28|   0.0|    0.0|    0.0|F2              |
|   |     |       |  2|13.69|14.74|  -4.604|  44.052| 3349.140| -75.8|  -0.2| 3570.8| 0.000|   0.0|   5.340|  42.143|205.78|   0.0|    0.0|    0.0|F2F2            |
|  0|21.58|45701.3|  1|15.71|16.85|  18.863|  40.949| 1560.898| -75.0|  -0.1| 1690.0| 0.000|   0.0|  29.226|  41.315|225.11|   0.0|    0.0|    0.0|F2              |
|   |     |       |  2|16.85|17.96|  -0.389|  42.831| 3001.280| -75.2|  -0.3| 3257.0| 0.000|   0.0|   8.784|  41.486|216.25|   0.0|    0.0|    0.0|F2F2            |
|  0|21.58|45755.0|  1| 8.36|10.04|  11.884|  41.134| 2070.536| -74.8|  -0.1| 2168.0| 0.000|   0.0|  25.217|  41.015|204.33|   0.0|    0.0|    0.0|F2              |
|   |     |       |  2|10.04|11.04| -11.844|  45.451| 3933.622| -74.9|  -0.2| 4124.9| 0.000|   0.0|  -0.996|  42.749|192.83|   0.0|    0.0|    0.0|F2F2            |
|  0|21.58|45798.0|  1|21.26|21.51|  27.461|  52.481| 1481.832|-132.6|  -0.2| 1665.8| 0.000|   0.0|  32.982|  47.541|254.81|   0.0|    0.0|    0.0|F2              |
|   |     |       |  2|21.51|23.60|  17.837|  63.580| 3011.629|-132.6|  -0.2| 3403.2| 0.000|   0.0|  22.196|  58.153|256.94|   0.0|    0.0|    0.0|F2F2            |
|  0|21.58|45798.0|  1| 0.00| 0.00|   0.000|   0.000|    0.000|   0.0|   0.0|    0.0| 0.000|   0.0|   0.000|   0.000|  0.00|   0.0|    0.0|    0.0|                |
|  0|21.58|45851.7|  1|22.13|22.47|  24.350|  49.808| 1467.072|-116.8|  -0.2| 1661.9| 0.000|   0.0|  31.489|  46.032|257.75|   0.0|    0.0|    0.0|F2              |
|   |     |       |  2|22.47|23.59|  11.735|  58.871| 2985.303|-116.9|  -0.3| 3393.3| 0.000|   0.0|  17.545|  54.299|262.98|   0.0|    0.0|    0.0|F2F2            |
|  0|21.58|45851.7|  1| 0.00| 0.00|   0.000|   0.000|    0.000|   0.0|   0.0|    0.0| 0.000|   0.0|   0.000|   0.000|  0.00|   0.0|    0.0|    0.0|                |
|  0|21.58|45851.7|  1|11.95|13.25|  15.878|  40.671| 1777.102| -73.8|  -0.1| 1887.1| 0.000|   0.0|  27.762|  41.029|214.06|   0.0|    0.0|    0.0|F2              |
|   |     |       |  2|13.25|14.40|  -5.644|  43.262| 3397.071| -73.9|  -0.2| 3614.1| 0.000|   0.0|   4.531|  41.475|203.73|   0.0|    0.0|    0.0|F2F2            |
|  0|21.58|45894.9|  1|21.35|21.61|  26.060|  51.407| 1474.682|-125.9|  -0.2| 1658.9| 0.000|   0.0|  32.211|  46.980|254.41|   0.0|    0.0|    0.0|F2              |
|   |     |       |  2|21.61|23.50|  15.099|  61.730| 3005.723|-125.9|  -0.2| 3397.8| 0.000|   0.0|  20.103|  56.624|258.32|   0.0|    0.0|    0.0|F2F2            |
|  0|21.58|45894.9|  1|10.56|11.96|  14.455|  40.881| 1881.328| -74.4|  -0.1| 1986.0| 0.000|   0.0|  26.918|  41.053|210.42|   0.0|    0.0|    0.0|F2              |
|   |     |       |  2|11.96|13.06|  -7.895|  44.123| 3591.729| -74.5|  -0.2| 3797.9| 0.000|   0.0|   2.380|  42.012|199.48|   0.0|    0.0|    0.0|F2F2            |
+---+-----+-------+---+-----+-----+--------+--------+---------+------+------+-------+------+------+--------+--------+------+------+-------+-------+----------------+
+---+-----+-------+---+-----+-----+--------+--------+---------+------+------+-------+------+------+--------+--------+------+------+-------+-------+----------------+
|0-x| fr  |  time |hop| d0  | d1  |   fi   |  teta  |   dist  |  at  |  dev |   p   |  df  |  l   |   fot  |   tot  |  rot | lsp  |   pf  |    s  |                |
+---+-----+-------+---+-----+-----+--------+--------+---------+------+------+-------+------+------+--------+--------+------+------+-------+-------+----------------+
|  0|21.58|45948.4|  1| 0.00| 0.00|   0.000|   0.000|    0.000|   0.0|   0.0|    0.0| 0.000|   0.0|   0.000|   0.000|  0.00|   0.0|    0.0|    0.0|                |
|  0|21.58|45948.4|  1|11.86|13.14|  15.766|  40.952| 1786.489| -74.8|  -0.1| 1896.3| 0.000|   0.0|  27.595|  41.160|214.07|   0.0|    0.0|    0.0|F2              |
|   |     |       |  2|13.14|14.24|  -5.727|  43.826| 3422.945| -74.9|  -0.2| 3639.9| 0.000|   0.0|   4.418|  41.899|204.32|   0.0|    0.0|    0.0|F2F2            |
|  0|21.58|45991.4|  1| 0.00| 0.00|   0.000|   0.000|    0.000|   0.0|   0.0|    0.0| 0.000|   0.0|   0.000|   0.000|  0.00|   0.0|    0.0|    0.0|                |
|  0|21.58|45991.4|  1|22.88|23.32|  25.697|  51.985| 1542.843|-126.8|  -0.3| 1762.9| 0.000|   0.0|  32.087|  47.191|266.45|   0.0|    0.0|    0.0|F2              |
|   |     |       |  2|23.32|25.18|  14.945|  62.540| 3085.851|-126.7|  -0.2| 3543.4| 0.000|   0.0|  19.921|  57.262|269.59|   0.0|    0.0|    0.0|F2F2            |
|  0|21.58|45991.4|  1|14.69|15.82|  18.109|  41.031| 1616.092| -75.3|  -0.1| 1739.7| 0.000|   0.0|  28.636|  41.307|222.18|   0.0|    0.0|    0.0|F2              |
|   |     |       |  2|15.82|16.90|  -1.724|  43.228| 3110.760| -75.5|  -0.3| 3355.8| 0.000|   0.0|   7.735|  41.701|213.98|   0.0|    0.0|    0.0|F2F2            |
|  0|21.58|46034.5|  1| 0.00| 0.00|   0.000|   0.000|    0.000|   0.0|   0.0|    0.0| 0.000|   0.0|   0.000|   0.000|  0.00|   0.0|    0.0|    0.0|                |
|  0|21.58|46034.5|  1|15.00|16.15|  18.344|  40.429| 1598.696| -72.9|  -0.1| 1724.1| 0.000|   0.0|  29.031|  41.027|223.41|   0.0|    0.0|    0.0|F2              |
|   |     |       |  2|16.15|17.36|  -1.598|  42.028| 3066.273| -73.0|  -0.2| 3314.2| 0.000|   0.0|   7.918|  40.797|214.10|   0.0|    0.0|    0.0|F2F2            |
|  0|21.58|46077.2|  1| 0.00| 0.00|   0.000|   0.000|    0.000|   0.0|   0.0|    0.0| 0.000|   0.0|   0.000|   0.000|  0.00|   0.0|    0.0|    0.0|                |
|  0|21.58|46077.2|  1| 0.00| 0.00|   0.000|   0.000|    0.000|   0.0|   0.0|    0.0| 0.000|   0.0|   0.000|   0.000|  0.00|   0.0|    0.0|    0.0|                |
|  0|21.58|46077.2|  1|20.88|22.08|  20.739|  41.109| 1424.122| -75.7|  -0.1| 1599.9| 0.000|   0.0|  29.967|  41.462|246.36|   0.0|    0.0|    0.0|F2              |
|   |     |       |  2|22.08|23.15|   3.363|  42.529| 2718.942| -76.0|  -0.4| 3063.3| 0.000|   0.0|  11.766|  41.472|237.75|   0.0|    0.0|    0.0|F2F2            |
|   |     |       |  3|23.15|23.52| -11.779|  46.353| 3969.279| -76.3|  -0.7| 4483.6| 0.000|   0.0|  -4.684|  44.196|233.48|   0.0|    0.0|    0.0|F2F2F2          |
|  0|21.58|46141.2|  1| 0.00| 0.00|   0.000|   0.000|    0.000|   0.0|   0.0|    0.0| 0.000|   0.0|   0.000|   0.000|  0.00|   0.0|    0.0|    0.0|                |
|  0|21.58|46141.2|  1|12.76|13.96|  16.551|  40.662| 1728.318| -73.8|  -0.1| 1842.3| 0.000|   0.0|  28.046|  41.053|216.91|   0.0|    0.0|    0.0|F2              |
|   |     |       |  2|13.96|15.13|  -4.586|  43.039| 3312.857| -73.9|  -0.2| 3538.1| 0.000|   0.0|   5.419|  41.374|207.37|   0.0|    0.0|    0.0|F2F2            |
|  0|21.58|46194.8|  1| 0.00| 0.00|   0.000|   0.000|    0.000|   0.0|   0.0|    0.0| 0.000|   0.0|   0.000|   0.000|  0.00|   0.0|    0.0|    0.0|                |
+---+-----+-------+---+-----+-----+--------+--------+---------+------+------+-------+------+------+--------+--------+------+------+-------+-------+----------------+
+---+-----+-------+---+-----+-----+--------+--------+---------+------+------+-------+------+------+--------+--------+------+------+-------+-------+----------------+
|0-x| fr  |  time |hop| d0  | d1  |   fi   |  teta  |   dist  |  at  |  dev |   p   |  df  |  l   |   fot  |   tot  |  rot | lsp  |   pf  |    s  |                |
+---+-----+-------+---+-----+-----+--------+--------+---------+------+------+-------+------+------+--------+--------+------+------+-------+-------+----------------+
|  0|21.58|46194.8|  1|17.77|18.23|  26.291|  52.537| 1553.012|-129.7|  -0.1| 1702.4| 0.000|   0.0|  32.467|  47.446|240.42|   0.0|    0.0|    0.0|F2              |
|   |     |       |  2|18.23|20.66|  15.854|  63.789| 3143.370|-129.7|  -0.1| 3464.1| 0.000|   0.0|  20.633|  58.215|238.71|   0.0|    0.0|    0.0|F2F2            |
|  0|21.58|46194.8|  1|12.91|11.81|  63.727|  33.522| 1918.574|  49.0|   0.3| 2040.8| 0.000|   0.0|  50.215|  37.603|225.48|   0.0|    0.0|    0.0|F2              |
|  0|21.58|46194.8|  1|13.11|14.29|  16.843|  40.605| 1707.081| -73.6|  -0.1| 1822.7| 0.000|   0.0|  28.021|  41.023|217.72|   0.0|    0.0|    0.0|F2              |
|   |     |       |  2|14.29|15.47|  -4.129|  42.841| 3273.335| -73.7|  -0.2| 3502.0| 0.000|   0.0|   5.794|  41.255|208.60|   0.0|    0.0|    0.0|F2F2            |
|  0|21.58|46238.2|  1|11.15|12.43|  14.994|  40.949| 1842.621| -74.7|  -0.1| 1949.9| 0.000|   0.0|  27.284|  41.124|212.77|   0.0|    0.0|    0.0|F2              |
|   |     |       |  2|12.43|13.55|  -7.070|  44.091| 3530.477| -74.8|  -0.2| 3742.4| 0.000|   0.0|   3.349|  42.002|203.06|   0.0|    0.0|    0.0|F2F2            |
|  0|21.58|46281.3|  1| 0.00| 0.00|   0.000|   0.000|    0.000|   0.0|   0.0|    0.0| 0.000|   0.0|   0.000|   0.000|  0.00|   0.0|    0.0|    0.0|                |
|  0|21.58|46281.3|  1|12.36|13.14|  19.922|  50.581| 1822.917|-111.4|  -0.1| 1939.5| 0.000|   0.0|  28.782|  46.379|220.79|   0.0|    0.0|    0.0|F2              |
|   |     |       |  2|13.14|15.67|   4.626|  60.970| 3637.986|-111.2|   0.1| 3887.3| 0.000|   0.0|  11.493|  55.807|217.98|   0.0|    0.0|    0.0|F2F2            |
|  0|21.58|46281.3|  1| 9.57|11.00|  13.235|  40.780| 1969.180| -73.9|  -0.1| 2070.7| 0.000|   0.0|  26.094|  40.917|208.39|   0.0|    0.0|    0.0|F2              |
|   |     |       |  2|11.00|12.15| -10.000|  44.373| 3754.349| -74.0|  -0.2| 3954.2| 0.000|   0.0|   0.900|  42.011|197.85|   0.0|    0.0|    0.0|F2F2            |
|  0|21.58|46324.2|  1|10.84|12.14|  14.648|  40.845| 1867.086| -74.3|  -0.1| 1973.2| 0.000|   0.0|  26.851|  41.033|211.77|   0.0|    0.0|    0.0|F2              |
|   |     |       |  2|12.14|13.28|  -7.700|  44.019| 3573.563| -74.4|  -0.2| 3783.1| 0.000|   0.0|   2.826|  41.904|202.16|   0.0|    0.0|    0.0|F2F2            |
|  0|21.58|46367.1|  1| 0.00| 0.00|   0.000|   0.000|    0.000|   0.0|   0.0|    0.0| 0.000|   0.0|   0.000|   0.000|  0.00|   0.0|    0.0|    0.0|                |
|  0|21.58|46367.1|  1| 7.44| 9.15|  10.456|  41.032| 2173.162| -74.1|  -0.0| 2268.8| 0.000|   0.0|  24.509|  40.873|203.59|   0.0|    0.0|    0.0|F2              |
|   |     |       |  2| 9.15|10.24| -14.243|  45.808| 4124.045| -74.3|  -0.2| 4311.6| 0.000|   0.0|  -3.002|  42.835|191.97|   0.0|    0.0|    0.0|F2F2            |
|  0|21.58|46410.0|  1|15.54|16.33|  21.038|  34.277| 1594.608| -47.0|   0.1| 1724.1| 0.000|   0.0|  31.094|  38.039|225.92|   0.0|    0.0|    0.0|F2              |
|   |     |       |  2|16.33|16.81|  -3.807|  29.843| 3130.562| -46.7|   0.4| 3389.5| 0.000|   0.0|   8.974|  31.442|222.60|   0.0|    0.0|    0.0|F2F2            |
|  0|21.58|46410.0|  1| 8.55|10.07|  11.938|  40.970| 2064.861| -74.3|  -0.1| 2163.4| 0.000|   0.0|  25.584|  40.950|206.50|   0.0|    0.0|    0.0|F2              |
+---+-----+-------+---+-----+-----+--------+--------+---------+------+------+-------+------+------+--------+--------+------+------+-------+-------+----------------+
|   |     |       |  2|10.07|11.20| -11.995|  45.182| 3932.854| -74.4|  -0.2| 4126.8| 0.000|   0.0|  -1.075|  42.525|195.25|   0.0|    0.0|    0.0|F2F2            |
|  0|21.58|46453.1|  1|10.07|12.43|  28.374|  58.269| 1982.989|-146.6|  -0.1| 2096.6| 0.000|   0.0|  33.165|  50.728|220.13|   0.0|    0.0|    0.0|F2              |
|   |     |       |  2|12.43|12.80|  20.433|  74.706| 3979.891|-146.8|  -0.3| 4221.8| 0.000|   0.0|  24.046|  66.543|206.29|   0.0|    0.0|    0.0|F2F2            |
|  0|21.58|46453.1|  1|14.14|15.24|  17.606|  40.679| 1651.901| -73.9|  -0.1| 1773.1| 0.000|   0.0|  28.479|  41.106|221.49|   0.0|    0.0|    0.0|F2              |
|   |     |       |  2|15.24|16.40|  -2.833|  42.743| 3176.396| -74.0|  -0.2| 3416.5| 0.000|   0.0|   6.872|  41.262|213.09|   0.0|    0.0|    0.0|F2F2            |
|  0|21.58|46496.2|  1|16.93|17.96|  19.367|  41.019| 1524.228| -75.3|  -0.1| 1663.0| 0.000|   0.0|  29.333|  41.362|230.84|   0.0|    0.0|    0.0|F2              |
|   |     |       |  2|17.96|19.02|   0.457|  42.821| 2939.246| -75.5|  -0.3| 3214.1| 0.000|   0.0|   9.526|  41.523|223.51|   0.0|    0.0|    0.0|F2F2            |
|  0|21.58|46539.3|  1|22.48|23.17|  26.966|  53.424| 1591.383|-133.8|  -0.3| 1815.6| 0.000|   0.0|  32.519|  48.132|267.76|   0.0|    0.0|    0.0|F2              |
|   |     |       |  2|23.17|24.99|  17.820|  64.622| 3109.405|-133.8|  -0.3| 3563.9| 0.000|   0.0|  21.975|  59.140|266.35|   0.0|    0.0|    0.0|F2F2            |
|  0|21.58|46539.3|  1|10.05|11.37|  13.723|  40.851| 1934.314| -74.2|  -0.1| 2037.7| 0.000|   0.0|  26.447|  40.989|210.32|   0.0|    0.0|    0.0|F2              |
|   |     |       |  2|11.37|12.54|  -9.251|  44.356| 3699.259| -74.3|  -0.2| 3903.4| 0.000|   0.0|   1.505|  42.053|200.40|   0.0|    0.0|    0.0|F2F2            |
|  0|21.58|46582.2|  1| 0.00| 0.00|   0.000|   0.000|    0.000|   0.0|   0.0|    0.0| 0.000|   0.0|   0.000|   0.000|  0.00|   0.0|    0.0|    0.0|                |
|  0|21.58|46582.2|  1|10.03|11.35|  13.685|  40.672| 1935.809| -73.6|  -0.1| 2039.1| 0.000|   0.0|  26.457|  40.895|210.31|   0.0|    0.0|    0.0|F2              |
|   |     |       |  2|11.35|12.57|  -9.400|  44.039| 3697.658| -73.7|  -0.2| 3901.4| 0.000|   0.0|   1.167|  41.837|199.76|   0.0|    0.0|    0.0|F2F2            |
|  0|21.58|46625.4|  1|21.23|21.75|  28.059|  53.244| 1517.013|-136.2|  -0.2| 1708.3| 0.000|   0.0|  33.089|  48.124|257.56|   0.0|    0.0|    0.0|F2              |
|   |     |       |  2|21.75|23.57|  19.303|  64.651| 3033.091|-136.3|  -0.3| 3431.6| 0.000|   0.0|  23.265|  59.078|257.29|   0.0|    0.0|    0.0|F2F2            |
|  0|21.58|46625.4|  1| 9.77|11.12|  13.371|  40.440| 1957.156| -72.8|  -0.1| 2059.6| 0.000|   0.0|  26.314|  40.755|209.66|   0.0|    0.0|    0.0|F2              |
|   |     |       |  2|11.12|12.38| -10.023|  43.721| 3730.285| -72.9|  -0.2| 3931.9| 0.000|   0.0|   0.934|  41.511|198.99|   0.0|    0.0|    0.0|F2F2            |
|  0|21.58|46668.5|  1| 0.00| 0.00|   0.000|   0.000|    0.000|   0.0|   0.0|    0.0| 0.000|   0.0|   0.000|   0.000|  0.00|   0.0|    0.0|    0.0|                |
|  0|21.58|46668.5|  1|11.89|13.05|  15.622|  40.677| 1795.643| -73.8|  -0.1| 1906.3| 0.000|   0.0|  27.475|  41.005|215.43|   0.0|    0.0|    0.0|F2              |
+---+-----+-------+---+-----+-----+--------+--------+---------+------+------+-------+------+------+--------+--------+------+------+-------+-------+----------------+
|   |     |       |  2|13.05|14.26|  -6.248|  43.398| 3445.571| -73.9|  -0.2| 3664.5| 0.000|   0.0|   4.087|  41.529|206.45|   0.0|    0.0|    0.0|F2F2            |
|  0|21.58|46711.4|  1|17.15|18.18|  19.427|  40.686| 1519.978| -73.9|  -0.1| 1660.9| 0.000|   0.0|  29.427|  41.195|232.17|   0.0|    0.0|    0.0|F2              |
|   |     |       |  2|18.18|19.31|   0.409|  42.177| 2925.078| -74.1|  -0.3| 3203.7| 0.000|   0.0|   9.524|  41.032|224.49|   0.0|    0.0|    0.0|F2F2            |
|  0|21.58|46711.4|  1| 9.80|11.12|  13.385|  40.743| 1958.021| -73.8|  -0.1| 2060.7| 0.000|   0.0|  26.492|  40.929|210.18|   0.0|    0.0|    0.0|F2              |
|   |     |       |  2|11.12|12.33|  -9.880|  44.284| 3742.039| -73.9|  -0.2| 3944.7| 0.000|   0.0|   0.990|  41.952|199.99|   0.0|    0.0|    0.0|F2F2            |
|  0|21.58|46754.6|  1|17.68|18.73|  19.685|  40.266| 1502.771| -72.1|  -0.1| 1648.0| 0.000|   0.0|  29.574|  40.987|234.20|   0.0|    0.0|    0.0|F2              |
|   |     |       |  2|18.73|19.96|   0.698|  41.308| 2882.877| -72.2|  -0.2| 3169.5| 0.000|   0.0|   9.868|  40.386|226.00|   0.0|    0.0|    0.0|F2F2            |
|  0|21.58|46754.6|  1|17.34|18.36|  19.498|  40.876| 1514.629| -74.7|  -0.1| 1657.1| 0.000|   0.0|  29.420|  41.294|232.97|   0.0|    0.0|    0.0|F2              |
|   |     |       |  2|18.36|19.44|   0.631|  42.511| 2917.890| -74.9|  -0.3| 3199.7| 0.000|   0.0|   9.677|  41.299|225.67|   0.0|    0.0|    0.0|F2F2            |
|  0|21.58|46797.6|  1|10.70|11.92|  14.373|  40.738| 1886.383| -73.9|  -0.1| 1992.4| 0.000|   0.0|  27.015|  40.983|212.69|   0.0|    0.0|    0.0|F2              |
|   |     |       |  2|11.92|13.14|  -8.306|  43.940| 3614.541| -74.0|  -0.2| 3824.1| 0.000|   0.0|   2.351|  41.799|203.18|   0.0|    0.0|    0.0|F2F2            |
|  0|21.58|46797.6|  1|11.45|12.62|  15.155|  40.687| 1829.487| -73.8|  -0.1| 1938.4| 0.000|   0.0|  27.199|  40.983|214.43|   0.0|    0.0|    0.0|F2              |
|   |     |       |  2|12.62|13.83|  -7.046|  43.581| 3509.905| -73.9|  -0.2| 3725.5| 0.000|   0.0|   3.419|  41.613|205.50|   0.0|    0.0|    0.0|F2F2            |
|  0|21.58|46797.6|  1|12.76|13.85|  16.389|  40.718| 1740.209| -74.0|  -0.1| 1854.9| 0.000|   0.0|  27.888|  41.068|218.19|   0.0|    0.0|    0.0|F2              |
|   |     |       |  2|13.85|15.04|  -4.967|  43.226| 3346.772| -74.1|  -0.2| 3574.1| 0.000|   0.0|   5.143|  41.485|209.83|   0.0|    0.0|    0.0|F2F2            |
|  0|21.58|46797.6|  1|11.08|12.26|  14.779|  40.899| 1857.970| -74.5|  -0.1| 1965.5| 0.000|   0.0|  27.152|  41.085|213.73|   0.0|    0.0|    0.0|F2              |
|   |     |       |  2|12.26|13.44|  -7.573|  44.103| 3567.561| -74.6|  -0.2| 3780.4| 0.000|   0.0|   2.930|  41.976|204.72|   0.0|    0.0|    0.0|F2F2            |
|  0|21.58|46797.6|  1|14.07|15.11|  17.462|  40.887| 1662.776| -74.7|  -0.1| 1784.1| 0.000|   0.0|  28.558|  41.220|222.29|   0.0|    0.0|    0.0|F2              |
|   |     |       |  2|15.11|16.23|  -3.049|  43.191| 3206.178| -74.9|  -0.3| 3446.9| 0.000|   0.0|   6.697|  41.586|214.49|   0.0|    0.0|    0.0|F2F2            |
|  0|21.58|46797.6|  1|10.34|11.59|  13.979|  40.751| 1915.027| -73.9|  -0.1| 2019.7| 0.000|   0.0|  26.511|  40.946|211.39|   0.0|    0.0|    0.0|F2              |
+---+-----+-------+---+-----+-----+--------+--------+---------+------+------+-------+------+------+--------+--------+------+------+-------+-------+----------------+
|   |     |       |  2|11.59|12.81|  -8.939|  44.099| 3666.553| -74.0|  -0.2| 3873.4| 0.000|   0.0|   1.548|  41.915|201.66|   0.0|    0.0|    0.0|F2F2            |
|  0|21.58|46797.6|  1|13.85|14.90|  17.294|  40.759| 1674.667| -74.2|  -0.1| 1794.8| 0.000|   0.0|  28.292|  41.131|221.31|   0.0|    0.0|    0.0|F2              |
|   |     |       |  2|14.90|16.05|  -3.398|  43.006| 3225.585| -74.3|  -0.2| 3463.8| 0.000|   0.0|   6.449|  41.420|213.53|   0.0|    0.0|    0.0|F2F2            |
|  0|21.58|46797.6|  1| 2.32| 5.73|   2.165|  41.749| 2787.188| -73.7|  -0.0| 2875.7| 0.000|   0.0|  19.260|  40.628|195.79|   0.0|    0.0|    0.0|F2              |
|  0|21.58|46797.6|  1| 0.00| 0.00|   0.000|   0.000|    0.000|   0.0|   0.0|    0.0| 0.000|   0.0|   0.000|   0.000|  0.00|   0.0|    0.0|    0.0|                |
|  0|21.58|46797.6|  1|11.44|12.61|  15.146|  40.716| 1830.323| -73.9|  -0.1| 1939.2| 0.000|   0.0|  27.154|  40.995|214.33|   0.0|    0.0|    0.0|F2              |
|   |     |       |  2|12.61|13.82|  -7.049|  43.637| 3512.195| -74.0|  -0.2| 3727.7| 0.000|   0.0|   3.417|  41.655|205.52|   0.0|    0.0|    0.0|F2F2            |
+---+-----+-------+---+-----+-----+--------+--------+---------+------+------+-------+------+------+--------+--------+------+------+-------+-------+----------------+