13.12.2023 17:00:55.438   9.76000000   9759.99732   0.00 -106.5   29.5  28.0 35.27  268.3     0.0  268.25    0.00    0.00     0.0  268.25    0.00    0.00     0.0  268.25    0.00    0.00   19.2     61255.438      5.50   47.24000   39.71000  "Undefined"          0.0    -2.68  0.00000000
13.12.2023 17:00:55.438   9.76000000   9759.99647   0.00  -90.8   45.2  28.0 24.00  292.1     0.0  292.14    0.00    0.00     0.0  292.14    0.00    0.00     0.0  292.14    0.00    0.00   14.1     61255.438      5.50   47.24000   39.71000  "Undefined"          0.0    -3.53  0.00000000
13.12.2023 17:01:27.151   9.76000000   9759.99720   0.00 -112.6   21.4  28.0 32.66  273.5     0.0  273.50    0.00    0.00     0.0  273.50    0.00    0.00     0.0  273.50    0.00    0.00   11.4     61287.151      5.50   47.24000   39.71000  "Undefined"          0.0    -2.80  0.00000000
13.12.2023 17:01:27.151   9.76000000   9759.99647   0.00  -83.3   50.7  28.0 28.41  289.7     0.0  289.69    0.00    0.00     0.0  289.69    0.00    0.00     0.0  289.69    0.00    0.00   12.2     61287.151      5.50   47.24000   39.71000  "Undefined"          0.0    -3.53  0.00000000
13.12.2023 17:01:58.875   9.76000000   9759.99745   0.00 -113.0   23.0  28.0 29.98  284.0     0.0  284.04    0.00    0.00     0.0  284.04    0.00    0.00     0.0  284.04    0.00    0.00   11.5     61318.875      5.50   47.24000   39.71000  "Undefined"          0.0    -2.55  0.00000000
13.12.2023 17:01:58.875   9.76000000   9759.99647   0.00  -87.3   48.7  28.0 26.51  290.2     0.0  290.24    0.00    0.00     0.0  290.24    0.00    0.00     0.0  290.24    0.00    0.00   13.7     61318.875      5.50   47.24000   39.71000  "Undefined"          0.0    -3.53  0.00000000
13.12.2023 17:02:30.619   9.76000000   9759.99745   0.00 -113.8   22.2  28.0 32.86  266.1     0.0  266.07    0.00    0.00     0.0  266.07    0.00    0.00     0.0  266.07    0.00    0.00   22.0     61350.619      5.50   47.24000   39.71000  "Undefined"          0.0    -2.55  0.00000000
13.12.2023 17:02:30.619   9.76000000   9759.99720   0.00 -111.1   24.9  28.0 36.30  268.9     0.0  268.93    0.00    0.00     0.0  268.93    0.00    0.00     0.0  268.93    0.00    0.00   14.4     61350.619      5.50   47.24000   39.71000  "Undefined"          0.0    -2.80  0.00000000
13.12.2023 17:02:30.619   9.76000000   9759.99647   0.00  -87.3   48.7  28.0 27.18  291.3     0.0  291.26    0.00    0.00     0.0  291.26    0.00    0.00     0.0  291.26    0.00    0.00   12.8     61350.619      5.50   47.24000   39.71000  "Undefined"          0.0    -3.53  0.00000000
13.12.2023 17:03:02.354   9.76000000   9759.99757   0.00 -113.5   20.5  28.0 30.76  293.0     0.0  293.04    0.00    0.00     0.0  293.04    0.00    0.00     0.0  293.04    0.00    0.00   21.4     61382.354      5.50   47.24000   39.71000  "Undefined"          0.0    -2.43  0.00000000
13.12.2023 17:03:02.354   9.76000000   9759.99574   0.00 -112.4   21.6  28.0 31.90  287.2     0.0  287.18    0.00    0.00     0.0  287.18    0.00    0.00     0.0  287.18    0.00    0.00    8.3     61382.354      5.50   47.24000   39.71000  "Undefined"          0.0    -4.26  0.00000000
13.12.2023 17:03:02.354   9.76000000   9759.99660   0.00  -80.5   53.5  28.0 28.23  291.8     0.0  291.85    0.00    0.00     0.0  291.85    0.00    0.00     0.0  291.85    0.00    0.00   12.6     61382.354      5.50   47.24000   39.71000  "Undefined"          0.0    -3.40  0.00000000
13.12.2023 17:03:55.232   9.76000000   9759.99757   0.00 -111.2   24.8  28.0 58.70  237.3     0.0  237.32    0.00    0.00     0.0  237.32    0.00    0.00     0.0  237.32    0.00    0.00   13.5     61435.232      5.50   47.24000   39.71000  "Undefined"          0.0    -2.43  0.00000000
13.12.2023 17:03:55.232   9.76000000   9759.99732   0.00 -107.6   28.4  28.0 39.93  241.3     0.0  241.31    0.00    0.00     0.0  241.31    0.00    0.00     0.0  241.31    0.00    0.00    2.5     61435.232      5.50   47.24000   39.71000  "Undefined"          0.0    -2.68  0.00000000
13.12.2023 17:03:55.232   9.76000000   9759.99647   0.00  -88.3   47.7  28.0 26.32  291.6     0.0  291.56    0.00    0.00     0.0  291.56    0.00    0.00     0.0  291.56    0.00    0.00   15.3     61435.232      5.50   47.24000   39.71000  "Undefined"          0.0    -3.53  0.00000000
13.12.2023 17:04:27.013   9.76000000   9759.99745   0.00 -112.0   22.0  28.0 44.01  260.4     0.0  260.39    0.00    0.00     0.0  260.39    0.00    0.00     0.0  260.39    0.00    0.00   10.6     61467.013      5.50   47.24000   39.71000  "Undefined"          0.0    -2.55  0.00000000
13.12.2023 17:04:27.013   9.76000000   9759.99660   0.00  -80.1   53.9  28.0 28.01  289.0     0.0  288.99    0.00    0.00     0.0  288.99    0.00    0.00     0.0  288.99    0.00    0.00   13.3     61467.013      5.50   47.24000   39.71000  "Undefined"          0.0    -3.40  0.00000000
13.12.2023 17:04:58.832   9.76000000   9759.99660   0.00  -84.4   51.6  28.0 28.50  287.8     0.0  287.76    0.00    0.00     0.0  287.76    0.00    0.00     0.0  287.76    0.00    0.00   11.5     61498.832      5.50   47.24000   39.71000  "Undefined"          0.0    -3.40  0.00000000
13.12.2023 17:05:41.052   9.76000000   9759.99404   0.00 -101.9   20.1  28.0 26.64  292.4     0.0  292.41    0.00    0.00     0.0  292.41    0.00    0.00     0.0  292.41    0.00    0.00   12.0     61541.052      5.50   47.24000   39.71000  "Undefined"          0.0    -5.96  0.00000000
13.12.2023 17:05:41.052   9.76000000   9760.00012   0.00 -101.8   20.2  28.0 26.92  293.5     0.0  293.51    0.00    0.00     0.0  293.51    0.00    0.00     0.0  293.51    0.00    0.00   11.3     61541.052      5.50   47.24000   39.71000  "Undefined"          0.0     0.12  0.00000000
13.12.2023 17:05:41.052   9.76000000   9759.99976   0.00 -101.7   20.3  28.0 27.02  293.5     0.0  293.52    0.00    0.00     0.0  293.52    0.00    0.00     0.0  293.52    0.00    0.00   11.0     61541.052      5.50   47.24000   39.71000  "Undefined"          0.0    -0.24  0.00000000
13.12.2023 17:05:41.052   9.76000000   9759.99380   0.00 -101.1   20.9  28.0 26.28  293.3     0.0  293.27    0.00    0.00     0.0  293.27    0.00    0.00     0.0  293.27    0.00    0.00   11.8     61541.052      5.50   47.24000   39.71000  "Undefined"          0.0    -6.20  0.00000000
13.12.2023 17:05:41.052   9.76000000   9759.99562   0.00  -99.9   22.1  28.0 27.06  293.4     0.0  293.41    0.00    0.00     0.0  293.41    0.00    0.00     0.0  293.41    0.00    0.00   11.6     61541.052      5.50   47.24000   39.71000  "Undefined"          0.0    -4.38  0.00000000
13.12.2023 17:05:41.052   9.76000000   9759.99781   0.00  -99.9   22.1  28.0 27.30  292.7     0.0  292.66    0.00    0.00     0.0  292.66    0.00    0.00     0.0  292.66    0.00    0.00   10.6     61541.052      5.50   47.24000   39.71000  "Undefined"          0.0    -2.19  0.00000000
13.12.2023 17:05:41.052   9.76000000   9759.99599   0.00  -98.9   23.1  28.0 26.27  293.3     0.0  293.34    0.00    0.00     0.0  293.34    0.00    0.00     0.0  293.34    0.00    0.00   11.7     61541.052      5.50   47.24000   39.71000  "Undefined"          0.0    -4.01  0.00000000
13.12.2023 17:05:41.052   9.76000000   9759.99757   0.00  -98.2   23.8  28.0 26.26  296.9     0.0  296.93    0.00    0.00     0.0  296.93    0.00    0.00     0.0  296.93    0.00    0.00   10.4     61541.052      5.50   47.24000   39.71000  "Undefined"          0.0    -2.43  0.00000000
13.12.2023 17:05:41.052   9.76000000   9759.99684   0.00  -66.8   55.2  28.0 26.07  293.2     0.0  293.23    0.00    0.00     0.0  293.23    0.00    0.00     0.0  293.23    0.00    0.00   11.7     61541.052      5.50   47.24000   39.71000  "Undefined"          0.0    -3.16  0.00000000
13.12.2023 17:06:12.898   9.76000000   9759.99684   0.00  -60.0   54.0  28.0 26.31  292.9     0.0  292.86    0.00    0.00     0.0  292.86    0.00    0.00     0.0  292.86    0.00    0.00   11.8     61572.898      5.50   47.24000   39.71000  "Undefined"          0.0    -3.16  0.00000000
13.12.2023 17:06:44.586   9.76000000   9759.99842   0.00  -98.0   20.0  28.0 27.65  294.2     0.0  294.19    0.00    0.00     0.0  294.19    0.00    0.00     0.0  294.19    0.00    0.00   11.3     61604.586      5.50   47.24000   39.71000  "Undefined"          0.0    -1.58  0.00000000
13.12.2023 17:06:44.586   9.76000000   9759.99514   0.00  -97.4   20.6  28.0 27.43  293.9     0.0  293.85    0.00    0.00     0.0  293.85    0.00    0.00     0.0  293.85    0.00    0.00   11.2     61604.586      5.50   47.24000   39.71000  "Undefined"          0.0    -4.86  0.00000000
13.12.2023 17:06:44.586   9.76000000   9759.99793   0.00  -94.5   23.5  28.0 27.65  293.9     0.0  293.89    0.00    0.00     0.0  293.89    0.00    0.00     0.0  293.89    0.00    0.00   11.3     61604.586      5.50   47.24000   39.71000  "Undefined"          0.0    -2.07  0.00000000
13.12.2023 17:06:44.586   9.76000000   9759.99562   0.00  -93.6   24.4  28.0 27.38  294.4     0.0  294.42    0.00    0.00     0.0  294.42    0.00    0.00     0.0  294.42    0.00    0.00   10.7     61604.586      5.50   47.24000   39.71000  "Undefined"          0.0    -4.38  0.00000000
13.12.2023 17:06:44.586   9.76000000   9759.99757   0.00  -92.9   25.1  28.0 28.12  293.9     0.0  293.90    0.00    0.00     0.0  293.90    0.00    0.00     0.0  293.90    0.00    0.00   11.5     61604.586      5.50   47.24000   39.71000  "Undefined"          0.0    -2.43  0.00000000
13.12.2023 17:06:44.586   9.76000000   9759.99599   0.00  -92.7   25.3  28.0 27.05  294.4     0.0  294.42    0.00    0.00     0.0  294.42    0.00    0.00     0.0  294.42    0.00    0.00   11.4     61604.586      5.50   47.24000   39.71000  "Undefined"          0.0    -4.01  0.00000000
13.12.2023 17:06:44.586   9.76000000   9759.99635   0.00  -92.2   25.8  28.0 26.83  295.0     0.0  294.95    0.00    0.00     0.0  294.95    0.00    0.00     0.0  294.95    0.00    0.00   11.3     61604.586      5.50   47.24000   39.71000  "Undefined"          0.0    -3.65  0.00000000
13.12.2023 17:06:44.586   9.76000000   9759.99672   0.00  -61.4   56.6  28.0 26.76  294.1     0.0  294.14    0.00    0.00     0.0  294.14    0.00    0.00     0.0  294.14    0.00    0.00   11.5     61604.586      5.50   47.24000   39.71000  "Undefined"          0.0    -3.28  0.00000000
13.12.2023 17:07:16.364   9.76000000   9759.99684   0.00  -55.9   54.1  28.0 26.37  292.7     0.0  292.75    0.00    0.00     0.0  292.75    0.00    0.00     0.0  292.75    0.00    0.00   11.4     61636.364      5.50   47.24000   39.71000  "Undefined"          0.0    -3.16  0.00000000
13.12.2023 17:07:48.104   9.76000000   9759.99684   0.00  -59.9   54.1  28.0 25.89  293.2     0.0  293.24    0.00    0.00     0.0  293.24    0.00    0.00     0.0  293.24    0.00    0.00   11.6     61668.104      5.50   47.24000   39.71000  "Undefined"          0.0    -3.16  0.00000000
13.12.2023 17:08:19.846   9.76000000   9759.99392   0.00  -96.7   21.3  28.0 25.41  293.0     0.0  293.02    0.00    0.00     0.0  293.02    0.00    0.00     0.0  293.02    0.00    0.00   11.4     61699.846      5.50   47.24000   39.71000  "Undefined"          0.0    -6.08  0.00000000
13.12.2023 17:08:19.846   9.76000000   9759.99964   0.00  -96.5   21.5  28.0 25.65  293.2     0.0  293.23    0.00    0.00     0.0  293.23    0.00    0.00     0.0  293.23    0.00    0.00   12.0     61699.846      5.50   47.24000   39.71000  "Undefined"          0.0    -0.36  0.00000000
13.12.2023 17:08:19.846   9.76000000   9759.99878   0.00  -96.3   21.7  28.0 25.37  293.5     0.0  293.46    0.00    0.00     0.0  293.46    0.00    0.00     0.0  293.46    0.00    0.00   11.4     61699.846      5.50   47.24000   39.71000  "Undefined"          0.0    -1.22  0.00000000
13.12.2023 17:08:19.846   9.76000000   9759.99416   0.00  -96.2   21.8  28.0 25.83  293.1     0.0  293.13    0.00    0.00     0.0  293.13    0.00    0.00     0.0  293.13    0.00    0.00   11.9     61699.846      5.50   47.24000   39.71000  "Undefined"          0.0    -5.84  0.00000000
13.12.2023 17:08:19.846   9.76000000   9759.99501   0.00  -95.3   22.7  28.0 25.62  293.1     0.0  293.09    0.00    0.00     0.0  293.09    0.00    0.00     0.0  293.09    0.00    0.00   11.6     61699.846      5.50   47.24000   39.71000  "Undefined"          0.0    -4.99  0.00000000
13.12.2023 17:08:19.846   9.76000000   9759.99611   0.00  -94.7   23.3  28.0 24.44  293.4     0.0  293.44    0.00    0.00     0.0  293.44    0.00    0.00     0.0  293.44    0.00    0.00   12.1     61699.846      5.50   47.24000   39.71000  "Undefined"          0.0    -3.89  0.00000000
13.12.2023 17:08:19.846   9.76000000   9759.99769   0.00  -94.3   23.7  28.0 23.98  294.3     0.0  294.32    0.00    0.00     0.0  294.32    0.00    0.00     0.0  294.32    0.00    0.00   11.2     61699.846      5.50   47.24000   39.71000  "Undefined"          0.0    -2.31  0.00000000
13.12.2023 17:08:19.846   9.76000000   9759.99574   0.00  -94.2   23.8  28.0 25.20  293.2     0.0  293.23    0.00    0.00     0.0  293.23    0.00    0.00     0.0  293.23    0.00    0.00   12.2     61699.846      5.50   47.24000   39.71000  "Undefined"          0.0    -4.26  0.00000000
13.12.2023 17:08:19.846   9.76000000   9759.99805   0.00  -94.0   24.0  28.0 26.46  293.8     0.0  293.78    0.00    0.00     0.0  293.78    0.00    0.00     0.0  293.78    0.00    0.00   10.4     61699.846      5.50   47.24000   39.71000  "Undefined"          0.0    -1.95  0.00000000
13.12.2023 17:08:19.846   9.76000000   9759.99842   0.00  -93.4   24.6  28.0 25.13  292.9     0.0  292.86    0.00    0.00     0.0  292.86    0.00    0.00     0.0  292.86    0.00    0.00   12.2     61699.846      5.50   47.24000   39.71000  "Undefined"          0.0    -1.58  0.00000000
13.12.2023 17:08:19.846   9.76000000   9759.99538   0.00  -92.2   25.8  28.0 25.54  293.2     0.0  293.16    0.00    0.00     0.0  293.16    0.00    0.00     0.0  293.16    0.00    0.00   11.5     61699.846      5.50   47.24000   39.71000  "Undefined"          0.0    -4.62  0.00000000
13.12.2023 17:08:19.846   9.76000000   9759.99696   0.00  -62.5   55.5  28.0 25.51  293.2     0.0  293.22    0.00    0.00     0.0  293.22    0.00    0.00     0.0  293.22    0.00    0.00   11.7     61699.846      5.50   47.24000   39.71000  "Undefined"          0.0    -3.04  0.00000000
13.12.2023 17:09:02.191   9.76000000   9759.99696   0.00  -54.4   53.6  28.0 27.59  293.0     0.0  292.99    0.00    0.00     0.0  292.99    0.00    0.00     0.0  292.99    0.00    0.00   10.6     61742.191      5.50   47.24000   39.71000  "Undefined"          0.0    -3.04  0.00000000
13.12.2023 17:10:05.690   9.76000000   9759.99684   0.00  -55.8   60.2  28.0 26.51  293.6     0.0  293.58    0.00    0.00     0.0  293.58    0.00    0.00     0.0  293.58    0.00    0.00   10.5     61805.690      5.50   47.24000   39.71000  "Undefined"          0.0    -3.16  0.00000000
13.12.2023 17:10:37.391   9.76000000   9759.99854   0.00  -97.3   24.7  28.0 27.70  292.9     0.0  292.94    0.00    0.00     0.0  292.94    0.00    0.00     0.0  292.94    0.00    0.00   10.1     61837.391      5.50   47.24000   39.71000  "Undefined"          0.0    -1.46  0.00000000
13.12.2023 17:10:37.391   9.76000000   9759.99818   0.00  -96.5   25.5  28.0 28.57  293.0     0.0  293.03    0.00    0.00     0.0  293.03    0.00    0.00     0.0  293.03    0.00    0.00    9.6     61837.391      5.50   47.24000   39.71000  "Undefined"          0.0    -1.82  0.00000000
13.12.2023 17:10:37.391   9.76000000   9759.99781   0.00  -96.0   26.0  28.0 28.20  292.8     0.0  292.82    0.00    0.00     0.0  292.82    0.00    0.00     0.0  292.82    0.00    0.00    9.5     61837.391      5.50   47.24000   39.71000  "Undefined"          0.0    -2.19  0.00000000
13.12.2023 17:10:37.391   9.76000000   9759.99745   0.00  -95.2   26.8  28.0 27.97  292.7     0.0  292.72    0.00    0.00     0.0  292.72    0.00    0.00     0.0  292.72    0.00    0.00    9.2     61837.391      5.50   47.24000   39.71000  "Undefined"          0.0    -2.55  0.00000000
13.12.2023 17:10:37.391   9.76000000   9759.99623   0.00  -94.3   27.7  28.0 25.66  292.8     0.0  292.76    0.00    0.00     0.0  292.76    0.00    0.00     0.0  292.76    0.00    0.00   11.2     61837.391      5.50   47.24000   39.71000  "Undefined"          0.0    -3.77  0.00000000
13.12.2023 17:10:37.391   9.76000000   9759.99696   0.00  -61.2   60.8  28.0 28.05  293.1     0.0  293.05    0.00    0.00     0.0  293.05    0.00    0.00     0.0  293.05    0.00    0.00    9.8     61837.391      5.50   47.24000   39.71000  "Undefined"          0.0    -3.04  0.00000000
13.12.2023 17:11:19.609   9.76000000   9759.99781   0.00 -111.7   22.3  28.0 32.00  262.2     0.0  262.19    0.00    0.00     0.0  262.19    0.00    0.00     0.0  262.19    0.00    0.00   19.0     61879.609      5.50   47.24000   39.71000  "Undefined"          0.0    -2.19  0.00000000
13.12.2023 17:11:19.609   9.76000000   9759.99696   0.00  -73.9   60.1  28.0 31.74  289.3     0.0  289.31    0.00    0.00     0.0  289.31    0.00    0.00     0.0  289.31    0.00    0.00    8.9     61879.609      5.50   47.24000   39.71000  "Undefined"          0.0    -3.04  0.00000000
13.12.2023 17:11:51.303   9.76000000   9759.99696   0.00  -69.3   64.7  28.0 27.75  290.1     0.0  290.14    0.00    0.00     0.0  290.14    0.00    0.00     0.0  290.14    0.00    0.00    9.9     61911.303      5.50   47.24000   39.71000  "Undefined"          0.0    -3.04  0.00000000
13.12.2023 17:12:33.542   9.76000000   9759.99696   0.00  -63.0   55.0  28.0 29.81  293.3     0.0  293.32    0.00    0.00     0.0  293.32    0.00    0.00     0.0  293.32    0.00    0.00   10.3     61953.542      5.50   47.24000   39.71000  "Undefined"          0.0    -3.04  0.00000000
13.12.2023 17:13:15.779   9.76000000   9759.99696   0.00  -62.4   55.6  28.0 28.09  292.3     0.0  292.34    0.00    0.00     0.0  292.34    0.00    0.00     0.0  292.34    0.00    0.00    9.9     61995.779      5.50   47.24000   39.71000  "Undefined"          0.0    -3.04  0.00000000
13.12.2023 17:13:47.470   9.76000000   9759.99696   0.00  -62.8   55.2  28.0 28.17  291.4     0.0  291.39    0.00    0.00     0.0  291.39    0.00    0.00     0.0  291.39    0.00    0.00   10.1     62027.470      5.50   47.24000   39.71000  "Undefined"          0.0    -3.04  0.00000000
13.12.2023 17:14:19.163   9.76000000   9759.99696   0.00  -66.6   59.4  28.0 27.82  292.2     0.0  292.25    0.00    0.00     0.0  292.25    0.00    0.00     0.0  292.25    0.00    0.00   10.5     62059.163      5.50   47.24000   39.71000  "Undefined"          0.0    -3.04  0.00000000
13.12.2023 17:14:50.872   9.76000000   9759.99684   0.00  -67.9   54.1  28.0 29.16  292.3     0.0  292.25    0.00    0.00     0.0  292.25    0.00    0.00     0.0  292.25    0.00    0.00    9.9     62090.872      5.50   47.24000   39.71000  "Undefined"          0.0    -3.16  0.00000000
13.12.2023 17:15:22.588   9.76000000   9759.99684   0.00  -60.6   61.4  28.0 26.57  293.3     0.0  293.31    0.00    0.00     0.0  293.31    0.00    0.00     0.0  293.31    0.00    0.00   10.8     62122.588      5.50   47.24000   39.71000  "Undefined"          0.0    -3.16  0.00000000
13.12.2023 17:15:54.302   9.76000000   9759.99696   0.00  -64.2   53.8  28.0 24.99  292.8     0.0  292.83    0.00    0.00     0.0  292.83    0.00    0.00     0.0  292.83    0.00    0.00   11.4     62154.302      5.50   47.24000   39.71000  "Undefined"          0.0    -3.04  0.00000000
13.12.2023 17:16:26.003   9.76000000   9759.99696   0.00  -67.0   55.0  28.0 25.50  292.3     0.0  292.32    0.00    0.00     0.0  292.32    0.00    0.00     0.0  292.32    0.00    0.00   11.0     62186.003      5.50   47.24000   39.71000  "Undefined"          0.0    -3.04  0.00000000
13.12.2023 17:16:57.710   9.76000000   9759.99696   0.00  -68.1   55.9  28.0 23.54  291.8     0.0  291.81    0.00    0.00     0.0  291.81    0.00    0.00     0.0  291.81    0.00    0.00   13.2     62217.710      5.50   47.24000   39.71000  "Undefined"          0.0    -3.04  0.00000000
13.12.2023 17:17:29.404   9.76000000   9759.99696   0.00  -67.2   56.8  28.0 24.03  292.7     0.0  292.70    0.00    0.00     0.0  292.70    0.00    0.00     0.0  292.70    0.00    0.00   12.4     62249.404      5.50   47.24000   39.71000  "Undefined"          0.0    -3.04  0.00000000
13.12.2023 17:18:01.131   9.76000000   9759.99769   0.00 -111.9   22.1  28.0 35.55  268.1     0.0  268.13    0.00    0.00     0.0  268.13    0.00    0.00     0.0  268.13    0.00    0.00   23.3     62281.131      5.50   47.24000   39.71000  "Undefined"         -0.0    -2.31  0.00000000
13.12.2023 17:18:32.851   9.76000000   9759.99939   0.00 -101.1   24.9  28.0 27.65  292.5     0.0  292.49    0.00    0.00     0.0  292.49    0.00    0.00     0.0  292.49    0.00    0.00   10.8     62312.851      5.50   47.24000   39.71000  "Undefined"          0.0    -0.61  0.00000000
13.12.2023 17:18:32.851   9.76000000   9759.99441   0.00  -99.9   26.1  28.0 27.06  292.7     0.0  292.66    0.00    0.00     0.0  292.66    0.00    0.00     0.0  292.66    0.00    0.00   10.7     62312.851      5.50   47.24000   39.71000  "Undefined"          0.0    -5.59  0.00000000
13.12.2023 17:18:32.851   9.76000000   9759.99891   0.00  -98.8   27.2  28.0 27.57  292.2     0.0  292.24    0.00    0.00     0.0  292.24    0.00    0.00     0.0  292.24    0.00    0.00   10.6     62312.851      5.50   47.24000   39.71000  "Undefined"          0.0    -1.09  0.00000000
13.12.2023 17:18:32.851   9.76000000   9759.99489   0.00  -98.2   27.8  28.0 26.77  292.7     0.0  292.75    0.00    0.00     0.0  292.75    0.00    0.00     0.0  292.75    0.00    0.00   11.1     62312.851      5.50   47.24000   39.71000  "Undefined"          0.0    -5.11  0.00000000
13.12.2023 17:18:32.851   9.76000000   9759.99830   0.00  -97.4   28.6  28.0 26.35  292.2     0.0  292.23    0.00    0.00     0.0  292.23    0.00    0.00     0.0  292.23    0.00    0.00   10.9     62312.851      5.50   47.24000   39.71000  "Undefined"          0.0    -1.70  0.00000000
13.12.2023 17:18:32.851   9.76000000   9759.99538   0.00  -97.1   28.9  28.0 26.78  292.6     0.0  292.59    0.00    0.00     0.0  292.59    0.00    0.00     0.0  292.59    0.00    0.00   10.4     62312.851      5.50   47.24000   39.71000  "Undefined"          0.0    -4.62  0.00000000
13.12.2023 17:18:32.851   9.76000000   9759.99599   0.00  -94.7   31.3  28.0 27.96  292.1     0.0  292.11    0.00    0.00     0.0  292.11    0.00    0.00     0.0  292.11    0.00    0.00    9.8     62312.851      5.50   47.24000   39.71000  "Undefined"          0.0    -4.01  0.00000000
13.12.2023 17:18:32.851   9.76000000   9759.99635   0.00  -93.1   32.9  28.0 28.93  292.4     0.0  292.39    0.00    0.00     0.0  292.39    0.00    0.00     0.0  292.39    0.00    0.00   10.0     62312.851      5.50   47.24000   39.71000  "Undefined"          0.0    -3.65  0.00000000
13.12.2023 17:18:32.851   9.76000000   9759.99684   0.00  -65.5   60.5  28.0 26.95  292.8     0.0  292.83    0.00    0.00     0.0  292.83    0.00    0.00     0.0  292.83    0.00    0.00   10.6     62312.851      5.50   47.24000   39.71000  "Undefined"          0.0    -3.16  0.00000000
13.12.2023 17:19:04.628   9.76000000   9759.99684   0.00  -65.5   56.5  28.0 26.01  291.7     0.0  291.68    0.00    0.00     0.0  291.68    0.00    0.00     0.0  291.68    0.00    0.00   10.5     62344.628      5.50   47.24000   39.71000  "Undefined"          0.0    -3.16  0.00000000
13.12.2023 17:19:36.354   9.76000000   9759.99538   0.00  -95.8   20.2  28.0 26.00  290.7     0.0  290.73    0.00    0.00     0.0  290.73    0.00    0.00     0.0  290.73    0.00    0.00   11.7     62376.354      5.50   47.24000   39.71000  "Undefined"          0.0    -4.62  0.00000000
13.12.2023 17:19:36.354   9.76000000   9759.99781   0.00  -93.1   22.9  28.0 25.80  290.7     0.0  290.67    0.00    0.00     0.0  290.67    0.00    0.00     0.0  290.67    0.00    0.00   11.6     62376.354      5.50   47.24000   39.71000  "Undefined"          0.0    -2.19  0.00000000
13.12.2023 17:19:36.354   9.76000000   9759.99587   0.00  -92.3   23.7  28.0 25.19  291.5     0.0  291.47    0.00    0.00     0.0  291.47    0.00    0.00     0.0  291.47    0.00    0.00   11.4     62376.354      5.50   47.24000   39.71000  "Undefined"          0.0    -4.13  0.00000000
13.12.2023 17:19:36.354   9.76000000   9759.99635   0.00  -90.8   25.2  28.0 26.00  291.2     0.0  291.23    0.00    0.00     0.0  291.23    0.00    0.00     0.0  291.23    0.00    0.00   12.0     62376.354      5.50   47.24000   39.71000  "Undefined"          0.0    -3.65  0.00000000
13.12.2023 17:19:36.354   9.76000000   9759.99732   0.00  -87.0   29.0  28.0 26.79  288.2     0.0  288.24    0.00    0.00     0.0  288.24    0.00    0.00     0.0  288.24    0.00    0.00   12.7     62376.354      5.50   47.24000   39.71000  "Undefined"          0.0    -2.68  0.00000000
13.12.2023 17:19:36.354   9.76000000   9759.99684   0.00  -60.8   55.2  28.0 25.62  291.3     0.0  291.32    0.00    0.00     0.0  291.32    0.00    0.00     0.0  291.32    0.00    0.00   11.3     62376.354      5.50   47.24000   39.71000  "Undefined"          0.0    -3.16  0.00000000
13.12.2023 17:20:08.132   9.76000000   9759.99757   0.00  -97.9   22.1  28.0 29.96  285.3     0.0  285.33    0.00    0.00     0.0  285.33    0.00    0.00     0.0  285.33    0.00    0.00   18.3     62408.132      5.50   47.24000   39.71000  "Undefined"          0.0    -2.43  0.00000000
13.12.2023 17:20:08.132   9.76000000   9759.99684   0.00  -61.2   58.8  28.0 26.25  291.7     0.0  291.72    0.00    0.00     0.0  291.72    0.00    0.00     0.0  291.72    0.00    0.00   11.3     62408.132      5.50   47.24000   39.71000  "Undefined"          0.0    -3.16  0.00000000
13.12.2023 17:20:39.891   9.76000000   9759.99392   0.00 -101.9   20.1  28.0 26.09  293.0     0.0  293.00    0.00    0.00     0.0  293.00    0.00    0.00     0.0  293.00    0.00    0.00   12.1     62439.891      5.50   47.24000   39.71000  "Undefined"          0.0    -6.08  0.00000000
13.12.2023 17:20:39.891   9.76000000   9759.99951   0.00 -101.6   20.4  28.0 25.90  293.0     0.0  292.96    0.00    0.00     0.0  292.96    0.00    0.00     0.0  292.96    0.00    0.00   11.4     62439.891      5.50   47.24000   39.71000  "Undefined"          0.0    -0.49  0.00000000
13.12.2023 17:20:39.891   9.76000000   9759.99891   0.00 -100.6   21.4  28.0 26.32  292.5     0.0  292.47    0.00    0.00     0.0  292.47    0.00    0.00     0.0  292.47    0.00    0.00   12.5     62439.891      5.50   47.24000   39.71000  "Undefined"          0.0    -1.09  0.00000000
13.12.2023 17:20:39.891   9.76000000   9759.99526   0.00  -99.7   22.3  28.0 26.54  292.6     0.0  292.59    0.00    0.00     0.0  292.59    0.00    0.00     0.0  292.59    0.00    0.00   12.6     62439.891      5.50   47.24000   39.71000  "Undefined"          0.0    -4.74  0.00000000
13.12.2023 17:20:39.891   9.76000000   9759.99587   0.00  -99.7   22.3  28.0 24.61  292.3     0.0  292.30    0.00    0.00     0.0  292.30    0.00    0.00     0.0  292.30    0.00    0.00   16.0     62439.891      5.50   47.24000   39.71000  "Undefined"          0.0    -4.13  0.00000000
13.12.2023 17:20:39.891   9.76000000   9759.99915   0.00  -99.2   22.8  28.0 26.59  293.0     0.0  292.95    0.00    0.00     0.0  292.95    0.00    0.00     0.0  292.95    0.00    0.00   11.3     62439.891      5.50   47.24000   39.71000  "Undefined"          0.0    -0.85  0.00000000
13.12.2023 17:20:39.891   9.76000000   9759.99623   0.00  -99.0   23.0  28.0 27.46  291.7     0.0  291.67    0.00    0.00     0.0  291.67    0.00    0.00     0.0  291.67    0.00    0.00   15.9     62439.891      5.50   47.24000   39.71000  "Undefined"          0.0    -3.77  0.00000000
13.12.2023 17:20:39.891   9.76000000   9759.99477   0.00  -98.9   23.1  28.0 26.70  293.1     0.0  293.08    0.00    0.00     0.0  293.08    0.00    0.00     0.0  293.08    0.00    0.00   11.5     62439.891      5.50   47.24000   39.71000  "Undefined"          0.0    -5.23  0.00000000
13.12.2023 17:20:39.891   9.76000000   9759.99550   0.00  -98.9   23.1  28.0 24.28  293.2     0.0  293.21    0.00    0.00     0.0  293.21    0.00    0.00     0.0  293.21    0.00    0.00   15.3     62439.891      5.50   47.24000   39.71000  "Undefined"          0.0    -4.50  0.00000000
13.12.2023 17:20:39.891   9.76000000   9759.99818   0.00  -98.6   23.4  28.0 26.99  294.5     0.0  294.47    0.00    0.00     0.0  294.47    0.00    0.00     0.0  294.47    0.00    0.00   12.1     62439.891      5.50   47.24000   39.71000  "Undefined"          0.0    -1.82  0.00000000
13.12.2023 17:20:39.891   9.76000000   9759.99781   0.00  -98.6   23.4  28.0 30.77  295.4     0.0  295.45    0.00    0.00     0.0  295.45    0.00    0.00     0.0  295.45    0.00    0.00    5.3     62439.891      5.50   47.24000   39.71000  "Undefined"          0.0    -2.19  0.00000000
13.12.2023 17:20:39.891   9.76000000   9759.99453   0.00  -98.4   23.6  28.0 26.38  292.7     0.0  292.71    0.00    0.00     0.0  292.71    0.00    0.00     0.0  292.71    0.00    0.00   12.6     62439.891      5.50   47.24000   39.71000  "Undefined"          0.0    -5.47  0.00000000
13.12.2023 17:20:39.891   9.76000000   9759.99745   0.00  -94.0   28.0  28.0 30.48  283.8     0.0  283.77    0.00    0.00     0.0  283.77    0.00    0.00     0.0  283.77    0.00    0.00   11.8     62439.891      5.50   47.24000   39.71000  "Undefined"          0.0    -2.55  0.00000000
13.12.2023 17:20:39.891   9.76000000   9759.99684   0.00  -62.0   60.0  28.0 26.13  293.0     0.0  292.99    0.00    0.00     0.0  292.99    0.00    0.00     0.0  292.99    0.00    0.00   12.1     62439.891      5.50   47.24000   39.71000  "Undefined"          0.0    -3.16  0.00000000
13.12.2023 17:21:11.706   9.76000000   9759.99684   0.00  -62.9   61.1  28.0 27.26  292.7     0.0  292.67    0.00    0.00     0.0  292.67    0.00    0.00     0.0  292.67    0.00    0.00   11.3     62471.706      5.50   47.24000   39.71000  "Undefined"          0.0    -3.16  0.00000000
13.12.2023 17:21:43.411   9.76000000   9759.99684   0.00  -66.4   61.6  28.0 27.52  292.4     0.0  292.44    0.00    0.00     0.0  292.44    0.00    0.00     0.0  292.44    0.00    0.00   11.2     62503.411      5.50   47.24000   39.71000  "Undefined"          0.0    -3.16  0.00000000
13.12.2023 17:22:15.193   9.76000000   9759.99623   0.00 -113.9   20.1  28.0 62.81   56.5     0.0   56.53    0.00    0.00     0.0   56.53    0.00    0.00     0.0   56.53    0.00    0.00   24.8     62535.193      5.50   47.24000   39.71000  "Undefined"          0.0    -3.77  0.00000000
13.12.2023 17:22:15.193   9.76000000   9759.99732   0.00 -111.2   22.8  28.0 27.56  291.4     0.0  291.44    0.00    0.00     0.0  291.44    0.00    0.00     0.0  291.44    0.00    0.00   13.5     62535.193      5.50   47.24000   39.71000  "Undefined"          0.0    -2.68  0.00000000
13.12.2023 17:22:15.193   9.76000000   9759.99672   0.00  -69.3   64.7  28.0 27.51  292.1     0.0  292.06    0.00    0.00     0.0  292.06    0.00    0.00     0.0  292.06    0.00    0.00   11.4     62535.193      5.50   47.24000   39.71000  "Undefined"          0.0    -3.28  0.00000000
13.12.2023 17:22:46.970   9.76000000   9759.99538   0.00 -113.7   22.3  28.0 39.24  183.1     0.0  183.11    0.00    0.00     0.0  183.11    0.00    0.00     0.0  183.11    0.00    0.00    5.8     62566.970      5.50   47.24000   39.71000  "Undefined"          0.0    -4.62  0.00000000
13.12.2023 17:22:46.970   9.76000000   9759.99672   0.00  -86.1   49.9  28.0 26.28  291.9     0.0  291.93    0.00    0.00     0.0  291.93    0.00    0.00     0.0  291.93    0.00    0.00   11.6     62566.970      5.50   47.24000   39.71000  "Undefined"          0.0    -3.28  0.00000000
13.12.2023 17:23:18.688   9.76000000   9759.99574   0.00 -114.7   21.3  28.0 22.74  189.4     0.0  189.43    0.00    0.00     0.0  189.43    0.00    0.00     0.0  189.43    0.00    0.00    9.7     62598.688      5.50   47.24000   39.71000  "Undefined"          0.0    -4.26  0.00000000
13.12.2023 17:23:18.688   9.76000000   9759.99672   0.00  -91.1   44.9  28.0 25.80  292.0     0.0  292.00    0.00    0.00     0.0  292.00    0.00    0.00     0.0  292.00    0.00    0.00   15.4     62598.688      5.50   47.24000   39.71000  "Undefined"          0.0    -3.28  0.00000000
13.12.2023 17:23:18.688   9.76000000   9759.99708   0.00  -88.4   47.6  28.0 32.70  281.8     0.0  281.81    0.00    0.00     0.0  281.81    0.00    0.00     0.0  281.81    0.00    0.00   10.1     62598.688      5.50   47.24000   39.71000  "Undefined"          0.0    -2.92  0.00000000
13.12.2023 17:23:50.407   9.76000000   9759.99623   0.00 -111.3   24.7  28.0 34.53  297.7     0.0  297.74    0.00    0.00     0.0  297.74    0.00    0.00     0.0  297.74    0.00    0.00   10.7     62630.407      5.50   47.24000   39.71000  "Undefined"          0.0    -3.77  0.00000000
13.12.2023 17:23:50.407   9.76000000   9759.99660   0.00  -94.7   41.3  28.0 29.42  290.5     0.0  290.52    0.00    0.00     0.0  290.52    0.00    0.00     0.0  290.52    0.00    0.00    7.7     62630.407      5.50   47.24000   39.71000  "Undefined"          0.0    -3.40  0.00000000
13.12.2023 17:23:50.407   9.76000000   9759.99684   0.00  -90.0   46.0  28.0 31.06  286.6     0.0  286.56    0.00    0.00     0.0  286.56    0.00    0.00     0.0  286.56    0.00    0.00   12.0     62630.407      5.50   47.24000   39.71000  "Undefined"          0.0    -3.16  0.00000000
13.12.2023 17:24:22.128   9.76000000   9759.99623   0.00 -108.8   27.2  28.0 37.85  291.6     0.0  291.64    0.00    0.00     0.0  291.64    0.00    0.00     0.0  291.64    0.00    0.00   12.1     62662.128      5.50   47.24000   39.71000  "Undefined"          0.0    -3.77  0.00000000
13.12.2023 17:24:22.128   9.76000000   9759.99732   0.00 -100.8   35.2  28.0 31.65  277.4     0.0  277.42    0.00    0.00     0.0  277.42    0.00    0.00     0.0  277.42    0.00    0.00    9.8     62662.128      5.50   47.24000   39.71000  "Undefined"          0.0    -2.68  0.00000000
13.12.2023 17:24:22.128   9.76000000   9759.99696   0.00  -96.1   39.9  28.0 27.99  284.6     0.0  284.61    0.00    0.00     0.0  284.61    0.00    0.00     0.0  284.61    0.00    0.00   13.7     62662.128      5.50   47.24000   39.71000  "Undefined"          0.0    -3.04  0.00000000
13.12.2023 17:24:22.128   9.76000000   9759.99672   0.00  -93.8   42.2  28.0 27.12  292.8     0.0  292.83    0.00    0.00     0.0  292.83    0.00    0.00     0.0  292.83    0.00    0.00   11.4     62662.128      5.50   47.24000   39.71000  "Undefined"          0.0    -3.28  0.00000000
13.12.2023 17:24:53.854   9.76000000   9759.99623   0.00 -110.2   25.8  28.0 23.23  284.4     0.0  284.44    0.00    0.00     0.0  284.44    0.00    0.00     0.0  284.44    0.00    0.00   10.3     62693.854      5.50   47.24000   39.71000  "Undefined"          0.0    -3.77  0.00000000
13.12.2023 17:24:53.854   9.76000000   9759.99660   0.00 -105.0   31.0  28.0 29.92  303.5     0.0  303.54    0.00    0.00     0.0  303.54    0.00    0.00     0.0  303.54    0.00    0.00   10.1     62693.854      5.50   47.24000   39.71000  "Undefined"          0.0    -3.40  0.00000000
13.12.2023 17:24:53.854   9.76000000   9759.99696   0.00  -96.2   39.8  28.0 33.97  281.2     0.0  281.22    0.00    0.00     0.0  281.22    0.00    0.00     0.0  281.22    0.00    0.00   15.7     62693.854      5.50   47.24000   39.71000  "Undefined"          0.0    -3.04  0.00000000
13.12.2023 17:25:25.563   9.76000000   9759.99732   0.00 -114.4   21.6  28.0 28.75  299.2     0.0  299.17    0.00    0.00     0.0  299.17    0.00    0.00     0.0  299.17    0.00    0.00   20.6     62725.563      5.50   47.24000   39.71000  "Undefined"          0.0    -2.68  0.00000000
13.12.2023 17:25:25.563   9.76000000   9759.99623   0.00 -100.5   35.5  28.0 31.90  297.7     0.0  297.70    0.00    0.00     0.0  297.70    0.00    0.00     0.0  297.70    0.00    0.00   10.2     62725.563      5.50   47.24000   39.71000  "Undefined"          0.0    -3.77  0.00000000
13.12.2023 17:25:25.563   9.76000000   9759.99660   0.00  -97.5   38.5  28.0 31.97  289.1     0.0  289.06    0.00    0.00     0.0  289.06    0.00    0.00     0.0  289.06    0.00    0.00   15.8     62725.563      5.50   47.24000   39.71000  "Undefined"          0.0    -3.40  0.00000000
13.12.2023 17:25:25.563   9.76000000   9759.99696   0.00  -95.9   40.1  28.0 30.84  281.4     0.0  281.36    0.00    0.00     0.0  281.36    0.00    0.00     0.0  281.36    0.00    0.00   17.3     62725.563      5.50   47.24000   39.71000  "Undefined"          0.0    -3.04  0.00000000
13.12.2023 17:26:07.799   9.76000000   9759.99732   0.00 -114.9   21.1  28.0 30.13  275.5     0.0  275.52    0.00    0.00     0.0  275.52    0.00    0.00     0.0  275.52    0.00    0.00   18.5     62767.799      5.50   47.24000   39.71000  "Undefined"          0.0    -2.68  0.00000000
13.12.2023 17:26:07.799   9.76000000   9759.99672   0.00 -101.0   35.0  28.0 33.84  288.7     0.0  288.72    0.00    0.00     0.0  288.72    0.00    0.00     0.0  288.72    0.00    0.00   11.3     62767.799      5.50   47.24000   39.71000  "Undefined"          0.0    -3.28  0.00000000
13.12.2023 17:26:07.799   9.76000000   9759.99696   0.00  -98.1   37.9  28.0 29.78  284.9     0.0  284.87    0.00    0.00     0.0  284.87    0.00    0.00     0.0  284.87    0.00    0.00   10.9     62767.799      5.50   47.24000   39.71000  "Undefined"          0.0    -3.04  0.00000000
13.12.2023 17:26:39.538   9.76000000   9759.99696   0.00 -100.8   35.2  28.0 30.96  282.2     0.0  282.20    0.00    0.00     0.0  282.20    0.00    0.00     0.0  282.20    0.00    0.00   21.8     62799.538      5.50   47.24000   39.71000  "Undefined"          0.0    -3.04  0.00000000
13.12.2023 17:27:11.260   9.76000000   9759.99672   0.00  -96.0   40.0  28.0 19.89  293.3     0.0  293.26    0.00    0.00     0.0  293.26    0.00    0.00     0.0  293.26    0.00    0.00   23.3     62831.260      5.50   47.24000   39.71000  "Undefined"          0.0    -3.28  0.00000000
13.12.2023 17:27:42.992   9.76000000   9759.99708   0.00 -104.9   31.1  28.0 38.83  247.2     0.0  247.21    0.00    0.00     0.0  247.21    0.00    0.00     0.0  247.21    0.00    0.00   16.8     62862.992      5.50   47.24000   39.71000  "Undefined"          0.0    -2.92  0.00000000
13.12.2023 17:27:42.992   9.76000000   9759.99672   0.00  -94.8   41.2  28.0 29.27  288.4     0.0  288.36    0.00    0.00     0.0  288.36    0.00    0.00     0.0  288.36    0.00    0.00   17.8     62862.992      5.50   47.24000   39.71000  "Undefined"          0.0    -3.28  0.00000000
13.12.2023 17:28:14.690   9.76000000   9759.99611   0.00 -113.9   22.1  28.0  0.03  119.7     0.0  119.68    0.00    0.00     0.0  119.68    0.00    0.00     0.0  119.68    0.00    0.00   14.8     62894.690      5.50   47.24000   39.71000  "Undefined"          0.0    -3.89  0.00000000
13.12.2023 17:28:14.690   9.76000000   9759.99672   0.00  -98.3   37.7  28.0 39.03  282.2     0.0  282.22    0.00    0.00     0.0  282.22    0.00    0.00     0.0  282.22    0.00    0.00   15.3     62894.690      5.50   47.24000   39.71000  "Undefined"          0.0    -3.28  0.00000000
13.12.2023 17:28:46.381   9.76000000   9759.99720   0.00 -106.2   31.8  28.0 31.37  276.2     0.0  276.18    0.00    0.00     0.0  276.18    0.00    0.00     0.0  276.18    0.00    0.00    8.0     62926.381      5.50   47.24000   39.71000  "Undefined"          0.0    -2.80  0.00000000
13.12.2023 17:28:46.381   9.76000000   9759.99647   0.00 -106.1   31.9  28.0 35.65  282.9     0.0  282.86    0.00    0.00     0.0  282.86    0.00    0.00     0.0  282.86    0.00    0.00   21.9     62926.381      5.50   47.24000   39.71000  "Undefined"          0.0    -3.53  0.00000000
13.12.2023 17:29:18.089   9.76000000   9759.99660   0.00 -103.1   32.9  28.0 24.43  122.1     0.0  122.13    0.00    0.00     0.0  122.13    0.00    0.00     0.0  122.13    0.00    0.00    6.8     62958.089      5.50   47.24000   39.71000  "Undefined"          0.0    -3.40  0.00000000
13.12.2023 17:29:18.089   9.76000000   9759.99708   0.00 -102.8   33.2  28.0 33.07  276.7     0.0  276.66    0.00    0.00     0.0  276.66    0.00    0.00     0.0  276.66    0.00    0.00   15.4     62958.089      5.50   47.24000   39.71000  "Undefined"          0.0    -2.92  0.00000000
13.12.2023 17:29:49.823   9.76000000   9759.99757   0.00 -115.2   20.8  28.0 37.24  271.7     0.0  271.68    0.00    0.00     0.0  271.68    0.00    0.00     0.0  271.68    0.00    0.00   21.0     62989.823      5.50   47.24000   39.71000  "Undefined"          0.0    -2.43  0.00000000
13.12.2023 17:29:49.823   9.76000000   9759.99720   0.00 -110.3   25.7  28.0 25.56  275.8     0.0  275.76    0.00    0.00     0.0  275.76    0.00    0.00     0.0  275.76    0.00    0.00    4.4     62989.823      5.50   47.24000   39.71000  "Undefined"          0.0    -2.80  0.00000000
13.12.2023 17:29:49.823   9.76000000   9759.99684   0.00 -102.5   33.5  28.0 35.83  278.9     0.0  278.90    0.00    0.00     0.0  278.90    0.00    0.00     0.0  278.90    0.00    0.00   14.1     62989.823      5.50   47.24000   39.71000  "Undefined"          0.0    -3.16  0.00000000
13.12.2023 17:30:21.539   9.76000000   9759.99611   0.00 -113.0   23.0  28.0  0.03  118.3     0.0  118.27    0.00    0.00     0.0  118.27    0.00    0.00     0.0  118.27    0.00    0.00   17.9     63021.539      5.50   47.24000   39.71000  "Undefined"         -0.0    -3.89  0.00000000
13.12.2023 17:30:21.539   9.76000000   9759.99684   0.00  -99.3   36.7  28.0 32.65  275.1     0.0  275.15    0.00    0.00     0.0  275.15    0.00    0.00     0.0  275.15    0.00    0.00   10.9     63021.539      5.50   47.24000   39.71000  "Undefined"         -0.0    -3.16  0.00000000
13.12.2023 17:30:53.252   9.76000000   9759.99696   0.00 -107.1   28.9  28.0 31.30  288.8     0.0  288.82    0.00    0.00     0.0  288.82    0.00    0.00     0.0  288.82    0.00    0.00   12.1     63053.252      5.50   47.24000   39.71000  "Undefined"          0.0    -3.04  0.00000000
13.12.2023 17:31:35.463   9.76000000   9759.99611   0.00 -113.8   22.2  28.0  0.01  123.4     0.0  123.41    0.00    0.00     0.0  123.41    0.00    0.00     0.0  123.41    0.00    0.00   15.6     63095.463      5.50   47.24000   39.71000  "Undefined"          0.0    -3.89  0.00000000
13.12.2023 17:31:35.463   9.76000000   9759.99526   0.00 -112.2   23.8  28.0 30.69  205.4     0.0  205.38    0.00    0.00     0.0  205.38    0.00    0.00     0.0  205.38    0.00    0.00   16.8     63095.463      5.50   47.24000   39.71000  "Undefined"          0.0    -4.74  0.00000000
13.12.2023 17:31:35.463   9.76000000   9759.99647   0.00 -108.5   27.5  28.0  0.02  104.8     0.0  104.79    0.00    0.00     0.0  104.79    0.00    0.00     0.0  104.79    0.00    0.00   21.0     63095.463      5.50   47.24000   39.71000  "Undefined"          0.0    -3.53  0.00000000
13.12.2023 17:31:35.463   9.76000000   9759.99878   0.00 -107.1   28.9  28.0 28.17  201.1     0.0  201.09    0.00    0.00     0.0  201.09    0.00    0.00     0.0  201.09    0.00    0.00    6.4     63095.463      5.50   47.24000   39.71000  "Undefined"          0.0    -1.22  0.00000000
13.12.2023 17:31:35.463   9.76000000   9759.99805   0.00 -105.0   31.0  28.0 27.60  202.1     0.0  202.11    0.00    0.00     0.0  202.11    0.00    0.00     0.0  202.11    0.00    0.00   14.2     63095.463      5.50   47.24000   39.71000  "Undefined"          0.0    -1.95  0.00000000
13.12.2023 17:31:35.463   9.76000000   9759.99964   0.00 -102.5   33.5  28.0 30.02  203.0     0.0  203.03    0.00    0.00     0.0  203.03    0.00    0.00     0.0  203.03    0.00    0.00    9.0     63095.463      5.50   47.24000   39.71000  "Undefined"          0.0    -0.36  0.00000000
13.12.2023 17:32:07.161   9.76000000   9759.99720   0.00 -108.4   27.6  28.0 30.69  222.4     0.0  222.42    0.00    0.00     0.0  222.42    0.00    0.00     0.0  222.42    0.00    0.00   23.4     63127.161      5.50   47.24000   39.71000  "Undefined"          0.0    -2.80  0.00000000
13.12.2023 17:32:07.161   9.76000000   9759.99647   0.00  -96.6   39.4  28.0 38.03  225.3     0.0  225.31    0.00    0.00     0.0  225.31    0.00    0.00     0.0  225.31    0.00    0.00    7.5     63127.161      5.50   47.24000   39.71000  "Undefined"          0.0    -3.53  0.00000000
13.12.2023 17:32:07.161   9.76000000   9759.99830   0.00  -96.4   39.6  28.0 32.62  223.6     0.0  223.59    0.00    0.00     0.0  223.59    0.00    0.00     0.0  223.59    0.00    0.00    5.6     63127.161      5.50   47.24000   39.71000  "Undefined"          0.0    -1.70  0.00000000
13.12.2023 17:32:07.161   9.76000000   9759.99757   0.00  -94.1   41.9  28.0 33.43  222.9     0.0  222.88    0.00    0.00     0.0  222.88    0.00    0.00     0.0  222.88    0.00    0.00    8.4     63127.161      5.50   47.24000   39.71000  "Undefined"          0.0    -2.43  0.00000000
13.12.2023 17:32:38.858   9.76000000   9759.99574   0.00 -116.4   21.6  28.0  0.00  113.6     0.0  113.59    0.00    0.00     0.0  113.59    0.00    0.00     0.0  113.59    0.00    0.00   11.5     63158.858      5.50   47.24000   39.71000  "Undefined"          0.0    -4.26  0.00000000
13.12.2023 17:32:38.858   9.76000000   9759.99635   0.00 -107.8   30.2  28.0  0.94  110.8     0.0  110.84    0.00    0.00     0.0  110.84    0.00    0.00     0.0  110.84    0.00    0.00   14.5     63158.858      5.50   47.24000   39.71000  "Undefined"          0.0    -3.65  0.00000000
13.12.2023 17:33:10.530   9.76000000   9759.99587   0.00 -112.1   25.9  28.0 20.03  242.5     0.0  242.45    0.00    0.00     0.0  242.45    0.00    0.00     0.0  242.45    0.00    0.00   12.6     63190.530      5.50   47.24000   39.71000  "Undefined"          0.0    -4.13  0.00000000
13.12.2023 17:33:10.530   9.76000000   9759.99672   0.00 -109.9   28.1  28.0 35.29  269.0     0.0  269.00    0.00    0.00     0.0  269.00    0.00    0.00     0.0  269.00    0.00    0.00    5.5     63190.530      5.50   47.24000   39.71000  "Undefined"          0.0    -3.28  0.00000000
13.12.2023 17:33:42.273   9.76000000   9759.99696   0.00 -109.7   26.3  28.0 11.54  147.4     0.0  147.41    0.00    0.00     0.0  147.41    0.00    0.00     0.0  147.41    0.00    0.00   12.4     63222.273      5.50   47.24000   39.71000  "Undefined"          0.0    -3.04  0.00000000
13.12.2023 17:33:42.273   9.76000000   9759.99647   0.00 -104.2   31.8  28.0  4.39  131.6     0.0  131.57    0.00    0.00     0.0  131.57    0.00    0.00     0.0  131.57    0.00    0.00   12.0     63222.273      5.50   47.24000   39.71000  "Undefined"          0.0    -3.53  0.00000000
13.12.2023 17:33:42.273   9.76000000   9759.99781   0.00 -101.6   34.4  28.0 33.01  244.5     0.0  244.52    0.00    0.00     0.0  244.52    0.00    0.00     0.0  244.52    0.00    0.00   11.2     63222.273      5.50   47.24000   39.71000  "Undefined"          0.0    -2.19  0.00000000
13.12.2023 17:34:24.516   9.76000000   9759.99587   0.00 -108.3   27.7  28.0  0.03  117.8     0.0  117.79    0.00    0.00     0.0  117.79    0.00    0.00     0.0  117.79    0.00    0.00   13.9     63264.516      5.50   47.24000   39.71000  "Undefined"          0.0    -4.13  0.00000000
13.12.2023 17:34:24.516   9.76000000   9759.99647   0.00 -107.6   28.4  28.0 13.83  251.6     0.0  251.65    0.00    0.00     0.0  251.65    0.00    0.00     0.0  251.65    0.00    0.00   24.3     63264.516      5.50   47.24000   39.71000  "Undefined"          0.0    -3.53  0.00000000
13.12.2023 17:34:56.171   9.76000000   9759.99611   0.00 -110.3   25.7  28.0  4.32  115.7     0.0  115.73    0.00    0.00     0.0  115.73    0.00    0.00     0.0  115.73    0.00    0.00   13.0     63296.171      5.50   47.24000   39.71000  "Undefined"          0.0    -3.89  0.00000000
13.12.2023 17:34:56.171   9.76000000   9759.99660   0.00 -105.8   30.2  28.0 22.68  155.0     0.0  155.04    0.00    0.00     0.0  155.04    0.00    0.00     0.0  155.04    0.00    0.00   21.3     63296.171      5.50   47.24000   39.71000  "Undefined"          0.0    -3.40  0.00000000
13.12.2023 17:35:27.861   9.76000000   9759.99793   0.00 -115.8   20.2  28.0 38.06  233.9     0.0  233.89    0.00    0.00     0.0  233.89    0.00    0.00     0.0  233.89    0.00    0.00    4.8     63327.861      5.50   47.24000   39.71000  "Undefined"          0.0    -2.07  0.00000000
13.12.2023 17:35:27.861   9.76000000   9759.99732   0.00 -110.6   25.4  28.0 25.15  152.5     0.0  152.51    0.00    0.00     0.0  152.51    0.00    0.00     0.0  152.51    0.00    0.00   19.9     63327.861      5.50   47.24000   39.71000  "Undefined"          0.0    -2.68  0.00000000
13.12.2023 17:35:27.861   9.76000000   9759.99672   0.00 -106.0   30.0  28.0  0.01  148.3     0.0  148.33    0.00    0.00     0.0  148.33    0.00    0.00     0.0  148.33    0.00    0.00   14.1     63327.861      5.50   47.24000   39.71000  "Undefined"          0.0    -3.28  0.00000000
13.12.2023 17:36:10.098   9.76000000   9759.99623   0.00 -108.5   29.5  28.0  0.03  116.9     0.0  116.94    0.00    0.00     0.0  116.94    0.00    0.00     0.0  116.94    0.00    0.00   20.4     63370.098      5.50   47.24000   39.71000  "Undefined"          0.0    -3.77  0.00000000
13.12.2023 17:36:10.098   9.76000000   9759.99672   0.00 -106.5   31.5  28.0 24.34  150.0     0.0  150.02    0.00    0.00     0.0  150.02    0.00    0.00     0.0  150.02    0.00    0.00    9.7     63370.098      5.50   47.24000   39.71000  "Undefined"          0.0    -3.28  0.00000000
13.12.2023 17:36:41.769   9.76000000   9759.99745   0.00 -117.6   20.4  28.0 16.90  251.6     0.0  251.61    0.00    0.00     0.0  251.61    0.00    0.00     0.0  251.61    0.00    0.00   10.1     63401.769      5.50   47.24000   39.71000  "Undefined"          0.0    -2.55  0.00000000
13.12.2023 17:36:41.769   9.76000000   9759.99623   0.00 -113.3   24.7  28.0  0.00  140.8     0.0  140.76    0.00    0.00     0.0  140.76    0.00    0.00     0.0  140.76    0.00    0.00   21.1     63401.769      5.50   47.24000   39.71000  "Undefined"          0.0    -3.77  0.00000000
13.12.2023 17:36:41.769   9.76000000   9759.99696   0.00 -112.9   25.1  28.0  1.98  148.8     0.0  148.79    0.00    0.00     0.0  148.79    0.00    0.00     0.0  148.79    0.00    0.00   24.3     63401.769      5.50   47.24000   39.71000  "Undefined"          0.0    -3.04  0.00000000
13.12.2023 17:36:41.769   9.76000000   9759.99599   0.00 -108.9   29.1  28.0  0.01  119.7     0.0  119.70    0.00    0.00     0.0  119.70    0.00    0.00     0.0  119.70    0.00    0.00   13.7     63401.769      5.50   47.24000   39.71000  "Undefined"          0.0    -4.01  0.00000000
13.12.2023 17:36:41.769   9.76000000   9759.99660   0.00 -107.2   30.8  28.0  2.52  161.3     0.0  161.31    0.00    0.00     0.0  161.31    0.00    0.00     0.0  161.31    0.00    0.00    8.0     63401.769      5.50   47.24000   39.71000  "Undefined"          0.0    -3.40  0.00000000
13.12.2023 17:37:13.496   9.76000000   9759.99708   0.00 -111.7   26.3  28.0 11.43  154.2     0.0  154.22    0.00    0.00     0.0  154.22    0.00    0.00     0.0  154.22    0.00    0.00   14.2     63433.496      5.50   47.24000   39.71000  "Undefined"          0.0    -2.92  0.00000000
13.12.2023 17:37:13.496   9.76000000   9759.99562   0.00 -110.0   28.0  28.0  1.86  117.6     0.0  117.62    0.00    0.00     0.0  117.62    0.00    0.00     0.0  117.62    0.00    0.00   12.8     63433.496      5.50   47.24000   39.71000  "Undefined"          0.0    -4.38  0.00000000
13.12.2023 17:37:13.496   9.76000000   9759.99672   0.00 -109.7   28.3  28.0  0.67  138.6     0.0  138.62    0.00    0.00     0.0  138.62    0.00    0.00     0.0  138.62    0.00    0.00   18.7     63433.496      5.50   47.24000   39.71000  "Undefined"          0.0    -3.28  0.00000000
13.12.2023 17:37:13.496   9.76000000   9759.99647   0.00 -107.3   30.7  28.0  0.01  110.3     0.0  110.27    0.00    0.00     0.0  110.27    0.00    0.00     0.0  110.27    0.00    0.00   11.6     63433.496      5.50   47.24000   39.71000  "Undefined"          0.0    -3.53  0.00000000
13.12.2023 17:37:45.211   9.76000000   9759.99574   0.00 -114.9   23.1  28.0  0.86  112.9     0.0  112.91    0.00    0.00     0.0  112.91    0.00    0.00     0.0  112.91    0.00    0.00   16.1     63465.211      5.50   47.24000   39.71000  "Undefined"          0.0    -4.26  0.00000000
13.12.2023 17:37:45.211   9.76000000   9759.99647   0.00 -111.2   26.8  28.0  9.81  111.8     0.0  111.77    0.00    0.00     0.0  111.77    0.00    0.00     0.0  111.77    0.00    0.00   20.5     63465.211      5.50   47.24000   39.71000  "Undefined"          0.0    -3.53  0.00000000
13.12.2023 17:37:45.211   9.76000000   9759.99696   0.00 -110.9   27.1  28.0 16.67  149.4     0.0  149.38    0.00    0.00     0.0  149.38    0.00    0.00     0.0  149.38    0.00    0.00   12.6     63465.211      5.50   47.24000   39.71000  "Undefined"          0.0    -3.04  0.00000000
13.12.2023 17:37:45.211   9.76000000   9759.99599   0.00 -109.8   28.2  28.0  0.01  117.5     0.0  117.53    0.00    0.00     0.0  117.53    0.00    0.00     0.0  117.53    0.00    0.00   11.3     63465.211      5.50   47.24000   39.71000  "Undefined"          0.0    -4.01  0.00000000
13.12.2023 17:38:16.891   9.76000000   9759.99891   0.00 -114.5   21.5  28.0 32.63  219.8     0.0  219.83    0.00    0.00     0.0  219.83    0.00    0.00     0.0  219.83    0.00    0.00    8.0     63496.891      5.50   47.24000   39.71000  "Undefined"          0.0    -1.09  0.00000000
13.12.2023 17:38:16.891   9.76000000   9759.99708   0.00 -113.8   22.2  28.0 19.29  150.4     0.0  150.41    0.00    0.00     0.0  150.41    0.00    0.00     0.0  150.41    0.00    0.00   24.5     63496.891      5.50   47.24000   39.71000  "Undefined"          0.0    -2.92  0.00000000
13.12.2023 17:38:16.891   9.76000000   9759.99599   0.00 -108.6   27.4  28.0  6.68  124.6     0.0  124.59    0.00    0.00     0.0  124.59    0.00    0.00     0.0  124.59    0.00    0.00   15.2     63496.891      5.50   47.24000   39.71000  "Undefined"          0.0    -4.01  0.00000000
13.12.2023 17:38:48.588   9.76000000   9759.99696   0.00 -111.5   24.5  28.0 14.08  141.4     0.0  141.42    0.00    0.00     0.0  141.42    0.00    0.00     0.0  141.42    0.00    0.00    9.5     63528.588      5.50   47.24000   39.71000  "Undefined"          0.0    -3.04  0.00000000
13.12.2023 17:38:48.588   9.76000000   9759.99599   0.00 -102.2   33.8  28.0  0.10  120.6     0.0  120.56    0.00    0.00     0.0  120.56    0.00    0.00     0.0  120.56    0.00    0.00   15.0     63528.588      5.50   47.24000   39.71000  "Undefined"          0.0    -4.01  0.00000000
13.12.2023 17:39:30.842   9.76000000   9759.99538   0.00 -117.0   21.0  28.0  2.29  124.4     0.0  124.44    0.00    0.00     0.0  124.44    0.00    0.00     0.0  124.44    0.00    0.00   18.4     63570.842      5.50   47.24000   39.71000  "Undefined"          0.0    -4.62  0.00000000
13.12.2023 17:39:30.842   9.76000000   9759.99660   0.00 -109.8   28.2  28.0 16.01  156.9     0.0  156.95    0.00    0.00     0.0  156.95    0.00    0.00     0.0  156.95    0.00    0.00    5.3     63570.842      5.50   47.24000   39.71000  "Undefined"          0.0    -3.40  0.00000000
13.12.2023 17:39:30.842   9.76000000   9759.99574   0.00 -109.1   28.9  28.0  0.01  120.4     0.0  120.37    0.00    0.00     0.0  120.37    0.00    0.00     0.0  120.37    0.00    0.00   15.2     63570.842      5.50   47.24000   39.71000  "Undefined"          0.0    -4.26  0.00000000
13.12.2023 17:40:02.533   9.76000000   9759.99599   0.00 -109.2   26.8  28.0  0.01  121.4     0.0  121.43    0.00    0.00     0.0  121.43    0.00    0.00     0.0  121.43    0.00    0.00   13.9     63602.533      5.50   47.24000   39.71000  "Undefined"          0.0    -4.01  0.00000000
13.12.2023 17:40:02.533   9.76000000   9759.99647   0.00 -107.5   28.5  28.0 11.90  138.7     0.0  138.73    0.00    0.00     0.0  138.73    0.00    0.00     0.0  138.73    0.00    0.00   10.4     63602.533      5.50   47.24000   39.71000  "Undefined"          0.0    -3.53  0.00000000
13.12.2023 17:40:34.219   9.76000000   9759.99635   0.00 -111.3   24.7  28.0  0.09  105.6     0.0  105.61    0.00    0.00     0.0  105.61    0.00    0.00     0.0  105.61    0.00    0.00   17.7     63634.219      5.50   47.24000   39.71000  "Undefined"          0.0    -3.65  0.00000000
13.12.2023 17:41:05.927   9.76000000   9759.99611   0.00 -116.0   20.0  28.0  0.00  123.2     0.0  123.16    0.00    0.00     0.0  123.16    0.00    0.00     0.0  123.16    0.00    0.00   14.8     63665.927      5.50   47.24000   39.71000  "Undefined"          0.0    -3.89  0.00000000
13.12.2023 17:41:05.927   9.76000000   9759.99574   0.00 -112.9   23.1  28.0  0.21  120.5     0.0  120.50    0.00    0.00     0.0  120.50    0.00    0.00     0.0  120.50    0.00    0.00   15.7     63665.927      5.50   47.24000   39.71000  "Undefined"          0.0    -4.26  0.00000000
13.12.2023 17:41:05.927   9.76000000   9759.99672   0.00 -109.3   26.7  28.0 13.11  155.8     0.0  155.84    0.00    0.00     0.0  155.84    0.00    0.00     0.0  155.84    0.00    0.00    5.5     63665.927      5.50   47.24000   39.71000  "Undefined"          0.0    -3.28  0.00000000
13.12.2023 17:41:48.181   9.76000000   9759.99562   0.00 -110.9   27.1  28.0  0.04  121.2     0.0  121.16    0.00    0.00     0.0  121.16    0.00    0.00     0.0  121.16    0.00    0.00   14.3     63708.181      5.50   47.24000   39.71000  "Undefined"          0.0    -4.38  0.00000000
13.12.2023 17:41:48.181   9.76000000   9759.99660   0.00 -108.6   29.4  28.0 20.62  157.2     0.0  157.17    0.00    0.00     0.0  157.17    0.00    0.00     0.0  157.17    0.00    0.00   13.6     63708.181      5.50   47.24000   39.71000  "Undefined"          0.0    -3.40  0.00000000
13.12.2023 17:42:19.914   9.76000000   9759.99574   0.00 -115.2   20.8  28.0  0.94  117.2     0.0  117.24    0.00    0.00     0.0  117.24    0.00    0.00     0.0  117.24    0.00    0.00   20.4     63739.914      5.50   47.24000   39.71000  "Undefined"          0.0    -4.26  0.00000000
13.12.2023 17:42:19.914   9.76000000   9759.99623   0.00 -104.0   32.0  28.0  2.95  131.5     0.0  131.53    0.00    0.00     0.0  131.53    0.00    0.00     0.0  131.53    0.00    0.00   14.5     63739.914      5.50   47.24000   39.71000  "Undefined"          0.0    -3.77  0.00000000
13.12.2023 17:43:02.144   9.76000000   9759.99635   0.00 -107.8   28.2  28.0  0.02  132.6     0.0  132.61    0.00    0.00     0.0  132.61    0.00    0.00     0.0  132.61    0.00    0.00    8.1     63782.144      5.50   47.24000   39.71000  "Undefined"          0.0    -3.65  0.00000000
13.12.2023 17:43:02.144   9.76000000   9759.99538   0.00 -107.6   28.4  28.0 21.57  196.3     0.0  196.29    0.00    0.00     0.0  196.29    0.00    0.00     0.0  196.29    0.00    0.00   23.3     63782.144      5.50   47.24000   39.71000  "Undefined"          0.0    -4.62  0.00000000
13.12.2023 17:43:02.144   9.76000000   9759.99672   0.00 -105.2   30.8  28.0 18.85  159.0     0.0  159.04    0.00    0.00     0.0  159.04    0.00    0.00     0.0  159.04    0.00    0.00   14.1     63782.144      5.50   47.24000   39.71000  "Undefined"          0.0    -3.28  0.00000000
13.12.2023 17:43:44.407   9.76000000   9759.99866   0.00 -110.5   25.5  28.0 30.16  206.2     0.0  206.20    0.00    0.00     0.0  206.20    0.00    0.00     0.0  206.20    0.00    0.00    9.5     63824.407      5.50   47.24000   39.71000  "Undefined"          0.0    -1.34  0.00000000
13.12.2023 17:43:44.407   9.76000000   9759.99684   0.00 -109.2   26.8  28.0 22.30  157.5     0.0  157.53    0.00    0.00     0.0  157.53    0.00    0.00     0.0  157.53    0.00    0.00   12.1     63824.407      5.50   47.24000   39.71000  "Undefined"          0.0    -3.16  0.00000000
13.12.2023 17:43:44.407   9.76000000   9759.99647   0.00 -106.9   29.1  28.0  1.44  131.3     0.0  131.33    0.00    0.00     0.0  131.33    0.00    0.00     0.0  131.33    0.00    0.00   14.5     63824.407      5.50   47.24000   39.71000  "Undefined"          0.0    -3.53  0.00000000
13.12.2023 17:43:44.407   9.76000000   9759.99599   0.00 -104.1   31.9  28.0  2.99  122.1     0.0  122.07    0.00    0.00     0.0  122.07    0.00    0.00     0.0  122.07    0.00    0.00   16.1     63824.407      5.50   47.24000   39.71000  "Undefined"          0.0    -4.01  0.00000000
13.12.2023 17:44:16.141   9.76000000   9759.99732   0.00 -115.4   20.6  28.0 36.33  195.9     0.0  195.92    0.00    0.00     0.0  195.92    0.00    0.00     0.0  195.92    0.00    0.00   16.7     63856.141      5.50   47.24000   39.71000  "Undefined"          0.0    -2.68  0.00000000
13.12.2023 17:44:16.141   9.76000000   9759.99562   0.00 -113.4   22.6  28.0 28.53  198.8     0.0  198.84    0.00    0.00     0.0  198.84    0.00    0.00     0.0  198.84    0.00    0.00   17.1     63856.141      5.50   47.24000   39.71000  "Undefined"          0.0    -4.38  0.00000000
13.12.2023 17:44:16.141   9.76000000   9759.99891   0.00 -113.1   22.9  28.0 31.00  198.6     0.0  198.63    0.00    0.00     0.0  198.63    0.00    0.00     0.0  198.63    0.00    0.00   16.4     63856.141      5.50   47.24000   39.71000  "Undefined"          0.0    -1.09  0.00000000
13.12.2023 17:44:16.141   9.76000000   9759.99635   0.00 -108.9   27.1  28.0 21.20  147.5     0.0  147.52    0.00    0.00     0.0  147.52    0.00    0.00     0.0  147.52    0.00    0.00   19.7     63856.141      5.50   47.24000   39.71000  "Undefined"          0.0    -3.65  0.00000000
13.12.2023 17:44:47.871   9.76000000   9759.99660   0.00 -111.8   26.2  28.0  3.08  159.0     0.0  159.05    0.00    0.00     0.0  159.05    0.00    0.00     0.0  159.05    0.00    0.00   14.1     63887.871      5.50   47.24000   39.71000  "Undefined"          0.0    -3.40  0.00000000
13.12.2023 17:44:47.871   9.76000000   9759.99562   0.00 -109.1   28.9  28.0  0.01  121.8     0.0  121.81    0.00    0.00     0.0  121.81    0.00    0.00     0.0  121.81    0.00    0.00   16.4     63887.871      5.50   47.24000   39.71000  "Undefined"          0.0    -4.38  0.00000000
13.12.2023 17:44:47.871   9.76000000   9759.99623   0.00 -106.2   31.8  28.0  0.05  125.6     0.0  125.60    0.00    0.00     0.0  125.60    0.00    0.00     0.0  125.60    0.00    0.00   10.4     63887.871      5.50   47.24000   39.71000  "Undefined"          0.0    -3.77  0.00000000
13.12.2023 17:45:19.612   9.76000000   9759.99647   0.00 -111.4   24.6  28.0  0.01  122.1     0.0  122.09    0.00    0.00     0.0  122.09    0.00    0.00     0.0  122.09    0.00    0.00   16.6     63919.612      5.50   47.24000   39.71000  "Undefined"          0.0    -3.53  0.00000000
13.12.2023 17:45:19.612   9.76000000   9759.99611   0.00 -110.4   25.6  28.0  8.08  132.7     0.0  132.70    0.00    0.00     0.0  132.70    0.00    0.00     0.0  132.70    0.00    0.00   16.9     63919.612      5.50   47.24000   39.71000  "Undefined"          0.0    -3.89  0.00000000
13.12.2023 17:45:51.290   9.76000000   9760.00146   0.00 -118.0   20.0  28.0 23.46  158.6     0.0  158.64    0.00    0.00     0.0  158.64    0.00    0.00     0.0  158.64    0.00    0.00    9.6     63951.290      5.50   47.24000   39.71000  "Undefined"          0.0     1.46  0.00000000
13.12.2023 17:45:51.290   9.76000000   9759.99550   0.00 -115.2   22.8  28.0  0.04  114.7     0.0  114.67    0.00    0.00     0.0  114.67    0.00    0.00     0.0  114.67    0.00    0.00   20.3     63951.290      5.50   47.24000   39.71000  "Undefined"          0.0    -4.50  0.00000000
13.12.2023 17:45:51.290   9.76000000   9759.99684   0.00 -110.1   27.9  28.0 19.79  154.6     0.0  154.56    0.00    0.00     0.0  154.56    0.00    0.00     0.0  154.56    0.00    0.00    7.3     63951.290      5.50   47.24000   39.71000  "Undefined"          0.0    -3.16  0.00000000
13.12.2023 17:45:51.290   9.76000000   9759.99635   0.00 -110.1   27.9  28.0 15.02  145.7     0.0  145.74    0.00    0.00     0.0  145.74    0.00    0.00     0.0  145.74    0.00    0.00   18.9     63951.290      5.50   47.24000   39.71000  "Undefined"          0.0    -3.65  0.00000000
13.12.2023 17:46:23.029   9.76000000   9759.99672   0.00 -110.5   25.5  28.0 20.12  157.0     0.0  157.00    0.00    0.00     0.0  157.00    0.00    0.00     0.0  157.00    0.00    0.00    5.6     63983.029      5.50   47.24000   39.71000  "Undefined"          0.0    -3.28  0.00000000
13.12.2023 17:46:23.029   9.76000000   9759.99635   0.00 -108.8   27.2  28.0  0.02  119.5     0.0  119.50    0.00    0.00     0.0  119.50    0.00    0.00     0.0  119.50    0.00    0.00   17.8     63983.029      5.50   47.24000   39.71000  "Undefined"          0.0    -3.65  0.00000000
13.12.2023 17:46:54.739   9.76000000   9759.99550   0.00 -114.8   21.2  28.0  1.27  113.2     0.0  113.16    0.00    0.00     0.0  113.16    0.00    0.00     0.0  113.16    0.00    0.00   15.4     64014.739      5.50   47.24000   39.71000  "Undefined"          0.0    -4.50  0.00000000
13.12.2023 17:46:54.739   9.76000000   9759.99672   0.00 -106.7   29.3  28.0 17.66  159.2     0.0  159.17    0.00    0.00     0.0  159.17    0.00    0.00     0.0  159.17    0.00    0.00    9.4     64014.739      5.50   47.24000   39.71000  "Undefined"          0.0    -3.28  0.00000000
13.12.2023 17:46:54.739   9.76000000   9759.99611   0.00 -105.6   30.4  28.0  0.01  115.5     0.0  115.48    0.00    0.00     0.0  115.48    0.00    0.00     0.0  115.48    0.00    0.00   14.5     64014.739      5.50   47.24000   39.71000  "Undefined"          0.0    -3.89  0.00000000
13.12.2023 17:47:26.438   9.76000000   9759.99574   0.00 -116.2   21.8  28.0  0.01  109.3     0.0  109.34    0.00    0.00     0.0  109.34    0.00    0.00     0.0  109.34    0.00    0.00   15.9     64046.438      5.50   47.24000   39.71000  "Undefined"          0.0    -4.26  0.00000000
13.12.2023 17:47:26.438   9.76000000   9759.99477   0.00 -116.2   21.8  28.0 35.35  195.6     0.0  195.59    0.00    0.00     0.0  195.59    0.00    0.00     0.0  195.59    0.00    0.00   22.3     64046.438      5.50   47.24000   39.71000  "Undefined"          0.0    -5.23  0.00000000
13.12.2023 17:47:26.438   9.76000000   9759.99647   0.00 -107.6   30.4  28.0 13.49  139.8     0.0  139.81    0.00    0.00     0.0  139.81    0.00    0.00     0.0  139.81    0.00    0.00    9.2     64046.438      5.50   47.24000   39.71000  "Undefined"          0.0    -3.53  0.00000000
13.12.2023 17:47:58.168   9.76000000   9759.99514   0.00 -118.0   20.0  28.0  2.70  115.3     0.0  115.27    0.00    0.00     0.0  115.27    0.00    0.00     0.0  115.27    0.00    0.00   21.0     64078.168      5.50   47.24000   39.71000  "Undefined"          0.0    -4.86  0.00000000
13.12.2023 17:47:58.168   9.76000000   9759.99672   0.00 -107.5   30.5  28.0 23.42  151.7     0.0  151.70    0.00    0.00     0.0  151.70    0.00    0.00     0.0  151.70    0.00    0.00    4.9     64078.168      5.50   47.24000   39.71000  "Undefined"          0.0    -3.28  0.00000000
13.12.2023 17:47:58.168   9.76000000   9759.99623   0.00 -107.4   30.6  28.0 12.84  147.7     0.0  147.67    0.00    0.00     0.0  147.67    0.00    0.00     0.0  147.67    0.00    0.00   14.3     64078.168      5.50   47.24000   39.71000  "Undefined"          0.0    -3.77  0.00000000
13.12.2023 17:48:29.894   9.76000000   9759.99684   0.00 -113.4   22.6  28.0 16.75  157.9     0.0  157.91    0.00    0.00     0.0  157.91    0.00    0.00     0.0  157.91    0.00    0.00   11.3     64109.894      5.50   47.24000   39.71000  "Undefined"          0.0    -3.16  0.00000000
13.12.2023 17:48:29.894   9.76000000   9759.99915   0.00 -112.0   24.0  28.0 29.53  210.5     0.0  210.49    0.00    0.00     0.0  210.49    0.00    0.00     0.0  210.49    0.00    0.00   12.2     64109.894      5.50   47.24000   39.71000  "Undefined"          0.0    -0.85  0.00000000
13.12.2023 17:48:29.894   9.76000000   9759.99635   0.00 -104.6   31.4  28.0 14.19  147.9     0.0  147.92    0.00    0.00     0.0  147.92    0.00    0.00     0.0  147.92    0.00    0.00   16.4     64109.894      5.50   47.24000   39.71000  "Undefined"          0.0    -3.65  0.00000000
13.12.2023 17:49:01.628   9.76000000   9759.99599   0.00 -108.0   28.0  28.0 15.86  130.3     0.0  130.34    0.00    0.00     0.0  130.34    0.00    0.00     0.0  130.34    0.00    0.00   19.3     64141.628      5.50   47.24000   39.71000  "Undefined"          0.0    -4.01  0.00000000
13.12.2023 17:49:33.351   9.76000000   9760.00036   0.00 -115.8   20.2  28.0 19.29  146.5     0.0  146.54    0.00    0.00     0.0  146.54    0.00    0.00     0.0  146.54    0.00    0.00   12.9     64173.351      5.50   47.24000   39.71000  "Undefined"          0.0     0.36  0.00000000
13.12.2023 17:49:33.351   9.76000000   9759.99526   0.00 -115.6   20.4  28.0  1.43  131.0     0.0  130.96    0.00    0.00     0.0  130.96    0.00    0.00     0.0  130.96    0.00    0.00   11.6     64173.351      5.50   47.24000   39.71000  "Undefined"          0.0    -4.74  0.00000000
13.12.2023 17:49:33.351   9.76000000   9759.99708   0.00 -115.1   20.9  28.0 15.53  154.0     0.0  154.02    0.00    0.00     0.0  154.02    0.00    0.00     0.0  154.02    0.00    0.00   18.2     64173.351      5.50   47.24000   39.71000  "Undefined"          0.0    -2.92  0.00000000
13.12.2023 17:49:33.351   9.76000000   9759.99587   0.00 -110.3   25.7  28.0  0.01  114.6     0.0  114.63    0.00    0.00     0.0  114.63    0.00    0.00     0.0  114.63    0.00    0.00   10.5     64173.351      5.50   47.24000   39.71000  "Undefined"          0.0    -4.13  0.00000000
13.12.2023 17:49:33.351   9.76000000   9759.99672   0.00 -109.5   26.5  28.0 14.59  153.5     0.0  153.53    0.00    0.00     0.0  153.53    0.00    0.00     0.0  153.53    0.00    0.00    4.5     64173.351      5.50   47.24000   39.71000  "Undefined"          0.0    -3.28  0.00000000
13.12.2023 17:50:05.088   9.76000000   9759.99562   0.00 -110.0   28.0  28.0  0.03  119.9     0.0  119.95    0.00    0.00     0.0  119.95    0.00    0.00     0.0  119.95    0.00    0.00   19.2     64205.088      5.50   47.24000   39.71000  "Undefined"          0.0    -4.38  0.00000000
13.12.2023 17:50:05.088   9.76000000   9759.99611   0.00 -105.8   32.2  28.0  6.00  129.3     0.0  129.29    0.00    0.00     0.0  129.29    0.00    0.00     0.0  129.29    0.00    0.00   21.5     64205.088      5.50   47.24000   39.71000  "Undefined"          0.0    -3.89  0.00000000
13.12.2023 17:50:36.799   9.76000000   9759.99672   0.00 -109.9   28.1  28.0 22.50  156.3     0.0  156.25    0.00    0.00     0.0  156.25    0.00    0.00     0.0  156.25    0.00    0.00   15.2     64236.799      5.50   47.24000   39.71000  "Undefined"          0.0    -3.28  0.00000000
13.12.2023 17:51:08.520   9.76000000   9759.99684   0.00 -114.8   21.2  28.0 15.87  159.1     0.0  159.14    0.00    0.00     0.0  159.14    0.00    0.00     0.0  159.14    0.00    0.00   13.9     64268.520      5.50   47.24000   39.71000  "Undefined"          0.0    -3.16  0.00000000
13.12.2023 17:51:08.520   9.76000000   9759.99574   0.00 -107.1   28.9  28.0  7.52  116.4     0.0  116.38    0.00    0.00     0.0  116.38    0.00    0.00     0.0  116.38    0.00    0.00   20.7     64268.520      5.50   47.24000   39.71000  "Undefined"          0.0    -4.26  0.00000000
13.12.2023 17:51:08.520   9.76000000   9759.99623   0.00 -105.3   30.7  28.0  1.04  127.9     0.0  127.94    0.00    0.00     0.0  127.94    0.00    0.00     0.0  127.94    0.00    0.00   24.5     64268.520      5.50   47.24000   39.71000  "Undefined"          0.0    -3.77  0.00000000
13.12.2023 17:51:40.250   9.76000000   9759.99526   0.00 -117.2   20.8  28.0  0.01  119.5     0.0  119.47    0.00    0.00     0.0  119.47    0.00    0.00     0.0  119.47    0.00    0.00   15.1     64300.250      5.50   47.24000   39.71000  "Undefined"          0.0    -4.74  0.00000000
13.12.2023 17:51:40.250   9.76000000   9759.99611   0.00 -107.7   30.3  28.0 16.50  135.7     0.0  135.69    0.00    0.00     0.0  135.69    0.00    0.00     0.0  135.69    0.00    0.00   16.1     64300.250      5.50   47.24000   39.71000  "Undefined"          0.0    -3.89  0.00000000
13.12.2023 17:51:40.250   9.76000000   9759.99672   0.00  -99.9   38.1  28.0 19.78  159.2     0.0  159.16    0.00    0.00     0.0  159.16    0.00    0.00     0.0  159.16    0.00    0.00    7.9     64300.250      5.50   47.24000   39.71000  "Undefined"          0.0    -3.28  0.00000000
13.12.2023 17:52:11.990   9.76000000   9759.99574   0.00 -114.9   23.1  28.0  6.20  133.3     0.0  133.26    0.00    0.00     0.0  133.26    0.00    0.00     0.0  133.26    0.00    0.00   11.7     64331.990      5.50   47.24000   39.71000  "Undefined"          0.0    -4.26  0.00000000
13.12.2023 17:52:11.990   9.76000000   9759.99623   0.00 -107.9   30.1  28.0 16.09  136.3     0.0  136.32    0.00    0.00     0.0  136.32    0.00    0.00     0.0  136.32    0.00    0.00   11.5     64331.990      5.50   47.24000   39.71000  "Undefined"          0.0    -3.77  0.00000000
13.12.2023 17:52:43.723   9.76000000   9759.99514   0.00 -117.8   20.2  28.0  0.01  120.3     0.0  120.34    0.00    0.00     0.0  120.34    0.00    0.00     0.0  120.34    0.00    0.00   15.0     64363.723      5.50   47.24000   39.71000  "Undefined"          0.0    -4.86  0.00000000
13.12.2023 17:52:43.723   9.76000000   9759.99550   0.00 -109.2   28.8  28.0  0.97  114.6     0.0  114.63    0.00    0.00     0.0  114.63    0.00    0.00     0.0  114.63    0.00    0.00   14.5     64363.723      5.50   47.24000   39.71000  "Undefined"          0.0    -4.50  0.00000000
13.12.2023 17:52:43.723   9.76000000   9759.99696   0.00 -108.5   29.5  28.0 22.41  159.0     0.0  158.99    0.00    0.00     0.0  158.99    0.00    0.00     0.0  158.99    0.00    0.00   14.8     64363.723      5.50   47.24000   39.71000  "Undefined"          0.0    -3.04  0.00000000
13.12.2023 17:53:15.448   9.76000000   9759.99623   0.00 -109.9   26.1  28.0 17.47  140.8     0.0  140.75    0.00    0.00     0.0  140.75    0.00    0.00     0.0  140.75    0.00    0.00    8.5     64395.448      5.50   47.24000   39.71000  "Undefined"          0.0    -3.77  0.00000000
13.12.2023 17:53:15.448   9.76000000   9759.99684   0.00 -102.1   33.9  28.0 19.81  156.3     0.0  156.29    0.00    0.00     0.0  156.29    0.00    0.00     0.0  156.29    0.00    0.00    6.6     64395.448      5.50   47.24000   39.71000  "Undefined"          0.0    -3.16  0.00000000
13.12.2023 17:53:47.144   9.76000000   9759.99635   0.00 -109.4   28.6  28.0 23.88  151.8     0.0  151.77    0.00    0.00     0.0  151.77    0.00    0.00     0.0  151.77    0.00    0.00    8.9     64427.144      5.50   47.24000   39.71000  "Undefined"          0.0    -3.65  0.00000000
13.12.2023 17:53:47.144   9.76000000   9759.99599   0.00 -107.7   30.3  28.0 10.71  128.1     0.0  128.11    0.00    0.00     0.0  128.11    0.00    0.00     0.0  128.11    0.00    0.00   14.0     64427.144      5.50   47.24000   39.71000  "Undefined"          0.0    -4.01  0.00000000
13.12.2023 17:54:18.895   9.76000000   9759.99635   0.00 -111.4   26.6  28.0 10.74  144.5     0.0  144.52    0.00    0.00     0.0  144.52    0.00    0.00     0.0  144.52    0.00    0.00   20.6     64458.895      5.50   47.24000   39.71000  "Undefined"          0.0    -3.65  0.00000000
13.12.2023 17:54:18.895   9.76000000   9759.99562   0.00 -111.2   26.8  28.0  0.68  131.1     0.0  131.14    0.00    0.00     0.0  131.14    0.00    0.00     0.0  131.14    0.00    0.00   14.0     64458.895      5.50   47.24000   39.71000  "Undefined"          0.0    -4.38  0.00000000
13.12.2023 17:54:18.895   9.76000000   9759.99672   0.00 -110.7   27.3  28.0 18.58  158.8     0.0  158.81    0.00    0.00     0.0  158.81    0.00    0.00     0.0  158.81    0.00    0.00   10.1     64458.895      5.50   47.24000   39.71000  "Undefined"          0.0    -3.28  0.00000000
13.12.2023 17:54:50.637   9.76000000   9759.99550   0.00 -113.8   22.2  28.0  0.01  124.3     0.0  124.29    0.00    0.00     0.0  124.29    0.00    0.00     0.0  124.29    0.00    0.00   12.5     64490.637      5.50   47.24000   39.71000  "Undefined"          0.0    -4.50  0.00000000
13.12.2023 17:54:50.637   9.76000000   9759.99635   0.00 -110.1   25.9  28.0  1.03  161.2     0.0  161.23    0.00    0.00     0.0  161.23    0.00    0.00     0.0  161.23    0.00    0.00   21.2     64490.637      5.50   47.24000   39.71000  "Undefined"          0.0    -3.65  0.00000000
13.12.2023 17:54:50.637   9.76000000   9759.99611   0.00 -109.5   26.5  28.0  0.03  158.6     0.0  158.64    0.00    0.00     0.0  158.64    0.00    0.00     0.0  158.64    0.00    0.00   19.9     64490.637      5.50   47.24000   39.71000  "Undefined"          0.0    -3.89  0.00000000
13.12.2023 17:54:50.637   9.76000000   9759.99672   0.00  -97.9   38.1  28.0 20.74  156.7     0.0  156.68    0.00    0.00     0.0  156.68    0.00    0.00     0.0  156.68    0.00    0.00   10.2     64490.637      5.50   47.24000   39.71000  "Undefined"          0.0    -3.28  0.00000000
13.12.2023 17:55:22.388   9.76000000   9759.99611   0.00 -112.9   25.1  28.0  0.01  171.2     0.0  171.15    0.00    0.00     0.0  171.15    0.00    0.00     0.0  171.15    0.00    0.00   24.0     64522.388      5.50   47.24000   39.71000  "Undefined"          0.0    -3.89  0.00000000
13.12.2023 17:55:22.388   9.76000000   9759.99574   0.00 -108.7   29.3  28.0  3.34  134.1     0.0  134.15    0.00    0.00     0.0  134.15    0.00    0.00     0.0  134.15    0.00    0.00   11.8     64522.388      5.50   47.24000   39.71000  "Undefined"          0.0    -4.26  0.00000000
13.12.2023 17:55:22.388   9.76000000   9759.99660   0.00 -105.3   32.7  28.0 15.87  154.3     0.0  154.27    0.00    0.00     0.0  154.27    0.00    0.00     0.0  154.27    0.00    0.00   11.9     64522.388      5.50   47.24000   39.71000  "Undefined"          0.0    -3.40  0.00000000
13.12.2023 17:55:54.122   9.76000000   9759.99611   0.00 -107.6   30.4  28.0 14.68  155.2     0.0  155.21    0.00    0.00     0.0  155.21    0.00    0.00     0.0  155.21    0.00    0.00   18.1     64554.122      5.50   47.24000   39.71000  "Undefined"          0.0    -3.89  0.00000000
13.12.2023 17:55:54.122   9.76000000   9759.99660   0.00 -103.5   34.5  28.0 19.17  155.0     0.0  154.98    0.00    0.00     0.0  154.98    0.00    0.00     0.0  154.98    0.00    0.00    9.4     64554.122      5.50   47.24000   39.71000  "Undefined"          0.0    -3.40  0.00000000
13.12.2023 17:56:36.388   9.76000000   9759.99514   0.00 -115.8   22.2  28.0 11.02  119.2     0.0  119.21    0.00    0.00     0.0  119.21    0.00    0.00     0.0  119.21    0.00    0.00   15.0     64596.388      5.50   47.24000   39.71000  "Undefined"          0.0    -4.86  0.00000000
13.12.2023 17:56:36.388   9.76000000   9759.99623   0.00 -107.5   30.5  28.0  9.15  130.4     0.0  130.40    0.00    0.00     0.0  130.40    0.00    0.00     0.0  130.40    0.00    0.00   10.1     64596.388      5.50   47.24000   39.71000  "Undefined"          0.0    -3.77  0.00000000
13.12.2023 17:56:36.388   9.76000000   9759.99660   0.00 -107.3   30.7  28.0 20.36  162.9     0.0  162.94    0.00    0.00     0.0  162.94    0.00    0.00     0.0  162.94    0.00    0.00   12.2     64596.388      5.50   47.24000   39.71000  "Undefined"          0.0    -3.40  0.00000000
13.12.2023 17:57:08.150   9.76000000   9759.99514   0.00 -114.6   23.4  28.0  0.09  123.2     0.0  123.24    0.00    0.00     0.0  123.24    0.00    0.00     0.0  123.24    0.00    0.00   16.9     64628.150      5.50   47.24000   39.71000  "Undefined"          0.0    -4.86  0.00000000
13.12.2023 17:57:08.150   9.76000000   9759.99550   0.00 -110.7   27.3  28.0  0.59  116.8     0.0  116.81    0.00    0.00     0.0  116.81    0.00    0.00     0.0  116.81    0.00    0.00   11.9     64628.150      5.50   47.24000   39.71000  "Undefined"          0.0    -4.50  0.00000000
13.12.2023 17:57:08.150   9.76000000   9759.99611   0.00 -110.2   27.8  28.0 16.46  150.7     0.0  150.68    0.00    0.00     0.0  150.68    0.00    0.00     0.0  150.68    0.00    0.00   12.3     64628.150      5.50   47.24000   39.71000  "Undefined"          0.0    -3.89  0.00000000
13.12.2023 17:57:08.150   9.76000000   9760.02067   0.00 -104.0   34.0  28.0  0.00   67.4     0.0   67.37    0.00    0.00     0.0   67.37    0.00    0.00     0.0   67.37    0.00    0.00   18.1     64628.150      5.50   47.24000   39.71000  "Undefined"          0.0    20.67  0.00000000
13.12.2023 17:57:39.891   9.76000000   9760.02213   0.00 -113.4   22.6  28.0 36.03  118.6     0.0  118.57    0.00    0.00     0.0  118.57    0.00    0.00     0.0  118.57    0.00    0.00   20.7     64659.891      5.50   47.24000   39.71000  "Undefined"          0.0    22.13  0.00000000
13.12.2023 17:57:39.891   9.76000000   9759.99538   0.00 -112.5   23.5  28.0  0.37  125.7     0.0  125.71    0.00    0.00     0.0  125.71    0.00    0.00     0.0  125.71    0.00    0.00   16.7     64659.891      5.50   47.24000   39.71000  "Undefined"          0.0    -4.62  0.00000000
13.12.2023 17:57:39.891   9.76000000   9759.99660   0.00 -109.7   26.3  28.0 18.79  159.3     0.0  159.33    0.00    0.00     0.0  159.33    0.00    0.00     0.0  159.33    0.00    0.00   13.2     64659.891      5.50   47.24000   39.71000  "Undefined"          0.0    -3.40  0.00000000
13.12.2023 17:57:39.891   9.76000000   9760.02164   0.00 -105.4   30.6  28.0  0.01  277.9     0.0  277.88    0.00    0.00     0.0  277.88    0.00    0.00     0.0  277.88    0.00    0.00   22.9     64659.891      5.50   47.24000   39.71000  "Undefined"          0.0    21.64  0.00000000
13.12.2023 17:57:39.891   9.76000000   9760.02067   0.00  -91.8   44.2  28.0  0.00   66.8     0.0   66.81    0.00    0.00     0.0   66.81    0.00    0.00     0.0   66.81    0.00    0.00   11.7     64659.891      5.50   47.24000   39.71000  "Undefined"          0.0    20.67  0.00000000
13.12.2023 17:58:11.663   9.76000000   9759.99562   0.00 -114.6   21.4  28.0  0.27  128.0     0.0  128.01    0.00    0.00     0.0  128.01    0.00    0.00     0.0  128.01    0.00    0.00   19.8     64691.663      5.50   47.24000   39.71000  "Undefined"          0.0    -4.38  0.00000000
13.12.2023 17:58:11.663   9.76000000   9760.02213   0.00 -113.4   22.6  28.0  0.01   94.0     0.0   94.03    0.00    0.00     0.0   94.03    0.00    0.00     0.0   94.03    0.00    0.00   15.8     64691.663      5.50   47.24000   39.71000  "Undefined"          0.0    22.13  0.00000000
13.12.2023 17:58:11.663   9.76000000   9759.99647   0.00 -111.8   24.2  28.0 16.25  163.4     0.0  163.39    0.00    0.00     0.0  163.39    0.00    0.00     0.0  163.39    0.00    0.00    8.2     64691.663      5.50   47.24000   39.71000  "Undefined"          0.0    -3.53  0.00000000
13.12.2023 17:58:11.663   9.76000000   9760.02262   0.00 -110.0   26.0  28.0 29.50  119.2     0.0  119.24    0.00    0.00     0.0  119.24    0.00    0.00     0.0  119.24    0.00    0.00   17.9     64691.663      5.50   47.24000   39.71000  "Undefined"          0.0    22.62  0.00000000
13.12.2023 17:58:11.663   9.76000000   9760.02177   0.00 -109.8   26.2  28.0  3.60   95.6     0.0   95.65    0.00    0.00     0.0   95.65    0.00    0.00     0.0   95.65    0.00    0.00    8.5     64691.663      5.50   47.24000   39.71000  "Undefined"          0.0    21.77  0.00000000
13.12.2023 17:58:11.663   9.76000000   9759.99599   0.00 -107.6   28.4  28.0 17.08  158.4     0.0  158.40    0.00    0.00     0.0  158.40    0.00    0.00     0.0  158.40    0.00    0.00   11.2     64691.663      5.50   47.24000   39.71000  "Undefined"          0.0    -4.01  0.00000000
13.12.2023 17:58:11.663   9.76000000   9760.02067   0.00  -90.2   45.8  28.0  0.00   70.9     0.0   70.92    0.00    0.00     0.0   70.92    0.00    0.00     0.0   70.92    0.00    0.00   14.0     64691.663      5.50   47.24000   39.71000  "Undefined"          0.0    20.67  0.00000000
13.12.2023 17:58:43.444   9.76000000   9760.02189   0.00 -113.8   22.2  28.0 50.26   59.0     0.0   59.04    0.00    0.00     0.0   59.04    0.00    0.00     0.0   59.04    0.00    0.00   21.4     64723.444      5.50   47.24000   39.71000  "Undefined"          0.0    21.89  0.00000000
13.12.2023 17:58:43.444   9.76000000   9760.02274   0.00 -112.9   23.1  28.0 41.66  113.9     0.0  113.85    0.00    0.00     0.0  113.85    0.00    0.00     0.0  113.85    0.00    0.00   17.4     64723.444      5.50   47.24000   39.71000  "Undefined"          0.0    22.74  0.00000000
13.12.2023 17:58:43.444   9.76000000   9760.02152   0.00 -108.8   27.2  28.0  0.12  238.0     0.0  238.03    0.00    0.00     0.0  238.03    0.00    0.00     0.0  238.03    0.00    0.00   24.1     64723.444      5.50   47.24000   39.71000  "Undefined"          0.0    21.52  0.00000000
13.12.2023 17:58:43.444   9.76000000   9760.01994   0.00 -106.3   29.7  28.0  2.11   28.0     0.0   28.03    0.00    0.00     0.0   28.03    0.00    0.00     0.0   28.03    0.00    0.00    6.2     64723.444      5.50   47.24000   39.71000  "Undefined"          0.0    19.94  0.00000000
13.12.2023 17:58:43.444   9.76000000   9759.99599   0.00 -105.5   30.5  28.0 14.22  139.9     0.0  139.85    0.00    0.00     0.0  139.85    0.00    0.00     0.0  139.85    0.00    0.00   10.2     64723.444      5.50   47.24000   39.71000  "Undefined"          0.0    -4.01  0.00000000
13.12.2023 17:59:15.201   9.76000000   9759.99562   0.00 -109.5   26.5  28.0  4.61  140.2     0.0  140.23    0.00    0.00     0.0  140.23    0.00    0.00     0.0  140.23    0.00    0.00   16.9     64755.201      5.50   47.24000   39.71000  "Undefined"          0.0    -4.38  0.00000000
13.12.2023 17:59:15.201   9.76000000   9760.02019   0.00 -104.1   31.9  28.0  0.00   70.3     0.0   70.27    0.00    0.00     0.0   70.27    0.00    0.00     0.0   70.27    0.00    0.00   14.7     64755.201      5.50   47.24000   39.71000  "Undefined"          0.0    20.19  0.00000000
13.12.2023 17:59:15.201   9.76000000   9759.99611   0.00 -102.8   33.2  28.0  9.52  140.7     0.0  140.68    0.00    0.00     0.0  140.68    0.00    0.00     0.0  140.68    0.00    0.00   14.2     64755.201      5.50   47.24000   39.71000  "Undefined"          0.0    -3.89  0.00000000
13.12.2023 17:59:15.201   9.76000000   9760.02091   0.00  -96.3   39.7  28.0  0.00   73.7     0.0   73.66    0.00    0.00     0.0   73.66    0.00    0.00     0.0   73.66    0.00    0.00   16.2     64755.201      5.50   47.24000   39.71000  "Undefined"          0.0    20.91  0.00000000
13.12.2023 17:59:46.960   9.76000000   9760.01970   0.00 -111.9   24.1  28.0  7.91  250.8     0.0  250.82    0.00    0.00     0.0  250.82    0.00    0.00     0.0  250.82    0.00    0.00   10.2     64786.960      5.50   47.24000   39.71000  "Undefined"          0.0    19.70  0.00000000
13.12.2023 17:59:46.960   9.76000000   9760.02152   0.00 -103.7   32.3  28.0  0.00   88.4     0.0   88.39    0.00    0.00     0.0   88.39    0.00    0.00     0.0   88.39    0.00    0.00    7.9     64786.960      5.50   47.24000   39.71000  "Undefined"          0.0    21.52  0.00000000
13.12.2023 17:59:46.960   9.76000000   9760.02019   0.00 -101.9   34.1  28.0  0.00   65.8     0.0   65.84    0.00    0.00     0.0   65.84    0.00    0.00     0.0   65.84    0.00    0.00   12.4     64786.960      5.50   47.24000   39.71000  "Undefined"          0.0    20.19  0.00000000
13.12.2023 17:59:46.960   9.76000000   9759.99599   0.00  -99.9   36.1  28.0 12.76  141.7     0.0  141.71    0.00    0.00     0.0  141.71    0.00    0.00     0.0  141.71    0.00    0.00   14.4     64786.960      5.50   47.24000   39.71000  "Undefined"          0.0    -4.01  0.00000000
13.12.2023 17:59:46.960   9.76000000   9760.02079   0.00  -89.7   46.3  28.0  0.01   68.5     0.0   68.48    0.00    0.00     0.0   68.48    0.00    0.00     0.0   68.48    0.00    0.00   14.2     64786.960      5.50   47.24000   39.71000  "Undefined"          0.0    20.79  0.00000000
