07.12.2023 03:00:20.645   9.99600000   9995.99757   0.00 -112.2   25.8  28.0 25.39  250.3     0.0  250.30    0.00    0.00     0.0  250.30    0.00    0.00     0.0  250.30    0.00    0.00    7.4     10820.645      5.50   47.24000   39.71000  "Undefined"          0.0    -2.43  0.00000000
07.12.2023 03:00:31.237   9.99600000   9995.99757   0.00 -107.7   28.3  28.0 28.30  110.7     0.0  110.69    0.00    0.00     0.0  110.69    0.00    0.00     0.0  110.69    0.00    0.00   16.6     10831.237      5.50   47.24000   39.71000  "Undefined"          0.0    -2.43  0.00000000
07.12.2023 03:00:52.407   9.99600000   9995.99805   0.00 -114.0   24.0  28.0 23.20  196.3     0.0  196.35    0.00    0.00     0.0  196.35    0.00    0.00     0.0  196.35    0.00    0.00   19.8     10852.407      5.50   47.24000   39.71000  "Undefined"          0.0    -1.95  0.00000000
07.12.2023 03:01:02.993   9.99600000   9995.99781   0.00 -112.0   26.0  28.0 15.13   27.8     0.0   27.84    0.00    0.00     0.0   27.84    0.00    0.00     0.0   27.84    0.00    0.00   24.1     10862.993      5.50   47.24000   39.71000  "Undefined"          0.0    -2.19  0.00000000
07.12.2023 03:01:24.186   9.99600000   9995.99769   0.00 -114.8   23.2  28.0  0.00  250.7     0.0  250.70    0.00    0.00     0.0  250.70    0.00    0.00     0.0  250.70    0.00    0.00   18.4     10884.186      5.50   47.24000   39.71000  "Undefined"          0.0    -2.31  0.00000000
07.12.2023 03:01:24.186   9.99600000   9995.99745   0.00 -114.0   24.0  28.0 11.61  266.5     0.0  266.49    0.00    0.00     0.0  266.49    0.00    0.00     0.0  266.49    0.00    0.00   18.0     10884.186      5.50   47.24000   39.71000  "Undefined"          0.0    -2.55  0.00000000
07.12.2023 03:01:45.355   9.99600000   9995.99781   0.00 -113.1   24.9  28.0 23.34  247.3     0.0  247.27    0.00    0.00     0.0  247.27    0.00    0.00     0.0  247.27    0.00    0.00   14.7     10905.355      5.50   47.24000   39.71000  "Undefined"          0.0    -2.19  0.00000000
07.12.2023 03:01:55.960   9.99600000   9995.99732   0.00 -116.0   22.0  28.0 33.33   99.7     0.0   99.74    0.00    0.00     0.0   99.74    0.00    0.00     0.0   99.74    0.00    0.00   23.7     10915.960      5.50   47.24000   39.71000  "Undefined"          0.0    -2.68  0.00000000
07.12.2023 03:01:55.960   9.99600000   9995.99805   0.00 -114.9   23.1  28.0  0.00   10.0     0.0    9.98    0.00    0.00     0.0    9.98    0.00    0.00     0.0    9.98    0.00    0.00    9.7     10915.960      5.50   47.24000   39.71000  "Undefined"          0.0    -1.95  0.00000000
07.12.2023 03:01:55.960   9.99600000   9995.99757   0.00 -114.3   23.7  28.0 12.56  109.9     0.0  109.86    0.00    0.00     0.0  109.86    0.00    0.00     0.0  109.86    0.00    0.00   15.2     10915.960      5.50   47.24000   39.71000  "Undefined"          0.0    -2.43  0.00000000
07.12.2023 03:02:06.555   9.99600000   9995.99732   0.00 -113.1   24.9  28.0  4.61    4.1     0.0    4.07    0.00    0.00     0.0    4.07    0.00    0.00     0.0    4.07    0.00    0.00   19.4     10926.555      5.50   47.24000   39.71000  "Undefined"          0.0    -2.68  0.00000000
07.12.2023 03:02:17.141   9.99600000   9995.99757   0.00 -113.8   24.2  28.0 28.56  212.9     0.0  212.91    0.00    0.00     0.0  212.91    0.00    0.00     0.0  212.91    0.00    0.00   14.8     10937.141      5.50   47.24000   39.71000  "Undefined"          0.0    -2.43  0.00000000
07.12.2023 03:02:27.736   9.99600000   9995.99769   0.00 -113.7   24.3  28.0 35.67  129.4     0.0  129.36    0.00    0.00     0.0  129.36    0.00    0.00     0.0  129.36    0.00    0.00   13.2     10947.736      5.50   47.24000   39.71000  "Undefined"          0.0    -2.31  0.00000000
07.12.2023 03:02:59.510   9.99600000   9995.99757   0.00 -114.0   24.0  28.0 19.51  245.2     0.0  245.18    0.00    0.00     0.0  245.18    0.00    0.00     0.0  245.18    0.00    0.00   24.6     10979.510      5.50   47.24000   39.71000  "Undefined"          0.0    -2.43  0.00000000
07.12.2023 03:03:10.115   9.99600000   9995.99818   0.00 -114.6   23.4  28.0  1.82    7.9     0.0    7.88    0.00    0.00     0.0    7.88    0.00    0.00     0.0    7.88    0.00    0.00    3.0     10990.115      5.50   47.24000   39.71000  "Undefined"          0.0    -1.82  0.00000000
07.12.2023 03:03:10.115   9.99600000   9995.99757   0.00 -113.8   24.2  28.0 34.41  238.5     0.0  238.49    0.00    0.00     0.0  238.49    0.00    0.00     0.0  238.49    0.00    0.00    9.2     10990.115      5.50   47.24000   39.71000  "Undefined"          0.0    -2.43  0.00000000
07.12.2023 03:03:20.698   9.99600000   9995.99769   0.00 -109.6   28.4  28.0 29.10  248.5     0.0  248.45    0.00    0.00     0.0  248.45    0.00    0.00     0.0  248.45    0.00    0.00   19.7     11000.698      5.50   47.24000   39.71000  "Undefined"          0.0    -2.31  0.00000000
07.12.2023 03:03:31.296   9.99600000   9995.99757   0.00 -112.9   25.1  28.0 11.25  112.3     0.0  112.32    0.00    0.00     0.0  112.32    0.00    0.00     0.0  112.32    0.00    0.00    8.1     11011.296      5.50   47.24000   39.71000  "Undefined"          0.0    -2.43  0.00000000
07.12.2023 03:03:52.507   9.99600000   9995.99745   0.00 -112.0   26.0  28.0  7.79   12.4     0.0   12.44    0.00    0.00     0.0   12.44    0.00    0.00     0.0   12.44    0.00    0.00   20.1     11032.507      5.50   47.24000   39.71000  "Undefined"          0.0    -2.55  0.00000000
07.12.2023 03:04:03.095   9.99600000   9995.99781   0.00 -112.2   25.8  28.0 25.16  249.2     0.0  249.17    0.00    0.00     0.0  249.17    0.00    0.00     0.0  249.17    0.00    0.00   11.9     11043.095      5.50   47.24000   39.71000  "Undefined"          0.0    -2.19  0.00000000
07.12.2023 03:04:13.703   9.99600000   9995.99745   0.00 -112.6   25.4  28.0 21.16  119.8     0.0  119.77    0.00    0.00     0.0  119.77    0.00    0.00     0.0  119.77    0.00    0.00    8.0     11053.703      5.50   47.24000   39.71000  "Undefined"          0.0    -2.55  0.00000000
07.12.2023 03:04:24.306   9.99600000   9995.99781   0.00 -111.5   26.5  28.0 13.16  251.0     0.0  250.97    0.00    0.00     0.0  250.97    0.00    0.00     0.0  250.97    0.00    0.00   18.3     11064.306      5.50   47.24000   39.71000  "Undefined"          0.0    -2.19  0.00000000
07.12.2023 03:04:45.513   9.99600000   9995.99745   0.00 -113.3   24.7  28.0 18.03  142.6     0.0  142.60    0.00    0.00     0.0  142.60    0.00    0.00     0.0  142.60    0.00    0.00    4.9     11085.513      5.50   47.24000   39.71000  "Undefined"          0.0    -2.55  0.00000000
07.12.2023 03:04:56.088   9.99600000   9995.99769   0.00 -111.0   27.0  28.0 16.08  251.7     0.0  251.66    0.00    0.00     0.0  251.66    0.00    0.00     0.0  251.66    0.00    0.00    4.4     11096.088      5.50   47.24000   39.71000  "Undefined"          0.0    -2.31  0.00000000
07.12.2023 03:05:17.289   9.99600000   9995.99769   0.00 -112.5   25.5  28.0  0.03  262.6     0.0  262.61    0.00    0.00     0.0  262.61    0.00    0.00     0.0  262.61    0.00    0.00   17.4     11117.289      5.50   47.24000   39.71000  "Undefined"         -0.0    -2.31  0.00000000
07.12.2023 03:05:27.894   9.99600000   9995.99745   0.00 -112.8   25.2  28.0 22.11  121.7     0.0  121.73    0.00    0.00     0.0  121.73    0.00    0.00     0.0  121.73    0.00    0.00    6.6     11127.894      5.50   47.24000   39.71000  "Undefined"          0.0    -2.55  0.00000000
07.12.2023 03:05:38.502   9.99600000   9995.99769   0.00 -113.5   24.5  28.0  0.00  356.1     0.0  356.09    0.00    0.00     0.0  356.09    0.00    0.00     0.0  356.09    0.00    0.00   20.4     11138.502      5.50   47.24000   39.71000  "Undefined"          0.0    -2.31  0.00000000
07.12.2023 03:05:49.098   9.99600000   9995.99732   0.00 -112.7   25.3  28.0 14.70    3.6     0.0    3.62    0.00    0.00     0.0    3.62    0.00    0.00     0.0    3.62    0.00    0.00   24.2     11149.098      5.50   47.24000   39.71000  "Undefined"          0.0    -2.68  0.00000000
07.12.2023 03:05:49.098   9.99600000   9995.99781   0.00 -110.6   27.4  28.0 14.49  242.8     0.0  242.81    0.00    0.00     0.0  242.81    0.00    0.00     0.0  242.81    0.00    0.00   18.6     11149.098      5.50   47.24000   39.71000  "Undefined"          0.0    -2.19  0.00000000
07.12.2023 03:05:59.704   9.99600000   9995.99720   0.00 -118.0   20.0  28.0 19.04  189.6     0.0  189.63    0.00    0.00     0.0  189.63    0.00    0.00     0.0  189.63    0.00    0.00   25.0     11159.704      5.50   47.24000   39.71000  "Undefined"          0.0    -2.80  0.00000000
07.12.2023 03:05:59.704   9.99600000   9995.99757   0.00 -114.2   23.8  28.0  7.94  251.3     0.0  251.34    0.00    0.00     0.0  251.34    0.00    0.00     0.0  251.34    0.00    0.00   11.8     11159.704      5.50   47.24000   39.71000  "Undefined"          0.0    -2.43  0.00000000
07.12.2023 03:06:20.901   9.99600000   9995.99720   0.00 -113.2   24.8  28.0  0.01    4.5     0.0    4.48    0.00    0.00     0.0    4.48    0.00    0.00     0.0    4.48    0.00    0.00    7.4     11180.901      5.50   47.24000   39.71000  "Undefined"          0.0    -2.80  0.00000000
07.12.2023 03:06:31.506   9.99600000   9995.99732   0.00 -114.8   23.2  28.0 29.62   25.7     0.0   25.66    0.00    0.00     0.0   25.66    0.00    0.00     0.0   25.66    0.00    0.00   20.4     11191.506      5.50   47.24000   39.71000  "Undefined"          0.0    -2.68  0.00000000
07.12.2023 03:06:31.506   9.99600000   9995.99769   0.00 -109.9   28.1  28.0 32.68  108.9     0.0  108.87    0.00    0.00     0.0  108.87    0.00    0.00     0.0  108.87    0.00    0.00   22.7     11191.506      5.50   47.24000   39.71000  "Undefined"          0.0    -2.31  0.00000000
07.12.2023 03:06:42.107   9.99600000   9995.99781   0.00 -109.9   28.1  28.0 12.86   14.9     0.0   14.87    0.00    0.00     0.0   14.87    0.00    0.00     0.0   14.87    0.00    0.00   21.7     11202.107      5.50   47.24000   39.71000  "Undefined"          0.0    -2.19  0.00000000
07.12.2023 03:06:52.697   9.99600000   9995.99781   0.00 -108.4   29.6  28.0 15.53  242.4     0.0  242.44    0.00    0.00     0.0  242.44    0.00    0.00     0.0  242.44    0.00    0.00   12.0     11212.697      5.50   47.24000   39.71000  "Undefined"          0.0    -2.19  0.00000000
07.12.2023 03:07:03.293   9.99600000   9995.99720   0.00 -115.9   22.1  28.0 15.56  189.1     0.0  189.06    0.00    0.00     0.0  189.06    0.00    0.00     0.0  189.06    0.00    0.00   10.6     11223.293      5.50   47.24000   39.71000  "Undefined"          0.0    -2.80  0.00000000
07.12.2023 03:07:13.908   9.99600000   9995.99781   0.00 -109.7   28.3  28.0 11.87  253.0     0.0  252.97    0.00    0.00     0.0  252.97    0.00    0.00     0.0  252.97    0.00    0.00   10.0     11233.908      5.50   47.24000   39.71000  "Undefined"          0.0    -2.19  0.00000000
07.12.2023 03:07:24.515   9.99600000   9995.99781   0.00 -111.6   26.4  28.0  0.03   14.3     0.0   14.30    0.00    0.00     0.0   14.30    0.00    0.00     0.0   14.30    0.00    0.00   15.7     11244.515      5.50   47.24000   39.71000  "Undefined"          0.0    -2.19  0.00000000
07.12.2023 03:07:45.709   9.99600000   9995.99781   0.00 -108.7   29.3  28.0 20.45  253.2     0.0  253.23    0.00    0.00     0.0  253.23    0.00    0.00     0.0  253.23    0.00    0.00   17.0     11265.709      5.50   47.24000   39.71000  "Undefined"          0.0    -2.19  0.00000000
07.12.2023 03:09:10.236   9.99600000   9995.99769   0.00 -115.2   22.8  28.0  0.00   57.2     0.0   57.17    0.00    0.00     0.0   57.17    0.00    0.00     0.0   57.17    0.00    0.00   23.7     11350.236      5.50   47.24000   39.71000  "Undefined"          0.0    -2.31  0.00000000
07.12.2023 03:29:57.823   9.99600000   9995.99769   0.00 -112.0   24.0  28.0 23.79  249.7     0.0  249.71    0.00    0.00     0.0  249.71    0.00    0.00     0.0  249.71    0.00    0.00   14.0     12597.823      5.50   47.24000   39.71000  "Undefined"          0.0    -2.31  0.00000000
07.12.2023 03:30:19.009   9.99600000   9995.99878   0.00 -117.8   20.2  28.0  0.00    6.9     0.0    6.86    0.00    0.00     0.0    6.86    0.00    0.00     0.0    6.86    0.00    0.00    6.4     12619.009      5.50   47.24000   39.71000  "Undefined"          0.0    -1.22  0.00000000
07.12.2023 03:30:19.009   9.99600000   9995.99769   0.00 -117.1   20.9  28.0  0.12  244.7     0.0  244.66    0.00    0.00     0.0  244.66    0.00    0.00     0.0  244.66    0.00    0.00   18.1     12619.009      5.50   47.24000   39.71000  "Undefined"          0.0    -2.31  0.00000000
07.12.2023 03:30:40.137   9.99600000   9995.99781   0.00 -117.6   20.4  28.0 19.38  264.8     0.0  264.80    0.00    0.00     0.0  264.80    0.00    0.00     0.0  264.80    0.00    0.00    3.3     12640.137      5.50   47.24000   39.71000  "Undefined"          0.0    -2.19  0.00000000
07.12.2023 03:31:01.338   9.99600000   9995.99818   0.00 -116.8   21.2  28.0  0.04   11.3     0.0   11.27    0.00    0.00     0.0   11.27    0.00    0.00     0.0   11.27    0.00    0.00    8.7     12661.338      5.50   47.24000   39.71000  "Undefined"          0.0    -1.82  0.00000000
07.12.2023 03:31:01.338   9.99600000   9995.99769   0.00 -116.6   21.4  28.0  1.59   61.7     0.0   61.65    0.00    0.00     0.0   61.65    0.00    0.00     0.0   61.65    0.00    0.00   19.9     12661.338      5.50   47.24000   39.71000  "Undefined"          0.0    -2.31  0.00000000
07.12.2023 03:31:33.144   9.99600000   9995.99781   0.00 -117.5   20.5  28.0  0.21  258.6     0.0  258.58    0.00    0.00     0.0  258.58    0.00    0.00     0.0  258.58    0.00    0.00   20.8     12693.144      5.50   47.24000   39.71000  "Undefined"          0.0    -2.19  0.00000000
07.12.2023 03:31:43.746   9.99600000   9995.99769   0.00 -112.4   25.6  28.0 26.12  244.9     0.0  244.87    0.00    0.00     0.0  244.87    0.00    0.00     0.0  244.87    0.00    0.00    9.6     12703.746      5.50   47.24000   39.71000  "Undefined"          0.0    -2.31  0.00000000
07.12.2023 03:31:54.336   9.99600000   9995.99939   0.00 -116.8   21.2  28.0  0.00   18.4     0.0   18.41    0.00    0.00     0.0   18.41    0.00    0.00     0.0   18.41    0.00    0.00    4.1     12714.336      5.50   47.24000   39.71000  "Undefined"          0.0    -0.61  0.00000000
07.12.2023 03:31:54.336   9.99600000   9995.99781   0.00 -111.1   26.9  28.0 21.17  257.7     0.0  257.70    0.00    0.00     0.0  257.70    0.00    0.00     0.0  257.70    0.00    0.00    3.7     12714.336      5.50   47.24000   39.71000  "Undefined"          0.0    -2.19  0.00000000
07.12.2023 03:32:26.137   9.99600000   9995.99769   0.00 -115.0   23.0  28.0 22.85  104.9     0.0  104.86    0.00    0.00     0.0  104.86    0.00    0.00     0.0  104.86    0.00    0.00   21.0     12746.137      5.50   47.24000   39.71000  "Undefined"          0.0    -2.31  0.00000000
07.12.2023 03:32:36.744   9.99600000   9995.99866   0.00 -117.5   20.5  28.0  0.00   15.1     0.0   15.07    0.00    0.00     0.0   15.07    0.00    0.00     0.0   15.07    0.00    0.00    6.4     12756.744      5.50   47.24000   39.71000  "Undefined"          0.0    -1.34  0.00000000
07.12.2023 03:32:36.744   9.99600000   9995.99769   0.00 -113.8   24.2  28.0 17.73  224.0     0.0  224.01    0.00    0.00     0.0  224.01    0.00    0.00     0.0  224.01    0.00    0.00   20.4     12756.744      5.50   47.24000   39.71000  "Undefined"          0.0    -2.31  0.00000000
07.12.2023 03:32:47.361   9.99600000   9995.99805   0.00 -117.0   21.0  28.0  0.00    1.5     0.0    1.50    0.00    0.00     0.0    1.50    0.00    0.00     0.0    1.50    0.00    0.00    9.5     12767.361      5.50   47.24000   39.71000  "Undefined"          0.0    -1.95  0.00000000
07.12.2023 03:32:47.361   9.99600000   9995.99769   0.00 -110.4   27.6  28.0 17.03  248.6     0.0  248.64    0.00    0.00     0.0  248.64    0.00    0.00     0.0  248.64    0.00    0.00    5.8     12767.361      5.50   47.24000   39.71000  "Undefined"          0.0    -2.31  0.00000000
07.12.2023 03:32:57.959   9.99600000   9995.99781   0.00 -116.0   22.0  28.0 24.24  266.0     0.0  265.96    0.00    0.00     0.0  265.96    0.00    0.00     0.0  265.96    0.00    0.00   16.3     12777.959      5.50   47.24000   39.71000  "Undefined"          0.0    -2.19  0.00000000
07.12.2023 03:32:57.959   9.99600000   9995.99757   0.00 -116.0   22.0  28.0  0.11  257.1     0.0  257.11    0.00    0.00     0.0  257.11    0.00    0.00     0.0  257.11    0.00    0.00   14.1     12777.959      5.50   47.24000   39.71000  "Undefined"          0.0    -2.43  0.00000000
07.12.2023 03:33:08.556   9.99600000   9995.99903   0.00 -116.8   21.2  28.0  0.00    9.2     0.0    9.23    0.00    0.00     0.0    9.23    0.00    0.00     0.0    9.23    0.00    0.00    3.9     12788.556      5.50   47.24000   39.71000  "Undefined"          0.0    -0.97  0.00000000
07.12.2023 03:33:08.556   9.99600000   9995.99769   0.00 -112.0   26.0  28.0 17.75  266.8     0.0  266.82    0.00    0.00     0.0  266.82    0.00    0.00     0.0  266.82    0.00    0.00   10.4     12788.556      5.50   47.24000   39.71000  "Undefined"          0.0    -2.31  0.00000000
07.12.2023 03:33:19.167   9.99600000   9995.99757   0.00 -115.3   22.7  28.0  7.32  258.6     0.0  258.55    0.00    0.00     0.0  258.55    0.00    0.00     0.0  258.55    0.00    0.00    9.1     12799.167      5.50   47.24000   39.71000  "Undefined"          0.0    -2.43  0.00000000
07.12.2023 03:33:29.753   9.99600000   9995.99769   0.00 -113.5   24.5  28.0 23.45  253.8     0.0  253.78    0.00    0.00     0.0  253.78    0.00    0.00     0.0  253.78    0.00    0.00    1.2     12809.753      5.50   47.24000   39.71000  "Undefined"          0.0    -2.31  0.00000000
07.12.2023 03:33:40.359   9.99600000   9995.99805   0.00 -116.6   21.4  28.0 20.47  185.8     0.0  185.77    0.00    0.00     0.0  185.77    0.00    0.00     0.0  185.77    0.00    0.00   18.2     12820.359      5.50   47.24000   39.71000  "Undefined"          0.0    -1.95  0.00000000
07.12.2023 03:33:40.359   9.99600000   9995.99769   0.00 -115.0   23.0  28.0  5.11  263.7     0.0  263.68    0.00    0.00     0.0  263.68    0.00    0.00     0.0  263.68    0.00    0.00   19.6     12820.359      5.50   47.24000   39.71000  "Undefined"          0.0    -2.31  0.00000000
07.12.2023 03:33:50.954   9.99600000   9995.99769   0.00 -117.0   21.0  28.0  3.28  180.8     0.0  180.84    0.00    0.00     0.0  180.84    0.00    0.00     0.0  180.84    0.00    0.00   21.3     12830.954      5.50   47.24000   39.71000  "Undefined"          0.0    -2.31  0.00000000
07.12.2023 03:34:01.552   9.99600000   9995.99757   0.00 -116.4   21.6  28.0  0.06   84.9     0.0   84.92    0.00    0.00     0.0   84.92    0.00    0.00     0.0   84.92    0.00    0.00   15.4     12841.552      5.50   47.24000   39.71000  "Undefined"          0.0    -2.43  0.00000000
07.12.2023 03:34:12.147   9.99600000   9995.99793   0.00 -117.8   20.2  28.0 12.09  267.8     0.0  267.77    0.00    0.00     0.0  267.77    0.00    0.00     0.0  267.77    0.00    0.00   18.1     12852.147      5.50   47.24000   39.71000  "Undefined"          0.0    -2.07  0.00000000
07.12.2023 03:34:22.744   9.99600000   9995.99745   0.00 -114.0   24.0  28.0  0.00    1.4     0.0    1.40    0.00    0.00     0.0    1.40    0.00    0.00     0.0    1.40    0.00    0.00   10.6     12862.744      5.50   47.24000   39.71000  "Undefined"          0.0    -2.55  0.00000000
07.12.2023 03:34:22.744   9.99600000   9995.99781   0.00 -112.8   25.2  28.0  0.00   10.4     0.0   10.44    0.00    0.00     0.0   10.44    0.00    0.00     0.0   10.44    0.00    0.00    2.1     12862.744      5.50   47.24000   39.71000  "Undefined"          0.0    -2.19  0.00000000
07.12.2023 03:34:33.354   9.99600000   9995.99757   0.00 -106.5   31.5  28.0 11.03  259.9     0.0  259.93    0.00    0.00     0.0  259.93    0.00    0.00     0.0  259.93    0.00    0.00    7.0     12873.354      5.50   47.24000   39.71000  "Undefined"          0.0    -2.43  0.00000000
07.12.2023 03:34:43.954   9.99600000   9995.99769   0.00 -110.8   27.2  28.0 23.92  265.4     0.0  265.38    0.00    0.00     0.0  265.38    0.00    0.00     0.0  265.38    0.00    0.00    9.3     12883.954      5.50   47.24000   39.71000  "Undefined"          0.0    -2.31  0.00000000
07.12.2023 03:35:05.125   9.99600000   9995.99757   0.00 -113.9   24.1  28.0  6.73  202.3     0.0  202.31    0.00    0.00     0.0  202.31    0.00    0.00     0.0  202.31    0.00    0.00   19.1     12905.125      5.50   47.24000   39.71000  "Undefined"          0.0    -2.43  0.00000000
07.12.2023 03:35:15.730   9.99600000   9995.99757   0.00 -106.8   31.2  28.0 10.59  250.8     0.0  250.81    0.00    0.00     0.0  250.81    0.00    0.00     0.0  250.81    0.00    0.00   10.3     12915.730      5.50   47.24000   39.71000  "Undefined"          0.0    -2.43  0.00000000
07.12.2023 03:35:26.322   9.99600000   9995.99769   0.00 -113.5   24.5  28.0 18.66  260.6     0.0  260.58    0.00    0.00     0.0  260.58    0.00    0.00     0.0  260.58    0.00    0.00   14.8     12926.322      5.50   47.24000   39.71000  "Undefined"          0.0    -2.31  0.00000000
07.12.2023 03:35:47.516   9.99600000   9995.99781   0.00 -113.8   24.2  28.0 12.21   15.3     0.0   15.27    0.00    0.00     0.0   15.27    0.00    0.00     0.0   15.27    0.00    0.00   20.6     12947.516      5.50   47.24000   39.71000  "Undefined"          0.0    -2.19  0.00000000
07.12.2023 03:36:08.706   9.99600000   9995.99769   0.00 -110.1   27.9  28.0  0.01  264.8     0.0  264.83    0.00    0.00     0.0  264.83    0.00    0.00     0.0  264.83    0.00    0.00   10.3     12968.706      5.50   47.24000   39.71000  "Undefined"          0.0    -2.31  0.00000000
07.12.2023 03:36:19.303   9.99600000   9995.99769   0.00 -114.1   23.9  28.0 27.35  264.8     0.0  264.75    0.00    0.00     0.0  264.75    0.00    0.00     0.0  264.75    0.00    0.00   15.7     12979.303      5.50   47.24000   39.71000  "Undefined"          0.0    -2.31  0.00000000
07.12.2023 03:36:29.882   9.99600000   9995.99793   0.00 -115.4   22.6  28.0  5.70    8.4     0.0    8.36    0.00    0.00     0.0    8.36    0.00    0.00     0.0    8.36    0.00    0.00   16.6     12989.882      5.50   47.24000   39.71000  "Undefined"          0.0    -2.07  0.00000000
07.12.2023 03:36:29.882   9.99600000   9995.99757   0.00 -110.4   27.6  28.0  8.81  261.4     0.0  261.45    0.00    0.00     0.0  261.45    0.00    0.00     0.0  261.45    0.00    0.00    5.4     12989.882      5.50   47.24000   39.71000  "Undefined"          0.0    -2.43  0.00000000
07.12.2023 03:36:40.484   9.99600000   9995.99757   0.00 -112.3   25.7  28.0 13.28  255.9     0.0  255.92    0.00    0.00     0.0  255.92    0.00    0.00     0.0  255.92    0.00    0.00   19.3     13000.484      5.50   47.24000   39.71000  "Undefined"          0.0    -2.43  0.00000000
07.12.2023 03:36:51.082   9.99600000   9995.99757   0.00 -112.8   25.2  28.0 17.18  261.4     0.0  261.36    0.00    0.00     0.0  261.36    0.00    0.00     0.0  261.36    0.00    0.00    6.6     13011.082      5.50   47.24000   39.71000  "Undefined"          0.0    -2.43  0.00000000
07.12.2023 03:37:01.670   9.99600000   9995.99781   0.00 -113.5   24.5  28.0  0.00    8.8     0.0    8.76    0.00    0.00     0.0    8.76    0.00    0.00     0.0    8.76    0.00    0.00    4.3     13021.670      5.50   47.24000   39.71000  "Undefined"          0.0    -2.19  0.00000000
07.12.2023 03:37:12.259   9.99600000   9995.99793   0.00 -112.3   25.7  28.0  0.00   15.3     0.0   15.28    0.00    0.00     0.0   15.28    0.00    0.00     0.0   15.28    0.00    0.00    8.0     13032.259      5.50   47.24000   39.71000  "Undefined"          0.0    -2.07  0.00000000
07.12.2023 03:37:12.259   9.99600000   9995.99757   0.00 -112.1   25.9  28.0  0.04  264.5     0.0  264.55    0.00    0.00     0.0  264.55    0.00    0.00     0.0  264.55    0.00    0.00   20.5     13032.259      5.50   47.24000   39.71000  "Undefined"          0.0    -2.43  0.00000000
07.12.2023 03:37:22.865   9.99600000   9995.99769   0.00 -113.1   24.9  28.0  1.19    6.3     0.0    6.25    0.00    0.00     0.0    6.25    0.00    0.00     0.0    6.25    0.00    0.00    4.1     13042.865      5.50   47.24000   39.71000  "Undefined"          0.0    -2.31  0.00000000
07.12.2023 03:37:33.464   9.99600000   9995.99769   0.00 -111.1   26.9  28.0  7.01  259.7     0.0  259.72    0.00    0.00     0.0  259.72    0.00    0.00     0.0  259.72    0.00    0.00    7.2     13053.464      5.50   47.24000   39.71000  "Undefined"          0.0    -2.31  0.00000000
07.12.2023 03:39:08.595   9.99600000   9995.99769   0.00 -117.7   20.3  28.0 10.61  267.8     0.0  267.76    0.00    0.00     0.0  267.76    0.00    0.00     0.0  267.76    0.00    0.00   20.5     13148.595      5.50   47.24000   39.71000  "Undefined"          0.0    -2.31  0.00000000
