14.12.2023 17:00:31.678   9.99600000   9995.99635   0.00 -116.0   22.0  28.0  0.00  359.5     0.0  359.47    0.00    0.00     0.0  359.47    0.00    0.00     0.0  359.47    0.00    0.00    6.3     61231.678      5.50   47.24000   39.71000  "Undefined"          0.0    -3.65  0.00000000
14.12.2023 17:01:03.444   9.99600000   9995.99647   0.00 -114.1   23.9  28.0  0.01  357.5     0.0  357.48    0.00    0.00     0.0  357.48    0.00    0.00     0.0  357.48    0.00    0.00    8.6     61263.444      5.50   47.24000   39.71000  "Undefined"          0.0    -3.53  0.00000000
14.12.2023 17:01:35.246   9.99600000   9995.99647   0.00 -111.6   26.4  28.0  0.00  359.7     0.0  359.74    0.00    0.00     0.0  359.74    0.00    0.00     0.0  359.74    0.00    0.00    3.3     61295.246      5.50   47.24000   39.71000  "Undefined"          0.0    -3.53  0.00000000
14.12.2023 17:03:20.938   9.99600000   9995.99635   0.00 -112.1   25.9  28.0  0.00  357.5     0.0  357.46    0.00    0.00     0.0  357.46    0.00    0.00     0.0  357.46    0.00    0.00   10.7     61400.938      5.50   47.24000   39.71000  "Undefined"          0.0    -3.65  0.00000000
14.12.2023 17:06:00.183   9.99600000   9995.99647   0.00 -112.2   25.8  28.0  0.00  359.9     0.0  359.89    0.00    0.00     0.0  359.89    0.00    0.00     0.0  359.89    0.00    0.00    8.1     61560.183      5.50   47.24000   39.71000  "Undefined"          0.0    -3.53  0.00000000
14.12.2023 17:06:32.193   9.99600000   9995.99647   0.00 -109.5   28.5  28.0  0.02  358.0     0.0  357.98    0.00    0.00     0.0  357.98    0.00    0.00     0.0  357.98    0.00    0.00   10.3     61592.193      5.50   47.24000   39.71000  "Undefined"          0.0    -3.53  0.00000000
14.12.2023 17:07:36.023   9.99600000   9995.99635   0.00 -117.7   20.3  28.0  0.02  358.9     0.0  358.92    0.00    0.00     0.0  358.92    0.00    0.00     0.0  358.92    0.00    0.00   13.3     61656.023      5.50   47.24000   39.71000  "Undefined"          0.0    -3.65  0.00000000
14.12.2023 17:31:16.585   9.99600000   9995.99672   0.00 -117.6   20.4  28.0  0.00  350.2     0.0  350.23    0.00    0.00     0.0  350.23    0.00    0.00     0.0  350.23    0.00    0.00   17.3     63076.585      5.50   47.24000   39.71000  "Undefined"          0.0    -3.28  0.00000000
14.12.2023 17:31:48.334   9.99600000   9995.99635   0.00 -111.2   26.8  28.0  0.01  354.7     0.0  354.67    0.00    0.00     0.0  354.67    0.00    0.00     0.0  354.67    0.00    0.00    8.9     63108.334      5.50   47.24000   39.71000  "Undefined"          0.0    -3.65  0.00000000
14.12.2023 17:34:26.986   9.99600000   9995.99660   0.00 -106.4   31.6  28.0  0.00  350.7     0.0  350.73    0.00    0.00     0.0  350.73    0.00    0.00     0.0  350.73    0.00    0.00    9.0     63266.986      5.50   47.24000   39.71000  "Undefined"          0.0    -3.40  0.00000000
14.12.2023 17:34:58.767   9.99600000   9995.99660   0.00 -108.4   29.6  28.0  0.00  352.6     0.0  352.64    0.00    0.00     0.0  352.64    0.00    0.00     0.0  352.64    0.00    0.00    8.2     63298.767      5.50   47.24000   39.71000  "Undefined"          0.0    -3.40  0.00000000
