07.12.2023 02:00:35.555   9.99600000   9995.99818   0.00 -116.0   22.0  28.0  0.00   15.4     0.0   15.44    0.00    0.00     0.0   15.44    0.00    0.00     0.0   15.44    0.00    0.00    4.6      7235.555      5.50   47.24000   39.71000  "Undefined"          0.0    -1.82  0.00000000
07.12.2023 02:00:46.144   9.99600000   9995.99781   0.00 -115.7   22.3  28.0 27.89  135.5     0.0  135.50    0.00    0.00     0.0  135.50    0.00    0.00     0.0  135.50    0.00    0.00   20.8      7246.144      5.50   47.24000   39.71000  "Undefined"          0.0    -2.19  0.00000000
07.12.2023 02:00:56.759   9.99600000   9995.99745   0.00 -114.4   23.6  28.0  0.00   10.4     0.0   10.41    0.00    0.00     0.0   10.41    0.00    0.00     0.0   10.41    0.00    0.00    3.9      7256.759      5.50   47.24000   39.71000  "Undefined"          0.0    -2.55  0.00000000
07.12.2023 02:01:17.946   9.99600000   9995.99781   0.00 -113.2   24.8  28.0  0.00    8.7     0.0    8.66    0.00    0.00     0.0    8.66    0.00    0.00     0.0    8.66    0.00    0.00   12.9      7277.946      5.50   47.24000   39.71000  "Undefined"          0.0    -2.19  0.00000000
07.12.2023 02:01:28.535   9.99600000   9995.99793   0.00 -116.6   21.4  28.0  0.00  116.1     0.0  116.06    0.00    0.00     0.0  116.06    0.00    0.00     0.0  116.06    0.00    0.00    8.5      7288.535      5.50   47.24000   39.71000  "Undefined"          0.0    -2.07  0.00000000
07.12.2023 02:02:10.928   9.99600000   9995.99769   0.00 -117.5   20.5  28.0  0.05    7.1     0.0    7.09    0.00    0.00     0.0    7.09    0.00    0.00     0.0    7.09    0.00    0.00    8.8      7330.928      5.50   47.24000   39.71000  "Undefined"          0.0    -2.31  0.00000000
07.12.2023 02:02:32.121   9.99600000   9995.99805   0.00 -115.6   22.4  28.0  7.93  118.6     0.0  118.64    0.00    0.00     0.0  118.64    0.00    0.00     0.0  118.64    0.00    0.00    3.5      7352.121      5.50   47.24000   39.71000  "Undefined"          0.0    -1.95  0.00000000
07.12.2023 02:02:42.719   9.99600000   9995.99805   0.00 -117.1   20.9  28.0 17.51  127.4     0.0  127.35    0.00    0.00     0.0  127.35    0.00    0.00     0.0  127.35    0.00    0.00   15.8      7362.719      5.50   47.24000   39.71000  "Undefined"          0.0    -1.95  0.00000000
07.12.2023 02:02:42.719   9.99600000   9995.99757   0.00 -115.7   22.3  28.0 19.99  160.2     0.0  160.23    0.00    0.00     0.0  160.23    0.00    0.00     0.0  160.23    0.00    0.00   17.6      7362.719      5.50   47.24000   39.71000  "Undefined"          0.0    -2.43  0.00000000
07.12.2023 02:03:03.914   9.99600000   9995.99805   0.00 -115.1   22.9  28.0 16.79  112.0     0.0  112.02    0.00    0.00     0.0  112.02    0.00    0.00     0.0  112.02    0.00    0.00    2.9      7383.914      5.50   47.24000   39.71000  "Undefined"          0.0    -1.95  0.00000000
07.12.2023 02:03:35.737   9.99600000   9995.99805   0.00 -114.9   23.1  28.0 16.37  116.5     0.0  116.49    0.00    0.00     0.0  116.49    0.00    0.00     0.0  116.49    0.00    0.00    0.9      7415.737      5.50   47.24000   39.71000  "Undefined"          0.0    -1.95  0.00000000
07.12.2023 02:03:46.335   9.99600000   9995.99805   0.00 -117.1   20.9  28.0 19.42  125.1     0.0  125.13    0.00    0.00     0.0  125.13    0.00    0.00     0.0  125.13    0.00    0.00   10.2      7426.335      5.50   47.24000   39.71000  "Undefined"          0.0    -1.95  0.00000000
07.12.2023 02:03:56.937   9.99600000   9995.99720   0.00 -114.4   23.6  28.0  0.00  352.6     0.0  352.61    0.00    0.00     0.0  352.61    0.00    0.00     0.0  352.61    0.00    0.00    5.1      7436.937      5.50   47.24000   39.71000  "Undefined"          0.0    -2.80  0.00000000
07.12.2023 02:04:07.545   9.99600000   9995.99793   0.00 -118.0   20.0  28.0 49.05  177.8     0.0  177.76    0.00    0.00     0.0  177.76    0.00    0.00     0.0  177.76    0.00    0.00   22.3      7447.545      5.50   47.24000   39.71000  "Undefined"          0.0    -2.07  0.00000000
07.12.2023 02:04:07.545   9.99600000   9995.99745   0.00 -115.8   22.2  28.0 10.02   14.4     0.0   14.41    0.00    0.00     0.0   14.41    0.00    0.00     0.0   14.41    0.00    0.00    7.1      7447.545      5.50   47.24000   39.71000  "Undefined"          0.0    -2.55  0.00000000
07.12.2023 02:04:18.157   9.99600000   9995.99805   0.00 -118.0   20.0  28.0 22.85   99.8     0.0   99.75    0.00    0.00     0.0   99.75    0.00    0.00     0.0   99.75    0.00    0.00   10.5      7458.157      5.50   47.24000   39.71000  "Undefined"          0.0    -1.95  0.00000000
07.12.2023 02:04:18.157   9.99600000   9995.99720   0.00 -117.3   20.7  28.0  0.00   13.4     0.0   13.36    0.00    0.00     0.0   13.36    0.00    0.00     0.0   13.36    0.00    0.00    4.4      7458.157      5.50   47.24000   39.71000  "Undefined"          0.0    -2.80  0.00000000
07.12.2023 02:04:28.766   9.99600000   9995.99745   0.00 -117.8   20.2  28.0  0.00   13.4     0.0   13.44    0.00    0.00     0.0   13.44    0.00    0.00     0.0   13.44    0.00    0.00    8.1      7468.766      5.50   47.24000   39.71000  "Undefined"          0.0    -2.55  0.00000000
07.12.2023 02:04:28.766   9.99600000   9995.99781   0.00 -117.0   21.0  28.0  0.10  102.9     0.0  102.93    0.00    0.00     0.0  102.93    0.00    0.00     0.0  102.93    0.00    0.00   13.3      7468.766      5.50   47.24000   39.71000  "Undefined"          0.0    -2.19  0.00000000
07.12.2023 02:04:39.357   9.99600000   9995.99805   0.00 -117.6   20.4  28.0 18.13  169.4     0.0  169.44    0.00    0.00     0.0  169.44    0.00    0.00     0.0  169.44    0.00    0.00   16.3      7479.357      5.50   47.24000   39.71000  "Undefined"          0.0    -1.95  0.00000000
07.12.2023 02:05:00.558   9.99600000   9995.99745   0.00 -118.0   20.0  28.0 13.65    5.4     0.0    5.39    0.00    0.00     0.0    5.39    0.00    0.00     0.0    5.39    0.00    0.00   24.2      7500.558      5.50   47.24000   39.71000  "Undefined"          0.0    -2.55  0.00000000
07.12.2023 02:05:00.558   9.99600000   9995.99793   0.00 -114.1   23.9  28.0  9.62  137.1     0.0  137.08    0.00    0.00     0.0  137.08    0.00    0.00     0.0  137.08    0.00    0.00    8.0      7500.558      5.50   47.24000   39.71000  "Undefined"          0.0    -2.07  0.00000000
07.12.2023 02:05:11.155   9.99600000   9995.99805   0.00 -117.5   20.5  28.0 20.03  130.6     0.0  130.64    0.00    0.00     0.0  130.64    0.00    0.00     0.0  130.64    0.00    0.00    5.9      7511.155      5.50   47.24000   39.71000  "Undefined"          0.0    -1.95  0.00000000
07.12.2023 02:05:11.155   9.99600000   9995.99720   0.00 -117.2   20.8  28.0  0.04   10.0     0.0   10.01    0.00    0.00     0.0   10.01    0.00    0.00     0.0   10.01    0.00    0.00    7.0      7511.155      5.50   47.24000   39.71000  "Undefined"          0.0    -2.80  0.00000000
07.12.2023 02:05:21.756   9.99600000   9995.99720   0.00 -117.9   20.1  28.0  0.00    9.1     0.0    9.05    0.00    0.00     0.0    9.05    0.00    0.00     0.0    9.05    0.00    0.00    4.9      7521.756      5.50   47.24000   39.71000  "Undefined"          0.0    -2.80  0.00000000
07.12.2023 02:05:32.365   9.99600000   9995.99757   0.00 -117.5   20.5  28.0 32.00  203.2     0.0  203.25    0.00    0.00     0.0  203.25    0.00    0.00     0.0  203.25    0.00    0.00   12.1      7532.365      5.50   47.24000   39.71000  "Undefined"          0.0    -2.43  0.00000000
07.12.2023 02:05:42.959   9.99600000   9995.99769   0.00 -117.8   20.2  28.0  4.97    7.2     0.0    7.23    0.00    0.00     0.0    7.23    0.00    0.00     0.0    7.23    0.00    0.00   23.1      7542.959      5.50   47.24000   39.71000  "Undefined"          0.0    -2.31  0.00000000
07.12.2023 02:05:53.566   9.99600000   9995.99769   0.00 -117.6   20.4  28.0 20.02  159.4     0.0  159.37    0.00    0.00     0.0  159.37    0.00    0.00     0.0  159.37    0.00    0.00   20.5      7553.566      5.50   47.24000   39.71000  "Undefined"          0.0    -2.31  0.00000000
07.12.2023 02:05:53.566   9.99600000   9995.99818   0.00 -113.7   24.3  28.0  0.00   20.8     0.0   20.79    0.00    0.00     0.0   20.79    0.00    0.00     0.0   20.79    0.00    0.00   14.7      7553.566      5.50   47.24000   39.71000  "Undefined"          0.0    -1.82  0.00000000
07.12.2023 02:06:04.164   9.99600000   9995.99757   0.00 -116.3   21.7  28.0 23.08    6.0     0.0    5.96    0.00    0.00     0.0    5.96    0.00    0.00     0.0    5.96    0.00    0.00   18.9      7564.164      5.50   47.24000   39.71000  "Undefined"          0.0    -2.43  0.00000000
07.12.2023 02:06:14.759   9.99600000   9995.99805   0.00 -116.2   21.8  28.0 11.33    9.1     0.0    9.07    0.00    0.00     0.0    9.07    0.00    0.00     0.0    9.07    0.00    0.00   11.7      7574.759      5.50   47.24000   39.71000  "Undefined"          0.0    -1.95  0.00000000
07.12.2023 02:06:25.371   9.99600000   9995.99781   0.00 -115.4   22.6  28.0 34.12  171.8     0.0  171.77    0.00    0.00     0.0  171.77    0.00    0.00     0.0  171.77    0.00    0.00   14.1      7585.371      5.50   47.24000   39.71000  "Undefined"          0.0    -2.19  0.00000000
07.12.2023 02:06:35.983   9.99600000   9995.99757   0.00 -114.0   24.0  28.0 12.54    5.9     0.0    5.88    0.00    0.00     0.0    5.88    0.00    0.00     0.0    5.88    0.00    0.00   13.9      7595.983      5.50   47.24000   39.71000  "Undefined"          0.0    -2.43  0.00000000
07.12.2023 02:06:46.584   9.99600000   9995.99757   0.00 -117.8   20.2  28.0 31.30  141.9     0.0  141.94    0.00    0.00     0.0  141.94    0.00    0.00     0.0  141.94    0.00    0.00   21.8      7606.584      5.50   47.24000   39.71000  "Undefined"          0.0    -2.43  0.00000000
07.12.2023 02:06:57.196   9.99600000   9995.99720   0.00 -116.7   21.3  28.0  0.00  345.9     0.0  345.90    0.00    0.00     0.0  345.90    0.00    0.00     0.0  345.90    0.00    0.00    2.6      7617.196      5.50   47.24000   39.71000  "Undefined"          0.0    -2.80  0.00000000
07.12.2023 02:07:07.793   9.99600000   9995.99757   0.00 -117.5   20.5  28.0 20.00  145.5     0.0  145.52    0.00    0.00     0.0  145.52    0.00    0.00     0.0  145.52    0.00    0.00   13.8      7627.793      5.50   47.24000   39.71000  "Undefined"          0.0    -2.43  0.00000000
07.12.2023 02:07:18.394   9.99600000   9995.99769   0.00 -117.6   20.4  28.0  0.01   17.0     0.0   16.95    0.00    0.00     0.0   16.95    0.00    0.00     0.0   16.95    0.00    0.00    8.9      7638.394      5.50   47.24000   39.71000  "Undefined"          0.0    -2.31  0.00000000
07.12.2023 02:07:39.568   9.99600000   9995.99769   0.00 -114.0   24.0  28.0 21.42  144.5     0.0  144.51    0.00    0.00     0.0  144.51    0.00    0.00     0.0  144.51    0.00    0.00   21.1      7659.568      5.50   47.24000   39.71000  "Undefined"          0.0    -2.31  0.00000000
07.12.2023 02:30:22.138   9.99600000   9995.99842   0.00 -115.8   22.2  28.0 31.42  113.9     0.0  113.92    0.00    0.00     0.0  113.92    0.00    0.00     0.0  113.92    0.00    0.00    6.6      9022.138      5.50   47.24000   39.71000  "Undefined"          0.0    -1.58  0.00000000
07.12.2023 02:30:43.305   9.99600000   9995.99830   0.00 -116.0   22.0  28.0 10.51  114.5     0.0  114.49    0.00    0.00     0.0  114.49    0.00    0.00     0.0  114.49    0.00    0.00    5.4      9043.305      5.50   47.24000   39.71000  "Undefined"          0.0    -1.70  0.00000000
07.12.2023 02:30:43.305   9.99600000   9995.99793   0.00 -114.9   23.1  28.0 12.50  137.6     0.0  137.58    0.00    0.00     0.0  137.58    0.00    0.00     0.0  137.58    0.00    0.00   11.0      9043.305      5.50   47.24000   39.71000  "Undefined"          0.0    -2.07  0.00000000
07.12.2023 02:30:53.908   9.99600000   9995.99830   0.00 -114.1   23.9  28.0 25.42  118.0     0.0  118.02    0.00    0.00     0.0  118.02    0.00    0.00     0.0  118.02    0.00    0.00    2.8      9053.908      5.50   47.24000   39.71000  "Undefined"          0.0    -1.70  0.00000000
07.12.2023 02:30:53.908   9.99600000   9995.99805   0.00 -114.1   23.9  28.0 17.59  123.8     0.0  123.84    0.00    0.00     0.0  123.84    0.00    0.00     0.0  123.84    0.00    0.00    0.8      9053.908      5.50   47.24000   39.71000  "Undefined"          0.0    -1.95  0.00000000
07.12.2023 02:30:53.908   9.99600000   9995.99781   0.00 -113.7   24.3  28.0  0.00    9.8     0.0    9.83    0.00    0.00     0.0    9.83    0.00    0.00     0.0    9.83    0.00    0.00   13.8      9053.908      5.50   47.24000   39.71000  "Undefined"          0.0    -2.19  0.00000000
07.12.2023 02:31:04.515   9.99600000   9995.99781   0.00 -112.0   26.0  28.0 24.10  153.4     0.0  153.39    0.00    0.00     0.0  153.39    0.00    0.00     0.0  153.39    0.00    0.00    3.4      9064.515      5.50   47.24000   39.71000  "Undefined"          0.0    -2.19  0.00000000
07.12.2023 02:31:25.719   9.99600000   9995.99793   0.00 -114.0   24.0  28.0  0.00  357.7     0.0  357.67    0.00    0.00     0.0  357.67    0.00    0.00     0.0  357.67    0.00    0.00   16.3      9085.719      5.50   47.24000   39.71000  "Undefined"          0.0    -2.07  0.00000000
07.12.2023 02:31:57.526   9.99600000   9995.99769   0.00 -115.1   22.9  28.0 17.36  144.6     0.0  144.56    0.00    0.00     0.0  144.56    0.00    0.00     0.0  144.56    0.00    0.00   25.0      9117.526      5.50   47.24000   39.71000  "Undefined"          0.0    -2.31  0.00000000
07.12.2023 02:31:57.526   9.99600000   9995.99830   0.00 -112.7   25.3  28.0 22.58  115.6     0.0  115.56    0.00    0.00     0.0  115.56    0.00    0.00     0.0  115.56    0.00    0.00    0.6      9117.526      5.50   47.24000   39.71000  "Undefined"          0.0    -1.70  0.00000000
07.12.2023 02:32:29.335   9.99600000   9995.99793   0.00 -114.3   23.7  28.0 25.26  147.9     0.0  147.91    0.00    0.00     0.0  147.91    0.00    0.00     0.0  147.91    0.00    0.00   21.7      9149.335      5.50   47.24000   39.71000  "Undefined"          0.0    -2.07  0.00000000
07.12.2023 02:32:39.933   9.99600000   9995.99757   0.00 -115.3   22.7  28.0  0.03   14.8     0.0   14.80    0.00    0.00     0.0   14.80    0.00    0.00     0.0   14.80    0.00    0.00   10.0      9159.933      5.50   47.24000   39.71000  "Undefined"          0.0    -2.43  0.00000000
07.12.2023 02:32:50.532   9.99600000   9995.99830   0.00 -117.4   20.6  28.0 25.02  115.1     0.0  115.15    0.00    0.00     0.0  115.15    0.00    0.00     0.0  115.15    0.00    0.00    2.4      9170.532      5.50   47.24000   39.71000  "Undefined"          0.0    -1.70  0.00000000
07.12.2023 02:32:50.532   9.99600000   9995.99732   0.00 -116.4   21.6  28.0  5.73   15.4     0.0   15.44    0.00    0.00     0.0   15.44    0.00    0.00     0.0   15.44    0.00    0.00    8.2      9170.532      5.50   47.24000   39.71000  "Undefined"          0.0    -2.68  0.00000000
07.12.2023 02:33:01.144   9.99600000   9995.99830   0.00 -115.5   22.5  28.0 25.75  103.9     0.0  103.87    0.00    0.00     0.0  103.87    0.00    0.00     0.0  103.87    0.00    0.00    6.6      9181.144      5.50   47.24000   39.71000  "Undefined"          0.0    -1.70  0.00000000
07.12.2023 02:33:01.144   9.99600000   9995.99769   0.00 -115.3   22.7  28.0 19.23   20.5     0.0   20.48    0.00    0.00     0.0   20.48    0.00    0.00     0.0   20.48    0.00    0.00   21.4      9181.144      5.50   47.24000   39.71000  "Undefined"          0.0    -2.31  0.00000000
07.12.2023 02:33:11.746   9.99600000   9995.99720   0.00 -117.2   20.8  28.0  0.00    6.6     0.0    6.61    0.00    0.00     0.0    6.61    0.00    0.00     0.0    6.61    0.00    0.00    8.5      9191.746      5.50   47.24000   39.71000  "Undefined"          0.0    -2.80  0.00000000
07.12.2023 02:33:11.746   9.99600000   9995.99793   0.00 -115.4   22.6  28.0 34.81  183.0     0.0  183.00    0.00    0.00     0.0  183.00    0.00    0.00     0.0  183.00    0.00    0.00   24.9      9191.746      5.50   47.24000   39.71000  "Undefined"          0.0    -2.07  0.00000000
07.12.2023 02:33:11.746   9.99600000   9995.99818   0.00 -112.8   25.2  28.0 24.15  118.5     0.0  118.48    0.00    0.00     0.0  118.48    0.00    0.00     0.0  118.48    0.00    0.00    0.6      9191.746      5.50   47.24000   39.71000  "Undefined"          0.0    -1.82  0.00000000
07.12.2023 02:33:22.351   9.99600000   9995.99830   0.00 -115.7   22.3  28.0 14.04  115.2     0.0  115.24    0.00    0.00     0.0  115.24    0.00    0.00     0.0  115.24    0.00    0.00    2.5      9202.351      5.50   47.24000   39.71000  "Undefined"          0.0    -1.70  0.00000000
07.12.2023 02:33:43.546   9.99600000   9995.99745   0.00 -116.0   22.0  28.0  0.01    3.0     0.0    3.04    0.00    0.00     0.0    3.04    0.00    0.00     0.0    3.04    0.00    0.00   23.8      9223.546      5.50   47.24000   39.71000  "Undefined"          0.0    -2.55  0.00000000
07.12.2023 02:33:54.157   9.99600000   9995.99745   0.00 -116.4   21.6  28.0  8.14    8.7     0.0    8.69    0.00    0.00     0.0    8.69    0.00    0.00     0.0    8.69    0.00    0.00   16.4      9234.157      5.50   47.24000   39.71000  "Undefined"          0.0    -2.55  0.00000000
07.12.2023 02:34:04.743   9.99600000   9995.99805   0.00 -115.4   22.6  28.0 25.35  110.3     0.0  110.27    0.00    0.00     0.0  110.27    0.00    0.00     0.0  110.27    0.00    0.00   10.1      9244.743      5.50   47.24000   39.71000  "Undefined"          0.0    -1.95  0.00000000
07.12.2023 02:34:04.743   9.99600000   9995.99732   0.00 -115.3   22.7  28.0 23.96    6.2     0.0    6.20    0.00    0.00     0.0    6.20    0.00    0.00     0.0    6.20    0.00    0.00    9.6      9244.743      5.50   47.24000   39.71000  "Undefined"          0.0    -2.68  0.00000000
07.12.2023 02:34:15.344   9.99600000   9995.99781   0.00 -117.0   21.0  28.0  0.00   12.6     0.0   12.59    0.00    0.00     0.0   12.59    0.00    0.00     0.0   12.59    0.00    0.00   17.0      9255.344      5.50   47.24000   39.71000  "Undefined"          0.0    -2.19  0.00000000
07.12.2023 02:34:25.954   9.99600000   9995.99830   0.00 -117.0   21.0  28.0 16.79  128.6     0.0  128.57    0.00    0.00     0.0  128.57    0.00    0.00     0.0  128.57    0.00    0.00    6.5      9265.954      5.50   47.24000   39.71000  "Undefined"          0.0    -1.70  0.00000000
07.12.2023 02:34:36.559   9.99600000   9995.99781   0.00 -117.8   20.2  28.0 33.68  203.7     0.0  203.70    0.00    0.00     0.0  203.70    0.00    0.00     0.0  203.70    0.00    0.00   24.7      9276.559      5.50   47.24000   39.71000  "Undefined"          0.0    -2.19  0.00000000
07.12.2023 02:34:47.157   9.99600000   9995.99769   0.00 -114.7   23.3  28.0  1.66   11.0     0.0   10.96    0.00    0.00     0.0   10.96    0.00    0.00     0.0   10.96    0.00    0.00   21.4      9287.157      5.50   47.24000   39.71000  "Undefined"          0.0    -2.31  0.00000000
07.12.2023 02:34:57.759   9.99600000   9995.99781   0.00 -117.1   20.9  28.0 29.95  217.7     0.0  217.67    0.00    0.00     0.0  217.67    0.00    0.00     0.0  217.67    0.00    0.00   22.3      9297.759      5.50   47.24000   39.71000  "Undefined"          0.0    -2.19  0.00000000
07.12.2023 02:34:57.759   9.99600000   9995.99818   0.00 -115.4   22.6  28.0 15.76  122.4     0.0  122.42    0.00    0.00     0.0  122.42    0.00    0.00     0.0  122.42    0.00    0.00    0.9      9297.759      5.50   47.24000   39.71000  "Undefined"          0.0    -1.82  0.00000000
07.12.2023 02:35:08.359   9.99600000   9995.99830   0.00 -116.2   21.8  28.0 17.31  121.1     0.0  121.14    0.00    0.00     0.0  121.14    0.00    0.00     0.0  121.14    0.00    0.00    3.9      9308.359      5.50   47.24000   39.71000  "Undefined"          0.0    -1.70  0.00000000
07.12.2023 02:35:08.359   9.99600000   9995.99793   0.00 -113.5   24.5  28.0 23.23  108.4     0.0  108.43    0.00    0.00     0.0  108.43    0.00    0.00     0.0  108.43    0.00    0.00   13.6      9308.359      5.50   47.24000   39.71000  "Undefined"          0.0    -2.07  0.00000000
07.12.2023 02:35:18.959   9.99600000   9995.99781   0.00 -116.0   22.0  28.0 36.74  218.8     0.0  218.79    0.00    0.00     0.0  218.79    0.00    0.00     0.0  218.79    0.00    0.00   23.1      9318.959      5.50   47.24000   39.71000  "Undefined"          0.0    -2.19  0.00000000
07.12.2023 02:35:18.959   9.99600000   9995.99745   0.00 -115.3   22.7  28.0  9.22   12.5     0.0   12.51    0.00    0.00     0.0   12.51    0.00    0.00     0.0   12.51    0.00    0.00    6.9      9318.959      5.50   47.24000   39.71000  "Undefined"          0.0    -2.55  0.00000000
07.12.2023 02:35:40.164   9.99600000   9995.99769   0.00 -117.3   20.7  28.0 21.06  139.2     0.0  139.18    0.00    0.00     0.0  139.18    0.00    0.00     0.0  139.18    0.00    0.00   16.3      9340.164      5.50   47.24000   39.71000  "Undefined"          0.0    -2.31  0.00000000
07.12.2023 02:35:50.763   9.99600000   9995.99793   0.00 -114.6   23.4  28.0 20.14  144.0     0.0  144.03    0.00    0.00     0.0  144.03    0.00    0.00     0.0  144.03    0.00    0.00    7.2      9350.763      5.50   47.24000   39.71000  "Undefined"          0.0    -2.07  0.00000000
07.12.2023 02:36:01.364   9.99600000   9995.99757   0.00 -117.3   20.7  28.0  0.01    7.9     0.0    7.89    0.00    0.00     0.0    7.89    0.00    0.00     0.0    7.89    0.00    0.00    6.1      9361.364      5.50   47.24000   39.71000  "Undefined"          0.0    -2.43  0.00000000
07.12.2023 02:36:01.364   9.99600000   9995.99818   0.00 -114.7   23.3  28.0 18.92  119.3     0.0  119.33    0.00    0.00     0.0  119.33    0.00    0.00     0.0  119.33    0.00    0.00    3.9      9361.364      5.50   47.24000   39.71000  "Undefined"          0.0    -1.82  0.00000000
07.12.2023 02:36:11.966   9.99600000   9995.99793   0.00 -117.2   20.8  28.0 22.03  115.9     0.0  115.85    0.00    0.00     0.0  115.85    0.00    0.00     0.0  115.85    0.00    0.00    9.7      9371.966      5.50   47.24000   39.71000  "Undefined"          0.0    -2.07  0.00000000
07.12.2023 02:36:11.966   9.99600000   9995.99757   0.00 -113.8   24.2  28.0 25.35    7.3     0.0    7.32    0.00    0.00     0.0    7.32    0.00    0.00     0.0    7.32    0.00    0.00   16.8      9371.966      5.50   47.24000   39.71000  "Undefined"          0.0    -2.43  0.00000000
07.12.2023 02:36:22.575   9.99600000   9995.99781   0.00 -116.8   21.2  28.0 23.98  143.2     0.0  143.17    0.00    0.00     0.0  143.17    0.00    0.00     0.0  143.17    0.00    0.00   24.9      9382.575      5.50   47.24000   39.71000  "Undefined"          0.0    -2.19  0.00000000
07.12.2023 02:36:22.575   9.99600000   9995.99830   0.00 -116.5   21.5  28.0 18.84  106.9     0.0  106.89    0.00    0.00     0.0  106.89    0.00    0.00     0.0  106.89    0.00    0.00    6.8      9382.575      5.50   47.24000   39.71000  "Undefined"          0.0    -1.70  0.00000000
07.12.2023 02:36:33.178   9.99600000   9995.99830   0.00 -117.7   20.3  28.0 23.12  119.7     0.0  119.75    0.00    0.00     0.0  119.75    0.00    0.00     0.0  119.75    0.00    0.00    2.8      9393.178      5.50   47.24000   39.71000  "Undefined"          0.0    -1.70  0.00000000
07.12.2023 02:36:33.178   9.99600000   9995.99781   0.00 -115.8   22.2  28.0  0.02  115.9     0.0  115.86    0.00    0.00     0.0  115.86    0.00    0.00     0.0  115.86    0.00    0.00   14.2      9393.178      5.50   47.24000   39.71000  "Undefined"          0.0    -2.19  0.00000000
07.12.2023 02:36:43.782   9.99600000   9995.99781   0.00 -115.3   22.7  28.0 29.54  174.0     0.0  174.04    0.00    0.00     0.0  174.04    0.00    0.00     0.0  174.04    0.00    0.00   21.8      9403.782      5.50   47.24000   39.71000  "Undefined"          0.0    -2.19  0.00000000
07.12.2023 02:36:54.368   9.99600000   9995.99793   0.00 -116.0   22.0  28.0 18.58  142.8     0.0  142.75    0.00    0.00     0.0  142.75    0.00    0.00     0.0  142.75    0.00    0.00   10.1      9414.368      5.50   47.24000   39.71000  "Undefined"          0.0    -2.07  0.00000000
07.12.2023 02:37:04.973   9.99600000   9995.99769   0.00 -115.6   22.4  28.0 12.84  110.0     0.0  109.98    0.00    0.00     0.0  109.98    0.00    0.00     0.0  109.98    0.00    0.00   16.5      9424.973      5.50   47.24000   39.71000  "Undefined"          0.0    -2.31  0.00000000
07.12.2023 02:37:04.973   9.99600000   9995.99830   0.00 -111.4   26.6  28.0 22.72  124.2     0.0  124.20    0.00    0.00     0.0  124.20    0.00    0.00     0.0  124.20    0.00    0.00    2.7      9424.973      5.50   47.24000   39.71000  "Undefined"          0.0    -1.70  0.00000000
07.12.2023 02:37:15.565   9.99600000   9995.99830   0.00 -116.2   21.8  28.0 14.34  110.0     0.0  110.00    0.00    0.00     0.0  110.00    0.00    0.00     0.0  110.00    0.00    0.00    3.1      9435.565      5.50   47.24000   39.71000  "Undefined"          0.0    -1.70  0.00000000
07.12.2023 02:37:15.565   9.99600000   9995.99769   0.00 -111.0   27.0  28.0  0.08    3.2     0.0    3.17    0.00    0.00     0.0    3.17    0.00    0.00     0.0    3.17    0.00    0.00   10.1      9435.565      5.50   47.24000   39.71000  "Undefined"          0.0    -2.31  0.00000000
07.12.2023 02:37:26.151   9.99600000   9995.99805   0.00 -116.3   21.7  28.0 27.88  128.1     0.0  128.14    0.00    0.00     0.0  128.14    0.00    0.00     0.0  128.14    0.00    0.00    6.7      9446.151      5.50   47.24000   39.71000  "Undefined"          0.0    -1.95  0.00000000
07.12.2023 02:37:26.151   9.99600000   9995.99757   0.00 -113.0   25.0  28.0  0.02    1.0     0.0    0.99    0.00    0.00     0.0    0.99    0.00    0.00     0.0    0.99    0.00    0.00    3.0      9446.151      5.50   47.24000   39.71000  "Undefined"          0.0    -2.43  0.00000000
07.12.2023 02:37:36.759   9.99600000   9995.99757   0.00 -117.9   20.1  28.0  0.00  178.4     0.0  178.43    0.00    0.00     0.0  178.43    0.00    0.00     0.0  178.43    0.00    0.00   21.5      9456.759      5.50   47.24000   39.71000  "Undefined"          0.0    -2.43  0.00000000
07.12.2023 02:59:59.503   9.99600000   9995.99793   0.00 -110.9   25.1  28.0  0.02    5.6     0.0    5.65    0.00    0.00     0.0    5.65    0.00    0.00     0.0    5.65    0.00    0.00   20.1     10799.503      5.50   47.24000   39.71000  "Undefined"          0.0    -2.07  0.00000000
