06.12.2023 21:00:04.571   9.99600000   9995.99732   0.00 -104.9   31.1  28.0  0.00  355.0     0.0  354.95    0.00    0.00     0.0  354.95    0.00    0.00     0.0  354.95    0.00    0.00    4.6     75604.571      5.50   47.24000   39.71000  "Undefined"          0.0    -2.68  0.00000000
06.12.2023 21:00:25.726   9.99600000   9995.99720   0.00  -95.5   40.5  28.0  0.00  354.4     0.0  354.42    0.00    0.00     0.0  354.42    0.00    0.00     0.0  354.42    0.00    0.00    5.0     75625.726      5.50   47.24000   39.71000  "Undefined"          0.0    -2.80  0.00000000
06.12.2023 21:00:46.930   9.99600000   9995.99732   0.00 -100.5   35.5  28.0  0.00  355.0     0.0  354.98    0.00    0.00     0.0  354.98    0.00    0.00     0.0  354.98    0.00    0.00    8.8     75646.930      5.50   47.24000   39.71000  "Undefined"          0.0    -2.68  0.00000000
06.12.2023 21:01:08.118   9.99600000   9995.99720   0.00  -92.5   43.5  28.0  0.01  355.8     0.0  355.82    0.00    0.00     0.0  355.82    0.00    0.00     0.0  355.82    0.00    0.00    4.5     75668.118      5.50   47.24000   39.71000  "Undefined"          0.0    -2.80  0.00000000
06.12.2023 21:01:29.311   9.99600000   9995.99732   0.00 -100.1   35.9  28.0  0.00  354.7     0.0  354.71    0.00    0.00     0.0  354.71    0.00    0.00     0.0  354.71    0.00    0.00    4.1     75689.311      5.50   47.24000   39.71000  "Undefined"          0.0    -2.68  0.00000000
06.12.2023 21:01:50.516   9.99600000   9995.99720   0.00  -96.4   39.6  28.0  0.02  353.3     0.0  353.28    0.00    0.00     0.0  353.28    0.00    0.00     0.0  353.28    0.00    0.00    7.0     75710.516      5.50   47.24000   39.71000  "Undefined"          0.0    -2.80  0.00000000
06.12.2023 21:02:32.911   9.99600000   9995.99720   0.00  -95.9   40.1  28.0  0.00  351.0     0.0  350.97    0.00    0.00     0.0  350.97    0.00    0.00     0.0  350.97    0.00    0.00   17.1     75752.911      5.50   47.24000   39.71000  "Undefined"          0.0    -2.80  0.00000000
06.12.2023 21:03:36.463   9.99600000   9995.99720   0.00  -95.7   40.3  28.0  0.01    1.1     0.0    1.06    0.00    0.00     0.0    1.06    0.00    0.00     0.0    1.06    0.00    0.00    1.4     75816.463      5.50   47.24000   39.71000  "Undefined"          0.0    -2.80  0.00000000
06.12.2023 21:03:57.647   9.99600000   9995.99732   0.00  -87.5   48.5  28.0  0.01  354.5     0.0  354.55    0.00    0.00     0.0  354.55    0.00    0.00     0.0  354.55    0.00    0.00    4.9     75837.647      5.50   47.24000   39.71000  "Undefined"          0.0    -2.68  0.00000000
06.12.2023 21:04:18.831   9.99600000   9995.99720   0.00  -89.4   46.6  28.0  0.00  352.9     0.0  352.86    0.00    0.00     0.0  352.86    0.00    0.00     0.0  352.86    0.00    0.00    6.1     75858.831      5.50   47.24000   39.71000  "Undefined"          0.0    -2.80  0.00000000
06.12.2023 21:04:40.015   9.99600000   9995.99720   0.00  -89.5   46.5  28.0  0.00  351.7     0.0  351.72    0.00    0.00     0.0  351.72    0.00    0.00     0.0  351.72    0.00    0.00    7.5     75880.015      5.50   47.24000   39.71000  "Undefined"          0.0    -2.80  0.00000000
06.12.2023 21:05:01.200   9.99600000   9995.99720   0.00  -86.4   49.6  28.0  0.00  351.1     0.0  351.08    0.00    0.00     0.0  351.08    0.00    0.00     0.0  351.08    0.00    0.00    6.7     75901.200      5.50   47.24000   39.71000  "Undefined"          0.0    -2.80  0.00000000
06.12.2023 21:05:22.378   9.99600000   9995.99732   0.00 -102.5   33.5  28.0 24.63  204.0     0.0  204.03    0.00    0.00     0.0  204.03    0.00    0.00     0.0  204.03    0.00    0.00   23.3     75922.378      5.50   47.24000   39.71000  "Undefined"          0.0    -2.68  0.00000000
06.12.2023 21:06:04.716   9.99600000   9995.99720   0.00  -93.1   42.9  28.0  0.01  349.5     0.0  349.54    0.00    0.00     0.0  349.54    0.00    0.00     0.0  349.54    0.00    0.00    8.7     75964.716      5.50   47.24000   39.71000  "Undefined"          0.0    -2.80  0.00000000
06.12.2023 21:06:25.903   9.99600000   9995.99732   0.00  -93.6   42.4  28.0  0.01  357.4     0.0  357.44    0.00    0.00     0.0  357.44    0.00    0.00     0.0  357.44    0.00    0.00    3.5     75985.903      5.50   47.24000   39.71000  "Undefined"          0.0    -2.68  0.00000000
06.12.2023 21:07:08.275   9.99600000   9995.99732   0.00  -88.9   47.1  28.0  0.01  354.5     0.0  354.51    0.00    0.00     0.0  354.51    0.00    0.00     0.0  354.51    0.00    0.00    4.5     76028.275      5.50   47.24000   39.71000  "Undefined"          0.0    -2.68  0.00000000
06.12.2023 21:07:29.400   9.99600000   9995.99732   0.00  -99.0   37.0  28.0  0.00  352.0     0.0  351.96    0.00    0.00     0.0  351.96    0.00    0.00     0.0  351.96    0.00    0.00    9.8     76049.400      5.50   47.24000   39.71000  "Undefined"          0.0    -2.68  0.00000000
06.12.2023 21:07:50.575   9.99600000   9995.99720   0.00  -88.5   47.5  28.0  0.01  353.1     0.0  353.10    0.00    0.00     0.0  353.10    0.00    0.00     0.0  353.10    0.00    0.00    6.0     76070.575      5.50   47.24000   39.71000  "Undefined"          0.0    -2.80  0.00000000
06.12.2023 21:08:54.092   9.99600000   9995.99732   0.00 -115.8   22.2  28.0  7.11  357.2     0.0  357.23    0.00    0.00     0.0  357.23    0.00    0.00     0.0  357.23    0.00    0.00    1.3     76134.092      5.50   47.24000   39.71000  "Undefined"          0.0    -2.68  0.00000000
06.12.2023 21:09:15.319   9.99600000   9995.99842   0.00 -114.5   21.5  28.0  0.00  350.0     0.0  350.03    0.00    0.00     0.0  350.03    0.00    0.00     0.0  350.03    0.00    0.00   10.4     76155.319      5.50   47.24000   39.71000  "Undefined"          0.0    -1.58  0.00000000
06.12.2023 21:09:15.319   9.99600000   9995.99732   0.00 -106.0   30.0  28.0  0.00  349.7     0.0  349.69    0.00    0.00     0.0  349.69    0.00    0.00     0.0  349.69    0.00    0.00   10.7     76155.319      5.50   47.24000   39.71000  "Undefined"          0.0    -2.68  0.00000000
06.12.2023 21:09:36.591   9.99600000   9995.99988   0.00 -115.5   20.5  28.0  0.04  358.4     0.0  358.39    0.00    0.00     0.0  358.39    0.00    0.00     0.0  358.39    0.00    0.00    2.9     76176.591      5.50   47.24000   39.71000  "Undefined"          0.0    -0.12  0.00000000
06.12.2023 21:09:36.591   9.99600000   9996.00134   0.00 -115.4   20.6  28.0  0.00  357.8     0.0  357.76    0.00    0.00     0.0  357.76    0.00    0.00     0.0  357.76    0.00    0.00    4.0     76176.591      5.50   47.24000   39.71000  "Undefined"          0.0     1.34  0.00000000
06.12.2023 21:09:36.591   9.99600000   9995.99428   0.00 -115.1   20.9  28.0  0.01  359.6     0.0  359.58    0.00    0.00     0.0  359.58    0.00    0.00     0.0  359.58    0.00    0.00    3.3     76176.591      5.50   47.24000   39.71000  "Undefined"          0.0    -5.72  0.00000000
06.12.2023 21:09:36.591   9.99600000   9995.99307   0.00 -115.0   21.0  28.0  0.01  358.2     0.0  358.16    0.00    0.00     0.0  358.16    0.00    0.00     0.0  358.16    0.00    0.00    1.6     76176.591      5.50   47.24000   39.71000  "Undefined"          0.0    -6.93  0.00000000
06.12.2023 21:09:36.591   9.99600000   9996.00024   0.00 -114.9   21.1  28.0  0.00  356.7     0.0  356.68    0.00    0.00     0.0  356.68    0.00    0.00     0.0  356.68    0.00    0.00    3.9     76176.591      5.50   47.24000   39.71000  "Undefined"          0.0     0.24  0.00000000
06.12.2023 21:09:36.591   9.99600000   9995.99684   0.00 -114.9   21.1  28.0  0.73  358.7     0.0  358.72    0.00    0.00     0.0  358.72    0.00    0.00     0.0  358.72    0.00    0.00    2.2     76176.591      5.50   47.24000   39.71000  "Undefined"          0.0    -3.16  0.00000000
06.12.2023 21:09:36.591   9.99600000   9995.99003   0.00 -113.9   22.1  28.0  0.00  357.2     0.0  357.16    0.00    0.00     0.0  357.16    0.00    0.00     0.0  357.16    0.00    0.00    3.8     76176.591      5.50   47.24000   39.71000  "Undefined"          0.0    -9.97  0.00000000
06.12.2023 21:09:36.591   9.99600000   9996.00438   0.00 -113.5   22.5  28.0  0.00  357.8     0.0  357.76    0.00    0.00     0.0  357.76    0.00    0.00     0.0  357.76    0.00    0.00    2.8     76176.591      5.50   47.24000   39.71000  "Undefined"          0.0     4.38  0.00000000
06.12.2023 21:09:36.591   9.99600000   9995.99842   0.00 -112.1   23.9  28.0  0.07  358.2     0.0  358.25    0.00    0.00     0.0  358.25    0.00    0.00     0.0  358.25    0.00    0.00    2.8     76176.591      5.50   47.24000   39.71000  "Undefined"          0.0    -1.58  0.00000000
06.12.2023 21:09:36.591   9.99600000   9995.99611   0.00 -111.2   24.8  28.0  0.00  357.4     0.0  357.39    0.00    0.00     0.0  357.39    0.00    0.00     0.0  357.39    0.00    0.00    2.9     76176.591      5.50   47.24000   39.71000  "Undefined"          0.0    -3.89  0.00000000
06.12.2023 21:09:36.591   9.99600000   9995.99720   0.00 -102.1   33.9  28.0  0.01  357.3     0.0  357.33    0.00    0.00     0.0  357.33    0.00    0.00     0.0  357.33    0.00    0.00    3.0     76176.591      5.50   47.24000   39.71000  "Undefined"          0.0    -2.80  0.00000000
06.12.2023 21:10:08.421   9.99600000   9996.00316   0.00 -116.3   21.7  28.0  0.01  352.1     0.0  352.15    0.00    0.00     0.0  352.15    0.00    0.00     0.0  352.15    0.00    0.00    4.6     76208.421      5.50   47.24000   39.71000  "Undefined"          0.0     3.16  0.00000000
06.12.2023 21:10:08.421   9.99600000   9995.99124   0.00 -115.2   22.8  28.0  0.01  352.4     0.0  352.38    0.00    0.00     0.0  352.38    0.00    0.00     0.0  352.38    0.00    0.00    4.6     76208.421      5.50   47.24000   39.71000  "Undefined"          0.0    -8.76  0.00000000
06.12.2023 21:10:08.421   9.99600000   9995.99319   0.00 -111.8   26.2  28.0  0.01  353.4     0.0  353.36    0.00    0.00     0.0  353.36    0.00    0.00     0.0  353.36    0.00    0.00    5.3     76208.421      5.50   47.24000   39.71000  "Undefined"          0.0    -6.81  0.00000000
06.12.2023 21:10:08.421   9.99600000   9995.99428   0.00 -111.4   26.6  28.0  0.01  352.1     0.0  352.10    0.00    0.00     0.0  352.10    0.00    0.00     0.0  352.10    0.00    0.00    5.9     76208.421      5.50   47.24000   39.71000  "Undefined"          0.0    -5.72  0.00000000
06.12.2023 21:10:08.421   9.99600000   9996.00024   0.00 -110.6   27.4  28.0  0.01  352.6     0.0  352.59    0.00    0.00     0.0  352.59    0.00    0.00     0.0  352.59    0.00    0.00    5.6     76208.421      5.50   47.24000   39.71000  "Undefined"          0.0     0.24  0.00000000
06.12.2023 21:10:08.421   9.99600000   9995.99927   0.00 -110.3   27.7  28.0  0.01  352.4     0.0  352.35    0.00    0.00     0.0  352.35    0.00    0.00     0.0  352.35    0.00    0.00    5.0     76208.421      5.50   47.24000   39.71000  "Undefined"          0.0    -0.73  0.00000000
06.12.2023 21:10:08.421   9.99600000   9995.99526   0.00 -110.0   28.0  28.0  0.02  352.5     0.0  352.47    0.00    0.00     0.0  352.47    0.00    0.00     0.0  352.47    0.00    0.00    4.9     76208.421      5.50   47.24000   39.71000  "Undefined"          0.0    -4.74  0.00000000
06.12.2023 21:10:08.421   9.99600000   9995.99818   0.00 -109.9   28.1  28.0  0.01  352.2     0.0  352.19    0.00    0.00     0.0  352.19    0.00    0.00     0.0  352.19    0.00    0.00    5.4     76208.421      5.50   47.24000   39.71000  "Undefined"          0.0    -1.82  0.00000000
06.12.2023 21:10:08.421   9.99600000   9995.99623   0.00 -109.2   28.8  28.0  0.01  352.1     0.0  352.07    0.00    0.00     0.0  352.07    0.00    0.00     0.0  352.07    0.00    0.00    5.1     76208.421      5.50   47.24000   39.71000  "Undefined"          0.0    -3.77  0.00000000
06.12.2023 21:10:29.700   9.99600000   9996.00426   0.00 -117.7   20.3  28.0  0.01  353.0     0.0  353.01    0.00    0.00     0.0  353.01    0.00    0.00     0.0  353.01    0.00    0.00    6.4     76229.700      5.50   47.24000   39.71000  "Undefined"          0.0     4.26  0.00000000
06.12.2023 21:10:29.700   9.99600000   9995.99027   0.00 -117.7   20.3  28.0  0.00  351.7     0.0  351.65    0.00    0.00     0.0  351.65    0.00    0.00     0.0  351.65    0.00    0.00    6.8     76229.700      5.50   47.24000   39.71000  "Undefined"          0.0    -9.73  0.00000000
06.12.2023 21:10:29.700   9.99600000   9996.00328   0.00 -114.9   23.1  28.0  0.00  352.5     0.0  352.53    0.00    0.00     0.0  352.53    0.00    0.00     0.0  352.53    0.00    0.00    6.0     76229.700      5.50   47.24000   39.71000  "Undefined"          0.0     3.28  0.00000000
06.12.2023 21:10:29.700   9.99600000   9996.00231   0.00 -113.9   24.1  28.0  0.00  352.5     0.0  352.53    0.00    0.00     0.0  352.53    0.00    0.00     0.0  352.53    0.00    0.00    7.1     76229.700      5.50   47.24000   39.71000  "Undefined"          0.0     2.31  0.00000000
06.12.2023 21:10:29.700   9.99600000   9995.99331   0.00 -112.4   25.6  28.0  0.00  352.5     0.0  352.52    0.00    0.00     0.0  352.52    0.00    0.00     0.0  352.52    0.00    0.00    7.0     76229.700      5.50   47.24000   39.71000  "Undefined"          0.0    -6.69  0.00000000
06.12.2023 21:10:29.700   9.99600000   9996.00122   0.00 -112.0   26.0  28.0  0.03  352.1     0.0  352.15    0.00    0.00     0.0  352.15    0.00    0.00     0.0  352.15    0.00    0.00    7.2     76229.700      5.50   47.24000   39.71000  "Undefined"          0.0     1.22  0.00000000
06.12.2023 21:10:29.700   9.99600000   9995.99428   0.00 -110.7   27.3  28.0  0.00  353.0     0.0  353.02    0.00    0.00     0.0  353.02    0.00    0.00     0.0  353.02    0.00    0.00    6.1     76229.700      5.50   47.24000   39.71000  "Undefined"          0.0    -5.72  0.00000000
06.12.2023 21:10:29.700   9.99600000   9996.00024   0.00 -110.5   27.5  28.0  0.00  352.3     0.0  352.29    0.00    0.00     0.0  352.29    0.00    0.00     0.0  352.29    0.00    0.00    7.5     76229.700      5.50   47.24000   39.71000  "Undefined"          0.0     0.24  0.00000000
06.12.2023 21:10:29.700   9.99600000   9995.99720   0.00 -110.1   27.9  28.0  0.00  352.7     0.0  352.70    0.00    0.00     0.0  352.70    0.00    0.00     0.0  352.70    0.00    0.00    7.0     76229.700      5.50   47.24000   39.71000  "Undefined"          0.0    -2.80  0.00000000
06.12.2023 21:10:29.700   9.99600000   9995.99526   0.00 -109.9   28.1  28.0  0.00  352.6     0.0  352.59    0.00    0.00     0.0  352.59    0.00    0.00     0.0  352.59    0.00    0.00    7.1     76229.700      5.50   47.24000   39.71000  "Undefined"          0.0    -4.74  0.00000000
06.12.2023 21:10:29.700   9.99600000   9995.99830   0.00 -109.7   28.3  28.0  0.05  352.6     0.0  352.61    0.00    0.00     0.0  352.61    0.00    0.00     0.0  352.61    0.00    0.00    6.6     76229.700      5.50   47.24000   39.71000  "Undefined"          0.0    -1.70  0.00000000
06.12.2023 21:10:29.700   9.99600000   9995.99927   0.00 -109.7   28.3  28.0  0.00  352.3     0.0  352.26    0.00    0.00     0.0  352.26    0.00    0.00     0.0  352.26    0.00    0.00    5.8     76229.700      5.50   47.24000   39.71000  "Undefined"          0.0    -0.73  0.00000000
06.12.2023 21:10:50.990   9.99600000   9996.00328   0.00 -115.2   20.8  28.0  0.01  355.1     0.0  355.09    0.00    0.00     0.0  355.09    0.00    0.00     0.0  355.09    0.00    0.00    3.8     76250.990      5.50   47.24000   39.71000  "Undefined"          0.0     3.28  0.00000000
06.12.2023 21:10:50.990   9.99600000   9995.99222   0.00 -114.2   21.8  28.0  0.01  353.6     0.0  353.56    0.00    0.00     0.0  353.56    0.00    0.00     0.0  353.56    0.00    0.00    4.1     76250.990      5.50   47.24000   39.71000  "Undefined"          0.0    -7.78  0.00000000
06.12.2023 21:10:50.990   9.99600000   9996.00231   0.00 -113.9   22.1  28.0  0.01  354.1     0.0  354.14    0.00    0.00     0.0  354.14    0.00    0.00     0.0  354.14    0.00    0.00    5.3     76250.990      5.50   47.24000   39.71000  "Undefined"          0.0     2.31  0.00000000
06.12.2023 21:10:50.990   9.99600000   9996.00122   0.00 -113.0   23.0  28.0  0.00  353.7     0.0  353.68    0.00    0.00     0.0  353.68    0.00    0.00     0.0  353.68    0.00    0.00    5.7     76250.990      5.50   47.24000   39.71000  "Undefined"          0.0     1.22  0.00000000
06.12.2023 21:10:50.990   9.99600000   9995.99331   0.00 -112.1   23.9  28.0  0.01  353.9     0.0  353.88    0.00    0.00     0.0  353.88    0.00    0.00     0.0  353.88    0.00    0.00    4.5     76250.990      5.50   47.24000   39.71000  "Undefined"          0.0    -6.69  0.00000000
06.12.2023 21:10:50.990   9.99600000   9996.00024   0.00 -111.3   24.7  28.0  0.01  354.1     0.0  354.07    0.00    0.00     0.0  354.07    0.00    0.00     0.0  354.07    0.00    0.00    4.2     76250.990      5.50   47.24000   39.71000  "Undefined"          0.0     0.24  0.00000000
06.12.2023 21:10:50.990   9.99600000   9995.99428   0.00 -110.7   25.3  28.0  0.09  354.6     0.0  354.60    0.00    0.00     0.0  354.60    0.00    0.00     0.0  354.60    0.00    0.00    4.5     76250.990      5.50   47.24000   39.71000  "Undefined"          0.0    -5.72  0.00000000
06.12.2023 21:10:50.990   9.99600000   9995.99623   0.00 -110.3   25.7  28.0  0.01  353.8     0.0  353.78    0.00    0.00     0.0  353.78    0.00    0.00     0.0  353.78    0.00    0.00    5.7     76250.990      5.50   47.24000   39.71000  "Undefined"          0.0    -3.77  0.00000000
06.12.2023 21:10:50.990   9.99600000   9995.99927   0.00 -110.2   25.8  28.0  0.01  354.3     0.0  354.26    0.00    0.00     0.0  354.26    0.00    0.00     0.0  354.26    0.00    0.00    4.3     76250.990      5.50   47.24000   39.71000  "Undefined"          0.0    -0.73  0.00000000
06.12.2023 21:10:50.990   9.99600000   9995.99526   0.00 -109.9   26.1  28.0  0.01  354.2     0.0  354.18    0.00    0.00     0.0  354.18    0.00    0.00     0.0  354.18    0.00    0.00    4.6     76250.990      5.50   47.24000   39.71000  "Undefined"          0.0    -4.74  0.00000000
06.12.2023 21:10:50.990   9.99600000   9995.99830   0.00 -109.8   26.2  28.0  0.01  354.8     0.0  354.83    0.00    0.00     0.0  354.83    0.00    0.00     0.0  354.83    0.00    0.00    4.4     76250.990      5.50   47.24000   39.71000  "Undefined"          0.0    -1.70  0.00000000
06.12.2023 21:11:12.260   9.99600000   9996.00426   0.00 -117.6   20.4  28.0  0.06  352.3     0.0  352.31    0.00    0.00     0.0  352.31    0.00    0.00     0.0  352.31    0.00    0.00    8.5     76272.260      5.50   47.24000   39.71000  "Undefined"          0.0     4.26  0.00000000
06.12.2023 21:11:12.260   9.99600000   9996.00328   0.00 -115.0   23.0  28.0  0.01  352.4     0.0  352.45    0.00    0.00     0.0  352.45    0.00    0.00     0.0  352.45    0.00    0.00    4.9     76272.260      5.50   47.24000   39.71000  "Undefined"          0.0     3.28  0.00000000
06.12.2023 21:11:12.260   9.99600000   9995.99124   0.00 -114.9   23.1  28.0  0.00  352.7     0.0  352.68    0.00    0.00     0.0  352.68    0.00    0.00     0.0  352.68    0.00    0.00    6.1     76272.260      5.50   47.24000   39.71000  "Undefined"          0.0    -8.76  0.00000000
06.12.2023 21:11:12.260   9.99600000   9995.99222   0.00 -114.1   23.9  28.0  0.00  352.3     0.0  352.34    0.00    0.00     0.0  352.34    0.00    0.00     0.0  352.34    0.00    0.00    5.8     76272.260      5.50   47.24000   39.71000  "Undefined"          0.0    -7.78  0.00000000
06.12.2023 21:11:12.260   9.99600000   9996.00122   0.00 -112.8   25.2  28.0  0.01  353.6     0.0  353.56    0.00    0.00     0.0  353.56    0.00    0.00     0.0  353.56    0.00    0.00    4.6     76272.260      5.50   47.24000   39.71000  "Undefined"          0.0     1.22  0.00000000
06.12.2023 21:11:12.260   9.99600000   9995.99331   0.00 -111.9   26.1  28.0  0.01  353.0     0.0  353.02    0.00    0.00     0.0  353.02    0.00    0.00     0.0  353.02    0.00    0.00    5.5     76272.260      5.50   47.24000   39.71000  "Undefined"          0.0    -6.69  0.00000000
06.12.2023 21:11:12.260   9.99600000   9996.00024   0.00 -111.0   27.0  28.0  0.00  352.7     0.0  352.70    0.00    0.00     0.0  352.70    0.00    0.00     0.0  352.70    0.00    0.00    5.8     76272.260      5.50   47.24000   39.71000  "Undefined"          0.0     0.24  0.00000000
06.12.2023 21:11:12.260   9.99600000   9995.99428   0.00 -110.7   27.3  28.0  0.01  352.6     0.0  352.57    0.00    0.00     0.0  352.57    0.00    0.00     0.0  352.57    0.00    0.00    5.3     76272.260      5.50   47.24000   39.71000  "Undefined"          0.0    -5.72  0.00000000
06.12.2023 21:11:12.260   9.99600000   9995.99623   0.00 -110.1   27.9  28.0  0.01  352.7     0.0  352.66    0.00    0.00     0.0  352.66    0.00    0.00     0.0  352.66    0.00    0.00    5.0     76272.260      5.50   47.24000   39.71000  "Undefined"          0.0    -3.77  0.00000000
06.12.2023 21:11:12.260   9.99600000   9995.99732   0.00 -110.0   28.0  28.0  0.01  353.3     0.0  353.27    0.00    0.00     0.0  353.27    0.00    0.00     0.0  353.27    0.00    0.00    5.0     76272.260      5.50   47.24000   39.71000  "Undefined"          0.0    -2.68  0.00000000
06.12.2023 21:11:12.260   9.99600000   9995.99526   0.00 -110.0   28.0  28.0  0.01  352.5     0.0  352.55    0.00    0.00     0.0  352.55    0.00    0.00     0.0  352.55    0.00    0.00    5.5     76272.260      5.50   47.24000   39.71000  "Undefined"          0.0    -4.74  0.00000000
06.12.2023 21:11:12.260   9.99600000   9995.99830   0.00 -109.7   28.3  28.0  0.01  352.8     0.0  352.75    0.00    0.00     0.0  352.75    0.00    0.00     0.0  352.75    0.00    0.00    5.8     76272.260      5.50   47.24000   39.71000  "Undefined"          0.0    -1.70  0.00000000
06.12.2023 21:11:33.543   9.99600000   9996.00328   0.00 -116.1   21.9  28.0  0.00  350.9     0.0  350.94    0.00    0.00     0.0  350.94    0.00    0.00     0.0  350.94    0.00    0.00    9.1     76293.543      5.50   47.24000   39.71000  "Undefined"          0.0     3.28  0.00000000
06.12.2023 21:11:33.543   9.99600000   9995.99234   0.00 -115.0   23.0  28.0  0.00  350.2     0.0  350.17    0.00    0.00     0.0  350.17    0.00    0.00     0.0  350.17    0.00    0.00    6.6     76293.543      5.50   47.24000   39.71000  "Undefined"          0.0    -7.66  0.00000000
06.12.2023 21:11:33.543   9.99600000   9996.00231   0.00 -114.0   24.0  28.0  0.00  351.0     0.0  351.04    0.00    0.00     0.0  351.04    0.00    0.00     0.0  351.04    0.00    0.00    8.0     76293.543      5.50   47.24000   39.71000  "Undefined"          0.0     2.31  0.00000000
06.12.2023 21:11:33.543   9.99600000   9995.99331   0.00 -113.0   25.0  28.0  0.00  351.2     0.0  351.19    0.00    0.00     0.0  351.19    0.00    0.00     0.0  351.19    0.00    0.00    7.1     76293.543      5.50   47.24000   39.71000  "Undefined"          0.0    -6.69  0.00000000
06.12.2023 21:11:33.543   9.99600000   9995.99428   0.00 -111.5   26.5  28.0  0.00  350.6     0.0  350.56    0.00    0.00     0.0  350.56    0.00    0.00     0.0  350.56    0.00    0.00    8.0     76293.543      5.50   47.24000   39.71000  "Undefined"          0.0    -5.72  0.00000000
06.12.2023 21:11:33.543   9.99600000   9995.99623   0.00 -111.1   26.9  28.0  0.00  351.0     0.0  350.97    0.00    0.00     0.0  350.97    0.00    0.00     0.0  350.97    0.00    0.00    7.3     76293.543      5.50   47.24000   39.71000  "Undefined"          0.0    -3.77  0.00000000
06.12.2023 21:11:33.543   9.99600000   9995.99526   0.00 -111.0   27.0  28.0  0.00  351.4     0.0  351.40    0.00    0.00     0.0  351.40    0.00    0.00     0.0  351.40    0.00    0.00    7.8     76293.543      5.50   47.24000   39.71000  "Undefined"          0.0    -4.74  0.00000000
06.12.2023 21:11:33.543   9.99600000   9995.99732   0.00 -110.7   27.3  28.0  0.00  351.2     0.0  351.21    0.00    0.00     0.0  351.21    0.00    0.00     0.0  351.21    0.00    0.00    7.5     76293.543      5.50   47.24000   39.71000  "Undefined"          0.0    -2.68  0.00000000
06.12.2023 21:11:33.543   9.99600000   9995.99830   0.00 -110.6   27.4  28.0  0.00  351.4     0.0  351.37    0.00    0.00     0.0  351.37    0.00    0.00     0.0  351.37    0.00    0.00    8.1     76293.543      5.50   47.24000   39.71000  "Undefined"          0.0    -1.70  0.00000000
06.12.2023 21:12:16.055   9.99600000   9995.99428   0.00 -113.5   24.5  28.0  0.00  350.5     0.0  350.48    0.00    0.00     0.0  350.48    0.00    0.00     0.0  350.48    0.00    0.00   10.3     76336.055      5.50   47.24000   39.71000  "Undefined"          0.0    -5.72  0.00000000
06.12.2023 21:12:16.055   9.99600000   9996.00231   0.00 -113.5   24.5  28.0  0.00  350.3     0.0  350.27    0.00    0.00     0.0  350.27    0.00    0.00     0.0  350.27    0.00    0.00   11.0     76336.055      5.50   47.24000   39.71000  "Undefined"          0.0     2.31  0.00000000
06.12.2023 21:12:16.055   9.99600000   9996.00122   0.00 -112.7   25.3  28.0  0.01  350.2     0.0  350.22    0.00    0.00     0.0  350.22    0.00    0.00     0.0  350.22    0.00    0.00    8.5     76336.055      5.50   47.24000   39.71000  "Undefined"          0.0     1.22  0.00000000
06.12.2023 21:12:16.055   9.99600000   9995.99927   0.00 -112.3   25.7  28.0  0.00  350.9     0.0  350.89    0.00    0.00     0.0  350.89    0.00    0.00     0.0  350.89    0.00    0.00   10.2     76336.055      5.50   47.24000   39.71000  "Undefined"          0.0    -0.73  0.00000000
06.12.2023 21:12:16.055   9.99600000   9995.99222   0.00 -112.3   25.7  28.0  0.00  350.8     0.0  350.84    0.00    0.00     0.0  350.84    0.00    0.00     0.0  350.84    0.00    0.00    9.3     76336.055      5.50   47.24000   39.71000  "Undefined"          0.0    -7.78  0.00000000
06.12.2023 21:12:16.055   9.99600000   9995.99526   0.00 -112.1   25.9  28.0  0.00  351.1     0.0  351.10    0.00    0.00     0.0  351.10    0.00    0.00     0.0  351.10    0.00    0.00    8.4     76336.055      5.50   47.24000   39.71000  "Undefined"          0.0    -4.74  0.00000000
06.12.2023 21:12:16.055   9.99600000   9995.99319   0.00 -111.9   26.1  28.0  0.01  350.7     0.0  350.65    0.00    0.00     0.0  350.65    0.00    0.00     0.0  350.65    0.00    0.00    8.2     76336.055      5.50   47.24000   39.71000  "Undefined"          0.0    -6.81  0.00000000
06.12.2023 21:12:16.055   9.99600000   9995.99818   0.00 -110.3   27.7  28.0  0.03  350.9     0.0  350.91    0.00    0.00     0.0  350.91    0.00    0.00     0.0  350.91    0.00    0.00    8.3     76336.055      5.50   47.24000   39.71000  "Undefined"          0.0    -1.82  0.00000000
06.12.2023 21:12:16.055   9.99600000   9995.99623   0.00 -110.0   28.0  28.0  0.02  350.6     0.0  350.64    0.00    0.00     0.0  350.64    0.00    0.00     0.0  350.64    0.00    0.00    9.5     76336.055      5.50   47.24000   39.71000  "Undefined"          0.0    -3.77  0.00000000
06.12.2023 21:12:16.055   9.99600000   9995.99720   0.00 -109.5   28.5  28.0  0.00  351.0     0.0  350.98    0.00    0.00     0.0  350.98    0.00    0.00     0.0  350.98    0.00    0.00    7.8     76336.055      5.50   47.24000   39.71000  "Undefined"          0.0    -2.80  0.00000000
06.12.2023 21:12:58.575   9.99600000   9995.99526   0.00 -115.7   22.3  28.0  0.00  352.1     0.0  352.07    0.00    0.00     0.0  352.07    0.00    0.00     0.0  352.07    0.00    0.00    9.1     76378.575      5.50   47.24000   39.71000  "Undefined"          0.0    -4.74  0.00000000
06.12.2023 21:12:58.575   9.99600000   9995.99428   0.00 -115.6   22.4  28.0  0.03  352.7     0.0  352.67    0.00    0.00     0.0  352.67    0.00    0.00     0.0  352.67    0.00    0.00    7.0     76378.575      5.50   47.24000   39.71000  "Undefined"          0.0    -5.72  0.00000000
06.12.2023 21:12:58.575   9.99600000   9995.99830   0.00 -114.7   23.3  28.0  0.00  351.5     0.0  351.54    0.00    0.00     0.0  351.54    0.00    0.00     0.0  351.54    0.00    0.00    7.9     76378.575      5.50   47.24000   39.71000  "Undefined"          0.0    -1.70  0.00000000
06.12.2023 21:12:58.575   9.99600000   9995.99623   0.00 -114.4   23.6  28.0  0.00  353.5     0.0  353.51    0.00    0.00     0.0  353.51    0.00    0.00     0.0  353.51    0.00    0.00    8.2     76378.575      5.50   47.24000   39.71000  "Undefined"          0.0    -3.77  0.00000000
06.12.2023 21:12:58.575   9.99600000   9995.99732   0.00 -113.9   24.1  28.0  0.01  354.0     0.0  354.00    0.00    0.00     0.0  354.00    0.00    0.00     0.0  354.00    0.00    0.00    6.6     76378.575      5.50   47.24000   39.71000  "Undefined"          0.0    -2.68  0.00000000
06.12.2023 21:13:19.821   9.99600000   9996.00328   0.00 -115.3   20.7  28.0  0.01  353.1     0.0  353.14    0.00    0.00     0.0  353.14    0.00    0.00     0.0  353.14    0.00    0.00    7.0     76399.821      5.50   47.24000   39.71000  "Undefined"          0.0     3.28  0.00000000
06.12.2023 21:13:19.821   9.99600000   9995.99124   0.00 -114.8   21.2  28.0  0.01  352.9     0.0  352.93    0.00    0.00     0.0  352.93    0.00    0.00     0.0  352.93    0.00    0.00    5.9     76399.821      5.50   47.24000   39.71000  "Undefined"          0.0    -8.76  0.00000000
06.12.2023 21:13:19.821   9.99600000   9996.00219   0.00 -113.8   22.2  28.0  0.01  352.5     0.0  352.53    0.00    0.00     0.0  352.53    0.00    0.00     0.0  352.53    0.00    0.00    6.5     76399.821      5.50   47.24000   39.71000  "Undefined"          0.0     2.19  0.00000000
06.12.2023 21:13:19.821   9.99600000   9995.99319   0.00 -113.3   22.7  28.0  0.01  352.6     0.0  352.63    0.00    0.00     0.0  352.63    0.00    0.00     0.0  352.63    0.00    0.00    6.0     76399.821      5.50   47.24000   39.71000  "Undefined"          0.0    -6.81  0.00000000
06.12.2023 21:13:19.821   9.99600000   9995.99428   0.00 -111.5   24.5  28.0  0.00  352.5     0.0  352.47    0.00    0.00     0.0  352.47    0.00    0.00     0.0  352.47    0.00    0.00    6.6     76399.821      5.50   47.24000   39.71000  "Undefined"          0.0    -5.72  0.00000000
06.12.2023 21:13:19.821   9.99600000   9996.00024   0.00 -110.7   25.3  28.0  0.01  353.0     0.0  353.04    0.00    0.00     0.0  353.04    0.00    0.00     0.0  353.04    0.00    0.00    6.0     76399.821      5.50   47.24000   39.71000  "Undefined"          0.0     0.24  0.00000000
06.12.2023 21:13:19.821   9.99600000   9995.99526   0.00 -110.6   25.4  28.0  0.01  353.0     0.0  352.98    0.00    0.00     0.0  352.98    0.00    0.00     0.0  352.98    0.00    0.00    6.8     76399.821      5.50   47.24000   39.71000  "Undefined"          0.0    -4.74  0.00000000
06.12.2023 21:13:19.821   9.99600000   9995.99830   0.00 -109.9   26.1  28.0  0.00  352.4     0.0  352.42    0.00    0.00     0.0  352.42    0.00    0.00     0.0  352.42    0.00    0.00    6.1     76399.821      5.50   47.24000   39.71000  "Undefined"          0.0    -1.70  0.00000000
06.12.2023 21:13:19.821   9.99600000   9995.99623   0.00 -109.2   26.8  28.0  0.01  352.5     0.0  352.53    0.00    0.00     0.0  352.53    0.00    0.00     0.0  352.53    0.00    0.00    5.7     76399.821      5.50   47.24000   39.71000  "Undefined"          0.0    -3.77  0.00000000
06.12.2023 21:13:41.095   9.99600000   9995.99428   0.00 -116.9   21.1  28.0  0.02  354.5     0.0  354.47    0.00    0.00     0.0  354.47    0.00    0.00     0.0  354.47    0.00    0.00    6.0     76421.095      5.50   47.24000   39.71000  "Undefined"          0.0    -5.72  0.00000000
06.12.2023 21:13:41.095   9.99600000   9996.00024   0.00 -116.7   21.3  28.0  0.01  353.4     0.0  353.38    0.00    0.00     0.0  353.38    0.00    0.00     0.0  353.38    0.00    0.00    4.3     76421.095      5.50   47.24000   39.71000  "Undefined"          0.0     0.24  0.00000000
06.12.2023 21:13:41.095   9.99600000   9995.99720   0.00 -116.7   21.3  28.0  0.08  352.8     0.0  352.80    0.00    0.00     0.0  352.80    0.00    0.00     0.0  352.80    0.00    0.00    4.0     76421.095      5.50   47.24000   39.71000  "Undefined"          0.0    -2.80  0.00000000
06.12.2023 21:13:41.095   9.99600000   9995.99830   0.00 -116.3   21.7  28.0  0.01  354.9     0.0  354.91    0.00    0.00     0.0  354.91    0.00    0.00     0.0  354.91    0.00    0.00    4.7     76421.095      5.50   47.24000   39.71000  "Undefined"          0.0    -1.70  0.00000000
06.12.2023 21:13:41.095   9.99600000   9995.99927   0.00 -116.3   21.7  28.0  0.03  354.9     0.0  354.91    0.00    0.00     0.0  354.91    0.00    0.00     0.0  354.91    0.00    0.00    5.0     76421.095      5.50   47.24000   39.71000  "Undefined"          0.0    -0.73  0.00000000
06.12.2023 21:13:41.095   9.99600000   9995.99623   0.00 -116.0   22.0  28.0  0.01  355.0     0.0  355.02    0.00    0.00     0.0  355.02    0.00    0.00     0.0  355.02    0.00    0.00    6.3     76421.095      5.50   47.24000   39.71000  "Undefined"          0.0    -3.77  0.00000000
06.12.2023 21:13:41.095   9.99600000   9995.99526   0.00 -115.8   22.2  28.0  0.01  354.4     0.0  354.42    0.00    0.00     0.0  354.42    0.00    0.00     0.0  354.42    0.00    0.00    4.6     76421.095      5.50   47.24000   39.71000  "Undefined"          0.0    -4.74  0.00000000
06.12.2023 21:14:12.878   9.99600000   9995.99222   0.00 -115.8   20.2  28.0  0.01  354.6     0.0  354.61    0.00    0.00     0.0  354.61    0.00    0.00     0.0  354.61    0.00    0.00    4.3     76452.878      5.50   47.24000   39.71000  "Undefined"          0.0    -7.78  0.00000000
06.12.2023 21:14:12.878   9.99600000   9995.99416   0.00 -115.3   20.7  28.0  0.00  353.7     0.0  353.65    0.00    0.00     0.0  353.65    0.00    0.00     0.0  353.65    0.00    0.00    4.2     76452.878      5.50   47.24000   39.71000  "Undefined"          0.0    -5.84  0.00000000
06.12.2023 21:14:12.878   9.99600000   9995.99319   0.00 -115.2   20.8  28.0  0.01  354.6     0.0  354.61    0.00    0.00     0.0  354.61    0.00    0.00     0.0  354.61    0.00    0.00    3.9     76452.878      5.50   47.24000   39.71000  "Undefined"          0.0    -6.81  0.00000000
06.12.2023 21:14:12.878   9.99600000   9995.99927   0.00 -115.1   20.9  28.0  0.01  354.3     0.0  354.26    0.00    0.00     0.0  354.26    0.00    0.00     0.0  354.26    0.00    0.00    4.4     76452.878      5.50   47.24000   39.71000  "Undefined"          0.0    -0.73  0.00000000
06.12.2023 21:14:12.878   9.99600000   9995.99526   0.00 -114.8   21.2  28.0  0.01  354.4     0.0  354.42    0.00    0.00     0.0  354.42    0.00    0.00     0.0  354.42    0.00    0.00    3.4     76452.878      5.50   47.24000   39.71000  "Undefined"          0.0    -4.74  0.00000000
06.12.2023 21:14:12.878   9.99600000   9996.00122   0.00 -114.2   21.8  28.0  0.01  354.7     0.0  354.69    0.00    0.00     0.0  354.69    0.00    0.00     0.0  354.69    0.00    0.00    3.8     76452.878      5.50   47.24000   39.71000  "Undefined"          0.0     1.22  0.00000000
06.12.2023 21:14:12.878   9.99600000   9995.99818   0.00 -114.0   22.0  28.0  0.02  354.6     0.0  354.61    0.00    0.00     0.0  354.61    0.00    0.00     0.0  354.61    0.00    0.00    3.9     76452.878      5.50   47.24000   39.71000  "Undefined"          0.0    -1.82  0.00000000
06.12.2023 21:14:12.878   9.99600000   9996.00024   0.00 -113.3   22.7  28.0  0.01  354.5     0.0  354.47    0.00    0.00     0.0  354.47    0.00    0.00     0.0  354.47    0.00    0.00    4.1     76452.878      5.50   47.24000   39.71000  "Undefined"          0.0     0.24  0.00000000
06.12.2023 21:14:12.878   9.99600000   9995.99720   0.00 -112.9   23.1  28.0  0.02  354.6     0.0  354.62    0.00    0.00     0.0  354.62    0.00    0.00     0.0  354.62    0.00    0.00    4.3     76452.878      5.50   47.24000   39.71000  "Undefined"          0.0    -2.80  0.00000000
06.12.2023 21:14:34.138   9.99600000   9995.99222   0.00 -118.0   20.0  28.0  0.01  353.5     0.0  353.54    0.00    0.00     0.0  353.54    0.00    0.00     0.0  353.54    0.00    0.00    5.9     76474.138      5.50   47.24000   39.71000  "Undefined"          0.0    -7.78  0.00000000
06.12.2023 21:14:34.138   9.99600000   9995.99319   0.00 -116.8   21.2  28.0  0.00  353.7     0.0  353.71    0.00    0.00     0.0  353.71    0.00    0.00     0.0  353.71    0.00    0.00    4.8     76474.138      5.50   47.24000   39.71000  "Undefined"          0.0    -6.81  0.00000000
06.12.2023 21:14:34.138   9.99600000   9996.00122   0.00 -116.1   21.9  28.0  0.03  354.2     0.0  354.16    0.00    0.00     0.0  354.16    0.00    0.00     0.0  354.16    0.00    0.00    5.8     76474.138      5.50   47.24000   39.71000  "Undefined"          0.0     1.22  0.00000000
06.12.2023 21:14:34.138   9.99600000   9995.99428   0.00 -115.8   22.2  28.0  0.06  353.6     0.0  353.55    0.00    0.00     0.0  353.55    0.00    0.00     0.0  353.55    0.00    0.00    6.9     76474.138      5.50   47.24000   39.71000  "Undefined"          0.0    -5.72  0.00000000
06.12.2023 21:14:34.138   9.99600000   9995.99927   0.00 -114.6   23.4  28.0  0.00  353.5     0.0  353.48    0.00    0.00     0.0  353.48    0.00    0.00     0.0  353.48    0.00    0.00    7.3     76474.138      5.50   47.24000   39.71000  "Undefined"          0.0    -0.73  0.00000000
06.12.2023 21:14:34.138   9.99600000   9995.99830   0.00 -114.5   23.5  28.0  0.00  352.8     0.0  352.77    0.00    0.00     0.0  352.77    0.00    0.00     0.0  352.77    0.00    0.00    6.0     76474.138      5.50   47.24000   39.71000  "Undefined"          0.0    -1.70  0.00000000
06.12.2023 21:14:34.138   9.99600000   9995.99526   0.00 -114.5   23.5  28.0  0.01  353.1     0.0  353.14    0.00    0.00     0.0  353.14    0.00    0.00     0.0  353.14    0.00    0.00    5.5     76474.138      5.50   47.24000   39.71000  "Undefined"          0.0    -4.74  0.00000000
06.12.2023 21:14:34.138   9.99600000   9995.99720   0.00 -114.5   23.5  28.0  0.01  353.4     0.0  353.37    0.00    0.00     0.0  353.37    0.00    0.00     0.0  353.37    0.00    0.00    8.0     76474.138      5.50   47.24000   39.71000  "Undefined"          0.0    -2.80  0.00000000
06.12.2023 21:14:34.138   9.99600000   9995.99623   0.00 -113.8   24.2  28.0  0.01  354.0     0.0  353.95    0.00    0.00     0.0  353.95    0.00    0.00     0.0  353.95    0.00    0.00    6.6     76474.138      5.50   47.24000   39.71000  "Undefined"          0.0    -3.77  0.00000000
06.12.2023 21:14:55.381   9.99600000   9995.99830   0.00 -110.4   25.6  28.0  0.01  354.4     0.0  354.41    0.00    0.00     0.0  354.41    0.00    0.00     0.0  354.41    0.00    0.00    6.1     76495.381      5.50   47.24000   39.71000  "Undefined"          0.0    -1.70  0.00000000
06.12.2023 21:14:55.381   9.99600000   9995.99623   0.00 -110.4   25.6  28.0  0.01  354.7     0.0  354.66    0.00    0.00     0.0  354.66    0.00    0.00     0.0  354.66    0.00    0.00    5.1     76495.381      5.50   47.24000   39.71000  "Undefined"          0.0    -3.77  0.00000000
06.12.2023 21:14:55.381   9.99600000   9995.99732   0.00 -107.1   28.9  28.0  0.01  354.3     0.0  354.29    0.00    0.00     0.0  354.29    0.00    0.00     0.0  354.29    0.00    0.00    5.6     76495.381      5.50   47.24000   39.71000  "Undefined"          0.0    -2.68  0.00000000
06.12.2023 21:16:20.255   9.99600000   9996.00122   0.00 -117.9   20.1  28.0  0.00  354.8     0.0  354.77    0.00    0.00     0.0  354.77    0.00    0.00     0.0  354.77    0.00    0.00    6.2     76580.255      5.50   47.24000   39.71000  "Undefined"          0.0     1.22  0.00000000
06.12.2023 21:16:20.255   9.99600000   9995.99331   0.00 -117.7   20.3  28.0  0.00  356.0     0.0  356.02    0.00    0.00     0.0  356.02    0.00    0.00     0.0  356.02    0.00    0.00    5.8     76580.255      5.50   47.24000   39.71000  "Undefined"          0.0    -6.69  0.00000000
06.12.2023 21:16:20.255   9.99600000   9996.00024   0.00 -116.4   21.6  28.0  0.01  355.3     0.0  355.30    0.00    0.00     0.0  355.30    0.00    0.00     0.0  355.30    0.00    0.00    8.2     76580.255      5.50   47.24000   39.71000  "Undefined"          0.0     0.24  0.00000000
06.12.2023 21:16:20.255   9.99600000   9995.99428   0.00 -116.4   21.6  28.0  0.00  355.5     0.0  355.53    0.00    0.00     0.0  355.53    0.00    0.00     0.0  355.53    0.00    0.00    5.4     76580.255      5.50   47.24000   39.71000  "Undefined"          0.0    -5.72  0.00000000
06.12.2023 21:16:20.255   9.99600000   9995.99732   0.00 -115.7   22.3  28.0  0.01  355.3     0.0  355.25    0.00    0.00     0.0  355.25    0.00    0.00     0.0  355.25    0.00    0.00    8.0     76580.255      5.50   47.24000   39.71000  "Undefined"          0.0    -2.68  0.00000000
06.12.2023 21:16:20.255   9.99600000   9995.99927   0.00 -115.4   22.6  28.0  0.01  355.1     0.0  355.05    0.00    0.00     0.0  355.05    0.00    0.00     0.0  355.05    0.00    0.00    7.1     76580.255      5.50   47.24000   39.71000  "Undefined"          0.0    -0.73  0.00000000
06.12.2023 21:16:20.255   9.99600000   9995.99526   0.00 -115.4   22.6  28.0  0.00  354.5     0.0  354.53    0.00    0.00     0.0  354.53    0.00    0.00     0.0  354.53    0.00    0.00    8.2     76580.255      5.50   47.24000   39.71000  "Undefined"          0.0    -4.74  0.00000000
06.12.2023 21:16:20.255   9.99600000   9995.99830   0.00 -114.9   23.1  28.0  0.01  354.7     0.0  354.65    0.00    0.00     0.0  354.65    0.00    0.00     0.0  354.65    0.00    0.00    6.0     76580.255      5.50   47.24000   39.71000  "Undefined"          0.0    -1.70  0.00000000
06.12.2023 21:16:41.492   9.99600000   9995.99319   0.00 -117.6   20.4  28.0  0.01  351.7     0.0  351.68    0.00    0.00     0.0  351.68    0.00    0.00     0.0  351.68    0.00    0.00    4.6     76601.492      5.50   47.24000   39.71000  "Undefined"          0.0    -6.81  0.00000000
06.12.2023 21:16:41.492   9.99600000   9996.00122   0.00 -117.5   20.5  28.0  3.70  352.4     0.0  352.39    0.00    0.00     0.0  352.39    0.00    0.00     0.0  352.39    0.00    0.00    5.6     76601.492      5.50   47.24000   39.71000  "Undefined"          0.0     1.22  0.00000000
06.12.2023 21:16:41.492   9.99600000   9995.99416   0.00 -116.7   21.3  28.0  0.01  352.1     0.0  352.11    0.00    0.00     0.0  352.11    0.00    0.00     0.0  352.11    0.00    0.00    3.2     76601.492      5.50   47.24000   39.71000  "Undefined"          0.0    -5.84  0.00000000
06.12.2023 21:16:41.492   9.99600000   9996.00024   0.00 -116.7   21.3  28.0  0.00  351.0     0.0  350.99    0.00    0.00     0.0  350.99    0.00    0.00     0.0  350.99    0.00    0.00    5.8     76601.492      5.50   47.24000   39.71000  "Undefined"          0.0     0.24  0.00000000
06.12.2023 21:16:41.492   9.99600000   9995.99927   0.00 -116.4   21.6  28.0  0.00  352.4     0.0  352.38    0.00    0.00     0.0  352.38    0.00    0.00     0.0  352.38    0.00    0.00    3.3     76601.492      5.50   47.24000   39.71000  "Undefined"          0.0    -0.73  0.00000000
06.12.2023 21:16:41.492   9.99600000   9995.99526   0.00 -116.3   21.7  28.0  0.04  353.2     0.0  353.23    0.00    0.00     0.0  353.23    0.00    0.00     0.0  353.23    0.00    0.00    4.5     76601.492      5.50   47.24000   39.71000  "Undefined"          0.0    -4.74  0.00000000
06.12.2023 21:16:41.492   9.99600000   9995.99623   0.00 -116.1   21.9  28.0  0.01  352.0     0.0  352.05    0.00    0.00     0.0  352.05    0.00    0.00     0.0  352.05    0.00    0.00    5.8     76601.492      5.50   47.24000   39.71000  "Undefined"          0.0    -3.77  0.00000000
06.12.2023 21:16:41.492   9.99600000   9995.99818   0.00 -115.4   22.6  28.0  0.00  352.8     0.0  352.78    0.00    0.00     0.0  352.78    0.00    0.00     0.0  352.78    0.00    0.00    5.0     76601.492      5.50   47.24000   39.71000  "Undefined"          0.0    -1.82  0.00000000
06.12.2023 21:16:41.492   9.99600000   9995.99720   0.00 -115.3   22.7  28.0  0.01  352.4     0.0  352.41    0.00    0.00     0.0  352.41    0.00    0.00     0.0  352.41    0.00    0.00    4.4     76601.492      5.50   47.24000   39.71000  "Undefined"          0.0    -2.80  0.00000000
06.12.2023 21:17:23.934   9.99600000   9995.99927   0.00 -117.8   20.2  28.0  0.01  354.8     0.0  354.80    0.00    0.00     0.0  354.80    0.00    0.00     0.0  354.80    0.00    0.00    7.0     76643.934      5.50   47.24000   39.71000  "Undefined"          0.0    -0.73  0.00000000
06.12.2023 21:17:23.934   9.99600000   9996.00024   0.00 -117.8   20.2  28.0  0.01  354.2     0.0  354.20    0.00    0.00     0.0  354.20    0.00    0.00     0.0  354.20    0.00    0.00    5.5     76643.934      5.50   47.24000   39.71000  "Undefined"          0.0     0.24  0.00000000
06.12.2023 21:17:23.934   9.99600000   9995.99526   0.00 -117.3   20.7  28.0  0.01  354.2     0.0  354.18    0.00    0.00     0.0  354.18    0.00    0.00     0.0  354.18    0.00    0.00    6.1     76643.934      5.50   47.24000   39.71000  "Undefined"          0.0    -4.74  0.00000000
06.12.2023 21:17:23.934   9.99600000   9995.99623   0.00 -116.8   21.2  28.0  0.01  356.0     0.0  356.03    0.00    0.00     0.0  356.03    0.00    0.00     0.0  356.03    0.00    0.00    6.4     76643.934      5.50   47.24000   39.71000  "Undefined"          0.0    -3.77  0.00000000
06.12.2023 21:17:23.934   9.99600000   9995.99720   0.00 -116.4   21.6  28.0  0.01  355.6     0.0  355.64    0.00    0.00     0.0  355.64    0.00    0.00     0.0  355.64    0.00    0.00    6.0     76643.934      5.50   47.24000   39.71000  "Undefined"          0.0    -2.80  0.00000000
06.12.2023 21:18:06.374   9.99600000   9995.99428   0.00 -117.1   20.9  28.0  1.23  356.8     0.0  356.81    0.00    0.00     0.0  356.81    0.00    0.00     0.0  356.81    0.00    0.00    5.0     76686.374      5.50   47.24000   39.71000  "Undefined"          0.0    -5.72  0.00000000
06.12.2023 21:18:06.374   9.99600000   9995.99623   0.00 -117.0   21.0  28.0  0.00  355.4     0.0  355.42    0.00    0.00     0.0  355.42    0.00    0.00     0.0  355.42    0.00    0.00    5.7     76686.374      5.50   47.24000   39.71000  "Undefined"          0.0    -3.77  0.00000000
06.12.2023 21:18:06.374   9.99600000   9995.99732   0.00 -116.7   21.3  28.0  0.01  356.2     0.0  356.17    0.00    0.00     0.0  356.17    0.00    0.00     0.0  356.17    0.00    0.00    5.4     76686.374      5.50   47.24000   39.71000  "Undefined"          0.0    -2.68  0.00000000
06.12.2023 21:18:06.374   9.99600000   9995.99526   0.00 -116.7   21.3  28.0  0.01  356.5     0.0  356.52    0.00    0.00     0.0  356.52    0.00    0.00     0.0  356.52    0.00    0.00    5.7     76686.374      5.50   47.24000   39.71000  "Undefined"          0.0    -4.74  0.00000000
06.12.2023 21:18:06.374   9.99600000   9995.99830   0.00 -116.4   21.6  28.0  0.00  356.7     0.0  356.72    0.00    0.00     0.0  356.72    0.00    0.00     0.0  356.72    0.00    0.00    3.6     76686.374      5.50   47.24000   39.71000  "Undefined"          0.0    -1.70  0.00000000
06.12.2023 21:18:06.374   9.99600000   9995.99927   0.00 -116.3   21.7  28.0  0.01  356.8     0.0  356.77    0.00    0.00     0.0  356.77    0.00    0.00     0.0  356.77    0.00    0.00    4.6     76686.374      5.50   47.24000   39.71000  "Undefined"          0.0    -0.73  0.00000000
06.12.2023 21:18:27.582   9.99600000   9995.99331   0.00 -117.3   20.7  28.0  0.00  350.6     0.0  350.58    0.00    0.00     0.0  350.58    0.00    0.00     0.0  350.58    0.00    0.00   13.9     76707.582      5.50   47.24000   39.71000  "Undefined"          0.0    -6.69  0.00000000
06.12.2023 21:18:27.582   9.99600000   9995.99428   0.00 -117.0   21.0  28.0  0.00  350.8     0.0  350.76    0.00    0.00     0.0  350.76    0.00    0.00     0.0  350.76    0.00    0.00   14.5     76707.582      5.50   47.24000   39.71000  "Undefined"          0.0    -5.72  0.00000000
06.12.2023 21:18:27.582   9.99600000   9995.99623   0.00 -116.7   21.3  28.0  0.01  349.8     0.0  349.83    0.00    0.00     0.0  349.83    0.00    0.00     0.0  349.83    0.00    0.00   12.4     76707.582      5.50   47.24000   39.71000  "Undefined"          0.0    -3.77  0.00000000
06.12.2023 21:18:27.582   9.99600000   9995.99927   0.00 -116.2   21.8  28.0  0.00  350.5     0.0  350.51    0.00    0.00     0.0  350.51    0.00    0.00     0.0  350.51    0.00    0.00   14.9     76707.582      5.50   47.24000   39.71000  "Undefined"          0.0    -0.73  0.00000000
06.12.2023 21:18:27.582   9.99600000   9995.99526   0.00 -116.1   21.9  28.0  0.03  350.2     0.0  350.21    0.00    0.00     0.0  350.21    0.00    0.00     0.0  350.21    0.00    0.00   14.3     76707.582      5.50   47.24000   39.71000  "Undefined"          0.0    -4.74  0.00000000
06.12.2023 21:18:27.582   9.99600000   9995.99732   0.00 -115.4   22.6  28.0  0.00  351.2     0.0  351.16    0.00    0.00     0.0  351.16    0.00    0.00     0.0  351.16    0.00    0.00   14.5     76707.582      5.50   47.24000   39.71000  "Undefined"          0.0    -2.68  0.00000000
06.12.2023 21:20:24.190   9.99600000   9996.01727   0.00 -115.5   20.5  28.0  0.01  351.6     0.0  351.63    0.00    0.00     0.0  351.63    0.00    0.00     0.0  351.63    0.00    0.00    5.2     76824.190      5.50   47.24000   39.71000  "Undefined"          0.0    17.27  0.00000000
06.12.2023 21:20:24.190   9.99600000   9995.99720   0.00 -111.5   24.5  28.0  0.01  351.6     0.0  351.63    0.00    0.00     0.0  351.63    0.00    0.00     0.0  351.63    0.00    0.00    5.3     76824.190      5.50   47.24000   39.71000  "Undefined"          0.0    -2.80  0.00000000
06.12.2023 21:20:45.391   9.99600000   9995.98723   0.00 -116.2   21.8  28.0  1.18  347.3     0.0  347.25    0.00    0.00     0.0  347.25    0.00    0.00     0.0  347.25    0.00    0.00    8.6     76845.391      5.50   47.24000   39.71000  "Undefined"          0.0   -12.77  0.00000000
06.12.2023 21:20:45.391   9.99600000   9996.00730   0.00 -116.2   21.8  28.0  0.49  347.5     0.0  347.54    0.00    0.00     0.0  347.54    0.00    0.00     0.0  347.54    0.00    0.00    9.8     76845.391      5.50   47.24000   39.71000  "Undefined"          0.0     7.30  0.00000000
06.12.2023 21:20:45.391   9.99600000   9995.99732   0.00 -115.2   22.8  28.0  1.71  348.1     0.0  348.09    0.00    0.00     0.0  348.09    0.00    0.00     0.0  348.09    0.00    0.00   10.9     76845.391      5.50   47.24000   39.71000  "Undefined"          0.0    -2.68  0.00000000
06.12.2023 21:21:06.592   9.99600000   9996.01727   0.00 -117.5   20.5  28.0  0.01  354.0     0.0  353.98    0.00    0.00     0.0  353.98    0.00    0.00     0.0  353.98    0.00    0.00    3.5     76866.592      5.50   47.24000   39.71000  "Undefined"          0.0    17.27  0.00000000
06.12.2023 21:21:06.592   9.99600000   9995.97726   0.00 -117.0   21.0  28.0  0.01  353.6     0.0  353.57    0.00    0.00     0.0  353.57    0.00    0.00     0.0  353.57    0.00    0.00    4.0     76866.592      5.50   47.24000   39.71000  "Undefined"          0.0   -22.74  0.00000000
06.12.2023 21:21:06.592   9.99600000   9996.00730   0.00 -114.0   24.0  28.0  0.01  353.8     0.0  353.85    0.00    0.00     0.0  353.85    0.00    0.00     0.0  353.85    0.00    0.00    5.8     76866.592      5.50   47.24000   39.71000  "Undefined"          0.0     7.30  0.00000000
06.12.2023 21:21:06.592   9.99600000   9995.98723   0.00 -114.0   24.0  28.0  0.01  353.6     0.0  353.57    0.00    0.00     0.0  353.57    0.00    0.00     0.0  353.57    0.00    0.00    5.1     76866.592      5.50   47.24000   39.71000  "Undefined"          0.0   -12.77  0.00000000
06.12.2023 21:21:06.592   9.99600000   9995.99732   0.00 -113.6   24.4  28.0  0.01  354.5     0.0  354.53    0.00    0.00     0.0  354.53    0.00    0.00     0.0  354.53    0.00    0.00    5.5     76866.592      5.50   47.24000   39.71000  "Undefined"          0.0    -2.68  0.00000000
06.12.2023 21:21:27.789   9.99600000   9996.01727   0.00 -116.7   21.3  28.0  0.00  355.0     0.0  355.04    0.00    0.00     0.0  355.04    0.00    0.00     0.0  355.04    0.00    0.00    6.7     76887.789      5.50   47.24000   39.71000  "Undefined"          0.0    17.27  0.00000000
06.12.2023 21:21:27.789   9.99600000   9995.97726   0.00 -116.2   21.8  28.0  0.01  354.5     0.0  354.47    0.00    0.00     0.0  354.47    0.00    0.00     0.0  354.47    0.00    0.00    4.8     76887.789      5.50   47.24000   39.71000  "Undefined"          0.0   -22.74  0.00000000
06.12.2023 21:21:27.789   9.99600000   9995.98723   0.00 -114.3   23.7  28.0  0.02  353.4     0.0  353.36    0.00    0.00     0.0  353.36    0.00    0.00     0.0  353.36    0.00    0.00    6.4     76887.789      5.50   47.24000   39.71000  "Undefined"          0.0   -12.77  0.00000000
06.12.2023 21:21:27.789   9.99600000   9996.00730   0.00 -113.6   24.4  28.0  0.01  354.2     0.0  354.23    0.00    0.00     0.0  354.23    0.00    0.00     0.0  354.23    0.00    0.00    5.8     76887.789      5.50   47.24000   39.71000  "Undefined"          0.0     7.30  0.00000000
06.12.2023 21:21:48.980   9.99600000   9996.01727   0.00 -115.5   22.5  28.0  0.11  351.4     0.0  351.36    0.00    0.00     0.0  351.36    0.00    0.00     0.0  351.36    0.00    0.00    3.3     76908.980      5.50   47.24000   39.71000  "Undefined"          0.0    17.27  0.00000000
06.12.2023 21:21:48.980   9.99600000   9995.97726   0.00 -115.0   23.0  28.0  0.01  350.4     0.0  350.42    0.00    0.00     0.0  350.42    0.00    0.00     0.0  350.42    0.00    0.00    3.4     76908.980      5.50   47.24000   39.71000  "Undefined"          0.0   -22.74  0.00000000
06.12.2023 21:21:48.980   9.99600000   9996.00730   0.00 -112.4   25.6  28.0  0.02  352.1     0.0  352.06    0.00    0.00     0.0  352.06    0.00    0.00     0.0  352.06    0.00    0.00    3.3     76908.980      5.50   47.24000   39.71000  "Undefined"          0.0     7.30  0.00000000
06.12.2023 21:21:48.980   9.99600000   9995.98723   0.00 -111.9   26.1  28.0  0.01  351.6     0.0  351.63    0.00    0.00     0.0  351.63    0.00    0.00     0.0  351.63    0.00    0.00    3.4     76908.980      5.50   47.24000   39.71000  "Undefined"          0.0   -12.77  0.00000000
06.12.2023 21:21:48.980   9.99600000   9995.99720   0.00 -111.3   26.7  28.0  0.06  351.1     0.0  351.07    0.00    0.00     0.0  351.07    0.00    0.00     0.0  351.07    0.00    0.00    3.8     76908.980      5.50   47.24000   39.71000  "Undefined"          0.0    -2.80  0.00000000
06.12.2023 21:23:34.825   9.99600000   9995.97726   0.00 -115.8   22.2  28.0  0.01  354.3     0.0  354.31    0.00    0.00     0.0  354.31    0.00    0.00     0.0  354.31    0.00    0.00    4.7     77014.825      5.50   47.24000   39.71000  "Undefined"          0.0   -22.74  0.00000000
06.12.2023 21:23:34.825   9.99600000   9996.01727   0.00 -115.5   22.5  28.0  0.01  354.7     0.0  354.68    0.00    0.00     0.0  354.68    0.00    0.00     0.0  354.68    0.00    0.00    4.7     77014.825      5.50   47.24000   39.71000  "Undefined"          0.0    17.27  0.00000000
06.12.2023 21:23:34.825   9.99600000   9995.98723   0.00 -113.1   24.9  28.0  0.01  354.8     0.0  354.76    0.00    0.00     0.0  354.76    0.00    0.00     0.0  354.76    0.00    0.00    4.8     77014.825      5.50   47.24000   39.71000  "Undefined"          0.0   -12.77  0.00000000
06.12.2023 21:23:34.825   9.99600000   9996.00730   0.00 -112.7   25.3  28.0  0.01  355.1     0.0  355.10    0.00    0.00     0.0  355.10    0.00    0.00     0.0  355.10    0.00    0.00    3.9     77014.825      5.50   47.24000   39.71000  "Undefined"          0.0     7.30  0.00000000
06.12.2023 21:23:34.825   9.99600000   9995.99732   0.00 -112.3   25.7  28.0  0.01  355.3     0.0  355.32    0.00    0.00     0.0  355.32    0.00    0.00     0.0  355.32    0.00    0.00    4.9     77014.825      5.50   47.24000   39.71000  "Undefined"          0.0    -2.68  0.00000000
06.12.2023 21:23:56.009   9.99600000   9995.98723   0.00 -115.4   20.6  28.0  0.01  351.0     0.0  351.00    0.00    0.00     0.0  351.00    0.00    0.00     0.0  351.00    0.00    0.00    5.8     77036.009      5.50   47.24000   39.71000  "Undefined"          0.0   -12.77  0.00000000
06.12.2023 21:23:56.009   9.99600000   9995.99732   0.00 -108.6   27.4  28.0  0.00  351.9     0.0  351.85    0.00    0.00     0.0  351.85    0.00    0.00     0.0  351.85    0.00    0.00    6.3     77036.009      5.50   47.24000   39.71000  "Undefined"          0.0    -2.68  0.00000000
06.12.2023 21:24:17.193   9.99600000   9995.98735   0.00 -115.1   20.9  28.0  0.00  353.0     0.0  352.98    0.00    0.00     0.0  352.98    0.00    0.00     0.0  352.98    0.00    0.00    9.0     77057.193      5.50   47.24000   39.71000  "Undefined"          0.0   -12.65  0.00000000
06.12.2023 21:24:17.193   9.99600000   9996.00730   0.00 -114.6   21.4  28.0  0.00  353.9     0.0  353.94    0.00    0.00     0.0  353.94    0.00    0.00     0.0  353.94    0.00    0.00    8.8     77057.193      5.50   47.24000   39.71000  "Undefined"          0.0     7.30  0.00000000
06.12.2023 21:24:38.375   9.99600000   9995.97726   0.00 -116.4   21.6  28.0  0.00  353.7     0.0  353.73    0.00    0.00     0.0  353.73    0.00    0.00     0.0  353.73    0.00    0.00    6.0     77078.375      5.50   47.24000   39.71000  "Undefined"          0.0   -22.74  0.00000000
06.12.2023 21:24:38.375   9.99600000   9996.01727   0.00 -115.5   22.5  28.0  0.00  354.0     0.0  353.98    0.00    0.00     0.0  353.98    0.00    0.00     0.0  353.98    0.00    0.00   10.1     77078.375      5.50   47.24000   39.71000  "Undefined"          0.0    17.27  0.00000000
06.12.2023 21:24:38.375   9.99600000   9995.98735   0.00 -113.3   24.7  28.0  0.00  354.0     0.0  354.03    0.00    0.00     0.0  354.03    0.00    0.00     0.0  354.03    0.00    0.00    6.5     77078.375      5.50   47.24000   39.71000  "Undefined"          0.0   -12.65  0.00000000
06.12.2023 21:24:38.375   9.99600000   9996.00730   0.00 -112.7   25.3  28.0  0.01  354.4     0.0  354.43    0.00    0.00     0.0  354.43    0.00    0.00     0.0  354.43    0.00    0.00    7.2     77078.375      5.50   47.24000   39.71000  "Undefined"          0.0     7.30  0.00000000
06.12.2023 21:24:38.375   9.99600000   9995.99732   0.00 -111.3   26.7  28.0  0.00  354.1     0.0  354.11    0.00    0.00     0.0  354.11    0.00    0.00     0.0  354.11    0.00    0.00    6.0     77078.375      5.50   47.24000   39.71000  "Undefined"          0.0    -2.68  0.00000000
06.12.2023 21:24:59.553   9.99600000   9995.97726   0.00 -113.7   22.3  28.0  0.01  353.0     0.0  353.00    0.00    0.00     0.0  353.00    0.00    0.00     0.0  353.00    0.00    0.00    8.9     77099.553      5.50   47.24000   39.71000  "Undefined"          0.0   -22.74  0.00000000
06.12.2023 21:24:59.553   9.99600000   9996.01727   0.00 -113.1   22.9  28.0  0.01  353.1     0.0  353.10    0.00    0.00     0.0  353.10    0.00    0.00     0.0  353.10    0.00    0.00   10.4     77099.553      5.50   47.24000   39.71000  "Undefined"          0.0    17.27  0.00000000
06.12.2023 21:24:59.553   9.99600000   9996.00730   0.00 -110.0   26.0  28.0  0.01  352.9     0.0  352.94    0.00    0.00     0.0  352.94    0.00    0.00     0.0  352.94    0.00    0.00    8.4     77099.553      5.50   47.24000   39.71000  "Undefined"          0.0     7.30  0.00000000
06.12.2023 21:24:59.553   9.99600000   9995.99732   0.00 -109.3   26.7  28.0  0.00  352.8     0.0  352.82    0.00    0.00     0.0  352.82    0.00    0.00     0.0  352.82    0.00    0.00    8.0     77099.553      5.50   47.24000   39.71000  "Undefined"          0.0    -2.68  0.00000000
06.12.2023 21:25:20.750   9.99600000   9995.97726   0.00 -114.8   23.2  28.0  0.01  354.1     0.0  354.08    0.00    0.00     0.0  354.08    0.00    0.00     0.0  354.08    0.00    0.00    7.9     77120.750      5.50   47.24000   39.71000  "Undefined"          0.0   -22.74  0.00000000
06.12.2023 21:25:20.750   9.99600000   9996.01727   0.00 -114.0   24.0  28.0  0.00  354.1     0.0  354.09    0.00    0.00     0.0  354.09    0.00    0.00     0.0  354.09    0.00    0.00    6.2     77120.750      5.50   47.24000   39.71000  "Undefined"          0.0    17.27  0.00000000
06.12.2023 21:25:20.750   9.99600000   9995.98723   0.00 -112.1   25.9  28.0  0.01  353.9     0.0  353.95    0.00    0.00     0.0  353.95    0.00    0.00     0.0  353.95    0.00    0.00    6.9     77120.750      5.50   47.24000   39.71000  "Undefined"          0.0   -12.77  0.00000000
06.12.2023 21:25:20.750   9.99600000   9996.00730   0.00 -110.9   27.1  28.0  0.00  354.3     0.0  354.26    0.00    0.00     0.0  354.26    0.00    0.00     0.0  354.26    0.00    0.00    5.9     77120.750      5.50   47.24000   39.71000  "Undefined"          0.0     7.30  0.00000000
06.12.2023 21:30:27.707   9.99600000   9995.99732   0.00 -106.4   29.6  28.0  0.00  355.3     0.0  355.32    0.00    0.00     0.0  355.32    0.00    0.00     0.0  355.32    0.00    0.00    7.4     77427.707      5.50   47.24000   39.71000  "Undefined"          0.0    -2.68  0.00000000
06.12.2023 21:31:10.075   9.99600000   9995.99732   0.00 -110.0   26.0  28.0  0.01  354.3     0.0  354.32    0.00    0.00     0.0  354.32    0.00    0.00     0.0  354.32    0.00    0.00    7.9     77470.075      5.50   47.24000   39.71000  "Undefined"          0.0    -2.68  0.00000000
06.12.2023 21:31:31.250   9.99600000   9995.99745   0.00 -111.7   26.3  28.0  0.00  355.5     0.0  355.48    0.00    0.00     0.0  355.48    0.00    0.00     0.0  355.48    0.00    0.00    5.7     77491.250      5.50   47.24000   39.71000  "Undefined"          0.0    -2.55  0.00000000
06.12.2023 21:31:52.417   9.99600000   9995.99732   0.00 -115.5   20.5  28.0  0.00  354.5     0.0  354.48    0.00    0.00     0.0  354.48    0.00    0.00     0.0  354.48    0.00    0.00   10.7     77512.417      5.50   47.24000   39.71000  "Undefined"          0.0    -2.68  0.00000000
06.12.2023 21:32:13.591   9.99600000   9995.99732   0.00 -113.2   22.8  28.0  1.30    0.0     0.0    0.02    0.00    0.00     0.0    0.02    0.00    0.00     0.0    0.02    0.00    0.00    5.1     77533.591      5.50   47.24000   39.71000  "Undefined"          0.0    -2.68  0.00000000
06.12.2023 21:32:55.947   9.99600000   9995.99732   0.00 -111.5   24.5  28.0  4.76    2.0     0.0    2.01    0.00    0.00     0.0    2.01    0.00    0.00     0.0    2.01    0.00    0.00    3.2     77575.947      5.50   47.24000   39.71000  "Undefined"          0.0    -2.68  0.00000000
06.12.2023 21:33:38.322   9.99600000   9995.99732   0.00 -111.3   26.7  28.0  0.01  357.6     0.0  357.64    0.00    0.00     0.0  357.64    0.00    0.00     0.0  357.64    0.00    0.00    7.6     77618.322      5.50   47.24000   39.71000  "Undefined"          0.0    -2.68  0.00000000
06.12.2023 21:34:41.845   9.99600000   9995.99732   0.00 -111.2   26.8  28.0  0.00  353.3     0.0  353.28    0.00    0.00     0.0  353.28    0.00    0.00     0.0  353.28    0.00    0.00    9.4     77681.845      5.50   47.24000   39.71000  "Undefined"          0.0    -2.68  0.00000000
06.12.2023 21:35:03.019   9.99600000   9995.99732   0.00 -112.1   25.9  28.0  0.01  355.8     0.0  355.84    0.00    0.00     0.0  355.84    0.00    0.00     0.0  355.84    0.00    0.00    7.9     77703.019      5.50   47.24000   39.71000  "Undefined"          0.0    -2.68  0.00000000
06.12.2023 21:35:24.190   9.99600000   9995.99732   0.00 -115.1   22.9  28.0  0.04  349.0     0.0  349.04    0.00    0.00     0.0  349.04    0.00    0.00     0.0  349.04    0.00    0.00   23.8     77724.190      5.50   47.24000   39.71000  "Undefined"          0.0    -2.68  0.00000000
06.12.2023 21:35:45.365   9.99600000   9995.99732   0.00 -111.3   26.7  28.0  0.06  354.5     0.0  354.55    0.00    0.00     0.0  354.55    0.00    0.00     0.0  354.55    0.00    0.00   12.5     77745.365      5.50   47.24000   39.71000  "Undefined"          0.0    -2.68  0.00000000
06.12.2023 21:36:06.553   9.99600000   9995.99732   0.00 -108.2   27.8  28.0  0.00  357.6     0.0  357.65    0.00    0.00     0.0  357.65    0.00    0.00     0.0  357.65    0.00    0.00    4.5     77766.553      5.50   47.24000   39.71000  "Undefined"          0.0    -2.68  0.00000000
06.12.2023 21:36:27.737   9.99600000   9995.99732   0.00 -112.8   23.2  28.0  1.97  351.3     0.0  351.28    0.00    0.00     0.0  351.28    0.00    0.00     0.0  351.28    0.00    0.00   14.2     77787.737      5.50   47.24000   39.71000  "Undefined"          0.0    -2.68  0.00000000
06.12.2023 21:37:31.252   9.99600000   9995.99732   0.00 -111.1   26.9  28.0  0.00  352.3     0.0  352.28    0.00    0.00     0.0  352.28    0.00    0.00     0.0  352.28    0.00    0.00   18.4     77851.252      5.50   47.24000   39.71000  "Undefined"          0.0    -2.68  0.00000000
06.12.2023 21:39:38.223   9.99600000   9995.99732   0.00 -117.2   20.8  28.0  0.00  356.0     0.0  356.00    0.00    0.00     0.0  356.00    0.00    0.00     0.0  356.00    0.00    0.00    5.3     77978.223      5.50   47.24000   39.71000  "Undefined"          0.0    -2.68  0.00000000
06.12.2023 21:52:40.533   9.99600000   9995.98735   0.00 -118.0   20.0  28.0  0.01  354.8     0.0  354.78    0.00    0.00     0.0  354.78    0.00    0.00     0.0  354.78    0.00    0.00    3.8     78760.533      5.50   47.24000   39.71000  "Undefined"          0.0   -12.65  0.00000000
06.12.2023 21:52:40.533   9.99600000   9996.00730   0.00 -117.3   20.7  28.0  0.00  355.1     0.0  355.12    0.00    0.00     0.0  355.12    0.00    0.00     0.0  355.12    0.00    0.00    4.8     78760.533      5.50   47.24000   39.71000  "Undefined"          0.0     7.30  0.00000000
06.12.2023 21:52:40.533   9.99600000   9995.99732   0.00 -116.5   21.5  28.0  0.02  355.4     0.0  355.39    0.00    0.00     0.0  355.39    0.00    0.00     0.0  355.39    0.00    0.00    4.2     78760.533      5.50   47.24000   39.71000  "Undefined"          0.0    -2.68  0.00000000
