
delt0=     0.1  eps=   1e-05  ep=   1e-06  ep1=   0.001
Geomagnetic Field - const
fh= 1.34  i=  65.2  d=   6.8
Number TID: 1
Tid Parametres
  delt   lamb     t     b      a     fi
0.000   200.0  20.0 -45.0   45.0   0.000
delta=-0.000  r0= 200.0  lon=  39.000 lat=  55.000
Beta=  20.0  Alfa=   0.0 aX=  20.0 aY= 100.0 aZ=  20.0

lonIon=  40.000 latIon=  47.500 it= 8.00 h_tec=450.0  TEC= 1.04000e+17
lonIon=  40.000 latIon=  47.500 it= 8.25 h_tec=450.0  TEC= 1.04000e+17
lonIon=  40.000 latIon=  47.500 it= 8.50 h_tec=450.0  TEC= 1.04000e+17
lonIon=  40.000 latIon=  47.500 it= 8.75 h_tec=450.0  TEC= 1.04000e+17

Number diff. equation: 6

+==============================================================================+
|   Medium characteristics Sunspot number=   3.1 IG= -13.1   GMT time:08:00    |
|------------------------------------------------------------------------------|
|   S   | fh |  I  |   D  | fd |  hd | fe |  he | ff1 | hf1 | ff2 | hf2 |   Hi |
|-------+----+-----+------+----+-----+----+-----+-----+-----+-----+-----+------|
|    0.0|1.25| 58.8|   3.1|0.20| 81.0|2.45|110.0| 4.15|178.0| 5.02|232.5|  43.8|
+==============================================================================+

+==================================+
|       Es-layer parametres        |
|----------------------------------|
|   S   | hEs | fbEs | f0Es | P Es |
|-------+-----+------+------+------|
|    0.0|113.5| 3.62 | 3.75 | 68.1 |
+==================================+

|  0| 8.05|28794.0|  1|22.80|22.62|  33.541|  49.255|  882.231|-143.2|   0.1|  981.4| 0.000|   0.0|  36.419|  46.038|139.46|   0.0|    0.0|    0.0|F1              |
|  0| 8.05|28794.0|  1|26.40|26.54|  32.394|  50.359| 1038.135|-142.2|   0.4| 1197.4| 0.000|   0.0|  35.668|  46.713|165.11|   0.0|    0.0|    0.0|F1              |
|  0| 8.05|28794.0|  1|14.40|14.49|  33.593|  49.400|  893.537|-144.0|   0.0|  940.0| 0.000|   0.0|  36.494|  46.058|107.88|   0.0|    0.0|    0.0|E               |
|  0| 8.05|28804.6|  1|12.60|12.66|  33.571|  49.432|  897.523|-144.0|   0.0|  935.5| 0.000|   0.0|  36.510|  46.041|101.15|   0.0|    0.0|    0.0|E               |
|  0| 8.05|28804.6|  1|28.80|29.08|  32.691|  49.976|  988.593|-142.1|   0.5| 1168.7| 0.000|   0.0|  36.014|  46.348|184.31|   0.0|    0.0|    0.0|F2              |
|  0| 8.05|28815.2|  1|28.20|28.47|  32.637|  50.251| 1016.897|-142.8|   0.5| 1195.1| 0.000|   0.0|  35.950|  46.516|181.67|   0.0|    0.0|    0.0|F2              |
|  0| 8.05|28815.2|  1|10.80|10.84|  33.318|  49.776|  941.430|-144.1|   0.0|  973.7| 0.000|   0.0|  36.366|  46.212| 98.41|   0.0|    0.0|    0.0|E               |
|  0| 8.05|28826.5|  1|13.80|13.98|  32.850|  50.328| 1014.518|-144.0|   0.0| 1065.8| 0.000|   0.0|  36.017|  46.578|107.55|   0.0|    0.0|    0.0|E               |
|  0| 8.05|28826.5|  1|27.60|27.85|  32.222|  50.759| 1083.653|-142.8|   0.5| 1266.9| 0.000|   0.0|  35.707|  46.775|179.06|   0.0|    0.0|    0.0|F1              |
|  0| 8.05|28838.2|  1|13.20|13.27|  33.575|  49.425|  896.775|-144.0|   0.0|  937.5| 0.000|   0.0|  36.459|  46.096|102.53|   0.0|    0.0|    0.0|E               |
|  0| 8.05|28838.2|  1|28.20|28.47|  32.637|  50.252| 1016.941|-142.8|   0.5| 1195.2| 0.000|   0.0|  35.957|  46.508|181.65|   0.0|    0.0|    0.0|F2              |
|  0| 8.05|28848.8|  1|25.80|25.87|  32.811|  50.081|  992.953|-143.0|   0.3| 1137.5| 0.000|   0.0|  36.015|  46.455|159.95|   0.0|    0.0|    0.0|F1              |
+---+-----+-------+---+-----+-----+--------+--------+---------+------+------+-------+------+------+--------+--------+------+------+-------+-------+----------------+
+---+-----+-------+---+-----+-----+--------+--------+---------+------+------+-------+------+------+--------+--------+------+------+-------+-------+----------------+
|0-x| fr  |  time |hop| d0  | d1  |   fi   |  teta  |   dist  |  at  |  dev |   p   |  df  |  l   |   fot  |   tot  |  rot | lsp  |   pf  |    s  |                |
+---+-----+-------+---+-----+-----+--------+--------+---------+------+------+-------+------+------+--------+--------+------+------+-------+-------+----------------+
|  0| 8.05|28848.8|  1|28.20|28.46|  32.507|  50.199| 1017.981|-142.1|   0.5| 1196.3| 0.000|   0.0|  35.892|  46.476|181.68|   0.0|    0.0|    0.0|F2              |
|  0| 8.05|28848.8|  1|10.20|10.24|  33.248|  50.040|  969.566|-144.7|   0.0| 1000.6| 0.000|   0.0|  36.302|  46.366| 97.76|   0.0|    0.0|    0.0|E               |
|  0| 8.05|28848.8|  1|13.20|13.27|  33.576|  49.425|  896.695|-144.0|   0.0|  937.4| 0.000|   0.0|  36.459|  46.096|102.52|   0.0|    0.0|    0.0|E               |
|  0| 8.05|28859.4|  1|13.80|13.98|  32.835|  50.346| 1016.896|-144.0|   0.0| 1068.3| 0.000|   0.0|  36.017|  46.578|107.57|   0.0|    0.0|    0.0|E               |
|  0| 8.05|28859.4|  1|28.80|29.09|  32.820|  50.025|  987.246|-142.8|   0.5| 1167.1| 0.000|   0.0|  36.077|  46.380|184.19|   0.0|    0.0|    0.0|F2              |
|  0| 8.05|28871.0|  1|14.40|14.49|  33.588|  49.406|  894.344|-144.0|   0.0|  940.9| 0.000|   0.0|  36.494|  46.058|107.88|   0.0|    0.0|    0.0|E               |
|  0| 8.05|28871.0|  1|29.40|29.71|  32.790|  49.855|  972.719|-142.1|   0.5| 1157.2| 0.000|   0.0|  36.095|  46.265|187.00|   0.0|    0.0|    0.0|F2              |
|  0| 8.05|28881.6|  1|12.60|12.66|  33.576|  49.426|  896.776|-144.0|   0.0|  934.7| 0.000|   0.0|  36.478|  46.077|101.09|   0.0|    0.0|    0.0|E               |
|  0| 8.05|28881.6|  1|28.80|29.10|  32.822|  50.024|  987.066|-142.8|   0.5| 1166.9| 0.000|   0.0|  36.077|  46.380|184.16|   0.0|    0.0|    0.0|F2              |
|  0| 8.05|28892.2|  1|11.40|11.44|  33.448|  49.587|  917.709|-144.0|   0.0|  951.4| 0.000|   0.0|  36.403|  46.159| 99.06|   0.0|    0.0|    0.0|E               |
|  0| 8.05|28902.7|  1|30.00|30.38|  32.972|  49.827|  961.710|-142.8|   0.5| 1151.8| 0.000|   0.0|  35.966|  46.491|188.66|   0.0|    0.0|    0.0|F2              |
|  0| 8.05|28902.7|  1|11.40|11.44|  33.561|  49.638|  917.564|-144.7|   0.0|  951.2| 0.000|   0.0|  36.462|  46.187| 99.05|   0.0|    0.0|    0.0|E               |
|  0| 8.05|28925.0|  1|10.80|10.84|  33.420|  49.819|  940.961|-144.7|   0.0|  973.2| 0.000|   0.0|  36.417|  46.237| 98.39|   0.0|    0.0|    0.0|E               |
|  0| 8.05|28925.0|  1|29.40|29.73|  32.919|  49.901|  971.141|-142.8|   0.5| 1155.4| 0.000|   0.0|  36.083|  46.371|186.73|   0.0|    0.0|    0.0|F2              |
|  0| 8.05|28935.6|  1|28.80|29.10|  32.826|  50.021|  986.642|-142.8|   0.5| 1166.4| 0.000|   0.0|  36.074|  46.384|184.07|   0.0|    0.0|    0.0|F2              |
|  0| 8.05|28935.6|  1|11.40|11.44|  33.449|  49.585|  917.510|-144.0|   0.0|  951.2| 0.000|   0.0|  36.403|  46.159| 99.05|   0.0|    0.0|    0.0|E               |
|  0| 8.05|28946.2|  1|12.00|12.05|  33.551|  49.459|  901.002|-144.0|   0.0|  936.4| 0.000|   0.0|  36.475|  46.080| 99.94|   0.0|    0.0|    0.0|E               |
|  0| 8.05|28946.2|  1|28.20|28.48|  32.637|  50.254| 1017.167|-142.8|   0.5| 1195.4| 0.000|   0.0|  35.987|  46.477|181.55|   0.0|    0.0|    0.0|F2              |
|  0| 8.05|28957.8|  1|27.60|27.85|  32.209|  50.780| 1086.222|-142.8|   0.5| 1269.9| 0.000|   0.0|  35.744|  46.736|178.94|   0.0|    0.0|    0.0|F1              |
|  0| 8.05|28957.8|  1|12.60|12.66|  33.581|  49.420|  896.046|-144.0|   0.0|  933.9| 0.000|   0.0|  36.478|  46.077|101.06|   0.0|    0.0|    0.0|E               |
+---+-----+-------+---+-----+-----+--------+--------+---------+------+------+-------+------+------+--------+--------+------+------+-------+-------+----------------+
+---+-----+-------+---+-----+-----+--------+--------+---------+------+------+-------+------+------+--------+--------+------+------+-------+-------+----------------+
|0-x| fr  |  time |hop| d0  | d1  |   fi   |  teta  |   dist  |  at  |  dev |   p   |  df  |  l   |   fot  |   tot  |  rot | lsp  |   pf  |    s  |                |
+---+-----+-------+---+-----+-----+--------+--------+---------+------+------+-------+------+------+--------+--------+------+------+-------+-------+----------------+
|  0| 8.05|28968.4|  1|27.00|27.22|  31.950|  51.074| 1125.735|-142.7|   0.5| 1308.5| 0.000|   0.0|  35.572|  46.906|171.90|   0.0|    0.0|    0.0|F1              |
|  0| 8.05|28968.4|  1|12.00|12.05|  33.551|  49.457|  900.864|-144.0|   0.0|  936.3| 0.000|   0.0|  36.475|  46.080| 99.94|   0.0|    0.0|    0.0|E               |
|  0| 8.05|28978.9|  1|27.00|27.22|  31.958|  51.064| 1124.405|-142.7|   0.5| 1306.9| 0.000|   0.0|  35.572|  46.906|171.86|   0.0|    0.0|    0.0|F1              |
|  0| 8.05|28978.9|  1|28.20|28.46|  32.507|  50.203| 1018.308|-142.1|   0.5| 1196.7| 0.000|   0.0|  35.881|  46.487|181.48|   0.0|    0.0|    0.0|F2              |
|  0| 8.05|28978.9|  1|12.00|12.05|  33.552|  49.457|  900.794|-144.0|   0.0|  936.2| 0.000|   0.0|  36.475|  46.080| 99.93|   0.0|    0.0|    0.0|E               |
|  0| 8.05|29023.4|  1|12.00|12.05|  33.554|  49.455|  900.496|-144.0|   0.0|  935.9| 0.000|   0.0|  36.475|  46.080| 99.92|   0.0|    0.0|    0.0|E               |
|  0| 8.05|29023.4|  1|28.20|28.48|  32.637|  50.257| 1017.361|-142.8|   0.5| 1195.7| 0.000|   0.0|  35.976|  46.489|181.43|   0.0|    0.0|    0.0|F2              |
|  0| 8.05|29065.7|  1|11.40|11.44|  33.452|  49.581|  916.923|-144.0|   0.0|  950.5| 0.000|   0.0|  36.403|  46.159| 99.02|   0.0|    0.0|    0.0|E               |
|  0| 8.05|29065.7|  1|28.20|28.48|  32.637|  50.258| 1017.446|-142.8|   0.5| 1195.8| 0.000|   0.0|  35.976|  46.489|181.37|   0.0|    0.0|    0.0|F2              |
|  0| 8.05|29076.3|  1|13.20|13.27|  33.587|  49.412|  894.960|-144.0|   0.0|  935.6| 0.000|   0.0|  36.459|  46.096|102.42|   0.0|    0.0|    0.0|E               |
|  0| 8.05|29076.3|  1|28.20|28.48|  32.638|  50.258| 1017.469|-142.8|   0.5| 1195.8| 0.000|   0.0|  35.976|  46.489|181.36|   0.0|    0.0|    0.0|F2              |
|  0| 8.05|29086.9|  1|11.40|11.44|  33.453|  49.580|  916.828|-144.0|   0.0|  950.4| 0.000|   0.0|  36.403|  46.159| 99.01|   0.0|    0.0|    0.0|E               |
|  0| 8.05|29086.9|  1|27.00|27.22|  32.048|  50.991| 1113.430|-142.9|   0.4| 1293.9| 0.000|   0.0|  35.642|  46.848|171.46|   0.0|    0.0|    0.0|F1              |
|  0| 8.05|29097.4|  1|18.00|18.13|  34.871|  47.855|  691.393|-143.9|   0.1|  740.5| 0.000|   0.0|  37.198|  45.307|109.72|   0.0|    0.0|    0.0|E               |
|  0| 8.05|29097.4|  1|26.40|26.54|  32.719|  50.399| 1027.150|-143.6|   0.4| 1184.5| 0.000|   0.0|  35.807|  46.781|164.06|   0.0|    0.0|    0.0|F1              |
|  0| 8.05|29108.0|  1|28.20|28.48|  32.638|  50.259| 1017.537|-142.8|   0.5| 1195.9| 0.000|   0.0|  35.976|  46.489|181.32|   0.0|    0.0|    0.0|F2              |
|  0| 8.05|29108.0|  1|12.60|12.66|  33.590|  49.409|  894.632|-144.0|   0.0|  932.4| 0.000|   0.0|  36.478|  46.077|101.00|   0.0|    0.0|    0.0|E               |
|  0| 8.05|29118.6|  1|30.00|30.39|  32.996|  49.804|  958.448|-142.8|   0.5| 1147.9| 0.000|   0.0|  36.195|  46.254|189.50|   0.0|    0.0|    0.0|F2              |
|  0| 8.05|29129.3|  1|28.20|28.48|  32.638|  50.259| 1017.573|-142.9|   0.4| 1195.9| 0.000|   0.0|  35.976|  46.489|181.29|   0.0|    0.0|    0.0|F2              |
|  0| 8.05|29129.3|  1|12.00|12.05|  33.558|  49.450|  899.821|-144.0|   0.0|  935.2| 0.000|   0.0|  36.475|  46.080| 99.89|   0.0|    0.0|    0.0|E               |
+---+-----+-------+---+-----+-----+--------+--------+---------+------+------+-------+------+------+--------+--------+------+------+-------+-------+----------------+
+---+-----+-------+---+-----+-----+--------+--------+---------+------+------+-------+------+------+--------+--------+------+------+-------+-------+----------------+
|0-x| fr  |  time |hop| d0  | d1  |   fi   |  teta  |   dist  |  at  |  dev |   p   |  df  |  l   |   fot  |   tot  |  rot | lsp  |   pf  |    s  |                |
+---+-----+-------+---+-----+-----+--------+--------+---------+------+------+-------+------+------+--------+--------+------+------+-------+-------+----------------+
|  0| 8.05|29129.3|  1|28.80|29.11|  32.838|  50.012|  985.229|-142.8|   0.5| 1164.8| 0.000|   0.0|  36.016|  46.445|183.58|   0.0|    0.0|    0.0|F2              |
|  0| 8.05|29129.3|  1|12.00|12.05|  33.558|  49.450|  899.821|-144.0|   0.0|  935.2| 0.000|   0.0|  36.475|  46.080| 99.89|   0.0|    0.0|    0.0|E               |
|  0| 8.05|29152.6|  1| 5.40| 5.43|  31.083|  52.967| 1345.557|-144.7|   0.0| 1370.3| 0.000|   0.0|  35.063|  47.797| 94.40|   0.0|    0.0|    0.0|E               |
|  0| 8.05|29152.6|  1|28.20|28.48|  32.638|  50.260| 1017.616|-142.9|   0.4| 1196.0| 0.000|   0.0|  35.976|  46.489|181.26|   0.0|    0.0|    0.0|F2              |
|  0| 8.05|29163.2|  1|15.00|15.06|  33.928|  48.990|  839.972|-143.9|   0.1|  885.8| 0.000|   0.0|  36.710|  45.826|108.22|   0.0|    0.0|    0.0|E               |
|  0| 8.05|29163.2|  1|25.80|25.84|  32.870|  50.020|  984.582|-143.0|   0.3| 1127.6| 0.000|   0.0|  35.960|  46.515|158.92|   0.0|    0.0|    0.0|F1              |
|  0| 8.05|29173.8|  1|11.40|11.44|  33.455|  49.577|  916.447|-144.0|   0.0|  950.0| 0.000|   0.0|  36.403|  46.159| 98.99|   0.0|    0.0|    0.0|E               |
|  0| 8.05|29173.8|  1|27.00|27.24|  32.225|  51.005| 1106.761|-143.6|   0.4| 1286.1| 0.000|   0.0|  35.655|  46.946|171.08|   0.0|    0.0|    0.0|F1              |
|  0| 8.05|29185.4|  1|28.20|28.50|  32.769|  50.311| 1016.586|-143.6|   0.4| 1194.8| 0.000|   0.0|  36.042|  46.521|181.17|   0.0|    0.0|    0.0|F2              |
|  0| 8.05|29185.4|  1|10.80|10.84|  33.310|  49.759|  940.131|-144.0|   0.0|  972.3| 0.000|   0.0|  36.357|  46.208| 98.34|   0.0|    0.0|    0.0|E               |
|  0| 8.05|29231.0|  1|10.80|10.84|  33.311|  49.758|  939.975|-144.0|   0.0|  972.2| 0.000|   0.0|  36.357|  46.208| 98.34|   0.0|    0.0|    0.0|E               |
|  0| 8.05|29231.0|  1|28.20|28.50|  32.769|  50.312| 1016.660|-143.6|   0.4| 1194.9| 0.000|   0.0|  36.042|  46.521|181.11|   0.0|    0.0|    0.0|F2              |
|  0| 8.05|29242.7|  1|11.40|11.44|  33.457|  49.575|  916.140|-144.0|   0.0|  949.7| 0.000|   0.0|  36.403|  46.159| 98.97|   0.0|    0.0|    0.0|E               |
|  0| 8.05|29242.7|  1|28.20|28.49|  32.638|  50.262| 1017.779|-142.9|   0.4| 1196.2| 0.000|   0.0|  35.977|  46.489|181.13|   0.0|    0.0|    0.0|F2              |
|  0| 8.05|29265.0|  1|10.20|10.24|  33.256|  50.030|  968.314|-144.7|   0.0|  999.3| 0.000|   0.0|  36.302|  46.366| 97.69|   0.0|    0.0|    0.0|E               |
|  0| 8.05|29265.0|  1|28.20|28.49|  32.639|  50.262| 1017.814|-142.9|   0.4| 1196.2| 0.000|   0.0|  35.977|  46.489|181.10|   0.0|    0.0|    0.0|F2              |
|  0| 8.05|29277.0|  1|12.60|12.66|  33.599|  49.398|  893.099|-144.0|   0.0|  930.8| 0.000|   0.0|  36.478|  46.077|100.93|   0.0|    0.0|    0.0|E               |
|  0| 8.05|29277.0|  1|27.60|27.86|  32.163|  50.847| 1094.550|-142.9|   0.4| 1279.8| 0.000|   0.0|  35.683|  46.803|178.45|   0.0|    0.0|    0.0|F1              |
|  0| 8.05|29290.1|  1|13.20|13.28|  33.597|  49.399|  893.272|-144.0|   0.0|  933.8| 0.000|   0.0|  36.525|  46.025|102.40|   0.0|    0.0|    0.0|E               |
|  0| 8.05|29290.1|  1|24.60|24.48|  33.304|  49.715|  936.200|-143.8|   0.2| 1058.8| 0.000|   0.0|  36.309|  46.243|149.92|   0.0|    0.0|    0.0|F1              |
+---+-----+-------+---+-----+-----+--------+--------+---------+------+------+-------+------+------+--------+--------+------+------+-------+-------+----------------+
+---+-----+-------+---+-----+-----+--------+--------+---------+------+------+-------+------+------+--------+--------+------+------+-------+-------+----------------+
|0-x| fr  |  time |hop| d0  | d1  |   fi   |  teta  |   dist  |  at  |  dev |   p   |  df  |  l   |   fot  |   tot  |  rot | lsp  |   pf  |    s  |                |
+---+-----+-------+---+-----+-----+--------+--------+---------+------+------+-------+------+------+--------+--------+------+------+-------+-------+----------------+
|  0| 8.05|29301.8|  1|27.00|27.23|  32.268|  50.957| 1100.291|-143.6|   0.4| 1278.4| 0.000|   0.0|  35.713|  46.883|170.72|   0.0|    0.0|    0.0|F1              |
|  0| 8.05|29301.8|  1|12.60|12.66|  33.616|  49.404|  892.936|-144.1|   0.0|  930.6| 0.000|   0.0|  36.486|  46.081|100.92|   0.0|    0.0|    0.0|E               |
|  0| 8.05|29313.1|  1|25.80|25.83|  32.897|  49.992|  980.665|-143.0|   0.3| 1123.0| 0.000|   0.0|  36.141|  46.324|158.90|   0.0|    0.0|    0.0|F1              |
|  0| 8.05|29313.1|  1|15.00|15.07|  33.923|  48.996|  840.793|-143.9|   0.1|  886.6| 0.000|   0.0|  36.702|  45.834|108.20|   0.0|    0.0|    0.0|E               |
|  0| 8.05|29313.1|  1|10.80|10.84|  33.428|  49.808|  939.630|-144.7|   0.0|  971.8| 0.000|   0.0|  36.417|  46.237| 98.32|   0.0|    0.0|    0.0|E               |
|  0| 8.05|29324.1|  1|27.60|27.88|  32.297|  50.910| 1094.484|-143.6|   0.4| 1279.8| 0.000|   0.0|  35.754|  46.837|178.35|   0.0|    0.0|    0.0|F1              |
|  0| 8.05|29324.1|  1| 9.00| 9.04|  32.846|  50.563| 1037.150|-144.7|   0.0| 1066.0| 0.000|   0.0|  36.052|  46.649| 96.57|   0.0|    0.0|    0.0|E               |
|  0| 8.05|29335.1|  1|27.00|27.22|  32.141|  50.888| 1099.486|-142.9|   0.4| 1277.4| 0.000|   0.0|  35.643|  46.849|170.61|   0.0|    0.0|    0.0|F1              |
|  0| 8.05|29335.1|  1|13.20|13.28|  33.599|  49.396|  892.924|-144.0|   0.0|  933.4| 0.000|   0.0|  36.525|  46.025|102.38|   0.0|    0.0|    0.0|E               |
|  0| 8.05|29345.7|  1|22.80|22.64|  33.645|  49.139|  866.712|-143.2|   0.1|  963.9| 0.000|   0.0|  36.537|  45.916|138.77|   0.0|    0.0|    0.0|F1              |
|  0| 8.05|29345.7|  1|14.40|14.50|  33.555|  49.448|  899.792|-144.0|   0.0|  946.7| 0.000|   0.0|  36.493|  46.058|107.90|   0.0|    0.0|    0.0|E               |
|  0| 8.05|29369.0|  1|12.00|12.05|  33.568|  49.438|  898.300|-144.0|   0.0|  933.6| 0.000|   0.0|  36.475|  46.080| 99.82|   0.0|    0.0|    0.0|E               |
|  0| 8.05|29369.0|  1|26.40|26.51|  32.653|  50.277| 1018.559|-143.0|   0.3| 1174.2| 0.000|   0.0|  35.963|  46.511|163.85|   0.0|    0.0|    0.0|F1              |
|  0| 8.05|29391.2|  1|24.60|24.48|  33.438|  49.747|  933.336|-144.5|   0.2| 1055.5| 0.000|   0.0|  36.223|  46.436|149.08|   0.0|    0.0|    0.0|F1              |
|  0| 8.05|29391.2|  1|10.20|10.24|  33.139|  49.973|  968.033|-144.0|   0.0|  999.0| 0.000|   0.0|  36.240|  46.336| 97.67|   0.0|    0.0|    0.0|E               |
|  0| 8.05|29413.8|  1|10.20|10.24|  33.139|  49.973|  967.960|-144.0|   0.0|  998.9| 0.000|   0.0|  36.240|  46.336| 97.66|   0.0|    0.0|    0.0|E               |
|  0| 8.05|29413.8|  1|29.40|29.77|  33.085|  49.914|  964.811|-143.5|   0.5| 1147.9| 0.000|   0.0|  36.220|  46.326|186.07|   0.0|    0.0|    0.0|F2              |
|  0| 8.05|29440.0|  1| 9.00| 9.04|  32.739|  50.511| 1036.896|-144.1|   0.0| 1065.8| 0.000|   0.0|  35.995|  46.622| 96.55|   0.0|    0.0|    0.0|E               |
|  0| 8.05|29440.0|  1|27.00|27.23|  32.302|  50.919| 1095.176|-143.6|   0.4| 1272.3| 0.000|   0.0|  35.714|  46.883|170.25|   0.0|    0.0|    0.0|F1              |
|  0| 8.05|29472.5|  1|10.20|10.24|  33.140|  49.971|  967.769|-144.0|   0.0|  998.7| 0.000|   0.0|  36.240|  46.336| 97.65|   0.0|    0.0|    0.0|E               |
+---+-----+-------+---+-----+-----+--------+--------+---------+------+------+-------+------+------+--------+--------+------+------+-------+-------+----------------+
+---+-----+-------+---+-----+-----+--------+--------+---------+------+------+-------+------+------+--------+--------+------+------+-------+-------+----------------+
|0-x| fr  |  time |hop| d0  | d1  |   fi   |  teta  |   dist  |  at  |  dev |   p   |  df  |  l   |   fot  |   tot  |  rot | lsp  |   pf  |    s  |                |
+---+-----+-------+---+-----+-----+--------+--------+---------+------+------+-------+------+------+--------+--------+------+------+-------+-------+----------------+
|  0| 8.05|29485.2|  1|27.00|27.23|  32.312|  50.909| 1093.722|-143.6|   0.4| 1270.5| 0.000|   0.0|  35.714|  46.883|170.10|   0.0|    0.0|    0.0|F1              |
|  0| 8.05|29485.2|  1|10.80|10.84|  33.431|  49.804|  939.082|-144.7|   0.0|  971.2| 0.000|   0.0|  36.417|  46.237| 98.29|   0.0|    0.0|    0.0|E               |
|  0| 8.05|29495.8|  1|26.40|26.51|  32.809|  50.301| 1013.767|-143.7|   0.3| 1168.6| 0.000|   0.0|  36.010|  46.562|163.45|   0.0|    0.0|    0.0|F1              |
|  0| 8.05|29495.8|  1| 9.00| 9.04|  32.848|  50.560| 1036.728|-144.7|   0.0| 1065.6| 0.000|   0.0|  36.052|  46.649| 96.54|   0.0|    0.0|    0.0|E               |
|  0| 8.05|29507.5|  1|25.20|25.15|  33.160|  49.886|  958.857|-143.8|   0.2| 1091.0| 0.000|   0.0|  36.180|  46.382|153.81|   0.0|    0.0|    0.0|F1              |
|  0| 8.05|29507.5|  1|10.20|10.24|  33.260|  50.024|  967.595|-144.7|   0.0|  998.5| 0.000|   0.0|  36.302|  46.366| 97.64|   0.0|    0.0|    0.0|E               |
|  0| 8.05|29519.8|  1|25.20|25.15|  33.163|  49.884|  958.553|-143.8|   0.2| 1090.7| 0.000|   0.0|  36.180|  46.382|153.78|   0.0|    0.0|    0.0|F1              |
|  0| 8.05|29519.8|  1| 7.80| 7.84|  32.353|  51.216| 1121.320|-144.7|   0.0| 1148.5| 0.000|   0.0|  35.800|  46.937| 95.74|   0.0|    0.0|    0.0|E               |
|  0| 8.05|29530.4|  1|10.80|10.84|  33.317|  49.750|  939.007|-144.0|   0.0|  971.1| 0.000|   0.0|  36.357|  46.208| 98.28|   0.0|    0.0|    0.0|E               |
|  0| 8.05|29543.1|  1|26.40|26.50|  32.820|  50.289| 1012.190|-143.7|   0.3| 1166.7| 0.000|   0.0|  36.010|  46.563|163.31|   0.0|    0.0|    0.0|F1              |
|  0| 8.05|29543.1|  1| 7.80| 7.84|  32.353|  51.216| 1121.270|-144.7|   0.0| 1148.4| 0.000|   0.0|  35.800|  46.937| 95.74|   0.0|    0.0|    0.0|E               |
|  0| 8.05|29553.7|  1| 7.80| 7.84|  32.237|  51.163| 1121.300|-144.1|   0.0| 1148.5| 0.000|   0.0|  35.739|  46.908| 95.74|   0.0|    0.0|    0.0|E               |
|  0| 8.05|29553.7|  1|25.20|25.14|  33.168|  49.878|  957.754|-143.8|   0.2| 1089.8| 0.000|   0.0|  36.180|  46.382|153.69|   0.0|    0.0|    0.0|F1              |
|  0| 8.05|29564.2|  1|25.80|25.83|  33.186|  50.050|  973.200|-144.5|   0.2| 1114.2| 0.000|   0.0|  36.092|  46.578|157.76|   0.0|    0.0|    0.0|F1              |
|  0| 8.05|29564.2|  1| 9.00| 9.04|  32.723|  50.501| 1036.619|-144.0|   0.0| 1065.5| 0.000|   0.0|  35.985|  46.617| 96.53|   0.0|    0.0|    0.0|E               |
|  0| 8.05|29574.8|  1|25.80|25.83|  33.188|  50.048|  972.949|-144.5|   0.2| 1113.9| 0.000|   0.0|  36.092|  46.578|157.73|   0.0|    0.0|    0.0|F1              |
|  0| 8.05|29574.8|  1| 5.40| 5.44|  30.952|  52.897| 1344.546|-144.1|   0.0| 1369.2| 0.000|   0.0|  34.991|  47.763| 94.36|   0.0|    0.0|    0.0|E               |
|  0| 8.05|29598.8|  1|25.20|25.14|  33.054|  49.820|  957.403|-143.1|   0.2| 1089.3| 0.000|   0.0|  36.117|  46.351|153.58|   0.0|    0.0|    0.0|F1              |
|  0| 8.05|29598.8|  1| 8.40| 8.44|  32.612|  50.871| 1076.836|-144.7|   0.0| 1104.8| 0.000|   0.0|  35.915|  46.805| 96.05|   0.0|    0.0|    0.0|E               |
|  0| 8.05|29610.5|  1|11.40|11.44|  33.580|  49.615|  914.544|-144.7|   0.0|  948.0| 0.000|   0.0|  36.462|  46.187| 98.88|   0.0|    0.0|    0.0|E               |
+---+-----+-------+---+-----+-----+--------+--------+---------+------+------+-------+------+------+--------+--------+------+------+-------+-------+----------------+
+---+-----+-------+---+-----+-----+--------+--------+---------+------+------+-------+------+------+--------+--------+------+------+-------+-------+----------------+
|0-x| fr  |  time |hop| d0  | d1  |   fi   |  teta  |   dist  |  at  |  dev |   p   |  df  |  l   |   fot  |   tot  |  rot | lsp  |   pf  |    s  |                |
+---+-----+-------+---+-----+-----+--------+--------+---------+------+------+-------+------+------+--------+--------+------+------+-------+-------+----------------+
|  0| 8.05|29621.8|  1|12.60|12.67|  33.728|  49.425|  890.067|-144.7|   0.0|  927.6| 0.000|   0.0|  36.535|  46.104|100.79|   0.0|    0.0|    0.0|E               |
|  0| 8.05|29645.1|  1|14.40|14.51|  33.531|  49.477|  903.594|-144.0|   0.0|  950.8| 0.000|   0.0|  36.461|  46.093|107.83|   0.0|    0.0|    0.0|E               |
|  0| 8.05|29668.4|  1|10.80|10.84|  33.320|  49.746|  938.505|-144.0|   0.0|  970.6| 0.000|   0.0|  36.357|  46.208| 98.26|   0.0|    0.0|    0.0|E               |
|  0| 8.05|29680.0|  1|12.00|12.05|  33.579|  49.424|  896.432|-144.0|   0.0|  931.6| 0.000|   0.0|  36.475|  46.080| 99.73|   0.0|    0.0|    0.0|E               |
|  0| 8.05|29690.6|  1|16.20|16.25|  34.298|  48.384|  766.514|-143.2|   0.1|  812.8| 0.000|   0.0|  36.923|  45.523|108.77|   0.0|    0.0|    0.0|E               |
|  0| 8.05|29690.6|  1|13.20|13.28|  33.618|  49.374|  890.002|-144.0|   0.0|  930.3| 0.000|   0.0|  36.525|  46.026|102.23|   0.0|    0.0|    0.0|E               |
+==============================================================================+
|   Medium characteristics Sunspot number=   3.1 IG= -13.1   GMT time:08:14    |
|------------------------------------------------------------------------------|
|   S   | fh |  I  |   D  | fd |  hd | fe |  he | ff1 | hf1 | ff2 | hf2 |   Hi |
|-------+----+-----+------+----+-----+----+-----+-----+-----+-----+-----+------|
|    0.0|1.25| 58.8|   3.1|0.20| 81.0|2.47|110.0| 4.18|177.3| 5.12|233.6|  42.0|
+==============================================================================+

+==================================+
|       Es-layer parametres        |
|----------------------------------|
|   S   | hEs | fbEs | f0Es | P Es |
|-------+-----+------+------+------|
|    0.0|113.2| 3.63 | 3.75 | 67.6 |
+==================================+

|  0| 8.05|29701.9|  1|22.80|22.67|  33.382|  48.905|  857.166|-141.0|   0.1|  953.2| 0.000|   0.0|  36.362|  45.832|138.10|   0.0|    0.0|    0.0|F1              |
|  0| 8.05|29701.9|  1| 9.00| 9.04|  32.851|  50.556| 1036.263|-144.7|   0.0| 1065.1| 0.000|   0.0|  36.052|  46.649| 96.50|   0.0|    0.0|    0.0|E               |
|  0| 8.05|29701.9|  1|12.00|12.05|  33.580|  49.423|  896.309|-144.0|   0.0|  931.5| 0.000|   0.0|  36.475|  46.080| 99.72|   0.0|    0.0|    0.0|E               |
|  0| 8.05|29712.5|  1|22.20|22.12|  33.608|  48.846|  841.151|-141.8|   0.1|  930.8| 0.000|   0.0|  36.533|  45.757|135.56|   0.0|    0.0|    0.0|F1              |
|  0| 8.05|29712.5|  1| 0.00| 0.00|   0.000|   0.000|    0.000|   0.0|   0.0|    0.0| 0.000|   0.0|   0.000|   0.000|  0.00|   0.0|    0.0|    0.0|                |
|  0| 8.05|29712.5|  1|13.20|13.28|  33.619|  49.373|  889.877|-144.0|   0.0|  930.2| 0.000|   0.0|  36.525|  46.026|102.22|   0.0|    0.0|    0.0|E               |
|  0| 8.05|29712.5|  1|16.80|16.85|  34.487|  48.163|  737.406|-143.2|   0.1|  784.4| 0.000|   0.0|  37.019|  45.424|109.05|   0.0|    0.0|    0.0|E               |
|  0| 8.05|29735.5|  1| 6.00| 6.04|  31.443|  52.461| 1280.919|-144.7|   0.0| 1306.1| 0.000|   0.0|  35.292|  47.528| 94.67|   0.0|    0.0|    0.0|E               |
|  0| 8.05|29746.8|  1| 5.40| 5.44|  31.091|  52.956| 1344.189|-144.7|   0.0| 1368.9| 0.000|   0.0|  35.063|  47.797| 94.34|   0.0|    0.0|    0.0|E               |
|  0| 8.05|29757.4|  1|31.20|31.81|  33.492|  49.780|  934.200|-144.9|   0.5| 1135.0| 0.000|   0.0|  36.395|  46.322|194.29|   0.0|    0.0|    0.0|F2              |
|  0| 8.05|29757.4|  1| 6.60| 6.64|  31.645|  51.950| 1222.856|-144.1|   0.0| 1248.6| 0.000|   0.0|  35.407|  47.283| 94.99|   0.0|    0.0|    0.0|E               |
|  0| 8.05|29778.9|  1|15.00|15.07|  33.909|  49.014|  843.048|-144.0|   0.0|  889.1| 0.000|   0.0|  36.694|  45.843|108.17|   0.0|    0.0|    0.0|E               |
|  0| 8.05|29791.7|  1|12.00|12.05|  33.582|  49.421|  896.066|-144.0|   0.0|  931.2| 0.000|   0.0|  36.475|  46.080| 99.71|   0.0|    0.0|    0.0|E               |
|  0| 8.05|29814.6|  1|13.80|13.87|  33.349|  49.508|  914.653|-143.2|   0.1|  959.3| 0.000|   0.0|  36.346|  46.126|103.93|   0.0|    0.0|    0.0|E               |
+---+-----+-------+---+-----+-----+--------+--------+---------+------+------+-------+------+------+--------+--------+------+------+-------+-------+----------------+
+---+-----+-------+---+-----+-----+--------+--------+---------+------+------+-------+------+------+--------+--------+------+------+-------+-------+----------------+
|0-x| fr  |  time |hop| d0  | d1  |   fi   |  teta  |   dist  |  at  |  dev |   p   |  df  |  l   |   fot  |   tot  |  rot | lsp  |   pf  |    s  |                |
+---+-----+-------+---+-----+-----+--------+--------+---------+------+------+-------+------+------+--------+--------+------+------+-------+-------+----------------+
|  0| 8.05|29814.6|  1|16.80|16.85|  34.389|  48.126|  738.391|-142.5|   0.1|  785.4| 0.000|   0.0|  36.972|  45.401|109.09|   0.0|    0.0|    0.0|E               |
|  0| 8.05|29827.4|  1|14.40|14.51|  33.524|  49.486|  904.827|-144.0|   0.0|  952.1| 0.000|   0.0|  36.477|  46.076|107.86|   0.0|    0.0|    0.0|E               |
|  0| 8.05|29839.8|  1|21.00|21.14|  33.661|  48.770|  831.644|-141.7|   0.1|  912.2| 0.000|   0.0|  36.604|  45.678|131.70|   0.0|    0.0|    0.0|F1              |
|  0| 8.05|29839.8|  1|24.60|24.47|  32.783|  49.368|  928.198|-140.2|   0.2| 1049.6| 0.000|   0.0|  35.996|  46.094|148.89|   0.0|    0.0|    0.0|F1              |
|  0| 8.05|29839.8|  1|25.80|25.79|  32.362|  49.623|  971.808|-139.4|   0.3| 1112.5| 0.000|   0.0|  35.624|  46.351|157.25|   0.0|    0.0|    0.0|F1              |
|  0| 8.05|29839.8|  1|10.80|10.84|  33.438|  49.796|  938.067|-144.7|   0.0|  970.2| 0.000|   0.0|  36.417|  46.237| 98.23|   0.0|    0.0|    0.0|E               |
|  0| 8.05|29839.8|  1|13.20|13.28|  33.622|  49.369|  889.368|-144.0|   0.0|  929.7| 0.000|   0.0|  36.525|  46.026|102.20|   0.0|    0.0|    0.0|E               |
|  0| 8.05|29850.4|  1|11.40|11.44|  33.584|  49.609|  913.856|-144.7|   0.0|  947.3| 0.000|   0.0|  36.462|  46.187| 98.83|   0.0|    0.0|    0.0|E               |
|  0| 8.05|29862.1|  1| 7.80| 7.84|  32.357|  51.212| 1120.741|-144.7|   0.0| 1147.9| 0.000|   0.0|  35.800|  46.937| 95.71|   0.0|    0.0|    0.0|E               |
|  0| 8.05|29874.4|  1|10.20|10.24|  33.146|  49.964|  966.810|-144.0|   0.0|  997.7| 0.000|   0.0|  36.240|  46.336| 97.59|   0.0|    0.0|    0.0|E               |
|  0| 8.05|29885.0|  1|12.00|12.05|  33.583|  49.419|  895.797|-144.0|   0.0|  931.0| 0.000|   0.0|  36.475|  46.080| 99.69|   0.0|    0.0|    0.0|E               |
|  0| 8.05|29897.4|  1|10.80|10.84|  33.438|  49.796|  937.979|-144.7|   0.0|  970.1| 0.000|   0.0|  36.417|  46.237| 98.23|   0.0|    0.0|    0.0|E               |
|  0| 8.05|29907.9|  1|14.40|14.52|  33.522|  49.489|  905.142|-144.0|   0.0|  952.4| 0.000|   0.0|  36.477|  46.076|107.86|   0.0|    0.0|    0.0|E               |
|  0| 8.05|29919.6|  1|11.40|11.44|  33.472|  49.557|  913.785|-144.0|   0.0|  947.2| 0.000|   0.0|  36.436|  46.123| 98.91|   0.0|    0.0|    0.0|E               |
|  0| 8.05|29919.6|  1|14.40|14.51|  33.403|  49.445|  906.344|-143.3|   0.0|  953.7| 0.000|   0.0|  36.387|  46.083|107.80|   0.0|    0.0|    0.0|E               |
|  0| 8.05|29930.9|  1|10.80|10.84|  33.439|  49.795|  937.920|-144.7|   0.0|  970.0| 0.000|   0.0|  36.417|  46.237| 98.22|   0.0|    0.0|    0.0|E               |
|  0| 8.05|29930.9|  1| 7.80| 7.84|  32.221|  51.150| 1120.711|-144.0|   0.0| 1147.9| 0.000|   0.0|  35.728|  46.903| 95.70|   0.0|    0.0|    0.0|E               |
|  0| 8.05|29941.4|  1|16.80|16.85|  34.390|  48.125|  738.353|-142.5|   0.1|  785.4| 0.000|   0.0|  36.972|  45.401|109.07|   0.0|    0.0|    0.0|E               |
|  0| 8.05|29941.4|  1|13.80|13.87|  33.376|  49.476|  910.497|-143.2|   0.1|  954.9| 0.000|   0.0|  36.412|  46.056|103.90|   0.0|    0.0|    0.0|E               |
|  0| 8.05|29964.4|  1|27.60|27.96|  32.340|  51.102| 1110.935|-144.3|   0.4| 1299.7| 0.000|   0.0|  35.769|  46.935|177.63|   0.0|    0.0|    0.0|F1              |
+---+-----+-------+---+-----+-----+--------+--------+---------+------+------+-------+------+------+--------+--------+------+------+-------+-------+----------------+
+---+-----+-------+---+-----+-----+--------+--------+---------+------+------+-------+------+------+--------+--------+------+------+-------+-------+----------------+
|0-x| fr  |  time |hop| d0  | d1  |   fi   |  teta  |   dist  |  at  |  dev |   p   |  df  |  l   |   fot  |   tot  |  rot | lsp  |   pf  |    s  |                |
+---+-----+-------+---+-----+-----+--------+--------+---------+------+------+-------+------+------+--------+--------+------+------+-------+-------+----------------+
|  0| 8.05|29964.4|  1|11.40|11.45|  33.586|  49.607|  913.576|-144.7|   0.0|  947.0| 0.000|   0.0|  36.462|  46.187| 98.82|   0.0|    0.0|    0.0|E               |
|  0| 8.05|29975.0|  1| 9.00| 9.04|  32.727|  50.495| 1035.922|-144.0|   0.0| 1064.8| 0.000|   0.0|  35.985|  46.617| 96.48|   0.0|    0.0|    0.0|E               |
|  0| 8.05|29985.5|  1|13.20|13.28|  33.625|  49.365|  888.812|-144.0|   0.0|  929.1| 0.000|   0.0|  36.525|  46.026|102.17|   0.0|    0.0|    0.0|E               |
|  0| 8.05|29997.2|  1|15.60|15.66|  34.286|  48.725|  799.142|-144.6|   0.1|  845.0| 0.000|   0.0|  36.893|  45.709|108.39|   0.0|    0.0|    0.0|E               |
|  0| 8.05|30007.8|  1|12.60|12.66|  33.630|  49.360|  888.179|-144.0|   0.0|  925.6| 0.000|   0.0|  36.543|  46.006|100.78|   0.0|    0.0|    0.0|E               |
|  0| 8.05|30019.4|  1|18.00|18.14|  35.056|  47.923|  689.775|-145.3|   0.1|  738.8| 0.000|   0.0|  37.321|  45.315|109.64|   0.0|    0.0|    0.0|E               |
|  0| 8.05|30032.2|  1|27.60|27.99|  32.484|  51.153| 1109.489|-145.0|   0.4| 1298.1| 0.000|   0.0|  35.842|  46.968|177.54|   0.0|    0.0|    0.0|F1              |
|  0| 8.05|30032.2|  1|10.80|10.84|  33.440|  49.794|  937.741|-144.7|   0.0|  969.8| 0.000|   0.0|  36.417|  46.237| 98.21|   0.0|    0.0|    0.0|E               |
|  0| 8.05|30056.3|  1|13.80|13.88|  33.648|  49.520|  902.521|-144.7|   0.0|  946.5| 0.000|   0.0|  36.496|  46.147|103.77|   0.0|    0.0|    0.0|E               |
|  0| 8.05|30066.8|  1|21.60|21.60|  34.050|  48.837|  820.186|-143.9|   0.1|  903.3| 0.000|   0.0|  36.781|  45.744|133.32|   0.0|    0.0|    0.0|F1              |
|  0| 8.05|30066.8|  1| 5.40| 5.44|  30.954|  52.893| 1344.088|-144.1|   0.0| 1368.7| 0.000|   0.0|  34.991|  47.763| 94.32|   0.0|    0.0|    0.0|E               |
|  0| 8.05|30077.4|  1|13.20|13.28|  33.738|  49.412|  888.355|-144.7|   0.0|  928.6| 0.000|   0.0|  36.582|  46.053|102.16|   0.0|    0.0|    0.0|E               |
|  0| 8.05|30077.4|  1|25.80|25.87|  33.236|  49.991|  965.404|-144.5|   0.2| 1105.4| 0.000|   0.0|  36.209|  46.449|157.65|   0.0|    0.0|    0.0|F1              |
|  0| 8.05|30098.6|  1|28.20|28.59|  33.045|  50.409| 1013.775|-145.0|   0.4| 1191.9| 0.000|   0.0|  36.147|  46.615|180.09|   0.0|    0.0|    0.0|F2              |
|  0| 8.05|30111.3|  1| 7.80| 7.84|  32.358|  51.209| 1120.425|-144.7|   0.0| 1147.6| 0.000|   0.0|  35.800|  46.937| 95.69|   0.0|    0.0|    0.0|E               |
|  0| 8.05|30135.7|  1|14.40|14.52|  33.634|  49.540|  905.043|-144.7|   0.0|  952.3| 0.000|   0.0|  36.535|  46.103|107.83|   0.0|    0.0|    0.0|E               |
|  0| 8.05|30135.7|  1| 9.60| 9.64|  32.949|  50.213|  999.216|-144.0|   0.0| 1029.0| 0.000|   0.0|  36.116|  46.472| 96.99|   0.0|    0.0|    0.0|E               |
|  0| 8.05|30146.3|  1|11.40|11.45|  33.475|  49.553|  913.280|-144.0|   0.0|  946.7| 0.000|   0.0|  36.403|  46.159| 98.80|   0.0|    0.0|    0.0|E               |
|  0| 8.05|30158.0|  1|10.80|10.84|  33.326|  49.739|  937.589|-144.0|   0.0|  969.7| 0.000|   0.0|  36.357|  46.208| 98.20|   0.0|    0.0|    0.0|E               |
|  0| 8.05|30168.5|  1| 8.40| 8.44|  32.486|  50.805| 1076.089|-144.0|   0.0| 1104.0| 0.000|   0.0|  35.878|  46.736| 96.10|   0.0|    0.0|    0.0|E               |
+---+-----+-------+---+-----+-----+--------+--------+---------+------+------+-------+------+------+--------+--------+------+------+-------+-------+----------------+
+---+-----+-------+---+-----+-----+--------+--------+---------+------+------+-------+------+------+--------+--------+------+------+-------+-------+----------------+
|0-x| fr  |  time |hop| d0  | d1  |   fi   |  teta  |   dist  |  at  |  dev |   p   |  df  |  l   |   fot  |   tot  |  rot | lsp  |   pf  |    s  |                |
+---+-----+-------+---+-----+-----+--------+--------+---------+------+------+-------+------+------+--------+--------+------+------+-------+-------+----------------+
|  0| 8.05|30179.1|  1|19.80|20.21|  34.067|  48.824|  818.166|-144.0|   0.0|  890.2| 0.000|   0.0|  36.843|  45.680|128.29|   0.0|    0.0|    0.0|F1              |
|  0| 8.05|30189.7|  1| 0.00| 0.00|   0.000|   0.000|    0.000|   0.0|   0.0|    0.0| 0.000|   0.0|   0.000|   0.000|  0.00|   0.0|    0.0|    0.0|                |
|  0| 8.05|30200.3|  1|15.00|15.08|  34.018|  49.058|  842.432|-144.7|   0.0|  888.4| 0.000|   0.0|  36.748|  45.869|108.11|   0.0|    0.0|    0.0|E               |
|  0| 8.05|30200.3|  1| 5.40| 5.44|  30.933|  52.881| 1343.929|-144.0|   0.0| 1368.6| 0.000|   0.0|  34.979|  47.757| 94.31|   0.0|    0.0|    0.0|E               |
|  0| 8.05|30211.9|  1|10.80|10.85|  33.326|  49.739|  937.490|-144.0|   0.0|  969.6| 0.000|   0.0|  36.357|  46.208| 98.20|   0.0|    0.0|    0.0|E               |
|  0| 8.05|30236.3|  1|14.40|14.52|  33.514|  49.499|  906.512|-144.0|   0.0|  953.9| 0.000|   0.0|  36.445|  46.111|107.77|   0.0|    0.0|    0.0|E               |
|  0| 8.05|30259.7|  1|13.20|13.28|  33.742|  49.407|  887.698|-144.7|   0.0|  927.9| 0.000|   0.0|  36.582|  46.053|102.12|   0.0|    0.0|    0.0|E               |
|  0| 8.05|30273.6|  1|10.20|10.24|  33.032|  49.904|  966.280|-143.3|   0.0|  997.1| 0.000|   0.0|  36.179|  46.306| 97.55|   0.0|    0.0|    0.0|E               |
|  0| 8.05|30273.6|  1|22.80|22.71|  33.938|  49.143|  854.047|-144.6|   0.1|  949.9| 0.000|   0.0|  36.649|  45.969|138.16|   0.0|    0.0|    0.0|F1              |
|  0| 8.05|30273.6|  1|16.80|16.86|  34.587|  48.198|  736.166|-143.9|   0.1|  783.1| 0.000|   0.0|  37.066|  45.447|108.96|   0.0|    0.0|    0.0|E               |
|  0| 8.05|30298.7|  1|21.00|21.07|  34.142|  48.898|  821.845|-144.6|   0.1|  901.2| 0.000|   0.0|  36.824|  45.780|131.72|   0.0|    0.0|    0.0|F1              |
|  0| 8.05|30309.3|  1| 0.00| 0.00|   0.000|   0.000|    0.000|   0.0|   0.0|    0.0| 0.000|   0.0|   0.000|   0.000|  0.00|   0.0|    0.0|    0.0|                |
|  0| 8.05|30333.3|  1|10.20|10.24|  33.269|  50.013|  966.079|-144.7|   0.0|  996.9| 0.000|   0.0|  36.302|  46.366| 97.55|   0.0|    0.0|    0.0|E               |
|  0| 8.05|30344.9|  1| 7.80| 7.84|  32.224|  51.146| 1120.201|-144.0|   0.0| 1147.3| 0.000|   0.0|  35.728|  46.903| 95.67|   0.0|    0.0|    0.0|E               |
|  0| 8.05|30355.5|  1|10.20|10.24|  33.269|  50.013|  966.045|-144.7|   0.0|  996.9| 0.000|   0.0|  36.302|  46.366| 97.54|   0.0|    0.0|    0.0|E               |
|  0| 8.05|30366.1|  1|22.20|22.16|  33.944|  48.963|  836.732|-143.9|   0.1|  926.0| 0.000|   0.0|  36.697|  45.833|135.57|   0.0|    0.0|    0.0|F1              |
|  0| 8.05|30378.9|  1|21.00|21.09|  33.941|  48.800|  821.549|-143.2|   0.1|  901.0| 0.000|   0.0|  36.719|  45.730|131.69|   0.0|    0.0|    0.0|F1              |
|  0| 8.05|30378.9|  1|15.60|15.66|  34.181|  48.685|  800.022|-143.9|   0.1|  845.9| 0.000|   0.0|  36.850|  45.676|108.40|   0.0|    0.0|    0.0|E               |
|  0| 8.05|30391.6|  1| 7.80| 7.84|  32.225|  51.145| 1120.142|-144.0|   0.0| 1147.3| 0.000|   0.0|  35.728|  46.903| 95.67|   0.0|    0.0|    0.0|E               |
|  0| 8.05|30391.6|  1|21.00|21.06|  34.249|  48.938|  821.046|-145.3|   0.1|  900.3| 0.000|   0.0|  36.877|  45.805|131.73|   0.0|    0.0|    0.0|F1              |
+---+-----+-------+---+-----+-----+--------+--------+---------+------+------+-------+------+------+--------+--------+------+------+-------+-------+----------------+
+---+-----+-------+---+-----+-----+--------+--------+---------+------+------+-------+------+------+--------+--------+------+------+-------+-------+----------------+
|0-x| fr  |  time |hop| d0  | d1  |   fi   |  teta  |   dist  |  at  |  dev |   p   |  df  |  l   |   fot  |   tot  |  rot | lsp  |   pf  |    s  |                |
+---+-----+-------+---+-----+-----+--------+--------+---------+------+------+-------+------+------+--------+--------+------+------+-------+-------+----------------+
|  0| 8.05|30391.6|  1|14.40|14.53|  33.627|  49.549|  906.200|-144.7|   0.0|  953.6| 0.000|   0.0|  36.519|  46.121|107.80|   0.0|    0.0|    0.0|E               |
|  0| 8.05|30403.3|  1|10.80|10.85|  33.328|  49.736|  937.164|-144.0|   0.0|  969.2| 0.000|   0.0|  36.357|  46.208| 98.18|   0.0|    0.0|    0.0|E               |
|  0| 8.05|30403.3|  1|12.60|12.67|  33.748|  49.400|  886.764|-144.7|   0.0|  924.1| 0.000|   0.0|  36.600|  46.033|100.72|   0.0|    0.0|    0.0|E               |
|  0| 8.05|30426.6|  1| 6.00| 6.04|  31.448|  52.454| 1280.060|-144.7|   0.0| 1305.2| 0.000|   0.0|  35.292|  47.528| 94.62|   0.0|    0.0|    0.0|E               |
|  0| 8.05|30426.6|  1| 5.40| 5.44|  30.934|  52.879| 1343.640|-144.0|   0.0| 1368.3| 0.000|   0.0|  34.979|  47.757| 94.29|   0.0|    0.0|    0.0|E               |
|  0| 8.05|30440.4|  1|21.60|21.62|  34.067|  48.817|  817.519|-143.9|   0.1|  900.4| 0.000|   0.0|  36.773|  45.752|133.27|   0.0|    0.0|    0.0|F1              |
|  0| 8.05|30476.1|  1|12.00|12.06|  33.594|  49.406|  894.169|-144.0|   0.0|  929.2| 0.000|   0.0|  36.508|  46.044| 99.66|   0.0|    0.0|    0.0|E               |
|  0| 8.05|30488.9|  1|19.80|20.10|  34.238|  48.781|  806.572|-144.6|   0.1|  877.2| 0.000|   0.0|  36.902|  45.696|128.29|   0.0|    0.0|    0.0|F1              |
|  0| 8.05|30500.6|  1| 9.00| 9.04|  32.858|  50.548| 1035.172|-144.7|   0.0| 1064.0| 0.000|   0.0|  36.052|  46.649| 96.43|   0.0|    0.0|    0.0|E               |
|  0| 8.05|30511.2|  1| 8.40| 8.44|  32.508|  50.810| 1075.637|-144.1|   0.0| 1103.6| 0.000|   0.0|  35.888|  46.741| 96.07|   0.0|    0.0|    0.0|E               |
|  0| 8.05|30511.2|  1|14.40|14.53|  33.624|  49.553|  906.746|-144.7|   0.0|  954.2| 0.000|   0.0|  36.519|  46.121|107.80|   0.0|    0.0|    0.0|E               |
|  0| 8.05|30521.8|  1|22.20|22.16|  34.274|  49.108|  836.298|-146.1|   0.1|  925.5| 0.000|   0.0|  36.868|  45.912|135.62|   0.0|    0.0|    0.0|F1              |
|  0| 8.05|30521.8|  1|18.00|18.15|  35.052|  47.928|  690.402|-145.3|   0.1|  739.5| 0.000|   0.0|  37.313|  45.324|109.61|   0.0|    0.0|    0.0|E               |
|  0| 8.05|30521.8|  1|12.60|12.67|  33.751|  49.397|  886.317|-144.7|   0.0|  923.6| 0.000|   0.0|  36.600|  46.033|100.70|   0.0|    0.0|    0.0|E               |
|  0| 8.05|30521.8|  1| 6.00| 6.04|  31.295|  52.384| 1280.012|-144.0|   0.0| 1305.2| 0.000|   0.0|  35.211|  47.490| 94.62|   0.0|    0.0|    0.0|E               |
|  0| 8.05|30532.4|  1| 9.60| 9.64|  32.952|  50.209|  998.677|-144.0|   0.0| 1028.5| 0.000|   0.0|  36.116|  46.472| 96.95|   0.0|    0.0|    0.0|E               |
|  0| 8.05|30543.0|  1|13.20|13.29|  33.748|  49.399|  886.669|-144.7|   0.0|  926.8| 0.000|   0.0|  36.582|  46.053|102.07|   0.0|    0.0|    0.0|E               |
|  0| 8.05|30554.7|  1| 0.00| 0.00|   0.000|   0.000|    0.000|   0.0|   0.0|    0.0| 0.000|   0.0|   0.000|   0.000|  0.00|   0.0|    0.0|    0.0|                |
|  0| 8.05|30554.7|  1|22.80|22.73|  34.173|  49.237|  852.958|-146.1|   0.1|  948.7| 0.000|   0.0|  36.774|  46.020|138.19|   0.0|    0.0|    0.0|F1              |
|  0| 8.05|30554.7|  1|25.20|25.28|  33.745|  49.987|  943.390|-146.7|   0.2| 1073.7| 0.000|   0.0|  36.559|  46.365|153.19|   0.0|    0.0|    0.0|F1              |
+---+-----+-------+---+-----+-----+--------+--------+---------+------+------+-------+------+------+--------+--------+------+------+-------+-------+----------------+
+---+-----+-------+---+-----+-----+--------+--------+---------+------+------+-------+------+------+--------+--------+------+------+-------+-------+----------------+
|0-x| fr  |  time |hop| d0  | d1  |   fi   |  teta  |   dist  |  at  |  dev |   p   |  df  |  l   |   fot  |   tot  |  rot | lsp  |   pf  |    s  |                |
+---+-----+-------+---+-----+-----+--------+--------+---------+------+------+-------+------+------+--------+--------+------+------+-------+-------+----------------+
|  0| 8.05|30554.7|  1|13.80|13.89|  33.707|  49.447|  893.082|-144.7|   0.0|  936.5| 0.000|   0.0|  36.560|  46.076|103.64|   0.0|    0.0|    0.0|E               |
|  0| 8.05|30554.7|  1| 9.00| 9.04|  32.732|  50.489| 1035.143|-144.0|   0.0| 1064.0| 0.000|   0.0|  35.985|  46.617| 96.42|   0.0|    0.0|    0.0|E               |
|  0| 8.05|30565.3|  1|15.00|15.09|  34.016|  49.060|  842.769|-144.7|   0.0|  888.8| 0.000|   0.0|  36.756|  45.860|108.10|   0.0|    0.0|    0.0|E               |
|  0| 8.05|30576.6|  1|16.80|16.86|  34.490|  48.160|  737.004|-143.2|   0.1|  784.0| 0.000|   0.0|  37.019|  45.424|108.97|   0.0|    0.0|    0.0|E               |
|  0| 8.05|30576.6|  1|10.20|10.25|  33.153|  49.956|  965.759|-144.0|   0.0|  996.6| 0.000|   0.0|  36.240|  46.336| 97.52|   0.0|    0.0|    0.0|E               |
|  0| 8.05|30587.2|  1| 9.00| 9.04|  32.732|  50.489| 1035.107|-144.0|   0.0| 1063.9| 0.000|   0.0|  35.985|  46.617| 96.42|   0.0|    0.0|    0.0|E               |
|  0| 8.05|30597.7|  1|13.20|13.29|  33.640|  49.347|  886.517|-144.0|   0.0|  926.6| 0.000|   0.0|  36.525|  46.026|102.05|   0.0|    0.0|    0.0|E               |
+==============================================================================+
|   Medium characteristics Sunspot number=   3.1 IG= -13.1   GMT time:08:29    |
|------------------------------------------------------------------------------|
|   S   | fh |  I  |   D  | fd |  hd | fe |  he | ff1 | hf1 | ff2 | hf2 |   Hi |
|-------+----+-----+------+----+-----+----+-----+-----+-----+-----+-----+------|
|    0.0|1.25| 58.8|   3.1|0.20| 81.0|2.48|110.0| 4.20|176.9| 5.21|234.8|  40.4|
+==============================================================================+

+==================================+
|       Es-layer parametres        |
|----------------------------------|
|   S   | hEs | fbEs | f0Es | P Es |
|-------+-----+------+------+------|
|    0.0|112.8| 3.63 | 3.75 | 66.8 |
+==================================+

|  0| 8.05|30608.3|  1| 9.00| 9.04|  32.732|  50.489| 1035.088|-144.0|   0.0| 1063.9| 0.000|   0.0|  35.985|  46.617| 96.42|   0.0|    0.0|    0.0|E               |
|  0| 8.05|30608.3|  1|12.60|12.67|  33.753|  49.395|  886.079|-144.7|   0.0|  923.4| 0.000|   0.0|  36.600|  46.033|100.69|   0.0|    0.0|    0.0|E               |
|  0| 8.05|30620.0|  1|12.00|12.06|  33.706|  49.455|  893.793|-144.7|   0.0|  928.9| 0.000|   0.0|  36.566|  46.071| 99.64|   0.0|    0.0|    0.0|E               |
|  0| 8.05|30620.0|  1| 7.20| 7.24|  31.940|  51.519| 1168.538|-144.0|   0.0| 1194.9| 0.000|   0.0|  35.568|  47.083| 95.27|   0.0|    0.0|    0.0|E               |
|  0| 8.05|30630.5|  1|10.20|10.25|  33.153|  49.955|  965.709|-144.0|   0.0|  996.6| 0.000|   0.0|  36.240|  46.336| 97.52|   0.0|    0.0|    0.0|E               |
|  0| 8.05|30643.0|  1|10.20|10.25|  33.153|  49.955|  965.700|-144.0|   0.0|  996.5| 0.000|   0.0|  36.240|  46.336| 97.52|   0.0|    0.0|    0.0|E               |
|  0| 8.05|30653.5|  1|12.60|12.67|  33.751|  49.397|  886.392|-144.7|   0.0|  923.7| 0.000|   0.0|  36.600|  46.033|100.69|   0.0|    0.0|    0.0|E               |
|  0| 8.05|30664.1|  1|12.60|12.67|  33.642|  49.346|  886.339|-144.0|   0.0|  923.7| 0.000|   0.0|  36.543|  46.006|100.69|   0.0|    0.0|    0.0|E               |
|  0| 8.05|30676.5|  1|10.20|10.25|  33.153|  49.955|  965.675|-144.0|   0.0|  996.5| 0.000|   0.0|  36.240|  46.336| 97.52|   0.0|    0.0|    0.0|E               |
|  0| 8.05|30687.1|  1|10.80|10.85|  33.331|  49.733|  936.716|-144.0|   0.0|  968.7| 0.000|   0.0|  36.357|  46.208| 98.15|   0.0|    0.0|    0.0|E               |
|  0| 8.05|30698.7|  1|12.00|12.06|  33.596|  49.404|  893.827|-144.0|   0.0|  928.9| 0.000|   0.0|  36.508|  46.044| 99.64|   0.0|    0.0|    0.0|E               |
|  0| 8.05|30710.0|  1|10.20|10.24|  33.153|  49.955|  965.668|-144.0|   0.0|  996.5| 0.000|   0.0|  36.240|  46.336| 97.52|   0.0|    0.0|    0.0|E               |
|  0| 8.05|30710.0|  1| 7.20| 7.24|  32.081|  51.583| 1168.458|-144.7|   0.0| 1194.9| 0.000|   0.0|  35.643|  47.118| 95.27|   0.0|    0.0|    0.0|E               |
+---+-----+-------+---+-----+-----+--------+--------+---------+------+------+-------+------+------+--------+--------+------+------+-------+-------+----------------+
+---+-----+-------+---+-----+-----+--------+--------+---------+------+------+-------+------+------+--------+--------+------+------+-------+-------+----------------+
|0-x| fr  |  time |hop| d0  | d1  |   fi   |  teta  |   dist  |  at  |  dev |   p   |  df  |  l   |   fot  |   tot  |  rot | lsp  |   pf  |    s  |                |
+---+-----+-------+---+-----+-----+--------+--------+---------+------+------+-------+------+------+--------+--------+------+------+-------+-------+----------------+
|  0| 8.05|30721.7|  1|26.40|26.66|  33.337|  50.305|  991.273|-145.9|   0.3| 1143.0| 0.000|   0.0|  36.196|  46.687|161.98|   0.0|    0.0|    0.0|F1              |
|  0| 8.05|30721.7|  1|13.20|13.29|  33.750|  49.398|  886.471|-144.7|   0.0|  926.6| 0.000|   0.0|  36.582|  46.053|102.07|   0.0|    0.0|    0.0|E               |
|  0| 8.05|30721.7|  1| 9.00| 9.04|  32.732|  50.489| 1035.076|-144.0|   0.0| 1063.9| 0.000|   0.0|  35.985|  46.617| 96.42|   0.0|    0.0|    0.0|E               |
|  0| 8.05|30732.3|  1|10.80|10.85|  33.331|  49.732|  936.658|-144.0|   0.0|  968.7| 0.000|   0.0|  36.357|  46.208| 98.15|   0.0|    0.0|    0.0|E               |
|  0| 8.05|30769.2|  1|21.60|21.62|  34.157|  48.876|  819.108|-144.6|   0.1|  902.2| 0.000|   0.0|  36.826|  45.777|133.39|   0.0|    0.0|    0.0|F1              |
|  0| 8.05|30769.2|  1| 8.40| 8.44|  32.490|  50.801| 1075.503|-144.0|   0.0| 1103.4| 0.000|   0.0|  35.878|  46.736| 96.06|   0.0|    0.0|    0.0|E               |
|  0| 8.05|30783.0|  1|22.20|22.17|  34.150|  49.059|  836.853|-145.3|   0.1|  926.2| 0.000|   0.0|  36.805|  45.884|135.71|   0.0|    0.0|    0.0|F1              |
|  0| 8.05|30783.0|  1|13.80|13.89|  33.772|  49.366|  882.488|-144.7|   0.0|  925.2| 0.000|   0.0|  36.560|  46.076|103.47|   0.0|    0.0|    0.0|E               |
|  0| 8.05|30783.0|  1| 7.20| 7.24|  31.940|  51.519| 1168.490|-144.0|   0.0| 1194.9| 0.000|   0.0|  35.568|  47.083| 95.27|   0.0|    0.0|    0.0|E               |
|  0| 8.05|30794.6|  1|13.20|13.28|  33.750|  49.397|  886.449|-144.7|   0.0|  926.6| 0.000|   0.0|  36.550|  46.088|102.02|   0.0|    0.0|    0.0|E               |
|  0| 8.05|30806.3|  1|12.60|12.67|  33.744|  49.406|  887.482|-144.7|   0.0|  924.9| 0.000|   0.0|  36.600|  46.033|100.70|   0.0|    0.0|    0.0|E               |
|  0| 8.05|30816.8|  1| 9.60| 9.64|  32.953|  50.208|  998.516|-144.0|   0.0| 1028.3| 0.000|   0.0|  36.116|  46.472| 96.93|   0.0|    0.0|    0.0|E               |
|  0| 8.05|30827.4|  1| 7.20| 7.24|  32.082|  51.583| 1168.424|-144.7|   0.0| 1194.8| 0.000|   0.0|  35.643|  47.118| 95.27|   0.0|    0.0|    0.0|E               |
|  0| 8.05|30848.5|  1|12.00|12.06|  33.596|  49.404|  893.823|-144.0|   0.0|  928.9| 0.000|   0.0|  36.508|  46.044| 99.63|   0.0|    0.0|    0.0|E               |
|  0| 8.05|30848.5|  1| 9.60| 9.64|  33.076|  50.263|  998.465|-144.7|   0.0| 1028.2| 0.000|   0.0|  36.181|  46.503| 96.93|   0.0|    0.0|    0.0|E               |
|  0| 8.05|30859.1|  1|10.20|10.25|  33.154|  49.954|  965.564|-144.0|   0.0|  996.4| 0.000|   0.0|  36.240|  46.336| 97.51|   0.0|    0.0|    0.0|E               |
|  0| 8.05|30869.6|  1| 8.40| 8.44|  32.490|  50.800| 1075.494|-144.0|   0.0| 1103.4| 0.000|   0.0|  35.878|  46.736| 96.06|   0.0|    0.0|    0.0|E               |
|  0| 8.05|30880.2|  1| 8.40| 8.44|  32.490|  50.800| 1075.494|-144.0|   0.0| 1103.4| 0.000|   0.0|  35.878|  46.736| 96.06|   0.0|    0.0|    0.0|E               |
|  0| 8.05|30891.9|  1| 9.00| 9.04|  32.859|  50.547| 1035.021|-144.7|   0.0| 1063.8| 0.000|   0.0|  36.052|  46.649| 96.41|   0.0|    0.0|    0.0|E               |
|  0| 8.05|30902.4|  1|10.80|10.85|  33.333|  49.731|  936.444|-144.0|   0.0|  968.5| 0.000|   0.0|  36.357|  46.208| 98.14|   0.0|    0.0|    0.0|E               |
+---+-----+-------+---+-----+-----+--------+--------+---------+------+------+-------+------+------+--------+--------+------+------+-------+-------+----------------+
+---+-----+-------+---+-----+-----+--------+--------+---------+------+------+-------+------+------+--------+--------+------+------+-------+-------+----------------+
|0-x| fr  |  time |hop| d0  | d1  |   fi   |  teta  |   dist  |  at  |  dev |   p   |  df  |  l   |   fot  |   tot  |  rot | lsp  |   pf  |    s  |                |
+---+-----+-------+---+-----+-----+--------+--------+---------+------+------+-------+------+------+--------+--------+------+------+-------+-------+----------------+
|  0| 8.05|30913.0|  1|11.40|11.45|  33.484|  49.542|  911.889|-144.0|   0.0|  945.3| 0.000|   0.0|  36.403|  46.159| 98.71|   0.0|    0.0|    0.0|E               |
|  0| 8.05|30923.6|  1|10.80|10.85|  33.333|  49.731|  936.417|-144.0|   0.0|  968.4| 0.000|   0.0|  36.357|  46.208| 98.14|   0.0|    0.0|    0.0|E               |
|  0| 8.05|30934.2|  1|11.40|11.45|  33.500|  49.550|  911.851|-144.1|   0.0|  945.2| 0.000|   0.0|  36.411|  46.163| 98.71|   0.0|    0.0|    0.0|E               |
|  0| 8.05|30956.4|  1|13.80|13.90|  33.719|  49.274|  876.085|-144.1|   0.0|  918.4| 0.000|   0.0|  36.560|  46.000|103.44|   0.0|    0.0|    0.0|E               |
|  0| 8.05|30956.4|  1|12.00|12.06|  33.706|  49.455|  893.789|-144.7|   0.0|  928.9| 0.000|   0.0|  36.533|  46.107| 99.57|   0.0|    0.0|    0.0|E               |
|  0| 8.05|30979.7|  1|11.40|11.45|  33.597|  49.593|  911.738|-144.7|   0.0|  945.1| 0.000|   0.0|  36.462|  46.187| 98.71|   0.0|    0.0|    0.0|E               |
|  0| 8.05|30990.3|  1|22.80|22.75|  34.034|  49.204|  855.663|-145.3|   0.1|  951.9| 0.000|   0.0|  36.705|  45.995|138.38|   0.0|    0.0|    0.0|F1              |
|  0| 8.05|30990.3|  1|15.00|15.09|  34.065|  49.001|  835.017|-144.7|   0.0|  880.5| 0.000|   0.0|  36.780|  45.834|107.92|   0.0|    0.0|    0.0|E               |
|  0| 8.05|30990.3|  1| 7.20| 7.24|  31.941|  51.519| 1168.427|-144.0|   0.0| 1194.8| 0.000|   0.0|  35.568|  47.083| 95.26|   0.0|    0.0|    0.0|E               |
|  0| 8.05|31000.9|  1|10.20|10.25|  33.172|  49.961|  965.457|-144.1|   0.0|  996.3| 0.000|   0.0|  36.282|  46.305| 97.56|   0.0|    0.0|    0.0|E               |
|  0| 8.05|31000.9|  1|21.60|21.64|  34.112|  48.928|  826.024|-144.6|   0.1|  910.0| 0.000|   0.0|  36.834|  45.769|133.54|   0.0|    0.0|    0.0|F1              |
|  0| 8.05|31011.5|  1|21.60|21.65|  34.108|  48.933|  826.642|-144.6|   0.1|  910.7| 0.000|   0.0|  36.838|  45.764|133.55|   0.0|    0.0|    0.0|F1              |
|  0| 8.05|31011.5|  1|13.20|13.28|  33.750|  49.397|  886.333|-144.7|   0.0|  926.4| 0.000|   0.0|  36.582|  46.053|102.09|   0.0|    0.0|    0.0|E               |
|  0| 8.05|31011.5|  1| 6.60| 6.64|  31.631|  51.931| 1221.679|-144.0|   0.0| 1247.4| 0.000|   0.0|  35.396|  47.278| 94.92|   0.0|    0.0|    0.0|E               |
|  0| 8.05|31024.2|  1| 9.60| 9.64|  32.954|  50.207|  998.456|-144.0|   0.0| 1028.2| 0.000|   0.0|  36.149|  46.436| 97.01|   0.0|    0.0|    0.0|E               |
|  0| 8.05|31024.2|  1|21.00|20.96|  32.441|  51.066| 1102.997|-144.6|   0.1| 1213.4| 0.000|   0.0|  34.980|  47.876|132.82|   0.0|    0.0|    0.0|F1              |
|  0| 8.05|31037.6|  1|10.80|10.85|  33.449|  49.782|  936.228|-144.7|   0.0|  968.2| 0.000|   0.0|  36.417|  46.237| 98.14|   0.0|    0.0|    0.0|E               |
|  0| 8.05|31048.2|  1|10.20|10.25|  33.273|  50.008|  965.387|-144.7|   0.0|  996.2| 0.000|   0.0|  36.335|  46.329| 97.56|   0.0|    0.0|    0.0|E               |
|  0| 8.05|31058.8|  1| 6.00| 6.04|  31.451|  52.451| 1279.590|-144.7|   0.0| 1304.7| 0.000|   0.0|  35.292|  47.528| 94.59|   0.0|    0.0|    0.0|E               |
|  0| 8.05|31119.0|  1|27.60|28.16|  32.419|  51.245| 1121.240|-145.0|   0.4| 1313.1| 0.000|   0.0|  35.791|  47.027|176.88|   0.0|    0.0|    0.0|F2              |
+---+-----+-------+---+-----+-----+--------+--------+---------+------+------+-------+------+------+--------+--------+------+------+-------+-------+----------------+
+---+-----+-------+---+-----+-----+--------+--------+---------+------+------+-------+------+------+--------+--------+------+------+-------+-------+----------------+
|0-x| fr  |  time |hop| d0  | d1  |   fi   |  teta  |   dist  |  at  |  dev |   p   |  df  |  l   |   fot  |   tot  |  rot | lsp  |   pf  |    s  |                |
+---+-----+-------+---+-----+-----+--------+--------+---------+------+------+-------+------+------+--------+--------+------+------+-------+-------+----------------+
|  0| 8.05|31119.0|  1|13.80|13.90|  33.848|  49.272|  870.202|-144.7|   0.0|  912.2| 0.000|   0.0|  36.608|  46.023|103.34|   0.0|    0.0|    0.0|E               |
|  0| 8.05|31129.2|  1|28.80|29.34|  33.178|  50.024|  971.111|-144.3|   0.4| 1149.0| 0.000|   0.0|  36.176|  46.476|181.94|   0.0|    0.0|    0.0|F2              |
|  0| 8.05|31129.2|  1|12.60|12.67|  33.729|  49.424|  889.867|-144.7|   0.0|  927.4| 0.000|   0.0|  36.535|  46.104|100.65|   0.0|    0.0|    0.0|E               |
|  0| 8.05|31141.6|  1|15.60|15.69|  34.350|  48.650|  789.308|-144.7|   0.0|  834.5| 0.000|   0.0|  36.926|  45.674|108.07|   0.0|    0.0|    0.0|E               |
|  0| 8.05|31141.6|  1| 0.00| 0.00|   0.000|   0.000|    0.000|   0.0|   0.0|    0.0| 0.000|   0.0|   0.000|   0.000|  0.00|   0.0|    0.0|    0.0|                |
|  0| 8.05|31141.6|  1|13.80|13.90|  33.741|  49.221|  870.099|-144.0|   0.0|  912.1| 0.000|   0.0|  36.552|  45.996|103.33|   0.0|    0.0|    0.0|E               |
|  0| 8.05|31155.4|  1| 7.80| 7.84|  32.362|  51.204| 1119.764|-144.7|   0.0| 1146.9| 0.000|   0.0|  35.768|  46.973| 95.52|   0.0|    0.0|    0.0|E               |
|  0| 8.05|31167.0|  1|22.80|22.78|  33.900|  49.188|  859.922|-144.6|   0.1|  956.8| 0.000|   0.0|  36.649|  45.969|138.44|   0.0|    0.0|    0.0|F1              |
|  0| 8.05|31167.0|  1|10.80|10.85|  33.335|  49.728|  936.125|-144.0|   0.0|  968.1| 0.000|   0.0|  36.324|  46.244| 98.04|   0.0|    0.0|    0.0|E               |
|  0| 8.05|31179.9|  1|10.80|10.85|  33.450|  49.781|  936.061|-144.7|   0.0|  968.1| 0.000|   0.0|  36.385|  46.273| 98.04|   0.0|    0.0|    0.0|E               |
|  0| 8.05|31190.5|  1|25.20|25.30|  33.273|  49.755|  941.400|-143.8|   0.2| 1071.6| 0.000|   0.0|  36.305|  46.248|153.15|   0.0|    0.0|    0.0|F1              |
|  0| 8.05|31190.5|  1|12.60|12.67|  33.617|  49.376|  890.243|-144.0|   0.0|  927.8| 0.000|   0.0|  36.478|  46.077|100.66|   0.0|    0.0|    0.0|E               |
|  0| 8.05|31203.2|  1|12.60|12.67|  33.726|  49.429|  890.459|-144.7|   0.0|  928.0| 0.000|   0.0|  36.568|  46.069|100.72|   0.0|    0.0|    0.0|E               |
|  0| 8.05|31216.0|  1| 6.60| 6.64|  31.632|  51.930| 1221.571|-144.0|   0.0| 1247.3| 0.000|   0.0|  35.396|  47.278| 94.91|   0.0|    0.0|    0.0|E               |
|  0| 8.05|31216.0|  1| 9.60| 9.64|  32.972|  50.215|  998.396|-144.1|   0.0| 1028.2| 0.000|   0.0|  36.158|  46.441| 97.01|   0.0|    0.0|    0.0|E               |
|  0| 8.05|31228.7|  1|12.00|12.07|  33.706|  49.454|  893.767|-144.7|   0.0|  928.8| 0.000|   0.0|  36.533|  46.107| 99.56|   0.0|    0.0|    0.0|E               |
|  0| 8.05|31239.3|  1|12.00|12.06|  33.596|  49.404|  893.791|-144.0|   0.0|  928.9| 0.000|   0.0|  36.475|  46.080| 99.56|   0.0|    0.0|    0.0|E               |
|  0| 8.05|31252.8|  1| 8.40| 8.44|  32.490|  50.800| 1075.431|-144.0|   0.0| 1103.4| 0.000|   0.0|  35.894|  46.718| 96.07|   0.0|    0.0|    0.0|E               |
|  0| 8.05|31263.4|  1|11.40|11.46|  33.600|  49.590|  911.339|-144.7|   0.0|  944.7| 0.000|   0.0|  36.494|  46.151| 98.79|   0.0|    0.0|    0.0|E               |
|  0| 8.05|31263.4|  1| 5.40| 5.44|  30.938|  52.874| 1342.957|-144.0|   0.0| 1367.6| 0.000|   0.0|  34.979|  47.757| 94.25|   0.0|    0.0|    0.0|E               |
+---+-----+-------+---+-----+-----+--------+--------+---------+------+------+-------+------+------+--------+--------+------+------+-------+-------+----------------+
+---+-----+-------+---+-----+-----+--------+--------+---------+------+------+-------+------+------+--------+--------+------+------+-------+-------+----------------+
|0-x| fr  |  time |hop| d0  | d1  |   fi   |  teta  |   dist  |  at  |  dev |   p   |  df  |  l   |   fot  |   tot  |  rot | lsp  |   pf  |    s  |                |
+---+-----+-------+---+-----+-----+--------+--------+---------+------+------+-------+------+------+--------+--------+------+------+-------+-------+----------------+
|  0| 8.05|31273.9|  1|10.20|10.25|  33.156|  49.952|  965.280|-144.0|   0.0|  996.1| 0.000|   0.0|  36.273|  46.300| 97.55|   0.0|    0.0|    0.0|E               |
|  0| 8.05|31273.9|  1|24.00|23.99|  33.645|  49.499|  900.671|-144.6|   0.1| 1013.1| 0.000|   0.0|  36.340|  46.307|144.45|   0.0|    0.0|    0.0|F1              |
|  0| 8.05|31296.9|  1|10.20|10.25|  33.156|  49.952|  965.264|-144.0|   0.0|  996.1| 0.000|   0.0|  36.273|  46.300| 97.55|   0.0|    0.0|    0.0|E               |
|  0| 8.05|31296.9|  1|23.40|23.39|  33.740|  49.411|  888.174|-144.7|   0.1|  993.6| 0.000|   0.0|  36.530|  46.112|141.58|   0.0|    0.0|    0.0|F1              |
|  0| 8.05|31308.5|  1| 9.00| 9.04|  32.733|  50.488| 1035.016|-144.0|   0.0| 1063.8| 0.000|   0.0|  35.985|  46.617| 96.40|   0.0|    0.0|    0.0|E               |
|  0| 8.05|31331.5|  1| 7.20| 7.24|  31.941|  51.518| 1168.321|-144.0|   0.0| 1194.7| 0.000|   0.0|  35.568|  47.083| 95.25|   0.0|    0.0|    0.0|E               |
|  0| 8.05|31342.8|  1|10.80|10.85|  33.336|  49.727|  935.910|-144.0|   0.0|  967.9| 0.000|   0.0|  36.324|  46.244| 98.03|   0.0|    0.0|    0.0|E               |
|  0| 8.05|31354.2|  1|10.20|10.25|  33.156|  49.952|  965.226|-144.0|   0.0|  996.0| 0.000|   0.0|  36.273|  46.300| 97.55|   0.0|    0.0|    0.0|E               |
|  0| 8.05|31364.7|  1|11.40|11.46|  33.488|  49.538|  911.252|-144.0|   0.0|  944.6| 0.000|   0.0|  36.436|  46.123| 98.78|   0.0|    0.0|    0.0|E               |
|  0| 8.05|31377.5|  1|11.40|11.46|  33.488|  49.537|  911.233|-144.0|   0.0|  944.6| 0.000|   0.0|  36.436|  46.123| 98.78|   0.0|    0.0|    0.0|E               |
|  0| 8.05|31389.9|  1|10.80|10.85|  33.336|  49.726|  935.853|-144.0|   0.0|  967.8| 0.000|   0.0|  36.324|  46.244| 98.03|   0.0|    0.0|    0.0|E               |
|  0| 8.05|31401.5|  1| 8.40| 8.44|  32.491|  50.800| 1075.418|-144.0|   0.0| 1103.3| 0.000|   0.0|  35.894|  46.718| 96.07|   0.0|    0.0|    0.0|E               |
|  0| 8.05|31413.2|  1| 9.00| 9.04|  32.733|  50.488| 1035.005|-144.0|   0.0| 1063.8| 0.000|   0.0|  35.985|  46.617| 96.40|   0.0|    0.0|    0.0|E               |
|  0| 8.05|31424.8|  1| 0.00| 0.00|   0.000|   0.000|    0.000|   0.0|   0.0|    0.0| 0.000|   0.0|   0.000|   0.000|  0.00|   0.0|    0.0|    0.0|                |
|  0| 8.05|31424.8|  1|12.00|12.07|  33.596|  49.403|  893.762|-144.0|   0.0|  928.8| 0.000|   0.0|  36.508|  46.044| 99.61|   0.0|    0.0|    0.0|E               |
|  0| 8.05|31436.5|  1|11.40|11.46|  33.489|  49.537|  911.144|-144.0|   0.0|  944.5| 0.000|   0.0|  36.436|  46.123| 98.78|   0.0|    0.0|    0.0|E               |
|  0| 8.05|31449.9|  1|12.60|12.67|  33.604|  49.393|  892.450|-144.0|   0.0|  930.1| 0.000|   0.0|  36.478|  46.077|100.70|   0.0|    0.0|    0.0|E               |
|  0| 8.05|31464.8|  1|17.40|17.62|  34.954|  47.919|  693.734|-144.7|   0.0|  740.4| 0.000|   0.0|  37.260|  45.312|108.65|   0.0|    0.0|    0.0|E               |
|  0| 8.05|31475.3|  1|13.80|13.90|  33.793|  49.159|  861.944|-144.0|   0.0|  903.4| 0.000|   0.0|  36.617|  45.926|103.28|   0.0|    0.0|    0.0|E               |
|  0| 8.05|31487.0|  1| 7.80| 7.84|  32.363|  51.204| 1119.711|-144.7|   0.0| 1146.8| 0.000|   0.0|  35.768|  46.973| 95.52|   0.0|    0.0|    0.0|E               |
+---+-----+-------+---+-----+-----+--------+--------+---------+------+------+-------+------+------+--------+--------+------+------+-------+-------+----------------+
+---+-----+-------+---+-----+-----+--------+--------+---------+------+------+-------+------+------+--------+--------+------+------+-------+-------+----------------+
|0-x| fr  |  time |hop| d0  | d1  |   fi   |  teta  |   dist  |  at  |  dev |   p   |  df  |  l   |   fot  |   tot  |  rot | lsp  |   pf  |    s  |                |
+---+-----+-------+---+-----+-----+--------+--------+---------+------+------+-------+------+------+--------+--------+------+------+-------+-------+----------------+
|  0| 8.05|31497.6|  1| 0.00| 0.00|   0.000|   0.000|    0.000|   0.0|   0.0|    0.0| 0.000|   0.0|   0.000|   0.000|  0.00|   0.0|    0.0|    0.0|                |
|  0| 8.05|31497.6|  1|12.00|12.07|  33.596|  49.403|  893.749|-144.0|   0.0|  928.8| 0.000|   0.0|  36.508|  46.044| 99.61|   0.0|    0.0|    0.0|E               |
|  0| 8.05|31509.3|  1|12.00|12.07|  33.707|  49.454|  893.727|-144.7|   0.0|  928.8| 0.000|   0.0|  36.566|  46.071| 99.61|   0.0|    0.0|    0.0|E               |
|  0| 8.05|31509.3|  1|14.40|14.47|  33.531|  49.479|  903.794|-144.0|   0.0|  950.8| 0.000|   0.0|  36.510|  46.041|107.61|   0.0|    0.0|    0.0|E               |
|  0| 8.05|31519.8|  1|10.20|10.25|  33.275|  50.005|  965.079|-144.7|   0.0|  995.9| 0.000|   0.0|  36.302|  46.366| 97.49|   0.0|    0.0|    0.0|E               |
|  0| 8.05|31519.8|  1|19.80|20.65|  35.341|  47.322|  620.682|-143.9|   0.1|  673.5| 0.000|   0.0|  37.441|  45.054|110.15|   0.0|    0.0|    0.0|Es              |
|  0| 8.05|31519.8|  1| 0.00| 0.00|   0.000|   0.000|    0.000|   0.0|   0.0|    0.0| 0.000|   0.0|   0.000|   0.000|  0.00|   0.0|    0.0|    0.0|                |
|  0| 8.05|31532.7|  1|13.20|13.27|  33.864|  49.441|  885.657|-145.4|   0.0|  925.7| 0.000|   0.0|  36.608|  46.115|102.06|   0.0|    0.0|    0.0|E               |
|  0| 8.05|31532.7|  1| 0.00| 0.00|   0.000|   0.000|    0.000|   0.0|   0.0|    0.0| 0.000|   0.0|   0.000|   0.000|  0.00|   0.0|    0.0|    0.0|                |
|  0| 8.05|31532.7|  1|16.80|16.96|  34.787|  48.120|  719.999|-144.7|   0.0|  765.8| 0.000|   0.0|  37.170|  45.409|108.39|   0.0|    0.0|    0.0|E               |
|  0| 8.05|31543.3|  1| 7.80| 7.84|  32.363|  51.204| 1119.702|-144.7|   0.0| 1146.8| 0.000|   0.0|  35.768|  46.973| 95.51|   0.0|    0.0|    0.0|E               |
|  0| 8.05|31553.9|  1|18.00|18.30|  35.113|  47.729|  668.954|-144.7|   0.0|  716.5| 0.000|   0.0|  37.341|  45.225|108.87|   0.0|    0.0|    0.0|E               |
|  0| 8.05|31564.5|  1|24.60|24.77|  30.660|  52.574| 1326.901|-142.3|   0.3| 1506.8| 0.000|   0.0|  33.191|  49.466|147.29|   0.0|    0.0|    0.0|F1              |
|  0| 8.05|31575.8|  1| 9.00| 9.05|  32.877|  50.554| 1034.948|-144.8|   0.0| 1063.8| 0.000|   0.0|  36.061|  46.653| 96.39|   0.0|    0.0|    0.0|E               |
|  0| 8.05|31588.5|  1|18.60|19.01|  35.088|  47.488|  647.533|-143.2|   0.1|  696.3| 0.000|   0.0|  37.319|  45.118|109.16|   0.0|    0.0|    0.0|E               |
|  0| 8.05|31588.5|  1|14.40|14.47|  33.521|  49.490|  905.269|-144.0|   0.0|  952.4| 0.000|   0.0|  36.510|  46.041|107.60|   0.0|    0.0|    0.0|E               |
|  0| 8.05|31588.5|  1|10.20|10.25|  33.276|  50.005|  965.045|-144.7|   0.0|  995.9| 0.000|   0.0|  36.302|  46.366| 97.48|   0.0|    0.0|    0.0|E               |
|  0| 8.05|31601.3|  1| 9.00| 9.05|  32.859|  50.546| 1034.951|-144.7|   0.0| 1063.8| 0.000|   0.0|  36.052|  46.649| 96.39|   0.0|    0.0|    0.0|E               |
|  0| 8.05|31614.8|  1|12.00|12.07|  33.597|  49.403|  893.725|-144.0|   0.0|  928.8| 0.000|   0.0|  36.508|  46.044| 99.61|   0.0|    0.0|    0.0|E               |
|  0| 8.05|31614.8|  1| 7.20| 7.24|  32.083|  51.581| 1168.200|-144.7|   0.0| 1194.6| 0.000|   0.0|  35.643|  47.118| 95.24|   0.0|    0.0|    0.0|E               |
+---+-----+-------+---+-----+-----+--------+--------+---------+------+------+-------+------+------+--------+--------+------+------+-------+-------+----------------+
+---+-----+-------+---+-----+-----+--------+--------+---------+------+------+-------+------+------+--------+--------+------+------+-------+-------+----------------+
|0-x| fr  |  time |hop| d0  | d1  |   fi   |  teta  |   dist  |  at  |  dev |   p   |  df  |  l   |   fot  |   tot  |  rot | lsp  |   pf  |    s  |                |
+---+-----+-------+---+-----+-----+--------+--------+---------+------+------+-------+------+------+--------+--------+------+------+-------+-------+----------------+
|  0| 8.05|31626.4|  1|26.40|26.68|  33.110|  50.147|  985.857|-144.5|   0.2| 1136.7| 0.000|   0.0|  36.049|  46.625|161.41|   0.0|    0.0|    0.0|F1              |
|  0| 8.05|31651.9|  1|19.20|19.74|  35.380|  47.412|  627.416|-144.6|   0.1|  677.4| 0.000|   0.0|  37.464|  45.094|109.43|   0.0|    0.0|    0.0|E               |
|  0| 8.05|31673.8|  1|27.60|28.20|  32.193|  51.337| 1139.905|-144.4|   0.4| 1335.6| 0.000|   0.0|  35.589|  47.157|176.37|   0.0|    0.0|    0.0|F2              |
|  0| 8.05|31673.8|  1|11.40|11.46|  33.603|  49.586|  910.789|-144.7|   0.0|  944.1| 0.000|   0.0|  36.462|  46.187| 98.66|   0.0|    0.0|    0.0|E               |
|  0| 8.05|31684.5|  1|13.20|13.27|  33.646|  49.340|  885.544|-144.0|   0.0|  925.6| 0.000|   0.0|  36.492|  46.061|102.06|   0.0|    0.0|    0.0|E               |
|  0| 8.05|31696.9|  1|26.40|26.69|  33.354|  50.258|  985.990|-145.9|   0.2| 1136.9| 0.000|   0.0|  36.184|  46.687|161.37|   0.0|    0.0|    0.0|F1              |
|  0| 8.05|31696.9|  1|23.40|23.19|  31.807|  52.169| 1236.887|-145.2|   0.2| 1387.6| 0.000|   0.0|  34.339|  48.806|141.45|   0.0|    0.0|    0.0|F1              |
|  0| 8.05|31696.9|  1|17.40|17.62|  34.967|  47.905|  691.851|-144.7|   0.0|  738.4| 0.000|   0.0|  37.260|  45.312|108.56|   0.0|    0.0|    0.0|E               |
|  0| 8.05|31696.9|  1|13.20|13.27|  33.646|  49.340|  885.522|-144.0|   0.0|  925.5| 0.000|   0.0|  36.492|  46.061|102.06|   0.0|    0.0|    0.0|E               |
|  0| 8.05|31707.5|  1|12.60|12.67|  33.589|  49.411|  894.760|-144.0|   0.0|  932.6| 0.000|   0.0|  36.478|  46.077|100.73|   0.0|    0.0|    0.0|E               |
|  0| 8.05|31719.9|  1| 0.00| 0.00|   0.000|   0.000|    0.000|   0.0|   0.0|    0.0| 0.000|   0.0|   0.000|   0.000|  0.00|   0.0|    0.0|    0.0|                |
|  0| 8.05|31730.5|  1| 0.00| 0.00|   0.000|   0.000|    0.000|   0.0|   0.0|    0.0| 0.000|   0.0|   0.000|   0.000|  0.00|   0.0|    0.0|    0.0|                |
|  0| 8.05|31730.5|  1|24.00|24.02|  31.440|  52.387| 1273.977|-144.5|   0.2| 1437.8| 0.000|   0.0|  33.968|  49.087|144.55|   0.0|    0.0|    0.0|F1              |
|  0| 8.05|31754.7|  1| 7.20| 7.25|  32.083|  51.581| 1168.156|-144.7|   0.0| 1194.5| 0.000|   0.0|  35.643|  47.118| 95.24|   0.0|    0.0|    0.0|E               |
|  0| 8.05|31754.7|  1|17.40|17.63|  34.882|  47.862|  691.556|-144.0|   0.0|  738.1| 0.000|   0.0|  37.216|  45.290|108.54|   0.0|    0.0|    0.0|E               |
|  0| 8.05|31766.4|  1|19.80|20.54|  35.258|  47.174|  610.756|-142.5|   0.1|  662.4| 0.000|   0.0|  37.395|  44.981|109.84|   0.0|    0.0|    0.0|Es              |
|  0| 8.05|31766.4|  1| 7.80| 7.84|  32.093|  51.079| 1119.746|-143.3|   0.0| 1146.9| 0.000|   0.0|  35.625|  46.905| 95.51|   0.0|    0.0|    0.0|E               |
|  0| 8.05|31766.4|  1|17.40|17.63|  34.883|  47.861|  691.474|-144.0|   0.0|  738.0| 0.000|   0.0|  37.216|  45.290|108.54|   0.0|    0.0|    0.0|E               |
|  0| 8.05|31780.2|  1|12.00|12.07|  33.597|  49.403|  893.684|-144.0|   0.0|  928.8| 0.000|   0.0|  36.508|  46.044| 99.60|   0.0|    0.0|    0.0|E               |
|  0| 8.05|31792.0|  1| 0.00| 0.00|   0.000|   0.000|    0.000|   0.0|   0.0|    0.0| 0.000|   0.0|   0.000|   0.000|  0.00|   0.0|    0.0|    0.0|                |
+---+-----+-------+---+-----+-----+--------+--------+---------+------+------+-------+------+------+--------+--------+------+------+-------+-------+----------------+
+---+-----+-------+---+-----+-----+--------+--------+---------+------+------+-------+------+------+--------+--------+------+------+-------+-------+----------------+
|0-x| fr  |  time |hop| d0  | d1  |   fi   |  teta  |   dist  |  at  |  dev |   p   |  df  |  l   |   fot  |   tot  |  rot | lsp  |   pf  |    s  |                |
+---+-----+-------+---+-----+-----+--------+--------+---------+------+------+-------+------+------+--------+--------+------+------+-------+-------+----------------+
|  0| 8.05|31792.0|  1|16.20|16.31|  34.510|  48.299|  749.102|-144.0|   0.0|  794.2| 0.000|   0.0|  37.013|  45.504|108.07|   0.0|    0.0|    0.0|E               |
|  0| 8.05|31805.8|  1| 7.20| 7.24|  31.942|  51.517| 1168.184|-144.0|   0.0| 1194.6| 0.000|   0.0|  35.568|  47.083| 95.24|   0.0|    0.0|    0.0|E               |
|  0| 8.05|31820.7|  1| 5.40| 5.45|  30.941|  52.871| 1342.547|-144.0|   0.0| 1367.2| 0.000|   0.0|  34.979|  47.757| 94.23|   0.0|    0.0|    0.0|E               |
|  0| 8.05|31820.7|  1|26.40|27.08|  30.191|  54.066| 1491.137|-144.3|   0.4| 1727.4| 0.000|   0.0|  32.874|  50.434|159.87|   0.0|    0.0|    0.0|F1              |
|  0| 8.05|31834.7|  1| 9.00| 9.05|  32.859|  50.546| 1034.928|-144.7|   0.0| 1063.7| 0.000|   0.0|  36.052|  46.649| 96.39|   0.0|    0.0|    0.0|E               |
|  0| 8.05|31834.7|  1| 6.00| 6.04|  31.300|  52.378| 1279.251|-144.0|   0.0| 1304.4| 0.000|   0.0|  35.179|  47.526| 94.50|   0.0|    0.0|    0.0|E               |
|  0| 8.05|31846.4|  1| 9.60| 9.65|  33.077|  50.261|  998.200|-144.7|   0.0| 1028.0| 0.000|   0.0|  36.213|  46.466| 96.99|   0.0|    0.0|    0.0|E               |
|  0| 8.05|31846.4|  1|12.60|12.67|  33.581|  49.421|  896.125|-144.0|   0.0|  934.0| 0.000|   0.0|  36.478|  46.077|100.75|   0.0|    0.0|    0.0|E               |
|  0| 8.05|31886.9|  1|21.00|21.50|  30.576|  53.303| 1400.391|-143.8|   0.2| 1544.9| 0.000|   0.0|  32.325|  50.963|114.35|   0.0|    0.0|    0.0|Es              |
|  0| 8.05|31886.9|  1| 9.60| 9.65|  33.077|  50.261|  998.189|-144.7|   0.0| 1028.0| 0.000|   0.0|  36.213|  46.466| 96.99|   0.0|    0.0|    0.0|E               |
|  0| 8.05|31897.5|  1| 0.00| 0.00|   0.000|   0.000|    0.000|   0.0|   0.0|    0.0| 0.000|   0.0|   0.000|   0.000|  0.00|   0.0|    0.0|    0.0|                |
|  0| 8.05|31897.5|  1|15.60|15.66|  34.381|  48.613|  784.441|-144.7|   0.0|  829.2| 0.000|   0.0|  36.958|  45.639|107.92|   0.0|    0.0|    0.0|E               |
|  0| 8.05|31908.0|  1| 9.00| 9.05|  32.859|  50.546| 1034.921|-144.7|   0.0| 1063.7| 0.000|   0.0|  36.052|  46.649| 96.39|   0.0|    0.0|    0.0|E               |
|  0| 8.05|31920.8|  1|15.00|15.04|  33.995|  48.914|  829.845|-144.0|   0.0|  874.9| 0.000|   0.0|  36.743|  45.791|107.70|   0.0|    0.0|    0.0|E               |
|  0| 8.05|31931.4|  1| 0.00| 0.00|   0.000|   0.000|    0.000|   0.0|   0.0|    0.0| 0.000|   0.0|   0.000|   0.000|  0.00|   0.0|    0.0|    0.0|                |
|  0| 8.05|31944.2|  1|23.40|23.67|  27.799|  57.273| 1909.375|-143.6|   0.4| 2151.7| 0.000|   0.0|  30.114|  53.900|142.53|   0.0|    0.0|    0.0|F1              |
|  0| 8.05|31955.9|  1|15.60|15.66|  34.383|  48.612|  784.219|-144.7|   0.0|  829.0| 0.000|   0.0|  36.958|  45.639|107.91|   0.0|    0.0|    0.0|E               |
|  0| 8.05|31968.7|  1|10.20|10.25|  33.277|  50.003|  964.810|-144.7|   0.0|  995.6| 0.000|   0.0|  36.302|  46.366| 97.47|   0.0|    0.0|    0.0|E               |
|  0| 8.05|31979.3|  1| 7.20| 7.25|  32.084|  51.580| 1168.084|-144.7|   0.0| 1194.5| 0.000|   0.0|  35.611|  47.155| 95.13|   0.0|    0.0|    0.0|E               |
|  0| 8.05|31992.0|  1|13.20|13.26|  33.759|  49.386|  884.893|-144.7|   0.0|  924.9| 0.000|   0.0|  36.582|  46.053|102.14|   0.0|    0.0|    0.0|E               |
+---+-----+-------+---+-----+-----+--------+--------+---------+------+------+-------+------+------+--------+--------+------+------+-------+-------+----------------+
+---+-----+-------+---+-----+-----+--------+--------+---------+------+------+-------+------+------+--------+--------+------+------+-------+-------+----------------+
|0-x| fr  |  time |hop| d0  | d1  |   fi   |  teta  |   dist  |  at  |  dev |   p   |  df  |  l   |   fot  |   tot  |  rot | lsp  |   pf  |    s  |                |
+---+-----+-------+---+-----+-----+--------+--------+---------+------+------+-------+------+------+--------+--------+------+------+-------+-------+----------------+
|  0| 8.05|32027.0|  1|10.80|10.86|  33.456|  49.773|  935.074|-144.7|   0.0|  967.0| 0.000|   0.0|  36.417|  46.237| 98.09|   0.0|    0.0|    0.0|E               |
|  0| 8.05|32038.3|  1|11.40|11.46|  33.606|  49.582|  910.277|-144.7|   0.0|  943.6| 0.000|   0.0|  36.462|  46.187| 98.64|   0.0|    0.0|    0.0|E               |
|  0| 8.05|32038.3|  1|24.60|24.71|  31.092|  52.607| 1310.438|-143.9|   0.2| 1487.7| 0.000|   0.0|  33.719|  49.233|147.80|   0.0|    0.0|    0.0|F1              |
|  0| 8.05|32050.0|  1|11.40|11.46|  33.606|  49.582|  910.261|-144.7|   0.0|  943.6| 0.000|   0.0|  36.462|  46.187| 98.64|   0.0|    0.0|    0.0|E               |
|  0| 8.05|32071.2|  1|13.20|13.26|  33.760|  49.384|  884.746|-144.7|   0.0|  924.7| 0.000|   0.0|  36.582|  46.053|102.15|   0.0|    0.0|    0.0|E               |
|  0| 8.05|32083.6|  1|10.20|10.25|  33.159|  49.948|  964.766|-144.0|   0.0|  995.6| 0.000|   0.0|  36.240|  46.336| 97.47|   0.0|    0.0|    0.0|E               |
|  0| 8.05|32096.0|  1| 7.80| 7.85|  32.363|  51.203| 1119.608|-144.7|   0.0| 1146.7| 0.000|   0.0|  35.768|  46.973| 95.50|   0.0|    0.0|    0.0|E               |
|  0| 8.05|32107.7|  1|13.80|13.90|  33.855|  49.084|  852.103|-144.0|   0.0|  893.0| 0.000|   0.0|  36.650|  45.890|103.15|   0.0|    0.0|    0.0|E               |
|  0| 8.05|32119.3|  1|15.00|15.03|  34.012|  48.918|  829.529|-144.1|   0.0|  874.5| 0.000|   0.0|  36.767|  45.777|107.73|   0.0|    0.0|    0.0|E               |
|  0| 8.05|32119.3|  1|13.20|13.26|  33.761|  49.384|  884.642|-144.7|   0.0|  924.6| 0.000|   0.0|  36.614|  46.017|102.17|   0.0|    0.0|    0.0|E               |
|  0| 8.05|32131.1|  1| 7.80| 7.85|  32.228|  51.141| 1119.640|-144.0|   0.0| 1146.8| 0.000|   0.0|  35.696|  46.939| 95.50|   0.0|    0.0|    0.0|E               |
|  0| 8.05|32131.1|  1|14.40|14.80|  30.332|  53.979| 1476.555|-144.6|   0.1| 1561.9| 0.000|   0.0|  32.839|  50.540|107.58|   0.0|    0.0|    0.0|E               |
|  0| 8.05|32131.1|  1|24.60|24.73|  31.395|  52.721| 1308.211|-145.2|   0.2| 1485.2| 0.000|   0.0|  33.929|  49.313|147.76|   0.0|    0.0|    0.0|F1              |
|  0| 8.05|32143.8|  1|15.00|15.03|  34.100|  48.958|  829.399|-144.7|   0.0|  874.4| 0.000|   0.0|  36.812|  45.798|107.73|   0.0|    0.0|    0.0|E               |
|  0| 8.05|32156.6|  1|12.00|12.08|  33.598|  49.402|  893.566|-144.0|   0.0|  928.6| 0.000|   0.0|  36.475|  46.080| 99.53|   0.0|    0.0|    0.0|E               |
|  0| 8.05|32156.6|  1|16.80|16.95|  34.810|  48.093|  716.513|-144.7|   0.0|  762.1| 0.000|   0.0|  37.186|  45.392|108.23|   0.0|    0.0|    0.0|E               |
|  0| 8.05|32167.1|  1| 9.60| 9.65|  33.078|  50.261|  998.116|-144.7|   0.0| 1027.9| 0.000|   0.0|  36.213|  46.466| 96.98|   0.0|    0.0|    0.0|E               |
|  0| 8.05|32178.8|  1| 5.40| 5.45|  30.783|  52.795| 1342.337|-143.3|   0.0| 1367.0| 0.000|   0.0|  34.894|  47.717| 94.21|   0.0|    0.0|    0.0|E               |
|  0| 8.05|32215.9|  1|21.00|22.06|  35.926|  47.154|  579.779|-146.8|   0.1|  634.6| 0.000|   0.0|  37.743|  44.983|110.41|   0.0|    0.0|    0.0|Es              |
|  0| 8.05|32215.9|  1|18.00|18.30|  35.314|  47.770|  664.158|-146.1|   0.0|  711.3| 0.000|   0.0|  37.436|  45.257|108.61|   0.0|    0.0|    0.0|E               |
+---+-----+-------+---+-----+-----+--------+--------+---------+------+------+-------+------+------+--------+--------+------+------+-------+-------+----------------+
+---+-----+-------+---+-----+-----+--------+--------+---------+------+------+-------+------+------+--------+--------+------+------+-------+-------+----------------+
|0-x| fr  |  time |hop| d0  | d1  |   fi   |  teta  |   dist  |  at  |  dev |   p   |  df  |  l   |   fot  |   tot  |  rot | lsp  |   pf  |    s  |                |
+---+-----+-------+---+-----+-----+--------+--------+---------+------+------+-------+------+------+--------+--------+------+------+-------+-------+----------------+
|  0| 8.05|32215.9|  1|13.20|13.26|  33.872|  49.431|  884.384|-145.4|   0.0|  924.3| 0.000|   0.0|  36.671|  46.043|102.18|   0.0|    0.0|    0.0|E               |
|  0| 8.05|32215.9|  1| 7.80| 7.85|  32.364|  51.203| 1119.588|-144.7|   0.0| 1146.7| 0.000|   0.0|  35.768|  46.973| 95.50|   0.0|    0.0|    0.0|E               |
|  0| 8.05|32238.1|  1|13.20|13.26|  33.762|  49.382|  884.401|-144.7|   0.0|  924.3| 0.000|   0.0|  36.614|  46.017|102.18|   0.0|    0.0|    0.0|E               |
|  0| 8.05|32238.1|  1| 7.80| 7.85|  32.228|  51.141| 1119.621|-144.0|   0.0| 1146.7| 0.000|   0.0|  35.696|  46.939| 95.50|   0.0|    0.0|    0.0|E               |
|  0| 8.05|32248.7|  1|32.40|33.38|  33.395|  49.325|  895.481|-142.8|   0.5| 1104.5| 0.000|   0.0|  36.367|  46.070|197.74|   0.0|    0.0|    0.0|F2              |
|  0| 8.05|32248.7|  1| 9.60| 9.65|  32.956|  50.205|  998.124|-144.0|   0.0| 1027.9| 0.000|   0.0|  36.149|  46.436| 96.98|   0.0|    0.0|    0.0|E               |
|  0| 8.05|32248.7|  1|31.20|32.02|  33.343|  49.409|  905.684|-142.8|   0.5| 1100.6| 0.000|   0.0|  36.370|  46.072|192.01|   0.0|    0.0|    0.0|F2              |
|  0| 8.05|32248.7|  1|10.80|10.86|  33.343|  49.719|  934.852|-144.0|   0.0|  966.8| 0.000|   0.0|  36.357|  46.208| 98.08|   0.0|    0.0|    0.0|E               |
|  0| 8.05|32272.0|  1|13.20|13.26|  33.889|  49.437|  884.263|-145.5|   0.0|  924.2| 0.000|   0.0|  36.679|  46.047|102.18|   0.0|    0.0|    0.0|E               |
|  0| 8.05|32272.0|  1|18.60|19.01|  35.467|  47.600|  641.499|-146.2|   0.0|  689.7| 0.000|   0.0|  37.510|  45.183|108.82|   0.0|    0.0|    0.0|E               |
|  0| 8.05|32282.7|  1|26.40|27.13|  29.958|  53.743| 1470.477|-142.9|   0.4| 1703.8| 0.000|   0.0|  32.633|  50.305|159.64|   0.0|    0.0|    0.0|F1              |
|  0| 8.05|32294.4|  1|15.60|15.64|  34.291|  48.559|  783.294|-144.0|   0.0|  827.9| 0.000|   0.0|  36.916|  45.606|107.87|   0.0|    0.0|    0.0|E               |
|  0| 8.05|32304.9|  1| 0.00| 0.00|   0.000|   0.000|    0.000|   0.0|   0.0|    0.0| 0.000|   0.0|   0.000|   0.000|  0.00|   0.0|    0.0|    0.0|                |
|  0| 8.05|32304.9|  1|18.60|19.02|  35.212|  47.483|  641.454|-144.0|   0.0|  689.6| 0.000|   0.0|  37.377|  45.121|108.82|   0.0|    0.0|    0.0|E               |
|  0| 8.05|32304.9|  1|12.00|12.08|  33.708|  49.453|  893.507|-144.7|   0.0|  928.6| 0.000|   0.0|  36.533|  46.107| 99.52|   0.0|    0.0|    0.0|E               |
|  0| 8.05|32315.5|  1|17.40|17.61|  34.990|  47.879|  688.479|-144.7|   0.0|  734.7| 0.000|   0.0|  37.277|  45.294|108.39|   0.0|    0.0|    0.0|E               |
|  0| 8.05|32328.3|  1|13.80|13.90|  33.662|  48.966|  849.747|-142.6|   0.0|  890.5| 0.000|   0.0|  36.541|  45.837|103.10|   0.0|    0.0|    0.0|E               |
|  0| 8.05|32328.3|  1|16.20|16.28|  34.431|  48.239|  747.019|-143.3|   0.0|  791.9| 0.000|   0.0|  36.990|  45.454|108.02|   0.0|    0.0|    0.0|E               |
|  0| 8.05|32328.3|  1|25.80|26.44|  31.275|  53.528| 1392.212|-146.6|   0.3| 1602.1| 0.000|   0.0|  33.745|  49.970|155.45|   0.0|    0.0|    0.0|F1              |
|  0| 8.05|32341.1|  1|28.80|29.93|  29.745|  53.950| 1500.001|-142.7|   0.6| 1786.1| 0.000|   0.0|  32.424|  50.522|178.98|   0.0|    0.0|    0.0|F2              |
+---+-----+-------+---+-----+-----+--------+--------+---------+------+------+-------+------+------+--------+--------+------+------+-------+-------+----------------+
+---+-----+-------+---+-----+-----+--------+--------+---------+------+------+-------+------+------+--------+--------+------+------+-------+-------+----------------+
|0-x| fr  |  time |hop| d0  | d1  |   fi   |  teta  |   dist  |  at  |  dev |   p   |  df  |  l   |   fot  |   tot  |  rot | lsp  |   pf  |    s  |                |
+---+-----+-------+---+-----+-----+--------+--------+---------+------+------+-------+------+------+--------+--------+------+------+-------+-------+----------------+
|  0| 8.05|32341.1|  1|11.40|11.47|  33.609|  49.579|  909.830|-144.7|   0.0|  943.1| 0.000|   0.0|  36.494|  46.151| 98.73|   0.0|    0.0|    0.0|E               |
|  0| 8.05|32363.3|  1|21.00|22.00|  35.805|  47.039|  573.922|-145.3|   0.1|  627.9| 0.000|   0.0|  37.675|  44.928|110.22|   0.0|    0.0|    0.0|Es              |
|  0| 8.05|32363.3|  1|18.60|19.01|  35.295|  47.517|  641.069|-144.7|   0.0|  689.2| 0.000|   0.0|  37.419|  45.141|108.79|   0.0|    0.0|    0.0|E               |
|  0| 8.05|32376.1|  1|18.00|18.30|  35.150|  47.689|  663.486|-144.7|   0.0|  710.6| 0.000|   0.0|  37.349|  45.217|108.56|   0.0|    0.0|    0.0|E               |
+---+-----+-------+---+-----+-----+--------+--------+---------+------+------+-------+------+------+--------+--------+------+------+-------+-------+----------------+