
delt0=     0.1  eps=   1e-05  ep=   1e-06  ep1=   0.001
Geomagnetic Field - const
fh= 1.34  i=  65.2  d=   6.8
Number TID: 1
Tid Parametres
  delt   lamb     t     b      a     fi
0.000   200.0  20.0 -45.0   45.0   0.000
delta=-0.000  r0= 200.0  lon=  39.000 lat=  55.000
Beta=  20.0  Alfa=   0.0 aX=  20.0 aY= 100.0 aZ=  20.0

lonIon=  40.000 latIon=  47.500 it=15.00 h_tec=450.0  TEC= 9.10000e+16
lonIon=  40.000 latIon=  47.500 it=15.25 h_tec=450.0  TEC= 9.10000e+16
lonIon=  40.000 latIon=  47.500 it=15.50 h_tec=450.0  TEC= 9.10000e+16
lonIon=  40.000 latIon=  47.500 it=15.75 h_tec=450.0  TEC= 9.10000e+16

Number diff. equation: 6

+==============================================================================+
|   Medium characteristics Sunspot number=  63.5 IG=  63.5   GMT time:15:00    |
|------------------------------------------------------------------------------|
|   S   | fh |  I  |   D  | fd |  hd | fe |  he | ff1 | hf1 | ff2 | hf2 |   Hi |
|-------+----+-----+------+----+-----+----+-----+-----+-----+-----+-----+------|
|    0.0|1.25| 58.8|   3.1|0.18| 81.7|2.18|110.0| 0.00|  0.0| 7.45|270.8|  76.5|
+==============================================================================+

+==================================+
|       Es-layer parametres        |
|----------------------------------|
|   S   | hEs | fbEs | f0Es | P Es |
|-------+-----+------+------+------|
|    0.0|112.6| 2.52 | 2.83 | 63.7 |
+==================================+

|  0| 8.05|54003.2|  1|32.40|32.94|  34.859|  48.438|  747.260|-146.5|  -0.4|  917.8| 0.000|   0.0|  37.119|  45.619|206.89|   0.0|    0.0|    0.0|F2              |
|  0| 8.05|54003.2|  1|10.20|11.22|  31.321|  52.398| 1280.180|-144.1|  -0.1| 1329.2| 0.000|   0.0|  35.075|  47.647|110.38|   0.0|    0.0|    0.0|F2              |
|  0| 8.05|54013.9|  1|30.00|30.58|  34.251|  48.703|  798.591|-144.4|  -0.4|  955.9| 0.000|   0.0|  36.804|  45.728|202.87|   0.0|    0.0|    0.0|F2              |
|  0| 8.05|54013.9|  1| 8.40| 8.69|  32.078|  51.351| 1146.291|-144.0|  -0.0| 1177.8| 0.000|   0.0|  35.555|  47.098|100.09|   0.0|    0.0|    0.0|E               |
+---+-----+-------+---+-----+-----+--------+--------+---------+------+------+-------+------+------+--------+--------+------+------+-------+-------+----------------+
+---+-----+-------+---+-----+-----+--------+--------+---------+------+------+-------+------+------+--------+--------+------+------+-------+-------+----------------+
|0-x| fr  |  time |hop| d0  | d1  |   fi   |  teta  |   dist  |  at  |  dev |   p   |  df  |  l   |   fot  |   tot  |  rot | lsp  |   pf  |    s  |                |
+---+-----+-------+---+-----+-----+--------+--------+---------+------+------+-------+------+------+--------+--------+------+------+-------+-------+----------------+
|  0| 8.05|54061.3|  1|34.80|35.39|  34.869|  47.964|  701.746|-144.4|  -0.4|  887.1| 0.000|   0.0|  37.199|  45.307|211.50|   0.0|    0.0|    0.0|F2              |
|  0| 8.05|54061.3|  1|15.60|17.64|  30.436|  53.721| 1446.943|-144.3|  -0.3| 1558.6| 0.000|   0.0|  34.530|  48.294|177.71|   0.0|    0.0|    0.0|F2              |
|  0| 8.05|54073.2|  1|36.00|36.60|  35.089|  47.846|  681.000|-145.1|  -0.4|  874.1| 0.000|   0.0|  37.235|  45.338|213.01|   0.0|    0.0|    0.0|F2              |
|  0| 8.05|54073.2|  1|18.60|19.84|  31.931|  51.911| 1206.596|-145.0|  -0.3| 1318.8| 0.000|   0.0|  35.444|  47.357|184.04|   0.0|    0.0|    0.0|F2              |
|  0| 8.05|54097.0|  1|13.80|16.44|  29.546|  55.020| 1612.229|-144.3|  -0.3| 1723.1| 0.000|   0.0|  33.716|  49.280|170.66|   0.0|    0.0|    0.0|F2              |
|  0| 8.05|54108.3|  1|19.80|20.87|  32.181|  51.316| 1138.432|-144.3|  -0.3| 1253.2| 0.000|   0.0|  35.643|  47.006|186.16|   0.0|    0.0|    0.0|F2              |
|  0| 8.05|54108.3|  1|34.20|34.79|  34.800|  48.047|  712.615|-144.4|  -0.4|  894.2| 0.000|   0.0|  37.153|  45.356|210.59|   0.0|    0.0|    0.0|F2              |
|  0| 8.05|54130.9|  1|31.20|31.79|  34.324|  48.455|  772.046|-143.7|  -0.4|  936.0| 0.000|   0.0|  36.809|  45.643|204.83|   0.0|    0.0|    0.0|F2              |
|  0| 8.05|54130.9|  1|12.00|12.51|  33.005|  50.162|  991.902|-144.1|  -0.1| 1033.7| 0.000|   0.0|  36.135|  46.452|111.26|   0.0|    0.0|    0.0|F2              |
|  0| 8.05|54142.8|  1|37.20|37.82|  35.215|  47.695|  661.317|-145.1|  -0.4|  862.5| 0.000|   0.0|  37.319|  45.248|215.49|   0.0|    0.0|    0.0|F2              |
|  0| 8.05|54142.8|  1|12.60|13.11|  33.377|  49.894|  950.042|-144.8|  -0.1|  992.4| 0.000|   0.0|  36.337|  46.327|111.66|   0.0|    0.0|    0.0|F2              |
|  0| 8.05|54154.6|  1|34.20|34.78|  34.889|  48.089|  712.677|-145.1|  -0.4|  894.3| 0.000|   0.0|  37.199|  45.378|210.75|   0.0|    0.0|    0.0|F2              |
|  0| 8.05|54154.6|  1|12.00|12.50|  33.028|  50.164|  991.026|-144.2|  -0.1| 1032.8| 0.000|   0.0|  36.152|  46.448|111.28|   0.0|    0.0|    0.0|F2              |
|  0| 8.05|54167.6|  1| 9.60|10.35|  31.707|  51.900| 1215.362|-144.2|  -0.1| 1257.0| 0.000|   0.0|  35.325|  47.377|105.08|   0.0|    0.0|    0.0|E               |
|  0| 8.05|54167.6|  1|33.60|34.17|  34.819|  48.175|  723.887|-145.1|  -0.4|  901.8| 0.000|   0.0|  37.076|  45.512|209.02|   0.0|    0.0|    0.0|F2              |
|  0| 8.05|54178.3|  1|31.80|32.38|  34.501|  48.405|  759.480|-144.4|  -0.4|  926.9| 0.000|   0.0|  36.986|  45.534|206.67|   0.0|    0.0|    0.0|F2              |
|  0| 8.05|54178.3|  1|21.60|22.50|  32.697|  50.675| 1054.414|-144.4|  -0.3| 1174.6| 0.000|   0.0|  35.939|  46.689|189.41|   0.0|    0.0|    0.0|F2              |
|  0| 8.05|54189.1|  1|35.40|36.00|  34.938|  47.885|  691.221|-144.4|  -0.4|  880.5| 0.000|   0.0|  37.141|  45.368|212.08|   0.0|    0.0|    0.0|F2              |
|  0| 8.05|54189.1|  1|13.20|16.16|  29.347|  55.703| 1687.653|-145.0|  -0.3| 1799.8| 0.000|   0.0|  33.552|  49.676|168.93|   0.0|    0.0|    0.0|F2              |
|  0| 8.05|54201.0|  1|25.80|26.46|  33.683|  49.590|  907.712|-145.1|  -0.4| 1044.5| 0.000|   0.0|  36.490|  46.159|196.51|   0.0|    0.0|    0.0|F2              |
+---+-----+-------+---+-----+-----+--------+--------+---------+------+------+-------+------+------+--------+--------+------+------+-------+-------+----------------+
+---+-----+-------+---+-----+-----+--------+--------+---------+------+------+-------+------+------+--------+--------+------+------+-------+-------+----------------+
|0-x| fr  |  time |hop| d0  | d1  |   fi   |  teta  |   dist  |  at  |  dev |   p   |  df  |  l   |   fot  |   tot  |  rot | lsp  |   pf  |    s  |                |
+---+-----+-------+---+-----+-----+--------+--------+---------+------+------+-------+------+------+--------+--------+------+------+-------+-------+----------------+
|  0| 8.05|54211.8|  1|33.00|33.58|  34.655|  48.221|  735.402|-144.4|  -0.4|  909.8| 0.000|   0.0|  36.977|  45.543|207.95|   0.0|    0.0|    0.0|F2              |
|  0| 8.05|54211.8|  1|13.80|16.43|  29.591|  54.957| 1604.115|-144.3|  -0.3| 1714.4| 0.000|   0.0|  33.724|  49.271|171.40|   0.0|    0.0|    0.0|F2              |
|  0| 8.05|54226.9|  1|33.00|33.58|  34.655|  48.221|  735.410|-144.4|  -0.4|  909.8| 0.000|   0.0|  36.977|  45.543|207.99|   0.0|    0.0|    0.0|F2              |
|  0| 8.05|54226.9|  1|13.80|16.42|  29.788|  55.028| 1602.506|-145.0|  -0.3| 1712.7| 0.000|   0.0|  33.987|  49.126|172.26|   0.0|    0.0|    0.0|F2              |
|  0| 8.05|54237.6|  1|33.60|34.18|  34.729|  48.133|  723.861|-144.4|  -0.4|  901.9| 0.000|   0.0|  37.104|  45.409|209.90|   0.0|    0.0|    0.0|F2              |
|  0| 8.05|54237.6|  1|10.80|11.41|  32.357|  51.001| 1100.522|-144.1|  -0.1| 1142.5| 0.000|   0.0|  35.759|  46.869|110.73|   0.0|    0.0|    0.0|F2              |
|  0| 8.05|54249.4|  1|30.00|30.58|  34.352|  48.751|  798.804|-145.1|  -0.4|  956.3| 0.000|   0.0|  36.846|  45.764|203.57|   0.0|    0.0|    0.0|F2              |
|  0| 8.05|54260.1|  1|22.80|23.60|  33.090|  50.356| 1006.686|-145.0|  -0.3| 1131.1| 0.000|   0.0|  36.163|  46.529|191.74|   0.0|    0.0|    0.0|F2              |
|  0| 8.05|54273.0|  1|12.60|13.12|  33.390|  49.877|  947.795|-144.8|  -0.1|  990.1| 0.000|   0.0|  36.353|  46.309|111.75|   0.0|    0.0|    0.0|F2              |
|  0| 8.05|54273.0|  1|33.60|34.17|  34.911|  48.218|  723.979|-145.8|  -0.4|  901.9| 0.000|   0.0|  37.198|  45.453|210.07|   0.0|    0.0|    0.0|F2              |
|  0| 8.05|54289.2|  1|31.80|32.37|  34.596|  48.450|  759.603|-145.1|  -0.4|  927.0| 0.000|   0.0|  36.980|  45.618|206.70|   0.0|    0.0|    0.0|F2              |
|  0| 8.05|54289.2|  1|12.60|13.12|  33.391|  49.875|  947.572|-144.8|  -0.1|  989.8| 0.000|   0.0|  36.353|  46.309|111.76|   0.0|    0.0|    0.0|F2              |
|  0| 8.05|54302.1|  1|34.20|34.78|  34.891|  48.090|  712.724|-145.1|  -0.4|  894.4| 0.000|   0.0|  37.119|  45.465|210.49|   0.0|    0.0|    0.0|F2              |
|  0| 8.05|54302.1|  1| 8.40| 8.77|  31.958|  51.511| 1166.982|-144.0|  -0.0| 1199.6| 0.000|   0.0|  35.428|  47.243|100.72|   0.0|    0.0|    0.0|E               |
|  0| 8.05|54316.2|  1|23.40|24.18|  33.100|  50.131|  984.742|-144.4|  -0.4| 1111.5| 0.000|   0.0|  36.191|  46.395|192.92|   0.0|    0.0|    0.0|F2              |
|  0| 8.05|54327.1|  1|30.00|30.59|  34.253|  48.705|  798.767|-144.4|  -0.4|  956.3| 0.000|   0.0|  36.808|  45.724|203.89|   0.0|    0.0|    0.0|F2              |
|  0| 8.05|54327.1|  1|38.40|39.03|  35.502|  47.626|  642.591|-146.5|  -0.4|  852.2| 0.000|   0.0|  37.506|  45.178|218.48|   0.0|    0.0|    0.0|F2              |
|  0| 8.05|54342.8|  1|32.40|32.96|  34.767|  48.399|  747.441|-145.8|  -0.4|  918.3| 0.000|   0.0|  37.080|  45.585|207.99|   0.0|    0.0|    0.0|F2              |
|  0| 8.05|54342.8|  1|13.20|16.08|  29.475|  55.510| 1663.262|-145.0|  -0.3| 1773.5| 0.000|   0.0|  33.610|  49.603|170.03|   0.0|    0.0|    0.0|F2              |
|  0| 8.05|54364.5|  1|13.80|16.43|  29.648|  54.877| 1593.804|-144.3|  -0.3| 1703.5| 0.000|   0.0|  33.854|  49.111|172.99|   0.0|    0.0|    0.0|F2              |
+---+-----+-------+---+-----+-----+--------+--------+---------+------+------+-------+------+------+--------+--------+------+------+-------+-------+----------------+
+---+-----+-------+---+-----+-----+--------+--------+---------+------+------+-------+------+------+--------+--------+------+------+-------+-------+----------------+
|0-x| fr  |  time |hop| d0  | d1  |   fi   |  teta  |   dist  |  at  |  dev |   p   |  df  |  l   |   fot  |   tot  |  rot | lsp  |   pf  |    s  |                |
+---+-----+-------+---+-----+-----+--------+--------+---------+------+------+-------+------+------+--------+--------+------+------+-------+-------+----------------+
|  0| 8.05|54364.5|  1|36.00|36.59|  35.191|  47.892|  681.027|-145.9|  -0.4|  874.2| 0.000|   0.0|  37.340|  45.305|214.40|   0.0|    0.0|    0.0|F2              |
|  0| 8.05|54377.3|  1|14.40|16.82|  29.959|  54.420| 1535.722|-144.3|  -0.3| 1645.6| 0.000|   0.0|  34.166|  48.731|175.58|   0.0|    0.0|    0.0|F2              |
|  0| 8.05|54377.3|  1|35.40|35.98|  35.128|  47.972|  691.315|-145.9|  -0.4|  880.6| 0.000|   0.0|  37.296|  45.354|213.34|   0.0|    0.0|    0.0|F2              |
|  0| 8.05|54391.5|  1|34.20|34.77|  34.982|  48.132|  712.792|-145.8|  -0.4|  894.5| 0.000|   0.0|  37.220|  45.429|211.36|   0.0|    0.0|    0.0|F2              |
|  0| 8.05|54391.5|  1|10.20|10.89|  32.130|  51.552| 1163.297|-144.8|  -0.1| 1205.6| 0.000|   0.0|  35.607|  47.160|110.55|   0.0|    0.0|    0.0|F2              |
|  0| 8.05|54408.8|  1|16.20|18.00|  31.009|  53.224| 1373.706|-145.0|  -0.3| 1483.4| 0.000|   0.0|  34.871|  48.040|181.01|   0.0|    0.0|    0.0|F2              |
|  0| 8.05|54408.8|  1|34.20|34.77|  34.995|  48.138|  712.801|-145.9|  -0.4|  894.5| 0.000|   0.0|  37.174|  45.490|210.84|   0.0|    0.0|    0.0|F2              |
|  0| 8.05|54420.6|  1|34.20|34.77|  34.995|  48.138|  712.803|-145.9|  -0.4|  894.5| 0.000|   0.0|  37.174|  45.490|210.87|   0.0|    0.0|    0.0|F2              |
|  0| 8.05|54420.6|  1|13.80|16.41|  29.859|  54.926| 1589.399|-145.0|  -0.3| 1698.7| 0.000|   0.0|  33.981|  49.134|173.54|   0.0|    0.0|    0.0|F2              |
|  0| 8.05|54445.4|  1|31.20|31.78|  34.519|  48.549|  772.324|-145.1|  -0.4|  936.5| 0.000|   0.0|  36.912|  45.692|205.88|   0.0|    0.0|    0.0|F2              |
|  0| 8.05|54466.9|  1|35.40|35.97|  35.204|  48.005|  691.347|-146.5|  -0.4|  880.6| 0.000|   0.0|  37.310|  45.401|213.37|   0.0|    0.0|    0.0|F2              |
|  0| 8.05|54466.9|  1|18.60|19.86|  31.841|  51.778| 1197.677|-144.3|  -0.3| 1309.2| 0.000|   0.0|  35.434|  47.243|185.45|   0.0|    0.0|    0.0|F2              |
|  0| 8.05|54479.4|  1|20.40|21.42|  32.518|  51.119| 1104.739|-145.0|  -0.3| 1220.9| 0.000|   0.0|  35.778|  46.969|188.34|   0.0|    0.0|    0.0|F2              |
|  0| 8.05|54479.4|  1|38.40|39.06|  35.179|  47.476|  642.305|-143.7|  -0.4|  852.1| 0.000|   0.0|  37.340|  45.094|218.75|   0.0|    0.0|    0.0|F2              |
|  0| 8.05|54490.1|  1|19.80|20.90|  32.215|  51.279| 1133.411|-144.3|  -0.3| 1247.9| 0.000|   0.0|  35.622|  47.030|187.42|   0.0|    0.0|    0.0|F2              |
|  0| 8.05|54490.1|  1|39.61|40.31|  35.209|  47.297|  624.285|-142.9|  -0.4|  843.0| 0.000|   0.0|  37.292|  45.070|220.07|   0.0|    0.0|    0.0|F2              |
|  0| 8.05|54514.7|  1|34.20|34.78|  34.983|  48.132|  712.776|-145.8|  -0.4|  894.5| 0.000|   0.0|  37.178|  45.476|211.28|   0.0|    0.0|    0.0|F2              |
|  0| 8.05|54514.7|  1| 8.40| 8.86|  31.932|  51.807| 1196.534|-144.7|  -0.0| 1230.6| 0.000|   0.0|  35.504|  47.279|101.82|   0.0|    0.0|    0.0|E               |
|  0| 8.05|54562.7|  1|35.40|35.98|  35.206|  48.006|  691.318|-146.5|  -0.4|  880.6| 0.000|   0.0|  37.311|  45.401|213.63|   0.0|    0.0|    0.0|F2              |
|  0| 8.05|54562.7|  1| 7.80| 8.17|  31.849|  51.917| 1210.750|-144.7|  -0.0| 1242.4| 0.000|   0.0|  35.391|  47.411|100.45|   0.0|    0.0|    0.0|E               |
+---+-----+-------+---+-----+-----+--------+--------+---------+------+------+-------+------+------+--------+--------+------+------+-------+-------+----------------+
+---+-----+-------+---+-----+-----+--------+--------+---------+------+------+-------+------+------+--------+--------+------+------+-------+-------+----------------+
|0-x| fr  |  time |hop| d0  | d1  |   fi   |  teta  |   dist  |  at  |  dev |   p   |  df  |  l   |   fot  |   tot  |  rot | lsp  |   pf  |    s  |                |
+---+-----+-------+---+-----+-----+--------+--------+---------+------+------+-------+------+------+--------+--------+------+------+-------+-------+----------------+
|  0| 8.05|54584.1|  1|34.80|35.38|  35.052|  48.048|  701.857|-145.8|  -0.4|  887.4| 0.000|   0.0|  37.213|  45.437|212.45|   0.0|    0.0|    0.0|F2              |
|  0| 8.05|54584.1|  1|12.00|12.50|  33.328|  50.167|  978.315|-145.5|  -0.1| 1019.4| 0.000|   0.0|  36.310|  46.458|111.49|   0.0|    0.0|    0.0|F2              |
|  0| 8.05|54605.3|  1|11.40|11.91|  32.949|  50.451| 1021.967|-144.8|  -0.1| 1062.5| 0.000|   0.0|  36.096|  46.599|111.16|   0.0|    0.0|    0.0|F2              |
|  0| 8.05|54605.3|  1|34.20|34.77|  35.075|  48.173|  712.826|-146.5|  -0.4|  894.6| 0.000|   0.0|  37.304|  45.409|212.12|   0.0|    0.0|    0.0|F2              |
|  0| 8.05|54617.2|  1|34.80|35.39|  34.977|  48.014|  701.788|-145.2|  -0.4|  887.4| 0.000|   0.0|  37.173|  45.418|212.51|   0.0|    0.0|    0.0|F2              |
|  0| 8.05|54617.2|  1| 7.80| 8.19|  31.822|  51.954| 1215.518|-144.7|  -0.0| 1247.4| 0.000|   0.0|  35.391|  47.411|100.66|   0.0|    0.0|    0.0|E               |
|  0| 8.05|54627.9|  1|33.60|34.17|  34.915|  48.220|  724.006|-145.8|  -0.4|  902.2| 0.000|   0.0|  37.209|  45.442|211.12|   0.0|    0.0|    0.0|F2              |
|  0| 8.05|54627.9|  1| 8.40| 8.96|  31.773|  52.029| 1224.846|-144.8|  -0.1| 1260.4| 0.000|   0.0|  35.380|  47.425|102.43|   0.0|    0.0|    0.0|E               |
|  0| 8.05|54638.7|  1|33.00|33.57|  34.844|  48.309|  735.588|-145.8|  -0.4|  910.1| 0.000|   0.0|  37.164|  45.493|210.13|   0.0|    0.0|    0.0|F2              |
|  0| 8.05|54672.1|  1|34.20|34.78|  34.986|  48.133|  712.744|-145.8|  -0.4|  894.6| 0.000|   0.0|  37.168|  45.487|211.58|   0.0|    0.0|    0.0|F2              |
|  0| 8.05|54672.1|  1|16.20|18.01|  30.920|  53.050| 1360.697|-144.4|  -0.4| 1469.4| 0.000|   0.0|  34.805|  47.971|182.03|   0.0|    0.0|    0.0|F2              |
|  0| 8.05|54682.8|  1|27.00|27.66|  33.789|  49.279|  873.443|-144.4|  -0.4| 1016.1| 0.000|   0.0|  36.538|  46.016|199.97|   0.0|    0.0|    0.0|F2              |
|  0| 8.05|54682.8|  1|11.40|11.92|  32.839|  50.376| 1019.581|-144.1|  -0.1| 1060.0| 0.000|   0.0|  36.046|  46.550|111.20|   0.0|    0.0|    0.0|F2              |
|  0| 8.05|54694.7|  1|16.80|18.42|  31.359|  52.727| 1310.315|-145.1|  -0.4| 1418.8| 0.000|   0.0|  35.109|  47.755|183.35|   0.0|    0.0|    0.0|F2              |
|  0| 8.05|54694.7|  1|31.20|31.77|  34.632|  48.600|  772.438|-145.9|  -0.4|  936.7| 0.000|   0.0|  37.046|  45.636|207.29|   0.0|    0.0|    0.0|F2              |
|  0| 8.05|54705.5|  1|34.20|34.78|  34.986|  48.133|  712.730|-145.9|  -0.5|  894.6| 0.000|   0.0|  37.247|  45.399|212.35|   0.0|    0.0|    0.0|F2              |
|  0| 8.05|54716.2|  1|33.60|34.17|  34.917|  48.220|  723.985|-145.9|  -0.5|  902.2| 0.000|   0.0|  37.213|  45.438|211.38|   0.0|    0.0|    0.0|F2              |
|  0| 8.05|54731.3|  1|38.39|39.08|  35.013|  47.391|  641.979|-142.2|  -0.4|  851.8| 0.000|   0.0|  37.252|  45.049|219.28|   0.0|    0.0|    0.0|F2              |
|  0| 8.05|54755.2|  1|10.20|10.81|  32.333|  51.274| 1127.777|-144.8|  -0.1| 1168.1| 0.000|   0.0|  35.732|  47.015|110.69|   0.0|    0.0|    0.0|F2              |
|  0| 8.05|54755.2|  1|33.00|33.57|  34.846|  48.310|  735.557|-145.9|  -0.5|  910.2| 0.000|   0.0|  37.161|  45.496|210.46|   0.0|    0.0|    0.0|F2              |
+---+-----+-------+---+-----+-----+--------+--------+---------+------+------+-------+------+------+--------+--------+------+------+-------+-------+----------------+
+---+-----+-------+---+-----+-----+--------+--------+---------+------+------+-------+------+------+--------+--------+------+------+-------+-------+----------------+
|0-x| fr  |  time |hop| d0  | d1  |   fi   |  teta  |   dist  |  at  |  dev |   p   |  df  |  l   |   fot  |   tot  |  rot | lsp  |   pf  |    s  |                |
+---+-----+-------+---+-----+-----+--------+--------+---------+------+------+-------+------+------+--------+--------+------+------+-------+-------+----------------+
|  0| 8.05|54776.7|  1|32.40|32.98|  34.678|  48.359|  747.380|-145.1|  -0.4|  918.5| 0.000|   0.0|  37.012|  45.584|209.01|   0.0|    0.0|    0.0|F2              |
|  0| 8.05|54776.7|  1| 7.80| 8.25|  31.723|  52.094| 1233.306|-144.7|  -0.0| 1266.1| 0.000|   0.0|  35.391|  47.411|101.30|   0.0|    0.0|    0.0|E               |
|  0| 8.05|54788.5|  1|32.40|32.97|  34.786|  48.408|  747.475|-146.0|  -0.5|  918.6| 0.000|   0.0|  37.069|  45.611|209.10|   0.0|    0.0|    0.0|F2              |
|  0| 8.05|54788.5|  1|13.20|16.04|  29.681|  55.208| 1624.660|-145.1|  -0.4| 1732.4| 0.000|   0.0|  33.915|  49.218|173.97|   0.0|    0.0|    0.0|F2              |
|  0| 8.05|54799.3|  1|18.00|19.39|  31.535|  51.931| 1225.987|-143.7|  -0.4| 1335.9| 0.000|   0.0|  35.187|  47.399|185.40|   0.0|    0.0|    0.0|F2              |
|  0| 8.05|54799.3|  1|33.00|33.58|  34.754|  48.267|  735.452|-145.2|  -0.5|  910.1| 0.000|   0.0|  37.031|  45.562|209.76|   0.0|    0.0|    0.0|F2              |
|  0| 8.05|54810.1|  1|15.60|17.58|  30.851|  53.463| 1403.772|-145.1|  -0.4| 1511.8| 0.000|   0.0|  34.729|  48.213|181.44|   0.0|    0.0|    0.0|F2              |
|  0| 8.05|54810.1|  1|32.40|33.01|  34.493|  48.271|  747.193|-143.7|  -0.4|  918.4| 0.000|   0.0|  36.913|  45.536|209.03|   0.0|    0.0|    0.0|F2              |
|  0| 8.05|54833.7|  1|37.20|37.85|  35.062|  47.616|  660.607|-143.8|  -0.5|  862.0| 0.000|   0.0|  37.210|  45.229|216.84|   0.0|    0.0|    0.0|F2              |
|  0| 8.05|54833.7|  1|19.20|20.40|  32.092|  51.486| 1158.648|-144.5|  -0.4| 1271.2| 0.000|   0.0|  35.549|  47.131|187.71|   0.0|    0.0|    0.0|F2              |
|  0| 8.05|54845.7|  1|20.40|21.44|  32.544|  51.092| 1101.136|-145.1|  -0.4| 1217.2| 0.000|   0.0|  35.831|  46.910|189.82|   0.0|    0.0|    0.0|F2              |
|  0| 8.05|54845.7|  1|38.41|39.09|  35.108|  47.433|  641.499|-143.1|  -0.5|  851.3| 0.000|   0.0|  37.304|  45.069|219.64|   0.0|    0.0|    0.0|F2              |
|  0| 8.05|54857.5|  1|30.00|30.61|  34.259|  48.708|  798.734|-144.4|  -0.4|  956.6| 0.000|   0.0|  36.771|  45.765|205.16|   0.0|    0.0|    0.0|F2              |
|  0| 8.05|54857.5|  1|27.60|28.24|  33.997|  49.206|  857.450|-145.1|  -0.4| 1003.1| 0.000|   0.0|  36.619|  46.018|201.26|   0.0|    0.0|    0.0|F2              |
|  0| 8.05|54857.5|  1|36.00|36.63|  34.931|  47.767|  680.500|-143.8|  -0.5|  873.9| 0.000|   0.0|  37.205|  45.234|215.61|   0.0|    0.0|    0.0|F2              |
|  0| 8.05|54869.3|  1|14.40|16.79|  30.305|  54.269| 1505.931|-145.1|  -0.4| 1613.6| 0.000|   0.0|  34.369|  48.652|178.67|   0.0|    0.0|    0.0|F2              |
|  0| 8.05|54869.3|  1|36.00|36.64|  34.846|  47.725|  680.411|-143.1|  -0.5|  873.9| 0.000|   0.0|  37.158|  45.216|215.59|   0.0|    0.0|    0.0|F2              |
|  0| 8.05|54893.7|  1|31.80|32.41|  34.415|  48.364|  759.422|-143.8|  -0.5|  927.3| 0.000|   0.0|  36.854|  45.598|208.09|   0.0|    0.0|    0.0|F2              |
|  0| 8.05|54893.7|  1|11.40|11.91|  33.003|  50.381| 1012.897|-144.8|  -0.1| 1053.0| 0.000|   0.0|  36.128|  46.563|111.29|   0.0|    0.0|    0.0|F2              |
+==============================================================================+
|   Medium characteristics Sunspot number=  63.5 IG=  63.5   GMT time:15:14    |
|------------------------------------------------------------------------------|
|   S   | fh |  I  |   D  | fd |  hd | fe |  he | ff1 | hf1 | ff2 | hf2 |   Hi |
|-------+----+-----+------+----+-----+----+-----+-----+-----+-----+-----+------|
|    0.0|1.25| 58.8|   3.1|0.18| 81.9|2.04|110.0| 0.00|  0.0| 7.59|273.6|  79.3|
+==============================================================================+

+==================================+
|       Es-layer parametres        |
|----------------------------------|
|   S   | hEs | fbEs | f0Es | P Es |
|-------+-----+------+------+------|
|    0.0|113.1| 2.47 | 2.79 | 63.0 |
+==================================+

|  0| 8.05|54907.8|  1|31.80|32.40|  34.509|  48.409|  759.540|-144.5|  -0.5|  927.4| 0.000|   0.0|  36.904|  45.623|208.18|   0.0|    0.0|    0.0|F2              |
+---+-----+-------+---+-----+-----+--------+--------+---------+------+------+-------+------+------+--------+--------+------+------+-------+-------+----------------+
+---+-----+-------+---+-----+-----+--------+--------+---------+------+------+-------+------+------+--------+--------+------+------+-------+-------+----------------+
|0-x| fr  |  time |hop| d0  | d1  |   fi   |  teta  |   dist  |  at  |  dev |   p   |  df  |  l   |   fot  |   tot  |  rot | lsp  |   pf  |    s  |                |
+---+-----+-------+---+-----+-----+--------+--------+---------+------+------+-------+------+------+--------+--------+------+------+-------+-------+----------------+
|  0| 8.05|54947.6|  1|25.20|25.92|  33.587|  49.728|  925.013|-145.1|  -0.4| 1059.5| 0.000|   0.0|  36.390|  46.274|197.74|   0.0|    0.0|    0.0|F2              |
|  0| 8.05|54959.4|  1|36.60|37.24|  34.998|  47.692|  670.492|-143.8|  -0.5|  867.9| 0.000|   0.0|  37.269|  45.169|217.02|   0.0|    0.0|    0.0|F2              |
|  0| 8.05|54959.4|  1|24.60|25.34|  33.475|  49.871|  943.570|-145.1|  -0.4| 1075.5| 0.000|   0.0|  36.316|  46.358|196.71|   0.0|    0.0|    0.0|F2              |
|  0| 8.05|54975.7|  1|34.20|34.80|  34.810|  48.052|  712.673|-144.5|  -0.5|  894.8| 0.000|   0.0|  37.142|  45.370|213.05|   0.0|    0.0|    0.0|F2              |
|  0| 8.05|54975.7|  1|33.00|33.60|  34.663|  48.227|  735.557|-144.5|  -0.5|  910.4| 0.000|   0.0|  37.000|  45.521|210.54|   0.0|    0.0|    0.0|F2              |
|  0| 8.05|54975.7|  1|10.80|11.34|  32.614|  50.666| 1057.178|-144.1|  -0.1| 1096.8| 0.000|   0.0|  35.904|  46.708|111.03|   0.0|    0.0|    0.0|F2              |
|  0| 8.05|54990.8|  1|30.60|31.21|  34.344|  48.608|  785.552|-144.5|  -0.5|  946.8| 0.000|   0.0|  36.898|  45.629|207.17|   0.0|    0.0|    0.0|F2              |
|  0| 8.05|54990.8|  1| 8.40| 9.90|  30.252|  54.251| 1506.476|-144.9|  -0.2| 1557.4| 0.000|   0.0|  34.197|  48.852|110.16|   0.0|    0.0|    0.0|F2              |
|  0| 8.05|55002.6|  1|13.20|16.06|  29.568|  55.013| 1610.568|-144.4|  -0.4| 1717.6| 0.000|   0.0|  33.860|  49.106|175.47|   0.0|    0.0|    0.0|F2              |
|  0| 8.05|55002.6|  1|28.80|29.44|  33.979|  48.879|  827.262|-143.7|  -0.4|  979.1| 0.000|   0.0|  36.603|  45.862|203.50|   0.0|    0.0|    0.0|F2              |
|  0| 8.05|55014.5|  1|33.60|34.21|  34.647|  48.096|  723.988|-143.8|  -0.5|  902.5| 0.000|   0.0|  37.077|  45.367|212.19|   0.0|    0.0|    0.0|F2              |
|  0| 8.05|55014.5|  1| 7.20| 7.65|  31.343|  52.339| 1273.587|-144.0|  -0.0| 1305.1| 0.000|   0.0|  35.122|  47.592|100.71|   0.0|    0.0|    0.0|E               |
|  0| 8.05|55028.3|  1|12.00|12.50|  33.513|  50.135|  967.407|-146.2|  -0.1| 1007.9| 0.000|   0.0|  36.413|  46.441|111.69|   0.0|    0.0|    0.0|F2              |
|  0| 8.05|55028.3|  1|33.00|33.60|  34.662|  48.228|  735.725|-144.5|  -0.5|  910.6| 0.000|   0.0|  36.983|  45.539|210.49|   0.0|    0.0|    0.0|F2              |
|  0| 8.05|55040.2|  1|33.60|34.19|  34.827|  48.183|  724.250|-145.2|  -0.5|  902.7| 0.000|   0.0|  37.170|  45.412|212.36|   0.0|    0.0|    0.0|F2              |
|  0| 8.05|55057.4|  1|32.40|32.98|  34.679|  48.364|  747.852|-145.2|  -0.5|  919.3| 0.000|   0.0|  37.077|  45.513|210.42|   0.0|    0.0|    0.0|F2              |
|  0| 8.05|55057.4|  1|13.80|16.41|  30.081|  54.609| 1548.845|-145.1|  -0.4| 1655.6| 0.000|   0.0|  34.163|  48.909|178.00|   0.0|    0.0|    0.0|F2              |
|  0| 8.05|55082.2|  1|11.40|11.91|  32.925|  50.266| 1005.352|-144.1|  -0.1| 1045.0| 0.000|   0.0|  36.087|  46.505|111.35|   0.0|    0.0|    0.0|F2              |
|  0| 8.05|55082.2|  1|32.40|33.00|  34.586|  48.321|  747.825|-144.5|  -0.5|  919.3| 0.000|   0.0|  37.029|  45.490|210.47|   0.0|    0.0|    0.0|F2              |
|  0| 8.05|55094.0|  1| 9.60|10.28|  31.958|  51.529| 1168.693|-144.1|  -0.1| 1208.2| 0.000|   0.0|  35.505|  47.155|110.65|   0.0|    0.0|    0.0|F2              |
+---+-----+-------+---+-----+-----+--------+--------+---------+------+------+-------+------+------+--------+--------+------+------+-------+-------+----------------+
+---+-----+-------+---+-----+-----+--------+--------+---------+------+------+-------+------+------+--------+--------+------+------+-------+-------+----------------+
|0-x| fr  |  time |hop| d0  | d1  |   fi   |  teta  |   dist  |  at  |  dev |   p   |  df  |  l   |   fot  |   tot  |  rot | lsp  |   pf  |    s  |                |
+---+-----+-------+---+-----+-----+--------+--------+---------+------+------+-------+------+------+--------+--------+------+------+-------+-------+----------------+
|  0| 8.05|55094.0|  1|32.40|33.00|  34.585|  48.321|  747.861|-144.5|  -0.5|  919.4| 0.000|   0.0|  37.029|  45.490|210.51|   0.0|    0.0|    0.0|F2              |
|  0| 8.05|55105.5|  1|31.80|32.41|  34.413|  48.370|  760.075|-143.8|  -0.5|  928.2| 0.000|   0.0|  36.847|  45.606|208.79|   0.0|    0.0|    0.0|F2              |
|  0| 8.05|55120.6|  1| 9.60|10.27|  31.972|  51.510| 1166.182|-144.1|  -0.1| 1205.5| 0.000|   0.0|  35.521|  47.137|110.68|   0.0|    0.0|    0.0|F2              |
|  0| 8.05|55120.6|  1|31.20|31.81|  34.331|  48.466|  772.784|-143.8|  -0.5|  937.5| 0.000|   0.0|  36.816|  45.639|208.06|   0.0|    0.0|    0.0|F2              |
|  0| 8.05|55133.6|  1|31.80|32.40|  34.507|  48.416|  760.262|-144.5|  -0.5|  928.4| 0.000|   0.0|  36.898|  45.630|208.94|   0.0|    0.0|    0.0|F2              |
|  0| 8.05|55133.6|  1|11.40|11.91|  32.937|  50.251| 1003.343|-144.1|  -0.1| 1042.9| 0.000|   0.0|  36.095|  46.497|111.37|   0.0|    0.0|    0.0|F2              |
|  0| 8.05|55146.6|  1|32.40|33.00|  34.585|  48.323|  748.019|-144.5|  -0.5|  919.6| 0.000|   0.0|  37.029|  45.490|210.70|   0.0|    0.0|    0.0|F2              |
|  0| 8.05|55146.6|  1| 6.60| 7.01|  31.253|  52.747| 1316.846|-144.7|  -0.0| 1347.1| 0.000|   0.0|  35.007|  47.865| 99.90|   0.0|    0.0|    0.0|E               |
|  0| 8.05|55169.2|  1|29.40|30.02|  34.170|  48.823|  813.528|-144.5|  -0.5|  968.6| 0.000|   0.0|  36.729|  45.811|205.43|   0.0|    0.0|    0.0|F2              |
|  0| 8.05|55169.2|  1|10.20|10.78|  32.378|  51.007| 1100.148|-144.2|  -0.1| 1139.0| 0.000|   0.0|  35.766|  46.878|110.91|   0.0|    0.0|    0.0|F2              |
|  0| 8.05|55181.0|  1|21.00|21.96|  32.991|  51.004| 1073.644|-146.6|  -0.4| 1191.6| 0.000|   0.0|  36.015|  46.943|191.92|   0.0|    0.0|    0.0|F2              |
|  0| 8.05|55197.3|  1|30.60|31.21|  34.343|  48.614|  786.199|-144.5|  -0.5|  947.7| 0.000|   0.0|  36.899|  45.629|207.93|   0.0|    0.0|    0.0|F2              |
|  0| 8.05|55212.5|  1|33.00|33.60|  34.661|  48.233|  736.261|-144.5|  -0.5|  911.4| 0.000|   0.0|  36.977|  45.546|211.07|   0.0|    0.0|    0.0|F2              |
|  0| 8.05|55212.5|  1|21.60|22.55|  32.724|  50.631| 1048.977|-144.4|  -0.4| 1169.2| 0.000|   0.0|  35.911|  46.708|193.06|   0.0|    0.0|    0.0|F2              |
|  0| 8.05|55236.4|  1|31.80|32.41|  34.412|  48.373|  760.444|-143.8|  -0.5|  928.7| 0.000|   0.0|  36.933|  45.517|209.99|   0.0|    0.0|    0.0|F2              |
|  0| 8.05|55236.4|  1|17.40|18.91|  31.386|  52.138| 1252.409|-143.7|  -0.4| 1360.4| 0.000|   0.0|  35.120|  47.475|186.34|   0.0|    0.0|    0.0|F2              |
|  0| 8.05|55249.4|  1|10.80|11.32|  32.692|  50.566| 1044.213|-144.1|  -0.1| 1083.1| 0.000|   0.0|  35.952|  46.654|111.16|   0.0|    0.0|    0.0|F2              |
|  0| 8.05|55249.4|  1|32.40|33.00|  34.584|  48.326|  748.318|-144.5|  -0.5|  920.0| 0.000|   0.0|  37.029|  45.490|211.08|   0.0|    0.0|    0.0|F2              |
|  0| 8.05|55261.3|  1|17.40|18.90|  31.541|  52.201| 1251.604|-144.4|  -0.4| 1359.5| 0.000|   0.0|  35.193|  47.522|186.48|   0.0|    0.0|    0.0|F2              |
|  0| 8.05|55261.3|  1|33.00|33.61|  34.570|  48.191|  736.299|-143.8|  -0.5|  911.5| 0.000|   0.0|  36.928|  45.522|211.21|   0.0|    0.0|    0.0|F2              |
+---+-----+-------+---+-----+-----+--------+--------+---------+------+------+-------+------+------+--------+--------+------+------+-------+-------+----------------+
+---+-----+-------+---+-----+-----+--------+--------+---------+------+------+-------+------+------+--------+--------+------+------+-------+-------+----------------+
|0-x| fr  |  time |hop| d0  | d1  |   fi   |  teta  |   dist  |  at  |  dev |   p   |  df  |  l   |   fot  |   tot  |  rot | lsp  |   pf  |    s  |                |
+---+-----+-------+---+-----+-----+--------+--------+---------+------+------+-------+------+------+--------+--------+------+------+-------+-------+----------------+
|  0| 8.05|55272.0|  1|12.60|13.21|  33.357|  49.720|  934.313|-144.1|  -0.1|  976.1| 0.000|   0.0|  36.317|  46.253|112.21|   0.0|    0.0|    0.0|F2              |
|  0| 8.05|55272.0|  1|33.60|34.20|  34.735|  48.147|  724.805|-144.5|  -0.5|  903.6| 0.000|   0.0|  37.014|  45.506|212.20|   0.0|    0.0|    0.0|F2              |
|  0| 8.05|55296.8|  1|15.60|17.53|  31.009|  53.242| 1375.500|-145.1|  -0.4| 1481.0| 0.000|   0.0|  34.817|  48.106|183.66|   0.0|    0.0|    0.0|F2              |
|  0| 8.05|55296.8|  1| 8.40| 9.39|  31.115|  52.679| 1316.337|-144.1|  -0.1| 1357.3| 0.000|   0.0|  34.955|  47.786|110.43|   0.0|    0.0|    0.0|F2              |
|  0| 8.05|55296.8|  1|28.80|29.38|  34.507|  49.130|  828.821|-147.4|  -0.5|  980.8| 0.000|   0.0|  36.915|  45.961|205.25|   0.0|    0.0|    0.0|F2              |
|  0| 8.05|55296.8|  1|23.40|24.17|  33.624|  50.350|  983.695|-147.3|  -0.4| 1110.8| 0.000|   0.0|  36.385|  46.606|196.32|   0.0|    0.0|    0.0|F2              |
|  0| 8.05|55296.8|  1|15.60|17.51|  31.178|  53.310| 1374.867|-145.8|  -0.4| 1480.2| 0.000|   0.0|  34.908|  48.147|183.73|   0.0|    0.0|    0.0|F2              |
|  0| 8.05|55296.8|  1|13.20|16.05|  29.865|  54.940| 1590.494|-145.1|  -0.4| 1696.2| 0.000|   0.0|  34.017|  49.091|177.83|   0.0|    0.0|    0.0|F2              |
|  0| 8.05|55296.8|  1|30.60|31.12|  34.951|  48.887|  787.310|-148.8|  -0.5|  948.7| 0.000|   0.0|  37.141|  45.865|208.03|   0.0|    0.0|    0.0|F2              |
|  0| 8.05|55310.8|  1|28.80|29.50|  33.562|  48.676|  827.619|-140.9|  -0.5|  979.9| 0.000|   0.0|  36.413|  45.717|204.82|   0.0|    0.0|    0.0|F2              |
|  0| 8.05|55322.7|  1|22.20|23.07|  33.259|  50.632| 1026.232|-146.6|  -0.4| 1148.6| 0.000|   0.0|  36.190|  46.732|194.57|   0.0|    0.0|    0.0|F2              |
|  0| 8.05|55334.5|  1| 7.20| 7.98|  30.876|  52.996| 1357.450|-144.1|  -0.1| 1393.2| 0.000|   0.0|  34.777|  47.993|102.58|   0.0|    0.0|    0.0|E               |
|  0| 8.05|55334.5|  1|31.80|32.40|  34.506|  48.421|  760.825|-144.5|  -0.5|  929.2| 0.000|   0.0|  36.978|  45.544|210.39|   0.0|    0.0|    0.0|F2              |
|  0| 8.05|55347.6|  1|31.80|32.41|  34.412|  48.376|  760.742|-143.8|  -0.5|  929.1| 0.000|   0.0|  36.930|  45.521|210.39|   0.0|    0.0|    0.0|F2              |
|  0| 8.05|55347.6|  1| 8.40| 9.36|  31.202|  52.598| 1304.743|-144.2|  -0.1| 1345.1| 0.000|   0.0|  35.014|  47.737|110.47|   0.0|    0.0|    0.0|F2              |
|  0| 8.05|55359.5|  1|29.40|30.01|  34.269|  48.875|  814.193|-145.2|  -0.5|  969.5| 0.000|   0.0|  36.784|  45.836|206.22|   0.0|    0.0|    0.0|F2              |
|  0| 8.05|55359.5|  1| 6.60| 7.11|  30.986|  52.830| 1336.667|-144.0|  -0.0| 1367.9| 0.000|   0.0|  34.858|  47.898|100.69|   0.0|    0.0|    0.0|E               |
|  0| 8.05|55359.5|  1|29.40|30.02|  34.169|  48.828|  814.059|-144.5|  -0.5|  969.4| 0.000|   0.0|  36.730|  45.811|206.17|   0.0|    0.0|    0.0|F2              |
|  0| 8.05|55359.5|  1| 9.00| 9.76|  31.690|  51.889| 1215.015|-144.1|  -0.1| 1253.9| 0.000|   0.0|  35.328|  47.356|110.62|   0.0|    0.0|    0.0|F2              |
|  0| 8.05|55374.6|  1| 7.80| 9.31|  30.009|  53.931| 1486.175|-143.5|  -0.2| 1532.8| 0.000|   0.0|  34.066|  48.674|110.23|   0.0|    0.0|    0.0|F2              |
+---+-----+-------+---+-----+-----+--------+--------+---------+------+------+-------+------+------+--------+--------+------+------+-------+-------+----------------+
+---+-----+-------+---+-----+-----+--------+--------+---------+------+------+-------+------+------+--------+--------+------+------+-------+-------+----------------+
|0-x| fr  |  time |hop| d0  | d1  |   fi   |  teta  |   dist  |  at  |  dev |   p   |  df  |  l   |   fot  |   tot  |  rot | lsp  |   pf  |    s  |                |
+---+-----+-------+---+-----+-----+--------+--------+---------+------+------+-------+------+------+--------+--------+------+------+-------+-------+----------------+
|  0| 8.05|55385.5|  1|31.20|31.81|  34.329|  48.474|  773.534|-143.8|  -0.5|  938.6| 0.000|   0.0|  36.877|  45.575|209.53|   0.0|    0.0|    0.0|F2              |
|  0| 8.05|55385.5|  1|11.40|11.89|  33.009|  50.190|  994.397|-144.2|  -0.1| 1033.5| 0.000|   0.0|  36.136|  46.465|111.44|   0.0|    0.0|    0.0|F2              |
|  0| 8.05|55397.3|  1|12.00|12.50|  33.228|  49.883|  955.516|-144.1|  -0.1|  995.3| 0.000|   0.0|  36.257|  46.319|111.72|   0.0|    0.0|    0.0|F2              |
|  0| 8.05|55397.3|  1|33.00|33.59|  34.660|  48.238|  736.749|-144.5|  -0.5|  912.1| 0.000|   0.0|  36.977|  45.546|211.76|   0.0|    0.0|    0.0|F2              |
|  0| 8.05|55409.2|  1|32.40|33.01|  34.491|  48.285|  748.615|-143.8|  -0.5|  920.5| 0.000|   0.0|  36.954|  45.496|211.52|   0.0|    0.0|    0.0|F2              |
|  0| 8.05|55409.2|  1|12.00|12.50|  33.230|  49.880|  955.168|-144.1|  -0.1|  995.0| 0.000|   0.0|  36.257|  46.319|111.72|   0.0|    0.0|    0.0|F2              |
|  0| 8.05|55421.0|  1|33.60|34.24|  34.454|  48.011|  724.816|-142.3|  -0.5|  903.9| 0.000|   0.0|  36.864|  45.431|212.61|   0.0|    0.0|    0.0|F2              |
|  0| 8.05|55421.0|  1|10.20|10.76|  32.439|  50.894| 1086.691|-144.1|  -0.1| 1124.9| 0.000|   0.0|  35.796|  46.829|111.01|   0.0|    0.0|    0.0|F2              |
|  0| 8.05|55431.8|  1|13.20|16.07|  29.724|  54.791| 1582.143|-144.4|  -0.4| 1687.4| 0.000|   0.0|  33.924|  49.028|178.65|   0.0|    0.0|    0.0|F2              |
|  0| 8.05|55431.8|  1|30.00|30.63|  34.158|  48.676|  800.209|-143.8|  -0.5|  958.8| 0.000|   0.0|  36.692|  45.769|206.91|   0.0|    0.0|    0.0|F2              |
|  0| 8.05|55443.6|  1|25.80|26.52|  33.583|  49.549|  908.163|-144.5|  -0.5| 1045.9| 0.000|   0.0|  36.389|  46.181|200.60|   0.0|    0.0|    0.0|F2              |
|  0| 8.05|55443.6|  1|14.40|16.75|  30.507|  53.981| 1469.128|-145.1|  -0.4| 1573.9| 0.000|   0.0|  34.498|  48.496|182.05|   0.0|    0.0|    0.0|F2              |
|  0| 8.05|55456.6|  1|30.00|30.61|  34.256|  48.724|  800.406|-144.5|  -0.5|  959.0| 0.000|   0.0|  36.745|  45.795|207.06|   0.0|    0.0|    0.0|F2              |
|  0| 8.05|55456.6|  1|12.00|12.50|  33.239|  49.869|  953.756|-144.1|  -0.1|  993.5| 0.000|   0.0|  36.273|  46.301|111.74|   0.0|    0.0|    0.0|F2              |
|  0| 8.05|55469.6|  1|36.00|36.62|  34.931|  47.779|  681.662|-143.8|  -0.5|  875.7| 0.000|   0.0|  37.156|  45.286|217.25|   0.0|    0.0|    0.0|F2              |
|  0| 8.05|55469.6|  1|14.40|16.72|  30.696|  54.037| 1466.485|-145.8|  -0.4| 1571.0| 0.000|   0.0|  34.598|  48.535|182.27|   0.0|    0.0|    0.0|F2              |
|  0| 8.05|55492.3|  1|29.40|30.01|  34.269|  48.879|  814.551|-145.2|  -0.5|  970.0| 0.000|   0.0|  36.756|  45.867|206.39|   0.0|    0.0|    0.0|F2              |
|  0| 8.05|55492.3|  1| 9.60|10.24|  31.995|  51.235| 1138.958|-143.4|  -0.1| 1177.0| 0.000|   0.0|  35.544|  46.994|110.88|   0.0|    0.0|    0.0|F2              |
|  0| 8.05|55504.1|  1|32.40|33.01|  34.491|  48.287|  748.830|-143.8|  -0.5|  920.8| 0.000|   0.0|  36.877|  45.576|211.00|   0.0|    0.0|    0.0|F2              |
|  0| 8.05|55527.9|  1| 9.60|10.22|  32.147|  51.279| 1136.385|-144.1|  -0.1| 1174.2| 0.000|   0.0|  35.625|  47.020|110.90|   0.0|    0.0|    0.0|F2              |
+---+-----+-------+---+-----+-----+--------+--------+---------+------+------+-------+------+------+--------+--------+------+------+-------+-------+----------------+
+---+-----+-------+---+-----+-----+--------+--------+---------+------+------+-------+------+------+--------+--------+------+------+-------+-------+----------------+
|0-x| fr  |  time |hop| d0  | d1  |   fi   |  teta  |   dist  |  at  |  dev |   p   |  df  |  l   |   fot  |   tot  |  rot | lsp  |   pf  |    s  |                |
+---+-----+-------+---+-----+-----+--------+--------+---------+------+------+-------+------+------+--------+--------+------+------+-------+-------+----------------+
|  0| 8.05|55527.9|  1|29.40|30.02|  34.168|  48.832|  814.494|-144.5|  -0.5|  970.0| 0.000|   0.0|  36.702|  45.841|206.48|   0.0|    0.0|    0.0|F2              |
|  0| 8.05|55540.8|  1|15.00|17.13|  30.644|  53.458| 1412.350|-144.4|  -0.4| 1516.8| 0.000|   0.0|  34.529|  48.301|183.34|   0.0|    0.0|    0.0|F2              |
|  0| 8.05|55540.8|  1|25.80|26.52|  33.583|  49.551|  908.337|-144.5|  -0.5| 1046.1| 0.000|   0.0|  36.396|  46.173|201.06|   0.0|    0.0|    0.0|F2              |
|  0| 8.05|55552.7|  1|28.20|28.82|  34.194|  49.153|  844.038|-145.9|  -0.5|  993.3| 0.000|   0.0|  36.731|  45.983|205.02|   0.0|    0.0|    0.0|F2              |
|  0| 8.05|55552.7|  1| 7.20| 8.30|  30.484|  53.560| 1429.223|-144.1|  -0.1| 1468.8| 0.000|   0.0|  34.529|  48.285|105.56|   0.0|    0.0|    0.0|E               |
|  0| 8.05|55565.7|  1| 8.40| 9.24|  31.534|  52.379| 1269.012|-144.8|  -0.1| 1307.5| 0.000|   0.0|  35.226|  47.606|110.63|   0.0|    0.0|    0.0|F2              |
|  0| 8.05|55578.6|  1|22.80|23.66|  33.122|  50.342| 1003.992|-145.1|  -0.4| 1128.9| 0.000|   0.0|  36.095|  46.609|196.20|   0.0|    0.0|    0.0|F2              |
|  0| 8.05|55615.3|  1|25.80|26.53|  33.472|  49.499|  908.305|-143.8|  -0.5| 1046.2| 0.000|   0.0|  36.334|  46.149|201.27|   0.0|    0.0|    0.0|F2              |
|  0| 8.05|55615.3|  1| 6.00| 6.55|  30.808|  53.384| 1398.046|-144.8|  -0.1| 1428.8| 0.000|   0.0|  34.796|  48.117|100.66|   0.0|    0.0|    0.0|E               |
|  0| 8.05|55626.1|  1|26.40|27.10|  33.688|  49.422|  891.484|-144.5|  -0.5| 1032.2| 0.000|   0.0|  36.431|  46.135|202.09|   0.0|    0.0|    0.0|F2              |
|  0| 8.05|55626.1|  1| 9.00| 9.68|  31.972|  51.769| 1191.083|-144.8|  -0.1| 1228.7| 0.000|   0.0|  35.500|  47.284|110.79|   0.0|    0.0|    0.0|F2              |
|  0| 8.05|55637.9|  1|30.60|31.21|  34.341|  48.626|  787.338|-144.5|  -0.5|  949.3| 0.000|   0.0|  36.830|  45.704|209.20|   0.0|    0.0|    0.0|F2              |
|  0| 8.05|55648.6|  1|26.40|27.10|  33.688|  49.423|  891.535|-144.5|  -0.5| 1032.2| 0.000|   0.0|  36.529|  46.029|202.80|   0.0|    0.0|    0.0|F2              |
|  0| 8.05|55648.6|  1|10.20|10.72|  32.650|  50.883| 1076.348|-144.9|  -0.1| 1114.0| 0.000|   0.0|  35.923|  46.812|111.12|   0.0|    0.0|    0.0|F2              |
|  0| 8.05|55648.6|  1|26.40|27.10|  33.688|  49.423|  891.535|-144.5|  -0.5| 1032.2| 0.000|   0.0|  36.529|  46.029|202.80|   0.0|    0.0|    0.0|F2              |
|  0| 8.05|55648.6|  1| 9.60|10.19|  32.324|  51.287| 1129.401|-144.8|  -0.1| 1166.8| 0.000|   0.0|  35.730|  47.018|110.96|   0.0|    0.0|    0.0|F2              |
|  0| 8.05|55663.7|  1|22.20|23.12|  32.871|  50.451| 1025.347|-144.4|  -0.4| 1148.0| 0.000|   0.0|  35.986|  46.625|195.83|   0.0|    0.0|    0.0|F2              |
|  0| 8.05|55677.8|  1| 9.00| 9.68|  31.993|  51.740| 1187.386|-144.8|  -0.1| 1224.8| 0.000|   0.0|  35.508|  47.275|110.79|   0.0|    0.0|    0.0|F2              |
|  0| 8.05|55689.6|  1|31.20|31.74|  34.826|  48.710|  775.006|-147.4|  -0.5|  940.2| 0.000|   0.0|  37.099|  45.742|210.65|   0.0|    0.0|    0.0|F2              |
|  0| 8.05|55689.6|  1|10.80|11.28|  32.917|  50.495| 1027.574|-144.8|  -0.1| 1065.5| 0.000|   0.0|  36.087|  46.609|111.31|   0.0|    0.0|    0.0|F2              |
+---+-----+-------+---+-----+-----+--------+--------+---------+------+------+-------+------+------+--------+--------+------+------+-------+-------+----------------+
+---+-----+-------+---+-----+-----+--------+--------+---------+------+------+-------+------+------+--------+--------+------+------+-------+-------+----------------+
|0-x| fr  |  time |hop| d0  | d1  |   fi   |  teta  |   dist  |  at  |  dev |   p   |  df  |  l   |   fot  |   tot  |  rot | lsp  |   pf  |    s  |                |
+---+-----+-------+---+-----+-----+--------+--------+---------+------+------+-------+------+------+--------+--------+------+------+-------+-------+----------------+
|  0| 8.05|55715.6|  1| 9.00| 9.69|  31.862|  51.659| 1185.312|-144.1|  -0.1| 1222.7| 0.000|   0.0|  35.448|  47.221|110.83|   0.0|    0.0|    0.0|F2              |
|  0| 8.05|55715.6|  1|31.20|31.76|  34.728|  48.668|  774.897|-146.7|  -0.5|  940.2| 0.000|   0.0|  37.047|  45.719|210.70|   0.0|    0.0|    0.0|F2              |
|  0| 8.05|55730.7|  1|30.00|30.57|  34.569|  48.876|  801.532|-146.7|  -0.5|  960.3| 0.000|   0.0|  36.941|  45.842|208.66|   0.0|    0.0|    0.0|F2              |
|  0| 8.05|55741.5|  1|13.80|16.35|  30.512|  54.324| 1502.426|-145.8|  -0.4| 1605.7| 0.000|   0.0|  34.458|  48.712|182.43|   0.0|    0.0|    0.0|F2              |
|  0| 8.05|55741.5|  1|28.80|29.42|  34.195|  49.002|  829.491|-145.3|  -0.5|  982.0| 0.000|   0.0|  36.810|  45.820|207.10|   0.0|    0.0|    0.0|F2              |
|  0| 8.05|55765.3|  1|22.80|23.70|  32.881|  50.227| 1003.545|-143.8|  -0.5| 1128.7| 0.000|   0.0|  35.972|  46.537|196.92|   0.0|    0.0|    0.0|F2              |
|  0| 8.05|55765.3|  1|25.80|26.52|  33.584|  49.555|  908.691|-144.5|  -0.5| 1046.7| 0.000|   0.0|  36.364|  46.209|201.61|   0.0|    0.0|    0.0|F2              |
|  0| 8.05|55765.3|  1|30.00|30.58|  34.455|  48.825|  801.418|-145.9|  -0.5|  960.2| 0.000|   0.0|  36.880|  45.814|208.73|   0.0|    0.0|    0.0|F2              |
|  0| 8.05|55765.3|  1|28.20|28.83|  34.089|  49.110|  844.344|-145.2|  -0.5|  993.9| 0.000|   0.0|  36.742|  45.883|206.21|   0.0|    0.0|    0.0|F2              |
|  0| 8.05|55779.3|  1|27.60|28.25|  33.995|  49.228|  859.690|-145.2|  -0.5| 1006.2| 0.000|   0.0|  36.615|  46.025|204.81|   0.0|    0.0|    0.0|F2              |
|  0| 8.05|55779.3|  1|26.40|27.10|  33.689|  49.425|  891.741|-144.5|  -0.5| 1032.5| 0.000|   0.0|  36.439|  46.127|202.80|   0.0|    0.0|    0.0|F2              |
|  0| 8.05|55792.2|  1|31.80|32.32|  34.998|  48.655|  762.673|-148.2|  -0.6|  931.3| 0.000|   0.0|  37.224|  45.676|212.26|   0.0|    0.0|    0.0|F2              |
|  0| 8.05|55792.2|  1|10.20|10.74|  32.402|  50.714| 1071.190|-143.4|  -0.1| 1108.6| 0.000|   0.0|  35.784|  46.733|111.14|   0.0|    0.0|    0.0|F2              |
+==============================================================================+
|   Medium characteristics Sunspot number=  63.5 IG=  63.5   GMT time:15:29    |
|------------------------------------------------------------------------------|
|   S   | fh |  I  |   D  | fd |  hd | fe |  he | ff1 | hf1 | ff2 | hf2 |   Hi |
|-------+----+-----+------+----+-----+----+-----+-----+-----+-----+-----+------|
|    0.0|1.25| 58.8|   3.1|0.18| 82.1|1.87|110.0| 0.00|  0.0| 7.73|276.9|  82.1|
+==============================================================================+

+==================================+
|       Es-layer parametres        |
|----------------------------------|
|   S   | hEs | fbEs | f0Es | P Es |
|-------+-----+------+------+------|
|    0.0|113.4| 2.42 | 2.75 | 62.2 |
+==================================+

|  0| 8.05|55814.7|  1|15.60|17.51|  31.139|  53.067| 1352.848|-145.1|  -0.4| 1456.5| 0.000|   0.0|  34.914|  47.991|186.10|   0.0|    0.0|    0.0|F2              |
|  0| 8.05|55814.7|  1|30.60|31.17|  34.551|  48.728|  788.117|-146.0|  -0.5|  950.2| 0.000|   0.0|  36.942|  45.756|209.98|   0.0|    0.0|    0.0|F2              |
|  0| 8.05|55825.6|  1|28.20|28.80|  34.313|  49.215|  844.941|-146.7|  -0.5|  994.5| 0.000|   0.0|  36.766|  46.048|205.77|   0.0|    0.0|    0.0|F2              |
|  0| 8.05|55825.6|  1|12.00|12.47|  33.414|  49.849|  944.111|-144.8|  -0.1|  983.2| 0.000|   0.0|  36.367|  46.294|111.78|   0.0|    0.0|    0.0|F2              |
|  0| 8.05|55850.3|  1|16.20|17.95|  31.369|  52.739| 1311.035|-145.1|  -0.4| 1415.5| 0.000|   0.0|  35.073|  47.800|187.23|   0.0|    0.0|    0.0|F2              |
|  0| 8.05|55850.3|  1|30.60|31.19|  34.437|  48.678|  788.155|-145.2|  -0.5|  950.4| 0.000|   0.0|  36.886|  45.725|210.12|   0.0|    0.0|    0.0|F2              |
|  0| 8.05|55864.4|  1|27.00|27.68|  33.789|  49.303|  875.805|-144.5|  -0.5| 1019.6| 0.000|   0.0|  36.513|  46.046|204.30|   0.0|    0.0|    0.0|F2              |
+---+-----+-------+---+-----+-----+--------+--------+---------+------+------+-------+------+------+--------+--------+------+------+-------+-------+----------------+
+---+-----+-------+---+-----+-----+--------+--------+---------+------+------+-------+------+------+--------+--------+------+------+-------+-------+----------------+
|0-x| fr  |  time |hop| d0  | d1  |   fi   |  teta  |   dist  |  at  |  dev |   p   |  df  |  l   |   fot  |   tot  |  rot | lsp  |   pf  |    s  |                |
+---+-----+-------+---+-----+-----+--------+--------+---------+------+------+-------+------+------+--------+--------+------+------+-------+-------+----------------+
|  0| 8.05|55878.6|  1|25.80|26.50|  33.693|  49.612|  909.384|-145.2|  -0.5| 1047.5| 0.000|   0.0|  36.432|  46.229|202.27|   0.0|    0.0|    0.0|F2              |
|  0| 8.05|55878.6|  1|10.80|11.29|  32.825|  50.396| 1022.161|-144.1|  -0.1| 1059.8| 0.000|   0.0|  36.033|  46.565|111.35|   0.0|    0.0|    0.0|F2              |
|  0| 8.05|55897.0|  1| 6.00| 7.16|  30.100|  54.447| 1532.186|-144.8|  -0.1| 1569.6| 0.000|   0.0|  34.192|  48.855|102.93|   0.0|    0.0|    0.0|E               |
|  0| 8.05|55897.0|  1|30.00|30.56|  34.552|  48.876|  802.304|-146.6|  -0.5|  961.3| 0.000|   0.0|  36.937|  45.835|209.40|   0.0|    0.0|    0.0|F2              |
|  0| 8.05|55908.9|  1|28.80|29.38|  34.399|  49.104|  830.695|-146.7|  -0.5|  983.4| 0.000|   0.0|  36.811|  45.995|207.02|   0.0|    0.0|    0.0|F2              |
|  0| 8.05|55908.9|  1| 6.60| 7.97|  29.725|  54.672| 1570.527|-144.2|  -0.2| 1613.5| 0.000|   0.0|  34.028|  48.886|106.34|   0.0|    0.0|    0.0|E               |
|  0| 8.05|55932.5|  1| 5.40| 6.06|  30.251|  53.865| 1469.010|-144.1|  -0.1| 1499.7| 0.000|   0.0|  34.416|  48.417|100.70|   0.0|    0.0|    0.0|E               |
|  0| 8.05|55932.5|  1|10.80|11.27|  32.958|  50.442| 1020.731|-144.8|  -0.1| 1058.3| 0.000|   0.0|  36.103|  46.591|111.36|   0.0|    0.0|    0.0|F2              |
|  0| 8.05|55932.5|  1|29.40|29.97|  34.483|  48.993|  816.488|-146.7|  -0.5|  972.4| 0.000|   0.0|  36.892|  45.901|208.55|   0.0|    0.0|    0.0|F2              |
|  0| 8.05|55943.2|  1|28.20|28.80|  34.295|  49.215|  845.708|-146.6|  -0.5|  995.4| 0.000|   0.0|  36.761|  46.040|206.37|   0.0|    0.0|    0.0|F2              |
|  0| 8.05|55957.4|  1|30.00|30.56|  34.565|  48.886|  802.731|-146.7|  -0.5|  961.8| 0.000|   0.0|  36.998|  45.776|210.03|   0.0|    0.0|    0.0|F2              |
|  0| 8.05|55970.2|  1|14.40|16.69|  30.679|  53.737| 1437.895|-145.1|  -0.4| 1540.2| 0.000|   0.0|  34.569|  48.410|184.73|   0.0|    0.0|    0.0|F2              |
|  0| 8.05|55970.2|  1|28.80|29.40|  34.278|  49.054|  830.870|-145.9|  -0.5|  983.7| 0.000|   0.0|  36.747|  45.966|207.25|   0.0|    0.0|    0.0|F2              |
|  0| 8.05|55983.2|  1|15.60|17.46|  31.499|  53.159| 1346.630|-146.5|  -0.4| 1449.6| 0.000|   0.0|  35.099|  48.062|186.99|   0.0|    0.0|    0.0|F2              |
|  0| 8.05|55997.3|  1| 8.40| 9.15|  31.597|  52.016| 1231.370|-144.1|  -0.1| 1268.0| 0.000|   0.0|  35.278|  47.414|110.80|   0.0|    0.0|    0.0|F2              |
|  0| 8.05|55997.3|  1|28.20|28.79|  34.309|  49.225|  846.085|-146.7|  -0.5|  995.9| 0.000|   0.0|  36.823|  45.980|207.21|   0.0|    0.0|    0.0|F2              |
|  0| 8.05|56009.1|  1|28.20|28.79|  34.293|  49.218|  846.129|-146.6|  -0.5|  996.0| 0.000|   0.0|  36.815|  45.977|207.25|   0.0|    0.0|    0.0|F2              |
|  0| 8.05|56020.6|  1|22.20|23.09|  33.140|  50.582| 1026.342|-146.0|  -0.5| 1149.2| 0.000|   0.0|  36.110|  46.717|197.40|   0.0|    0.0|    0.0|F2              |
|  0| 8.05|56020.6|  1|27.00|27.61|  34.235|  49.518|  877.583|-147.4|  -0.5| 1021.5| 0.000|   0.0|  36.755|  46.156|205.28|   0.0|    0.0|    0.0|F2              |
|  0| 8.05|56020.6|  1| 7.80| 8.71|  31.046|  52.487| 1300.997|-143.4|  -0.1| 1338.0| 0.000|   0.0|  34.937|  47.670|110.68|   0.0|    0.0|    0.0|F2              |
+---+-----+-------+---+-----+-----+--------+--------+---------+------+------+-------+------+------+--------+--------+------+------+-------+-------+----------------+
+---+-----+-------+---+-----+-----+--------+--------+---------+------+------+-------+------+------+--------+--------+------+------+-------+-------+----------------+
|0-x| fr  |  time |hop| d0  | d1  |   fi   |  teta  |   dist  |  at  |  dev |   p   |  df  |  l   |   fot  |   tot  |  rot | lsp  |   pf  |    s  |                |
+---+-----+-------+---+-----+-----+--------+--------+---------+------+------+-------+------+------+--------+--------+------+------+-------+-------+----------------+
|  0| 8.05|56031.4|  1|17.40|18.89|  31.777|  52.168| 1238.088|-145.1|  -0.4| 1345.0| 0.000|   0.0|  35.271|  47.566|189.68|   0.0|    0.0|    0.0|F2              |
|  0| 8.05|56031.4|  1|11.40|11.87|  33.095|  50.052|  977.426|-144.1|  -0.1| 1015.6| 0.000|   0.0|  36.192|  46.389|111.59|   0.0|    0.0|    0.0|F2              |
|  0| 8.05|56031.4|  1|27.60|28.19|  34.325|  49.394|  861.839|-147.4|  -0.5| 1008.7| 0.000|   0.0|  36.866|  46.022|206.59|   0.0|    0.0|    0.0|F2              |
|  0| 8.05|56045.5|  1|29.40|29.98|  34.363|  48.947|  817.000|-145.9|  -0.5|  973.1| 0.000|   0.0|  36.816|  45.888|208.84|   0.0|    0.0|    0.0|F2              |
|  0| 8.05|56045.5|  1| 7.80| 8.71|  31.060|  52.468| 1298.600|-143.4|  -0.1| 1335.5| 0.000|   0.0|  34.945|  47.661|110.69|   0.0|    0.0|    0.0|F2              |
|  0| 8.05|56058.3|  1| 9.00| 9.63|  31.969|  51.515| 1166.827|-144.1|  -0.1| 1203.2| 0.000|   0.0|  35.511|  47.148|110.93|   0.0|    0.0|    0.0|F2              |
|  0| 8.05|56058.3|  1|29.40|29.98|  34.363|  48.947|  817.084|-145.9|  -0.5|  973.2| 0.000|   0.0|  36.870|  45.826|209.39|   0.0|    0.0|    0.0|F2              |
|  0| 8.05|56069.1|  1| 7.80| 8.70|  31.072|  52.452| 1296.467|-143.4|  -0.1| 1333.3| 0.000|   0.0|  34.953|  47.652|110.70|   0.0|    0.0|    0.0|F2              |
|  0| 8.05|56069.1|  1|28.80|29.39|  34.276|  49.059|  831.499|-145.9|  -0.5|  984.5| 0.000|   0.0|  36.802|  45.904|208.36|   0.0|    0.0|    0.0|F2              |
|  0| 8.05|56080.9|  1|30.60|31.21|  34.236|  48.597|  789.251|-143.8|  -0.5|  951.9| 0.000|   0.0|  36.826|  45.630|211.30|   0.0|    0.0|    0.0|F2              |
|  0| 8.05|56080.9|  1| 9.00| 9.63|  31.975|  51.507| 1165.792|-144.1|  -0.1| 1202.1| 0.000|   0.0|  35.511|  47.148|110.92|   0.0|    0.0|    0.0|F2              |
|  0| 8.05|56102.4|  1|28.20|28.79|  34.306|  49.230|  846.753|-146.7|  -0.5|  996.7| 0.000|   0.0|  36.800|  46.008|207.50|   0.0|    0.0|    0.0|F2              |
|  0| 8.05|56116.5|  1|28.20|28.82|  34.080|  49.128|  846.398|-145.2|  -0.5|  996.5| 0.000|   0.0|  36.680|  45.953|207.44|   0.0|    0.0|    0.0|F2              |
|  0| 8.05|56128.3|  1|22.80|23.64|  33.244|  50.412| 1005.462|-145.9|  -0.5| 1130.8| 0.000|   0.0|  36.199|  46.597|199.06|   0.0|    0.0|    0.0|F2              |
|  0| 8.05|56128.3|  1|10.80|11.27|  32.860|  50.350| 1016.207|-144.1|  -0.1| 1053.6| 0.000|   0.0|  36.049|  46.547|111.40|   0.0|    0.0|    0.0|F2              |
|  0| 8.05|56139.1|  1|27.60|28.25|  33.880|  49.196|  861.652|-144.5|  -0.5| 1008.8| 0.000|   0.0|  36.577|  45.978|206.59|   0.0|    0.0|    0.0|F2              |
|  0| 8.05|56160.6|  1|12.60|13.21|  33.472|  49.576|  915.572|-144.1|  -0.1|  956.3| 0.000|   0.0|  36.398|  46.164|112.34|   0.0|    0.0|    0.0|F2              |
|  0| 8.05|56173.2|  1|28.80|29.43|  33.966|  48.918|  831.539|-143.8|  -0.5|  984.8| 0.000|   0.0|  36.672|  45.792|208.82|   0.0|    0.0|    0.0|F2              |
|  0| 8.05|56196.9|  1|11.40|11.88|  32.995|  49.972|  974.364|-143.4|  -0.1| 1012.4| 0.000|   0.0|  36.138|  46.350|111.63|   0.0|    0.0|    0.0|F2              |
|  0| 8.05|56222.3|  1|28.20|28.85|  33.870|  49.033|  846.625|-143.8|  -0.5|  996.9| 0.000|   0.0|  36.537|  45.934|207.45|   0.0|    0.0|    0.0|F2              |
+---+-----+-------+---+-----+-----+--------+--------+---------+------+------+-------+------+------+--------+--------+------+------+-------+-------+----------------+
+---+-----+-------+---+-----+-----+--------+--------+---------+------+------+-------+------+------+--------+--------+------+------+-------+-------+----------------+
|0-x| fr  |  time |hop| d0  | d1  |   fi   |  teta  |   dist  |  at  |  dev |   p   |  df  |  l   |   fot  |   tot  |  rot | lsp  |   pf  |    s  |                |
+---+-----+-------+---+-----+-----+--------+--------+---------+------+------+-------+------+------+--------+--------+------+------+-------+-------+----------------+
|  0| 8.05|56235.3|  1|19.80|20.89|  32.736|  51.390| 1121.823|-146.7|  -0.5| 1236.0| 0.000|   0.0|  35.834|  47.167|194.48|   0.0|    0.0|    0.0|F2              |
|  0| 8.05|56235.3|  1|16.20|17.87|  31.911|  52.893| 1303.444|-147.3|  -0.4| 1407.1| 0.000|   0.0|  35.288|  47.994|188.83|   0.0|    0.0|    0.0|F2              |
|  0| 8.05|56235.3|  1|28.80|29.42|  34.066|  48.971|  832.096|-144.5|  -0.5|  985.4| 0.000|   0.0|  36.725|  45.818|209.16|   0.0|    0.0|    0.0|F2              |
|  0| 8.05|56249.3|  1|22.20|23.11|  32.870|  50.464| 1026.656|-144.5|  -0.5| 1149.8| 0.000|   0.0|  35.944|  46.673|198.13|   0.0|    0.0|    0.0|F2              |
|  0| 8.05|56249.3|  1|14.40|16.64|  30.756|  53.629| 1424.028|-145.1|  -0.4| 1525.1| 0.000|   0.0|  34.641|  48.321|186.20|   0.0|    0.0|    0.0|F2              |
|  0| 8.05|56249.3|  1|28.20|28.86|  33.766|  48.983|  846.573|-143.1|  -0.5|  996.9| 0.000|   0.0|  36.482|  45.907|207.52|   0.0|    0.0|    0.0|F2              |
|  0| 8.05|56260.1|  1|10.80|11.27|  32.878|  50.328| 1013.328|-144.1|  -0.1| 1050.5| 0.000|   0.0|  36.058|  46.538|111.43|   0.0|    0.0|    0.0|F2              |
|  0| 8.05|56260.1|  1|29.40|30.04|  33.942|  48.757|  817.480|-143.0|  -0.5|  974.1| 0.000|   0.0|  36.597|  45.776|209.64|   0.0|    0.0|    0.0|F2              |
|  0| 8.05|56271.9|  1| 9.60|10.15|  32.177|  50.967| 1105.327|-143.3|  -0.1| 1141.6| 0.000|   0.0|  35.649|  46.864|111.10|   0.0|    0.0|    0.0|F2              |
|  0| 8.05|56271.9|  1|30.00|30.59|  34.243|  48.757|  804.050|-144.6|  -0.6|  963.8| 0.000|   0.0|  36.754|  45.787|210.69|   0.0|    0.0|    0.0|F2              |
|  0| 8.05|56282.7|  1|30.00|30.57|  34.342|  48.805|  804.317|-145.3|  -0.6|  964.0| 0.000|   0.0|  36.807|  45.812|210.80|   0.0|    0.0|    0.0|F2              |
|  0| 8.05|56294.5|  1| 6.60| 7.78|  30.444|  53.622| 1437.005|-144.1|  -0.1| 1474.2| 0.000|   0.0|  34.502|  48.317|110.57|   0.0|    0.0|    0.0|F2              |
|  0| 8.05|56294.5|  1|29.40|30.03|  33.955|  48.766|  817.697|-143.2|  -0.6|  974.3| 0.000|   0.0|  36.605|  45.780|209.81|   0.0|    0.0|    0.0|F2              |
|  0| 8.05|56306.4|  1|16.80|18.41|  31.461|  52.333| 1267.779|-144.4|  -0.4| 1373.1| 0.000|   0.0|  35.091|  47.642|190.07|   0.0|    0.0|    0.0|F2              |
|  0| 8.05|56306.4|  1|27.60|28.24|  33.876|  49.205|  862.620|-144.5|  -0.5| 1010.0| 0.000|   0.0|  36.538|  46.021|206.96|   0.0|    0.0|    0.0|F2              |
|  0| 8.05|56316.9|  1|23.40|24.23|  33.120|  50.148|  985.509|-144.5|  -0.5| 1113.6| 0.000|   0.0|  36.125|  46.473|200.65|   0.0|    0.0|    0.0|F2              |
|  0| 8.05|56316.9|  1|27.00|27.68|  33.670|  49.274|  878.239|-143.8|  -0.5| 1022.7| 0.000|   0.0|  36.516|  45.956|206.61|   0.0|    0.0|    0.0|F2              |
|  0| 8.05|56316.9|  1|16.20|17.92|  31.445|  52.680| 1302.077|-145.2|  -0.4| 1405.9| 0.000|   0.0|  35.030|  47.874|189.00|   0.0|    0.0|    0.0|F2              |
|  0| 8.05|56316.9|  1|12.60|13.41|  33.534|  49.893|  943.146|-145.4|  -0.0|  986.0| 0.000|   0.0|  36.416|  46.336|112.50|   0.0|    0.0|    0.0|F2              |
|  0| 8.05|56349.1|  1|27.00|27.71|  33.442|  49.161|  877.944|-142.3|  -0.5| 1022.5| 0.000|   0.0|  36.401|  45.892|206.62|   0.0|    0.0|    0.0|F2              |
+---+-----+-------+---+-----+-----+--------+--------+---------+------+------+-------+------+------+--------+--------+------+------+-------+-------+----------------+
+---+-----+-------+---+-----+-----+--------+--------+---------+------+------+-------+------+------+--------+--------+------+------+-------+-------+----------------+
|0-x| fr  |  time |hop| d0  | d1  |   fi   |  teta  |   dist  |  at  |  dev |   p   |  df  |  l   |   fot  |   tot  |  rot | lsp  |   pf  |    s  |                |
+---+-----+-------+---+-----+-----+--------+--------+---------+------+------+-------+------+------+--------+--------+------+------+-------+-------+----------------+
|  0| 8.05|56371.7|  1|27.60|28.26|  33.769|  49.157|  862.770|-143.8|  -0.5| 1010.3| 0.000|   0.0|  36.496|  45.978|207.38|   0.0|    0.0|    0.0|F2              |
|  0| 8.05|56371.7|  1| 6.60| 7.73|  30.503|  53.536| 1426.112|-144.1|  -0.1| 1462.8| 0.000|   0.0|  34.548|  48.262|110.60|   0.0|    0.0|    0.0|F2              |
|  0| 8.05|56397.6|  1|28.20|28.84|  33.866|  49.041|  847.608|-143.9|  -0.6|  998.2| 0.000|   0.0|  36.541|  45.930|208.33|   0.0|    0.0|    0.0|F2              |
|  0| 8.05|56435.4|  1|26.40|27.11|  33.441|  49.342|  894.927|-143.0|  -0.5| 1036.7| 0.000|   0.0|  36.391|  45.987|206.12|   0.0|    0.0|    0.0|F2              |
|  0| 8.05|56447.2|  1|12.00|12.51|  33.238|  49.673|  935.214|-143.4|  -0.1|  974.0| 0.000|   0.0|  36.270|  46.209|111.96|   0.0|    0.0|    0.0|F2              |
|  0| 8.05|56447.2|  1|28.80|29.42|  33.959|  48.931|  833.082|-143.9|  -0.6|  986.8| 0.000|   0.0|  36.571|  45.899|209.17|   0.0|    0.0|    0.0|F2              |
|  0| 8.05|56459.1|  1| 9.00| 9.57|  32.060|  51.394| 1151.217|-144.1|  -0.1| 1186.8| 0.000|   0.0|  35.567|  47.085|111.02|   0.0|    0.0|    0.0|F2              |
|  0| 8.05|56459.1|  1|30.00|30.60|  34.140|  48.718|  804.884|-143.9|  -0.6|  964.9| 0.000|   0.0|  36.688|  45.776|211.30|   0.0|    0.0|    0.0|F2              |
|  0| 8.05|56470.9|  1|30.00|30.58|  34.239|  48.766|  805.161|-144.6|  -0.6|  965.2| 0.000|   0.0|  36.741|  45.802|211.42|   0.0|    0.0|    0.0|F2              |
|  0| 8.05|56470.9|  1| 9.60|10.12|  32.364|  50.993| 1099.454|-144.1|  -0.1| 1135.3| 0.000|   0.0|  35.762|  46.867|111.19|   0.0|    0.0|    0.0|F2              |
|  0| 8.05|56483.8|  1|29.40|30.01|  34.050|  48.824|  818.939|-143.9|  -0.6|  975.8| 0.000|   0.0|  36.630|  45.837|210.38|   0.0|    0.0|    0.0|F2              |
|  0| 8.05|56483.8|  1|15.00|17.04|  30.891|  53.171| 1373.708|-144.5|  -0.4| 1475.0| 0.000|   0.0|  34.776|  48.030|188.33|   0.0|    0.0|    0.0|F2              |
|  0| 8.05|56496.8|  1|30.00|30.58|  34.238|  48.768|  805.296|-144.6|  -0.6|  965.4| 0.000|   0.0|  36.741|  45.802|211.54|   0.0|    0.0|    0.0|F2              |
|  0| 8.05|56496.8|  1|10.20|10.68|  32.647|  50.624| 1051.707|-144.1|  -0.1| 1088.0| 0.000|   0.0|  35.933|  46.676|111.34|   0.0|    0.0|    0.0|F2              |
|  0| 8.05|56510.8|  1| 9.00| 9.55|  32.209|  51.444| 1149.458|-144.8|  -0.1| 1184.9| 0.000|   0.0|  35.650|  47.111|111.04|   0.0|    0.0|    0.0|F2              |
|  0| 8.05|56510.8|  1|29.40|29.99|  34.150|  48.875|  819.309|-144.6|  -0.6|  976.2| 0.000|   0.0|  36.684|  45.863|210.56|   0.0|    0.0|    0.0|F2              |
|  0| 8.05|56539.7|  1|30.00|30.58|  34.237|  48.770|  805.530|-144.6|  -0.6|  965.7| 0.000|   0.0|  36.755|  45.787|211.93|   0.0|    0.0|    0.0|F2              |
|  0| 8.05|56561.1|  1|11.40|11.86|  33.168|  49.988|  968.186|-144.2|  -0.1| 1005.8| 0.000|   0.0|  36.234|  46.358|111.73|   0.0|    0.0|    0.0|F2              |
|  0| 8.05|56561.1|  1|29.40|29.99|  34.149|  48.877|  819.574|-144.6|  -0.6|  976.5| 0.000|   0.0|  36.684|  45.863|210.80|   0.0|    0.0|    0.0|F2              |
|  0| 8.05|56583.6|  1|29.40|29.99|  34.148|  48.878|  819.696|-144.6|  -0.6|  976.7| 0.000|   0.0|  36.684|  45.863|210.91|   0.0|    0.0|    0.0|F2              |
+---+-----+-------+---+-----+-----+--------+--------+---------+------+------+-------+------+------+--------+--------+------+------+-------+-------+----------------+
+---+-----+-------+---+-----+-----+--------+--------+---------+------+------+-------+------+------+--------+--------+------+------+-------+-------+----------------+
|0-x| fr  |  time |hop| d0  | d1  |   fi   |  teta  |   dist  |  at  |  dev |   p   |  df  |  l   |   fot  |   tot  |  rot | lsp  |   pf  |    s  |                |
+---+-----+-------+---+-----+-----+--------+--------+---------+------+------+-------+------+------+--------+--------+------+------+-------+-------+----------------+
|  0| 8.05|56583.6|  1| 7.80| 8.53|  31.416|  52.260| 1262.787|-144.1|  -0.1| 1297.8| 0.000|   0.0|  35.178|  47.528|110.87|   0.0|    0.0|    0.0|F2              |
|  0| 8.05|56594.4|  1|28.80|29.40|  34.058|  48.988|  834.085|-144.6|  -0.6|  988.0| 0.000|   0.0|  36.669|  45.879|210.46|   0.0|    0.0|    0.0|F2              |
|  0| 8.05|56594.4|  1|12.00|12.50|  33.363|  49.713|  933.426|-144.1|  -0.1|  972.1| 0.000|   0.0|  36.339|  46.230|112.01|   0.0|    0.0|    0.0|F2              |
|  0| 8.05|56606.4|  1| 7.20| 8.07|  30.889|  52.696| 1328.130|-143.4|  -0.1| 1363.2| 0.000|   0.0|  34.833|  47.787|110.74|   0.0|    0.0|    0.0|F2              |
|  0| 8.05|56606.4|  1|28.20|28.81|  33.965|  49.102|  848.968|-144.6|  -0.6|  999.8| 0.000|   0.0|  36.569|  45.988|208.98|   0.0|    0.0|    0.0|F2              |
|  0| 8.05|56630.1|  1|31.80|32.30|  34.786|  48.613|  767.210|-146.8|  -0.6|  937.3| 0.000|   0.0|  37.095|  45.665|215.71|   0.0|    0.0|    0.0|F2              |
|  0| 8.05|56630.1|  1|10.80|11.24|  33.168|  50.384| 1006.032|-145.5|  -0.1| 1042.8| 0.000|   0.0|  36.228|  46.554|111.55|   0.0|    0.0|    0.0|F2              |
|  0| 8.05|56652.7|  1|10.80|11.26|  32.924|  50.269| 1005.642|-144.1|  -0.1| 1042.4| 0.000|   0.0|  36.098|  46.493|111.55|   0.0|    0.0|    0.0|F2              |
|  0| 8.05|56652.7|  1|27.60|28.23|  33.869|  49.221|  864.483|-144.6|  -0.6| 1012.3| 0.000|   0.0|  36.582|  45.974|209.00|   0.0|    0.0|    0.0|F2              |
|  0| 8.05|56664.6|  1| 9.60|10.12|  32.262|  50.892| 1094.387|-143.4|  -0.1| 1130.0| 0.000|   0.0|  35.712|  46.811|111.23|   0.0|    0.0|    0.0|F2              |
|  0| 8.05|56664.6|  1|29.40|30.00|  34.047|  48.832|  819.858|-143.9|  -0.6|  977.0| 0.000|   0.0|  36.659|  45.806|211.58|   0.0|    0.0|    0.0|F2              |
|  0| 8.05|56675.4|  1|30.60|31.14|  34.418|  48.719|  792.902|-145.3|  -0.6|  956.5| 0.000|   0.0|  36.878|  45.735|213.77|   0.0|    0.0|    0.0|F2              |
|  0| 8.05|56687.3|  1|20.40|21.49|  32.329|  50.941| 1095.992|-143.8|  -0.5| 1212.7| 0.000|   0.0|  35.655|  46.884|197.60|   0.0|    0.0|    0.0|F2              |
|  0| 8.05|56687.3|  1|13.20|15.89|  30.186|  54.136| 1498.203|-144.4|  -0.4| 1597.0| 0.000|   0.0|  34.214|  48.679|186.30|   0.0|    0.0|    0.0|F2              |
|  0| 8.05|56687.3|  1|25.80|26.53|  33.328|  49.480|  912.983|-143.0|  -0.5| 1052.3| 0.000|   0.0|  36.236|  46.149|205.81|   0.0|    0.0|    0.0|F2              |
|  0| 8.05|56687.3|  1|27.60|28.28|  33.554|  49.065|  863.912|-142.5|  -0.6| 1011.9| 0.000|   0.0|  36.415|  45.891|208.96|   0.0|    0.0|    0.0|F2              |
|  0| 8.05|56738.9|  1|11.40|11.87|  33.167|  49.960|  965.491|-144.1|  -0.1| 1003.0| 0.000|   0.0|  36.233|  46.345|111.77|   0.0|    0.0|    0.0|F2              |
|  0| 8.05|56738.9|  1|28.80|29.41|  33.954|  48.945|  834.569|-143.9|  -0.6|  988.7| 0.000|   0.0|  36.586|  45.883|210.75|   0.0|    0.0|    0.0|F2              |
|  0| 8.05|56750.8|  1|28.80|29.39|  34.055|  48.995|  834.874|-144.6|  -0.6|  989.0| 0.000|   0.0|  36.641|  45.910|210.87|   0.0|    0.0|    0.0|F2              |
|  0| 8.05|56750.8|  1|10.20|10.65|  32.807|  50.640| 1046.268|-144.8|  -0.1| 1082.3| 0.000|   0.0|  36.025|  46.681|111.41|   0.0|    0.0|    0.0|F2              |
+---+-----+-------+---+-----+-----+--------+--------+---------+------+------+-------+------+------+--------+--------+------+------+-------+-------+----------------+
+---+-----+-------+---+-----+-----+--------+--------+---------+------+------+-------+------+------+--------+--------+------+------+-------+-------+----------------+
|0-x| fr  |  time |hop| d0  | d1  |   fi   |  teta  |   dist  |  at  |  dev |   p   |  df  |  l   |   fot  |   tot  |  rot | lsp  |   pf  |    s  |                |
+---+-----+-------+---+-----+-----+--------+--------+---------+------+------+-------+------+------+--------+--------+------+------+-------+-------+----------------+
|  0| 8.05|56761.5|  1|12.00|12.52|  33.260|  49.646|  931.726|-143.4|  -0.1|  970.3| 0.000|   0.0|  36.287|  46.192|112.06|   0.0|    0.0|    0.0|F2              |
|  0| 8.05|56761.5|  1|28.80|29.41|  33.953|  48.946|  834.679|-143.9|  -0.6|  988.8| 0.000|   0.0|  36.586|  45.883|210.85|   0.0|    0.0|    0.0|F2              |
|  0| 8.05|56773.3|  1|27.60|28.22|  33.867|  49.226|  865.069|-144.6|  -0.6| 1013.1| 0.000|   0.0|  36.525|  46.036|209.00|   0.0|    0.0|    0.0|F2              |
|  0| 8.05|56773.3|  1|11.40|11.87|  33.170|  49.956|  965.002|-144.1|  -0.1| 1002.5| 0.000|   0.0|  36.229|  46.349|111.77|   0.0|    0.0|    0.0|F2              |
|  0| 8.05|56786.4|  1|28.20|28.82|  33.858|  49.059|  849.602|-143.9|  -0.6| 1000.7| 0.000|   0.0|  36.513|  45.961|209.77|   0.0|    0.0|    0.0|F2              |
|  0| 8.05|56786.4|  1| 9.60|10.09|  32.411|  50.931| 1091.480|-144.1|  -0.1| 1126.9| 0.000|   0.0|  35.794|  46.831|111.27|   0.0|    0.0|    0.0|F2              |
|  0| 8.05|56799.3|  1|27.60|28.24|  33.761|  49.176|  864.929|-143.9|  -0.6| 1013.0| 0.000|   0.0|  36.468|  46.008|209.05|   0.0|    0.0|    0.0|F2              |
|  0| 8.05|56799.3|  1| 8.40| 9.00|  31.807|  51.731| 1194.695|-144.1|  -0.1| 1229.4| 0.000|   0.0|  35.421|  47.251|111.02|   0.0|    0.0|    0.0|F2              |
|  0| 8.05|56811.2|  1|12.60|15.60|  29.944|  54.489| 1543.131|-144.4|  -0.4| 1641.6| 0.000|   0.0|  34.013|  48.921|185.97|   0.0|    0.0|    0.0|F2              |
|  0| 8.05|56834.9|  1| 8.40| 8.99|  31.813|  51.722| 1193.543|-144.1|  -0.1| 1228.1| 0.000|   0.0|  35.429|  47.242|111.04|   0.0|    0.0|    0.0|F2              |
|  0| 8.05|56834.9|  1|28.80|29.42|  33.836|  48.890|  834.741|-143.1|  -0.6|  989.0| 0.000|   0.0|  36.539|  45.837|211.29|   0.0|    0.0|    0.0|F2              |
|  0| 8.05|56846.7|  1|11.40|11.87|  33.177|  49.948|  963.950|-144.1|  -0.1| 1001.4| 0.000|   0.0|  36.233|  46.345|111.79|   0.0|    0.0|    0.0|F2              |
|  0| 8.05|56846.7|  1|28.20|28.84|  33.754|  49.010|  849.622|-143.2|  -0.6| 1000.8| 0.000|   0.0|  36.546|  45.841|210.79|   0.0|    0.0|    0.0|F2              |
|  0| 8.05|56858.5|  1|13.80|16.24|  30.308|  53.640| 1444.747|-143.7|  -0.4| 1543.6| 0.000|   0.0|  34.361|  48.344|188.21|   0.0|    0.0|    0.0|F2              |
|  0| 8.05|56858.5|  1|30.60|31.17|  34.220|  48.632|  793.288|-143.9|  -0.6|  957.2| 0.000|   0.0|  36.803|  45.655|214.64|   0.0|    0.0|    0.0|F2              |
|  0| 8.05|56869.3|  1|10.20|10.66|  32.694|  50.563| 1043.862|-144.1|  -0.1| 1079.8| 0.000|   0.0|  35.949|  46.658|111.39|   0.0|    0.0|    0.0|F2              |
|  0| 8.05|56880.0|  1|27.00|27.62|  33.874|  49.404|  881.627|-145.3|  -0.6| 1026.8| 0.000|   0.0|  36.623|  46.017|209.30|   0.0|    0.0|    0.0|F2              |
|  0| 8.05|56880.0|  1| 8.40| 8.99|  31.821|  51.711| 1192.119|-144.1|  -0.1| 1226.6| 0.000|   0.0|  35.437|  47.233|111.05|   0.0|    0.0|    0.0|F2              |
|  0| 8.05|56891.4|  1| 6.00| 7.08|  30.333|  53.775| 1456.691|-144.1|  -0.1| 1491.3| 0.000|   0.0|  34.460|  48.367|110.71|   0.0|    0.0|    0.0|F2              |
|  0| 8.05|56904.4|  1|28.20|28.82|  33.856|  49.064|  850.136|-143.9|  -0.6| 1001.4| 0.000|   0.0|  36.542|  45.930|210.70|   0.0|    0.0|    0.0|F2              |
+---+-----+-------+---+-----+-----+--------+--------+---------+------+------+-------+------+------+--------+--------+------+------+-------+-------+----------------+
+---+-----+-------+---+-----+-----+--------+--------+---------+------+------+-------+------+------+--------+--------+------+------+-------+-------+----------------+
|0-x| fr  |  time |hop| d0  | d1  |   fi   |  teta  |   dist  |  at  |  dev |   p   |  df  |  l   |   fot  |   tot  |  rot | lsp  |   pf  |    s  |                |
+---+-----+-------+---+-----+-----+--------+--------+---------+------+------+-------+------+------+--------+--------+------+------+-------+-------+----------------+
|  0| 8.05|56904.4|  1| 9.60|10.09|  32.427|  50.910| 1088.749|-144.1|  -0.1| 1124.1| 0.000|   0.0|  35.802|  46.822|111.29|   0.0|    0.0|    0.0|F2              |
|  0| 8.05|56918.5|  1|27.00|27.63|  33.766|  49.353|  881.528|-144.6|  -0.6| 1026.8| 0.000|   0.0|  36.567|  45.990|209.41|   0.0|    0.0|    0.0|F2              |
|  0| 8.05|56918.5|  1| 8.40| 8.97|  31.971|  51.767| 1190.973|-144.8|  -0.1| 1225.4| 0.000|   0.0|  35.514|  47.269|111.06|   0.0|    0.0|    0.0|F2              |
|  0| 8.05|56929.2|  1|29.40|29.97|  34.143|  48.893|  821.336|-144.6|  -0.6|  978.8| 0.000|   0.0|  36.741|  45.802|213.08|   0.0|    0.0|    0.0|F2              |
|  0| 8.05|56929.2|  1| 7.80| 8.46|  31.498|  52.147| 1248.233|-144.1|  -0.1| 1282.4| 0.000|   0.0|  35.234|  47.464|110.97|   0.0|    0.0|    0.0|F2              |
|  0| 8.05|56941.0|  1|27.00|27.67|  33.552|  49.248|  881.078|-143.2|  -0.6| 1026.4| 0.000|   0.0|  36.455|  45.935|209.38|   0.0|    0.0|    0.0|F2              |
|  0| 8.05|56941.0|  1| 6.00| 7.02|  30.526|  53.819| 1452.511|-144.8|  -0.1| 1486.8| 0.000|   0.0|  34.577|  48.383|110.74|   0.0|    0.0|    0.0|F2              |
|  0| 8.05|56955.0|  1|10.20|10.66|  32.704|  50.551| 1042.242|-144.1|  -0.1| 1078.1| 0.000|   0.0|  35.966|  46.640|111.44|   0.0|    0.0|    0.0|F2              |
|  0| 8.05|56993.8|  1| 9.00| 9.50|  32.287|  51.337| 1135.765|-144.8|  -0.1| 1170.5| 0.000|   0.0|  35.713|  47.038|111.19|   0.0|    0.0|    0.0|F2              |
|  0| 8.05|56993.8|  1|12.00|12.53|  33.386|  49.684|  929.617|-144.1|  -0.1|  968.1| 0.000|   0.0|  36.355|  46.212|112.14|   0.0|    0.0|    0.0|F2              |
|  0| 8.05|56993.8|  1|28.20|28.83|  33.752|  49.016|  850.262|-143.2|  -0.6| 1001.6| 0.000|   0.0|  36.491|  45.898|211.09|   0.0|    0.0|    0.0|F2              |
|  0| 8.05|57005.8|  1|28.20|28.81|  33.855|  49.068|  850.577|-143.9|  -0.6| 1001.9| 0.000|   0.0|  36.546|  45.926|211.21|   0.0|    0.0|    0.0|F2              |
|  0| 8.05|57005.8|  1|10.80|11.25|  32.960|  50.223|  999.696|-144.1|  -0.1| 1036.2| 0.000|   0.0|  36.106|  46.484|111.60|   0.0|    0.0|    0.0|F2              |
|  0| 8.05|57029.4|  1|13.80|16.19|  30.689|  53.742| 1437.955|-145.2|  -0.5| 1536.1| 0.000|   0.0|  34.551|  48.432|189.25|   0.0|    0.0|    0.0|F2              |
|  0| 8.05|57043.5|  1|27.60|28.21|  33.863|  49.238|  866.303|-144.6|  -0.6| 1014.7| 0.000|   0.0|  36.526|  46.036|210.28|   0.0|    0.0|    0.0|F2              |
|  0| 8.05|57043.5|  1| 7.80| 8.44|  31.521|  52.115| 1244.209|-144.1|  -0.1| 1278.2| 0.000|   0.0|  35.250|  47.446|110.99|   0.0|    0.0|    0.0|F2              |
|  0| 8.05|57055.5|  1|27.00|27.63|  33.765|  49.359|  882.110|-144.6|  -0.6| 1027.5| 0.000|   0.0|  36.452|  46.116|209.18|   0.0|    0.0|    0.0|F2              |
|  0| 8.05|57055.5|  1| 9.60|10.07|  32.465|  50.894| 1085.539|-144.2|  -0.1| 1120.7| 0.000|   0.0|  35.820|  46.817|111.31|   0.0|    0.0|    0.0|F2              |
|  0| 8.05|57067.3|  1|26.40|27.07|  33.555|  49.430|  898.142|-143.9|  -0.6| 1040.7| 0.000|   0.0|  36.443|  46.034|209.09|   0.0|    0.0|    0.0|F2              |
|  0| 8.05|57067.3|  1| 6.60| 7.45|  30.803|  53.106| 1371.324|-144.1|  -0.1| 1405.1| 0.000|   0.0|  34.773|  47.997|110.80|   0.0|    0.0|    0.0|F2              |
+---+-----+-------+---+-----+-----+--------+--------+---------+------+------+-------+------+------+--------+--------+------+------+-------+-------+----------------+
+---+-----+-------+---+-----+-----+--------+--------+---------+------+------+-------+------+------+--------+--------+------+------+-------+-------+----------------+
|0-x| fr  |  time |hop| d0  | d1  |   fi   |  teta  |   dist  |  at  |  dev |   p   |  df  |  l   |   fot  |   tot  |  rot | lsp  |   pf  |    s  |                |
+---+-----+-------+---+-----+-----+--------+--------+---------+------+------+-------+------+------+--------+--------+------+------+-------+-------+----------------+
|  0| 8.05|57078.0|  1|32.40|32.96|  34.375|  48.303|  755.523|-143.3|  -0.7|  929.8| 0.000|   0.0|  36.825|  45.557|217.69|   0.0|    0.0|    0.0|F2              |
|  0| 8.05|57078.0|  1| 7.80| 8.44|  31.528|  52.106| 1243.045|-144.1|  -0.1| 1277.0| 0.000|   0.0|  35.250|  47.446|110.99|   0.0|    0.0|    0.0|F2              |
|  0| 8.05|57091.0|  1|11.40|11.87|  33.196|  49.923|  960.681|-144.1|  -0.1|  997.9| 0.000|   0.0|  36.246|  46.331|111.85|   0.0|    0.0|    0.0|F2              |
|  0| 8.05|57091.0|  1|34.20|34.75|  34.598|  48.031|  720.085|-143.2|  -0.7|  905.1| 0.000|   0.0|  36.951|  45.419|220.52|   0.0|    0.0|    0.0|F2              |
|  0| 8.05|57091.0|  1|31.20|31.75|  34.303|  48.541|  781.073|-144.0|  -0.7|  948.5| 0.000|   0.0|  36.864|  45.592|216.61|   0.0|    0.0|    0.0|F2              |
|  0| 8.05|57114.6|  1| 8.40| 8.96|  31.861|  51.657| 1185.187|-144.1|  -0.1| 1219.4| 0.000|   0.0|  35.461|  47.206|111.10|   0.0|    0.0|    0.0|F2              |
|  0| 8.05|57114.6|  1|27.00|27.60|  33.887|  49.420|  882.682|-145.4|  -0.6| 1028.1| 0.000|   0.0|  36.604|  46.052|210.34|   0.0|    0.0|    0.0|F2              |
|  0| 8.05|57127.6|  1|12.00|12.53|  33.506|  49.729|  928.656|-144.8|  -0.1|  967.1| 0.000|   0.0|  36.407|  46.249|112.17|   0.0|    0.0|    0.0|F2              |
|  0| 8.05|57127.6|  1|27.60|28.18|  33.968|  49.292|  866.934|-145.3|  -0.6| 1015.4| 0.000|   0.0|  36.587|  46.059|210.79|   0.0|    0.0|    0.0|F2              |
|  0| 8.05|57153.4|  1| 7.80| 8.42|  31.541|  52.088| 1240.648|-144.1|  -0.1| 1274.5| 0.000|   0.0|  35.258|  47.437|111.00|   0.0|    0.0|    0.0|F2              |
|  0| 8.05|57153.4|  1|28.80|29.35|  34.153|  49.061|  836.919|-145.3|  -0.6|  991.5| 0.000|   0.0|  36.729|  45.900|213.13|   0.0|    0.0|    0.0|F2              |
|  0| 8.05|57183.7|  1|28.80|29.35|  34.152|  49.062|  837.046|-145.3|  -0.6|  991.6| 0.000|   0.0|  36.729|  45.900|213.27|   0.0|    0.0|    0.0|F2              |
|  0| 8.05|57183.7|  1| 9.00| 9.50|  32.176|  51.238| 1131.199|-144.1|  -0.1| 1165.7| 0.000|   0.0|  35.652|  46.990|111.22|   0.0|    0.0|    0.0|F2              |
|  0| 8.05|57210.3|  1|22.20|23.09|  32.866|  50.492| 1029.509|-144.6|  -0.6| 1153.5| 0.000|   0.0|  36.035|  46.573|203.34|   0.0|    0.0|    0.0|F2              |
|  0| 8.05|57221.1|  1|29.40|29.95|  34.140|  48.904|  822.518|-144.6|  -0.6|  980.3| 0.000|   0.0|  36.732|  45.813|214.33|   0.0|    0.0|    0.0|F2              |
|  0| 8.05|57236.3|  1|31.20|31.68|  34.591|  48.686|  782.365|-146.1|  -0.7|  949.9| 0.000|   0.0|  36.932|  45.759|216.73|   0.0|    0.0|    0.0|F2              |
|  0| 8.05|57250.2|  1|28.20|28.78|  33.956|  49.128|  851.830|-144.6|  -0.6| 1003.4| 0.000|   0.0|  36.617|  45.937|212.54|   0.0|    0.0|    0.0|F2              |
|  0| 8.05|57250.2|  1|11.40|11.87|  33.208|  49.907|  958.709|-144.1|  -0.1|  995.9| 0.000|   0.0|  36.254|  46.322|111.89|   0.0|    0.0|    0.0|F2              |
|  0| 8.05|57263.2|  1|31.80|32.29|  34.574|  48.542|  769.339|-145.4|  -0.7|  940.3| 0.000|   0.0|  36.917|  45.694|217.56|   0.0|    0.0|    0.0|F2              |
|  0| 8.05|57274.0|  1|24.00|24.72|  33.464|  50.146|  970.566|-146.0|  -0.6| 1102.2| 0.000|   0.0|  36.304|  46.477|206.25|   0.0|    0.0|    0.0|F2              |
+---+-----+-------+---+-----+-----+--------+--------+---------+------+------+-------+------+------+--------+--------+------+------+-------+-------+----------------+
+---+-----+-------+---+-----+-----+--------+--------+---------+------+------+-------+------+------+--------+--------+------+------+-------+-------+----------------+
|0-x| fr  |  time |hop| d0  | d1  |   fi   |  teta  |   dist  |  at  |  dev |   p   |  df  |  l   |   fot  |   tot  |  rot | lsp  |   pf  |    s  |                |
+---+-----+-------+---+-----+-----+--------+--------+---------+------+------+-------+------+------+--------+--------+------+------+-------+-------+----------------+
|  0| 8.05|57274.0|  1|21.00|21.98|  32.734|  50.893| 1073.746|-145.2|  -0.5| 1193.0| 0.000|   0.0|  35.867|  46.874|201.52|   0.0|    0.0|    0.0|F2              |
|  0| 8.05|57284.7|  1|27.60|28.13|  34.180|  49.398|  868.175|-146.7|  -0.6| 1016.7| 0.000|   0.0|  36.743|  46.063|212.08|   0.0|    0.0|    0.0|F2              |
|  0| 8.05|57284.7|  1|32.40|32.80|  35.046|  48.626|  758.001|-148.3|  -0.7|  932.3| 0.000|   0.0|  37.199|  45.710|219.22|   0.0|    0.0|    0.0|F2              |
|  0| 8.05|57284.7|  1|30.60|31.04|  34.723|  48.887|  796.352|-147.6|  -0.7|  960.5| 0.000|   0.0|  37.084|  45.763|216.85|   0.0|    0.0|    0.0|F2              |
|  0| 8.05|57284.7|  1|20.40|21.44|  32.599|  51.074| 1096.919|-145.2|  -0.5| 1213.9| 0.000|   0.0|  35.778|  46.976|200.61|   0.0|    0.0|    0.0|F2              |
|  0| 8.05|57295.6|  1|29.40|29.95|  34.139|  48.906|  822.781|-144.7|  -0.7|  980.7| 0.000|   0.0|  36.760|  45.782|214.79|   0.0|    0.0|    0.0|F2              |
|  0| 8.05|57295.6|  1| 8.40| 8.94|  31.889|  51.620| 1180.452|-144.1|  -0.1| 1214.4| 0.000|   0.0|  35.477|  47.187|111.14|   0.0|    0.0|    0.0|F2              |
|  0| 8.05|57308.5|  1|31.80|32.29|  34.574|  48.544|  769.484|-145.4|  -0.7|  940.5| 0.000|   0.0|  36.938|  45.671|218.07|   0.0|    0.0|    0.0|F2              |
|  0| 8.05|57308.5|  1|22.20|23.09|  32.866|  50.495| 1029.722|-144.6|  -0.6| 1153.8| 0.000|   0.0|  35.934|  46.688|203.21|   0.0|    0.0|    0.0|F2              |
|  0| 8.05|57332.2|  1|31.80|32.27|  34.669|  48.590|  769.824|-146.1|  -0.7|  940.8| 0.000|   0.0|  36.989|  45.695|218.24|   0.0|    0.0|    0.0|F2              |
|  0| 8.05|57332.2|  1| 9.60|10.06|  32.478|  50.843| 1080.100|-144.1|  -0.1| 1115.0| 0.000|   0.0|  35.830|  46.790|111.37|   0.0|    0.0|    0.0|F2              |
|  0| 8.05|57343.9|  1|28.20|28.71|  34.285|  49.288|  853.148|-146.8|  -0.6| 1004.8| 0.000|   0.0|  36.793|  46.018|213.20|   0.0|    0.0|    0.0|F2              |
|  0| 8.05|57355.9|  1|23.40|24.15|  33.368|  50.307|  990.085|-146.1|  -0.6| 1119.2| 0.000|   0.0|  36.246|  46.560|205.74|   0.0|    0.0|    0.0|F2              |
|  0| 8.05|57366.6|  1|25.80|26.44|  33.669|  49.677|  916.694|-145.3|  -0.6| 1056.6| 0.000|   0.0|  36.472|  46.187|209.64|   0.0|    0.0|    0.0|F2              |
|  0| 8.05|57377.3|  1| 9.60|10.08|  32.354|  50.774| 1079.101|-143.4|  -0.1| 1113.9| 0.000|   0.0|  35.766|  46.752|111.38|   0.0|    0.0|    0.0|F2              |
|  0| 8.05|57403.2|  1|33.60|34.03|  34.987|  48.352|  733.700|-146.8|  -0.7|  915.2| 0.000|   0.0|  37.189|  45.547|221.60|   0.0|    0.0|    0.0|F2              |
|  0| 8.05|57403.2|  1| 9.60|10.05|  32.616|  50.894| 1078.875|-144.8|  -0.1| 1113.6| 0.000|   0.0|  35.904|  46.818|111.38|   0.0|    0.0|    0.0|F2              |
|  0| 8.05|57443.6|  1| 9.60|10.06|  32.472|  50.818| 1078.020|-144.0|  -0.1| 1112.8| 0.000|   0.0|  35.833|  46.772|111.40|   0.0|    0.0|    0.0|F2              |
|  0| 8.05|57443.6|  1| 6.00| 6.91|  30.344|  53.439| 1423.847|-143.4|  -0.1| 1456.8| 0.000|   0.0|  34.492|  48.176|110.82|   0.0|    0.0|    0.0|F2              |
|  0| 8.05|57455.7|  1|15.00|17.04|  30.995|  53.004| 1353.066|-144.5|  -0.5| 1453.3| 0.000|   0.0|  34.805|  47.977|193.45|   0.0|    0.0|    0.0|F2              |
+---+-----+-------+---+-----+-----+--------+--------+---------+------+------+-------+------+------+--------+--------+------+------+-------+-------+----------------+
+---+-----+-------+---+-----+-----+--------+--------+---------+------+------+-------+------+------+--------+--------+------+------+-------+-------+----------------+
|0-x| fr  |  time |hop| d0  | d1  |   fi   |  teta  |   dist  |  at  |  dev |   p   |  df  |  l   |   fot  |   tot  |  rot | lsp  |   pf  |    s  |                |
+---+-----+-------+---+-----+-----+--------+--------+---------+------+------+-------+------+------+--------+--------+------+------+-------+-------+----------------+
|  0| 8.05|57469.7|  1|33.00|33.44|  34.834|  48.409|  745.561|-146.2|  -0.7|  923.6| 0.000|   0.0|  37.099|  45.583|220.84|   0.0|    0.0|    0.0|F2              |
|  0| 8.05|57469.7|  1|12.60|15.47|  30.503|  54.366| 1506.917|-145.9|  -0.5| 1602.5| 0.000|   0.0|  34.384|  48.807|189.92|   0.0|    0.0|    0.0|F2              |
|  0| 8.05|57483.7|  1|35.40|35.88|  34.931|  47.967|  699.286|-144.8|  -0.8|  892.0| 0.000|   0.0|  37.204|  45.309|224.68|   0.0|    0.0|    0.0|F2              |
|  0| 8.05|57483.7|  1| 8.40| 8.91|  32.055|  51.651| 1176.131|-144.8|  -0.1| 1209.8| 0.000|   0.0|  35.569|  47.205|111.17|   0.0|    0.0|    0.0|F2              |
|  0| 8.05|57483.7|  1| 7.80| 8.36|  31.742|  52.082| 1231.320|-144.8|  -0.1| 1264.6| 0.000|   0.0|  35.377|  47.429|111.08|   0.0|    0.0|    0.0|F2              |
|  0| 8.05|57498.6|  1|18.00|19.37|  32.018|  51.869| 1198.741|-145.2|  -0.5| 1307.5| 0.000|   0.0|  35.387|  47.433|197.82|   0.0|    0.0|    0.0|F2              |
|  0| 8.05|57498.6|  1|13.80|16.22|  30.598|  53.564| 1424.624|-144.5|  -0.5| 1522.2| 0.000|   0.0|  34.438|  48.413|191.35|   0.0|    0.0|    0.0|F2              |
|  0| 8.05|57498.6|  1|27.60|28.12|  34.195|  49.412|  868.998|-146.9|  -0.7| 1017.7| 0.000|   0.0|  36.739|  46.083|212.98|   0.0|    0.0|    0.0|F2              |
|  0| 8.05|57498.6|  1|29.40|29.85|  34.561|  49.111|  824.725|-147.6|  -0.7|  982.7| 0.000|   0.0|  36.931|  45.947|215.62|   0.0|    0.0|    0.0|F2              |
|  0| 8.05|57523.4|  1|37.20|37.63|  35.388|  47.847|  668.442|-146.9|  -0.8|  872.7| 0.000|   0.0|  37.365|  45.346|226.76|   0.0|    0.0|    0.0|F2              |
|  0| 8.05|57523.4|  1| 8.40| 8.90|  32.060|  51.644| 1175.245|-144.8|  -0.1| 1208.9| 0.000|   0.0|  35.573|  47.200|111.18|   0.0|    0.0|    0.0|F2              |
|  0| 8.05|57534.2|  1|37.20|37.60|  35.486|  47.890|  668.713|-147.7|  -0.8|  872.9| 0.000|   0.0|  37.417|  45.370|226.86|   0.0|    0.0|    0.0|F2              |
|  0| 8.05|57534.2|  1|25.80|26.41|  33.780|  49.736|  917.566|-146.0|  -0.6| 1057.6| 0.000|   0.0|  36.480|  46.275|210.12|   0.0|    0.0|    0.0|F2              |
|  0| 8.05|57546.2|  1|34.80|35.24|  35.037|  48.136|  710.875|-146.2|  -0.8|  899.8| 0.000|   0.0|  37.224|  45.431|223.97|   0.0|    0.0|    0.0|F2              |
|  0| 8.05|57546.2|  1|15.60|17.49|  31.193|  52.732| 1318.025|-144.5|  -0.5| 1419.7| 0.000|   0.0|  34.948|  47.811|194.90|   0.0|    0.0|    0.0|F2              |
|  0| 8.05|57560.2|  1|24.00|24.71|  33.463|  50.155|  971.397|-146.0|  -0.6| 1103.3| 0.000|   0.0|  36.274|  46.514|207.30|   0.0|    0.0|    0.0|F2              |
|  0| 8.05|57560.2|  1|13.80|16.22|  30.607|  53.552| 1423.050|-144.5|  -0.5| 1520.6| 0.000|   0.0|  34.438|  48.412|191.66|   0.0|    0.0|    0.0|F2              |
|  0| 8.05|57560.2|  1|30.60|31.02|  34.722|  48.896|  797.261|-147.6|  -0.7|  961.7| 0.000|   0.0|  37.010|  45.852|217.53|   0.0|    0.0|    0.0|F2              |
|  0| 8.05|57572.1|  1|12.60|15.51|  30.168|  54.179| 1503.160|-144.5|  -0.5| 1598.7| 0.000|   0.0|  34.192|  48.706|190.31|   0.0|    0.0|    0.0|F2              |
|  0| 8.05|57572.1|  1|30.60|31.09|  34.410|  48.752|  796.331|-145.4|  -0.7|  960.9| 0.000|   0.0|  36.873|  45.742|217.69|   0.0|    0.0|    0.0|F2              |
+---+-----+-------+---+-----+-----+--------+--------+---------+------+------+-------+------+------+--------+--------+------+------+-------+-------+----------------+
+---+-----+-------+---+-----+-----+--------+--------+---------+------+------+-------+------+------+--------+--------+------+------+-------+-------+----------------+
|0-x| fr  |  time |hop| d0  | d1  |   fi   |  teta  |   dist  |  at  |  dev |   p   |  df  |  l   |   fot  |   tot  |  rot | lsp  |   pf  |    s  |                |
+---+-----+-------+---+-----+-----+--------+--------+---------+------+------+-------+------+------+--------+--------+------+------+-------+-------+----------------+
|  0| 8.05|57582.9|  1|31.80|32.29|  34.478|  48.505|  769.975|-144.7|  -0.7|  941.3| 0.000|   0.0|  36.901|  45.632|219.34|   0.0|    0.0|    0.0|F2              |
|  0| 8.05|57582.9|  1|16.80|18.39|  31.699|  52.313| 1255.527|-145.2|  -0.5| 1360.5| 0.000|   0.0|  35.259|  47.582|197.02|   0.0|    0.0|    0.0|F2              |
+---+-----+-------+---+-----+-----+--------+--------+---------+------+------+-------+------+------+--------+--------+------+------+-------+-------+----------------+