 1098.1 342.24  31.74
 1113.1 340.07  31.46
 1023.0 348.79  46.02
  919.0 344.76  24.74
  986.3 352.48  22.25
  890.3 338.45  26.38
  956.4 348.00  35.56
  970.4 341.47  35.26
 1036.7 333.48  20.78
  913.0 356.43  36.87
  908.4 343.80  37.26
  877.1 346.54  38.35
 1104.6 335.89  19.20
 1068.3 351.14  44.47
 1068.3 351.14  44.47
 1114.8 353.69  31.11
 1005.9 353.74  33.81
  856.0 352.70  38.98
  856.0 352.70  38.98
 1181.1 353.39  17.68
  907.8 354.82  27.72
 1067.2 345.34  32.29
 1052.4 356.15  44.85
  904.1 349.89  37.13
 1247.1 353.77  39.09
  910.9 352.81  29.00
  900.5 357.17  37.08
 1130.2 358.49  18.67
 1046.4 341.88  32.83
 1125.5 350.17  42.53
 1125.5 350.17  42.53
 1125.5 350.17  42.53
 1057.4 353.52  32.27
 1010.8 354.99  33.45
 1224.6 348.89  29.42
 1013.5 354.10  33.39
 1116.3 349.25  29.33
 1124.2 350.76  30.85
 1124.2 350.76  30.85
 1097.4 350.36  31.40
 1187.0 351.17  29.79
  923.7 349.77  24.33
 1195.2 349.39  17.41
  892.2 351.43  28.94
 1223.6 349.49  16.90
  890.9 352.33  28.84
 1206.2 349.39  17.21
  891.1 349.10  10.24
 1007.0 350.00   8.52
 1046.5 351.98  20.55
  907.0 350.97  25.09
  894.8 350.25  27.04
  906.1 355.07  25.13
  951.3 353.88  23.28
  884.7 353.36  26.64
  900.2 355.97  25.44
  958.9 357.48  23.03
  958.9 357.48  23.03
  886.0 356.52  37.40
 1223.3 355.10   6.06
 1203.7 352.18  29.56
 1203.7 352.18  29.56
  895.3 350.27  25.67
  895.3 350.27  25.67
  895.2 351.93  28.24
  891.1 355.93  28.63
  883.3 351.60  10.37
  927.7 350.53  27.40
 1135.6 352.59  18.55
  887.4 345.24  29.03
 1061.7 351.27  32.12
  943.1 346.93  27.23
  899.1 346.54  28.09
  960.6 350.32  34.89
  906.8 345.54  27.88
  935.2 351.40  29.43
  904.3 346.23  29.34
  896.7 348.04  28.17
 1130.2 349.10  30.72
  899.2 346.83  29.27
  887.6 347.44  28.93
  924.9 347.63  27.49
 1167.5 348.21  30.11
 1102.6 348.89  31.26
  903.9 348.54  27.94
  921.9 347.91  29.41
  909.5 347.62  29.35
  888.2 348.63  28.92
  890.8 348.75  27.14
  922.8 347.81  29.42
  887.4 347.84  28.72
  883.7 349.95  27.05
  883.7 349.95  27.05
  883.7 349.95  27.05
 1169.8 352.69  30.01
 1112.5 353.48  30.99
 1112.5 353.48  30.99
 1112.5 353.48  30.99
 1112.5 353.48  30.99
  886.6 345.84  28.72
 1203.0 352.86  39.89
 1237.4 349.93  38.97
  938.8 348.34  35.56
 1113.9 351.76  42.52
  943.1 358.35  48.15
  918.8 355.41  49.01
  896.8 345.14  28.21
  975.0 358.31  47.03
 1044.3 346.50  32.58
  970.4 348.46  34.56
  858.6 354.64  38.33
  936.1 344.21  29.57
 1027.1 347.69  32.98
 1174.6 351.34  40.72
  978.7 348.66  34.31
 1114.2 344.01  29.49
 1191.0 354.43  40.22
 1165.4 353.51  40.97
 1018.2 351.66  33.15
  944.4 349.43  35.35
 1140.8 345.69  18.43
  893.0 342.94  29.33
  940.3 342.98  23.59
 1266.1 350.75  38.19
 1082.2 354.09  43.49
 1217.6 351.79  39.50
 1227.7 353.09  39.20
 1254.7 351.73  38.48
  945.9 349.63  35.30
  890.2 349.59  37.22
  918.6 347.93  36.25
 1133.2 352.68  41.93
 1207.3 351.28  39.79
  886.8 348.80  37.36
 1224.0 351.30  39.32
 1250.2 355.21  38.52
 1125.2 357.65  42.11
 1117.6 359.43  42.33
 1048.5 356.45  44.53
  955.0 355.21  47.70
 1080.9   2.47  43.47
 1027.0 354.03  45.25
 1030.9 355.13  45.11
 1184.1 357.62  40.35
 1210.3 356.16  39.62
 1060.6 357.27  44.13
 1178.8 359.50  40.50
  880.3 349.69  37.55
  946.5 353.62  35.19
 1215.6 356.56  39.47
 1162.6 357.80  40.98
 1253.8 357.79  38.40
  869.4 355.56  37.87
 1092.8 355.72  43.12
 1244.3 353.72  38.70
 1021.7 355.62  45.42
 1187.9 356.93  40.25
  998.9 356.97  46.18
 1044.0 359.13  44.67
 1156.3 359.18  41.16
 1062.5 355.58  44.08
 1136.3 356.37  41.78
 1171.9 356.02  40.72
 1111.2 357.43  42.54
 1218.7 355.67  39.39
 1150.8 354.60  41.36
 1105.9 357.13  42.70
 1223.1 354.98  39.27
 1125.5 359.44  42.09
 1161.3 355.31  41.04
 1147.4 357.28  41.44
 1113.7 359.43  42.45
 1063.6 357.07  44.04
 1163.3 359.49  40.95
 1068.8 356.28  43.88
 1131.4 357.16  41.92
 1118.9 357.54  42.30
 1149.7 357.68  41.37
 1059.8 359.36  44.15
 1057.0 355.37  44.26
 1098.9 356.13  42.93
 1263.8 357.31  38.13
 1268.8 359.60  37.98
 1079.3 355.90  43.54
 1072.8 357.08  43.74
 1210.1 356.95  39.62
 1243.3 359.57  38.67
 1087.3 359.39  43.28
 1093.0 356.81  43.11
 1244.1 356.79  38.67
 1065.8 356.48  43.97
 1054.3 355.67  44.35
 1083.0 356.70  43.42
 1194.5 355.55  40.07
 1046.5 356.45  44.60
 1142.6 355.78  41.59
 1131.6 359.45  41.90
 1076.9 359.38  43.61
 1239.4 353.71  38.83
 1154.4 354.91  41.25
 1047.0 356.35  44.58
 1030.0 356.33  45.14
 1113.6 355.75  42.47
 1099.5 356.42  42.90
 1090.6 356.51  43.18
 1089.3 355.72  43.23
 1115.8 357.24  42.40
 1133.9 356.47  41.85
 1095.1 356.02  43.04
 1054.5 356.76  44.33
 1065.6 356.38  43.98
 1059.9 356.77  44.16
 1109.0 356.74  42.61
 1112.8 356.54  42.49
 1138.2 351.63  41.73
 1251.5 354.04  38.47
  911.5 349.94  27.81
  898.4 347.97  25.35
 1100.8 353.69  31.18
  938.2 353.33  35.44
 1110.4 351.41  31.02
  891.3 350.15  27.26
 1143.2 354.70  30.39
  882.7 355.59  37.31
  882.7 355.59  37.31
  890.0 352.94  28.97
  856.6   1.05  38.24
 1055.6   2.58  44.22
 1097.6 350.61  31.27
  970.6 356.14  34.36
 1268.9 359.33  37.92
 1123.8   2.07  42.06
 1136.5   0.49  41.68
  892.0 351.24  29.13
 1219.4 354.61  29.35
 1140.5 359.30  41.57
 1010.9 352.87  33.27
 1115.1 351.51  30.92
  978.8 348.48  22.33
 1028.3 351.39  20.97
  994.9 350.18  21.87
 1061.9 350.09  20.14
  995.3 350.08  21.86
 1014.1 351.28  21.34
 1100.4 351.19  19.27
 1240.6 353.50  38.65
  945.1 351.77  35.13
  946.2 355.25  35.05
 1257.2 351.93  38.22
  860.2 353.90  38.09
 1262.6 354.21  38.04
  861.2 352.21  38.07
 1206.1 354.95  39.59
  967.4   9.46  47.11
  956.6   1.28  23.03
  966.1   8.66  47.16
  979.2 358.78  22.33
  874.6   5.62  50.50
  896.7   1.34  28.48
  878.8   0.17  26.54
 1089.6   3.50  43.00
  905.5 357.88  24.97
 1204.4 355.19  17.22
 1114.7   8.43  42.18
 1114.7   8.43  42.18
 1102.5 357.31  31.06
  947.0 353.18  23.33
  943.9 344.83  35.24
  879.3 350.07  26.33
  950.5 352.79  34.86
 1152.0 343.12  30.43
 1143.8  16.49  41.25
 1143.8  16.49  41.25
 1069.1 345.29  43.65
 1214.1 358.39  17.05
 1060.3 345.29  43.91
 1195.1   9.67  39.66
 1195.1   9.67  39.66
  875.6 339.07  26.22
 1079.2 344.61  31.67
  943.0 344.56  35.16
 1043.1 339.79  20.54
 1025.5 349.29  21.01
  900.8 356.25  29.07
 1081.9   3.39  42.98
 1278.3 350.03  37.41
 1072.0   0.43  43.26
 1202.0   5.10  39.30
  869.3   9.87  27.34
 1029.5   7.68  44.66
 1055.6   8.20  43.79
 1205.5   2.80  17.19
 1032.9   7.08  44.54
  919.8  11.30  48.55
 1111.7   7.33  42.00
  926.2   9.00  48.30
 1010.0   7.17  45.32
 1229.0   2.83  38.55
 1004.4  24.09  45.61
  853.9 359.43  50.99
  947.4   0.19  23.26
  960.3 357.19  22.85
  906.0 358.78  24.80
  906.6 357.48  24.78
 1004.0   0.09  21.58
  946.5 357.59  23.29
 1022.4 358.59  21.08
 1104.0 357.69  19.16
  972.1 356.69  22.48
 1019.6 357.59  21.15
  916.2 357.18  24.38
  945.5 358.99  23.32
  890.8 353.98  25.46
 1065.8 358.79  20.02
 1011.1 329.59  21.28
 1230.0 351.12  38.44
 1186.1 344.16  39.78
  928.0 347.42  35.34
 1269.4 351.05  37.39
 1254.0 356.09  37.73
 1217.8 342.80  38.93
 1160.5 353.56  40.38
 1173.0 355.56  40.00
 1154.6 354.85  40.54
 1160.2 352.97  40.40
 1192.4 356.16  39.43
 1192.4 356.16  39.43
  911.7 359.78  48.62
  951.2 340.59  23.05
  919.8 345.86  29.25
 1037.5 339.59  20.65
 1037.5 339.59  20.65
  979.8 340.29  22.19
  958.4 340.79  22.83
  997.2 355.85  45.56
  900.0 341.48  24.89
  931.6 340.98  23.70
  925.6 340.48  23.91
 1051.9   1.59  31.91
  907.2 342.45  36.09
  973.5 341.18  34.12
  899.9 343.17  28.83
  899.9 342.57  28.83
 1000.1 342.58  33.38
  893.5 354.50  36.32
  881.8 349.61  36.80
  954.0 350.93  34.45
 1009.4 349.15  33.00
 1279.2 351.87  37.06
  920.0 353.41  35.45
 1175.7 351.88  29.16
 1129.3 352.25  30.57
  983.0 351.59  22.13
  937.5 342.39  23.50
  930.8 342.89  23.73
  972.9 348.19  22.42
  981.4 345.17  33.79
  981.7 355.09  22.18
  963.5 343.69  22.68
  932.5 341.09  23.66
  862.2 344.88  26.95
 1026.0 351.59  20.97
  873.2 351.18  26.32
  879.9 342.88  25.79
  858.8 344.58  27.40
  859.0 344.78  27.40
  862.4 344.48  26.91
  905.9 353.19  24.73
  895.0 342.58  25.09
 1129.2 352.32  41.22
  865.0 352.48  26.97
 1107.3 351.07  30.95
  887.9 349.63  36.55
  915.2 350.23  35.62
  964.7 354.10  46.62
 1186.9 351.47  29.80
 1264.8 349.81  37.44
 1123.0 352.41  41.41
 1000.4 354.32  45.37
 1123.6 350.77  30.69
 1028.2 351.95  44.44
 1079.5 352.19  42.77
 1079.5 352.19  42.77
  915.3 350.46  28.28
 1147.3 353.72  40.66
 1147.3 353.72  40.66
  984.8 354.61  45.91
  964.8 354.59  46.61
 1032.6 351.76  44.30
  889.4 346.05  36.54
 1098.8 348.93  42.17
 1207.9 344.74  39.04
 1179.2 342.44  39.89
 1274.5 347.05  37.22
 1155.4 348.47  40.47
 1203.1 354.79  17.22
 1121.5 352.39  18.77
  939.6 355.29  23.48
 1084.4 353.09  19.57
 1056.6 353.39  20.21
  981.9 353.99  22.16
