
delt0=     0.1  eps=   1e-05  ep=   1e-06  ep1=   0.001
Geomagnetic Field - const
fh= 1.34  i=  65.2  d=   6.8
Number TID: 1
Tid Parametres
  delt   lamb     t     b      a     fi
0.000   200.0  20.0 -45.0   45.0   0.000
delta=-0.000  r0= 200.0  lon=  39.000 lat=  55.000
Beta=  20.0  Alfa=   0.0 aX=  20.0 aY= 100.0 aZ=  20.0

lonIon=  40.000 latIon=  47.500 it= 9.00 h_tec=450.0  TEC= 1.13000e+17
lonIon=  40.000 latIon=  47.500 it= 9.25 h_tec=450.0  TEC= 1.13000e+17
lonIon=  40.000 latIon=  47.500 it= 9.50 h_tec=450.0  TEC= 1.13000e+17
lonIon=  40.000 latIon=  47.500 it= 9.75 h_tec=450.0  TEC= 1.13000e+17

Number diff. equation: 6

+==============================================================================+
|   Medium characteristics Sunspot number=   6.9 IG=   6.9   GMT time:09:00    |
|------------------------------------------------------------------------------|
|   S   | fh |  I  |   D  | fd |  hd | fe |  he | ff1 | hf1 | ff2 | hf2 |   Hi |
|-------+----+-----+------+----+-----+----+-----+-----+-----+-----+-----+------|
|    0.0|1.25| 58.8|   3.1|0.21| 81.0|3.14|110.0| 4.23|163.1| 6.09|237.3|  37.9|
+==============================================================================+

+==================================+
|       Es-layer parametres        |
|----------------------------------|
|   S   | hEs | fbEs | f0Es | P Es |
|-------+-----+------+------+------|
|    0.0|111.6| 3.61 | 3.71 | 65.1 |
+==================================+

|  0| 5.33|32416.8|  1| 9.00| 9.02|  33.166|  49.941|  963.776|-144.0|   0.0|  989.5| 0.000|   0.0|  36.239|  46.338| 91.53|   0.0|    0.0|    0.0|E               |
|  0| 5.33|32416.8|  1|37.80|38.11|  36.359|  45.971|  450.249|-142.2|   0.3|  582.4| 0.000|   0.0|  38.051|  44.317|130.44|   0.0|    0.0|    0.0|F1              |
|  0| 5.33|32428.5|  1|32.40|32.47|  36.257|  45.999|  457.518|-141.5|   0.3|  552.4| 0.000|   0.0|  38.004|  44.328|106.88|   0.0|    0.0|    0.0|E               |
|  0| 5.33|32428.5|  1|11.40|11.42|  34.071|  48.829|  818.454|-144.0|   0.0|  847.0| 0.000|   0.0|  36.783|  45.749| 92.58|   0.0|    0.0|    0.0|E               |
|  0| 5.33|32440.8|  1|38.40|38.68|  36.406|  45.936|  444.874|-142.3|   0.3|  580.0| 0.000|   0.0|  38.082|  44.293|131.33|   0.0|    0.0|    0.0|F1              |
|  0| 5.33|32440.8|  1| 9.60| 9.62|  33.415|  49.631|  923.341|-144.0|   0.0|  949.7| 0.000|   0.0|  36.387|  46.176| 91.80|   0.0|    0.0|    0.0|E               |
|  0| 5.33|32451.3|  1| 5.40| 5.43|  31.265|  52.426| 1285.366|-144.0|   0.0| 1308.0| 0.000|   0.0|  35.201|  47.501| 90.63|   0.0|    0.0|    0.0|E               |
|  0| 5.33|32462.7|  1|34.20|34.61|  36.725|  45.466|  387.687|-140.8|   0.3|  478.3| 0.000|   0.0|  38.215|  44.100|109.37|   0.0|    0.0|    0.0|Es              |
+---+-----+-------+---+-----+-----+--------+--------+---------+------+------+-------+------+------+--------+--------+------+------+-------+-------+----------------+
+---+-----+-------+---+-----+-----+--------+--------+---------+------+------+-------+------+------+--------+--------+------+------+-------+-------+----------------+
|0-x| fr  |  time |hop| d0  | d1  |   fi   |  teta  |   dist  |  at  |  dev |   p   |  df  |  l   |   fot  |   tot  |  rot | lsp  |   pf  |    s  |                |
+---+-----+-------+---+-----+-----+--------+--------+---------+------+------+-------+------+------+--------+--------+------+------+-------+-------+----------------+
|  0| 5.33|32462.7|  1|32.40|32.47|  36.253|  46.004|  458.106|-141.5|   0.3|  553.1| 0.000|   0.0|  38.004|  44.328|106.88|   0.0|    0.0|    0.0|E               |
|  0| 5.33|32462.7|  1|11.40|11.42|  34.071|  48.829|  818.433|-144.0|   0.0|  847.0| 0.000|   0.0|  36.783|  45.749| 92.58|   0.0|    0.0|    0.0|E               |
|  0| 5.33|32473.2|  1| 6.60| 6.63|  32.128|  51.522| 1160.512|-144.7|   0.0| 1184.0| 0.000|   0.0|  35.639|  47.122| 90.74|   0.0|    0.0|    0.0|E               |
|  0| 5.33|32483.8|  1|36.60|37.02|  36.276|  46.155|  470.777|-142.9|   0.4|  600.1| 0.000|   0.0|  38.001|  44.415|128.98|   0.0|    0.0|    0.0|F1              |
|  0| 5.33|32483.8|  1|12.60|12.62|  34.538|  48.427|  759.920|-144.7|   0.0|  790.1| 0.000|   0.0|  37.023|  45.569| 92.97|   0.0|    0.0|    0.0|E               |
|  0| 5.33|32496.6|  1|31.20|31.28|  36.865|  45.499|  384.075|-142.5|   0.1|  456.8| 0.000|   0.0|  38.286|  44.115|103.25|   0.0|    0.0|    0.0|E               |
|  0| 5.33|32496.6|  1|11.40|11.42|  34.071|  48.828|  818.412|-144.0|   0.0|  846.9| 0.000|   0.0|  36.783|  45.749| 92.57|   0.0|    0.0|    0.0|E               |
|  0| 5.33|32507.2|  1|42.00|42.26|  36.418|  45.914|  442.302|-142.2|   0.4|  607.9| 0.000|   0.0|  38.054|  44.310|138.80|   0.0|    0.0|    0.0|F1              |
|  0| 5.33|32507.2|  1| 5.40| 5.43|  31.266|  52.426| 1285.317|-144.0|   0.0| 1307.9| 0.000|   0.0|  35.201|  47.501| 90.63|   0.0|    0.0|    0.0|E               |
|  0| 5.33|32520.0|  1|39.00|39.28|  36.719|  46.053|  441.838|-145.9|   0.3|  581.0| 0.000|   0.0|  38.200|  44.395|132.31|   0.0|    0.0|    0.0|F1              |
|  0| 5.33|32520.0|  1|12.60|12.62|  34.538|  48.427|  759.899|-144.7|   0.0|  790.0| 0.000|   0.0|  37.023|  45.569| 92.96|   0.0|    0.0|    0.0|E               |
|  0| 5.33|32552.8|  1|39.60|39.86|  36.501|  45.924|  439.393|-143.0|   0.3|  582.5| 0.000|   0.0|  38.105|  44.310|133.40|   0.0|    0.0|    0.0|F1              |
|  0| 5.33|32552.8|  1| 6.60| 6.63|  31.988|  51.457| 1160.466|-144.0|   0.0| 1183.9| 0.000|   0.0|  35.565|  47.087| 90.74|   0.0|    0.0|    0.0|E               |
|  0| 5.33|32563.4|  1|40.80|41.06|  36.616|  45.971|  438.657|-144.3|   0.4|  591.9| 0.000|   0.0|  38.178|  44.320|136.01|   0.0|    0.0|    0.0|F1              |
|  0| 5.33|32563.4|  1| 7.80| 7.83|  32.746|  50.697| 1054.316|-144.7|   0.0| 1078.8| 0.000|   0.0|  35.983|  46.727| 91.01|   0.0|    0.0|    0.0|E               |
|  0| 5.33|32573.9|  1|38.40|38.68|  36.403|  45.940|  445.326|-142.3|   0.3|  580.6| 0.000|   0.0|  38.038|  44.334|131.20|   0.0|    0.0|    0.0|F1              |
|  0| 5.33|32573.9|  1| 7.80| 7.83|  32.617|  50.638| 1054.320|-144.0|   0.0| 1078.8| 0.000|   0.0|  35.915|  46.695| 91.01|   0.0|    0.0|    0.0|E               |
|  0| 5.33|32585.6|  1|10.80|10.82|  33.972|  49.125|  850.841|-144.7|   0.0|  878.6| 0.000|   0.0|  36.726|  45.895| 92.35|   0.0|    0.0|    0.0|E               |
|  0| 5.33|32597.2|  1|43.80|44.11|  36.661|  46.099|  448.634|-145.7|   0.5|  635.4| 0.000|   0.0|  38.161|  44.421|144.19|   0.0|    0.0|    0.0|F1              |
|  0| 5.33|32597.2|  1| 9.60| 9.62|  33.415|  49.630|  923.237|-144.0|   0.0|  949.6| 0.000|   0.0|  36.387|  46.176| 91.79|   0.0|    0.0|    0.0|E               |
+---+-----+-------+---+-----+-----+--------+--------+---------+------+------+-------+------+------+--------+--------+------+------+-------+-------+----------------+
+---+-----+-------+---+-----+-----+--------+--------+---------+------+------+-------+------+------+--------+--------+------+------+-------+-------+----------------+
|0-x| fr  |  time |hop| d0  | d1  |   fi   |  teta  |   dist  |  at  |  dev |   p   |  df  |  l   |   fot  |   tot  |  rot | lsp  |   pf  |    s  |                |
+---+-----+-------+---+-----+-----+--------+--------+---------+------+------+-------+------+------+--------+--------+------+------+-------+-------+----------------+
|  0| 5.33|32619.5|  1| 6.00| 6.03|  31.786|  51.988| 1220.340|-144.7|   0.0| 1243.3| 0.000|   0.0|  35.433|  47.362| 90.47|   0.0|    0.0|    0.0|E               |
|  0| 5.33|32619.5|  1|31.20|31.29|  36.962|  45.547|  384.113|-143.9|   0.1|  456.9| 0.000|   0.0|  38.336|  44.140|103.25|   0.0|    0.0|    0.0|E               |
|  0| 5.33|32630.1|  1|39.00|39.27|  36.427|  45.915|  441.988|-142.3|   0.3|  581.0| 0.000|   0.0|  38.058|  44.315|132.26|   0.0|    0.0|    0.0|F1              |
|  0| 5.33|32630.1|  1|12.60|12.62|  34.444|  48.382|  759.836|-144.0|   0.0|  790.0| 0.000|   0.0|  36.974|  45.546| 92.95|   0.0|    0.0|    0.0|E               |
|  0| 5.33|32641.8|  1| 0.00| 0.00|   0.000|   0.000|    0.000|   0.0|   0.0|    0.0| 0.000|   0.0|   0.000|   0.000|  0.00|   0.0|    0.0|    0.0|                |
|  0| 5.33|32641.8|  1|12.00|12.03|  34.362|  48.642|  787.993|-144.7|   0.0|  817.3| 0.000|   0.0|  36.923|  45.678| 92.72|   0.0|    0.0|    0.0|E               |
|  0| 5.33|32663.0|  1|11.40|11.42|  34.072|  48.828|  818.318|-144.0|   0.0|  846.9| 0.000|   0.0|  36.783|  45.749| 92.56|   0.0|    0.0|    0.0|E               |
|  0| 5.33|32695.7|  1| 9.60| 9.62|  33.416|  49.630|  923.172|-144.0|   0.0|  949.5| 0.000|   0.0|  36.387|  46.176| 91.78|   0.0|    0.0|    0.0|E               |
|  0| 5.33|32708.5|  1| 0.00| 0.00|   0.000|   0.000|    0.000|   0.0|   0.0|    0.0| 0.000|   0.0|   0.000|   0.000|  0.00|   0.0|    0.0|    0.0|                |
|  0| 5.33|32708.5|  1| 7.80| 7.83|  32.746|  50.696| 1054.209|-144.7|   0.0| 1078.7| 0.000|   0.0|  35.983|  46.727| 91.00|   0.0|    0.0|    0.0|E               |
|  0| 5.33|32719.0|  1|15.60|15.63|  35.284|  47.534|  643.141|-144.7|   0.0|  677.8| 0.000|   0.0|  37.447|  45.113| 94.16|   0.0|    0.0|    0.0|E               |
|  0| 5.33|32719.0|  1|46.20|46.58|  36.488|  46.166|  462.404|-144.8|   0.6|  684.0| 0.000|   0.0|  38.092|  44.431|152.43|   0.0|    0.0|    0.0|F1              |
|  0| 5.33|32729.6|  1|30.60|30.67|  36.864|  45.501|  384.291|-142.5|   0.1|  454.1| 0.000|   0.0|  38.291|  44.112|102.52|   0.0|    0.0|    0.0|E               |
|  0| 5.33|32729.6|  1|13.20|13.23|  34.615|  48.180|  733.276|-144.0|   0.0|  764.3| 0.000|   0.0|  37.071|  45.444| 93.19|   0.0|    0.0|    0.0|E               |
|  0| 5.33|32750.8|  1|46.80|47.21|  36.420|  46.234|  471.681|-144.7|   0.7|  706.1| 0.000|   0.0|  38.047|  44.473|154.88|   0.0|    0.0|    0.0|F1              |
|  0| 5.33|32750.8|  1|44.40|44.72|  36.582|  46.079|  450.184|-144.9|   0.5|  644.2| 0.000|   0.0|  38.183|  44.347|146.25|   0.0|    0.0|    0.0|F1              |
|  0| 5.33|32796.4|  1| 7.20| 7.23|  32.448|  51.091| 1105.138|-144.7|   0.0| 1129.1| 0.000|   0.0|  35.873|  46.853| 91.13|   0.0|    0.0|    0.0|E               |
|  0| 5.33|32796.4|  1|26.40|26.45|  36.837|  45.851|  417.758|-145.4|   0.0|  474.0| 0.000|   0.0|  38.259|  44.301| 99.14|   0.0|    0.0|    0.0|E               |
|  0| 5.33|32818.7|  1|51.00|51.45|  36.694|  45.759|  415.548|-143.3|   0.7|  673.7| 0.000|   0.0|  38.263|  44.163|167.92|   0.0|    0.0|    0.0|F2              |
|  0| 5.33|32818.7|  1|21.00|21.03|  36.205|  46.472|  503.287|-144.7|   0.0|  547.5| 0.000|   0.0|  37.918|  44.615| 96.30|   0.0|    0.0|    0.0|E               |
+---+-----+-------+---+-----+-----+--------+--------+---------+------+------+-------+------+------+--------+--------+------+------+-------+-------+----------------+
+---+-----+-------+---+-----+-----+--------+--------+---------+------+------+-------+------+------+--------+--------+------+------+-------+-------+----------------+
|0-x| fr  |  time |hop| d0  | d1  |   fi   |  teta  |   dist  |  at  |  dev |   p   |  df  |  l   |   fot  |   tot  |  rot | lsp  |   pf  |    s  |                |
+---+-----+-------+---+-----+-----+--------+--------+---------+------+------+-------+------+------+--------+--------+------+------+-------+-------+----------------+
|  0| 5.33|32818.7|  1|53.40|53.87|  36.881|  45.490|  382.521|-142.5|   0.8|  651.9| 0.000|   0.0|  38.344|  44.043|171.24|   0.0|    0.0|    0.0|F2              |
|  0| 5.33|32845.3|  1|28.20|28.26|  36.860|  45.660|  399.021|-143.9|   0.1|  460.3| 0.000|   0.0|  38.269|  44.209|100.31|   0.0|    0.0|    0.0|E               |
|  0| 5.33|32845.3|  1|51.61|52.07|  36.759|  45.691|  406.356|-143.3|   0.7|  666.9| 0.000|   0.0|  38.270|  44.154|168.63|   0.0|    0.0|    0.0|F2              |
|  0| 5.33|32858.0|  1|15.60|15.63|  35.284|  47.534|  643.066|-144.7|   0.0|  677.7| 0.000|   0.0|  37.447|  45.113| 94.15|   0.0|    0.0|    0.0|E               |
|  0| 5.33|32858.0|  1|49.79|50.26|  36.570|  45.969|  440.460|-143.9|   0.8|  697.9| 0.000|   0.0|  38.199|  44.267|166.24|   0.0|    0.0|    0.0|F2              |
|  0| 5.33|32871.6|  1|20.40|20.44|  36.123|  46.565|  515.597|-144.7|   0.0|  558.7| 0.000|   0.0|  37.903|  44.631| 96.17|   0.0|    0.0|    0.0|E               |
|  0| 5.33|32871.6|  1|43.80|44.10|  36.664|  46.097|  448.337|-145.7|   0.5|  635.0| 0.000|   0.0|  38.161|  44.421|144.22|   0.0|    0.0|    0.0|F1              |
|  0| 5.33|32882.2|  1|39.60|39.86|  36.495|  45.930|  440.277|-143.0|   0.3|  583.7| 0.000|   0.0|  38.105|  44.310|133.56|   0.0|    0.0|    0.0|F1              |
|  0| 5.33|32882.2|  1|17.40|17.43|  35.641|  47.118|  588.438|-144.7|   0.0|  626.1| 0.000|   0.0|  37.643|  44.904| 94.89|   0.0|    0.0|    0.0|E               |
|  0| 5.33|32904.0|  1|41.40|41.65|  36.492|  45.928|  440.240|-142.9|   0.4|  599.4| 0.000|   0.0|  38.098|  44.312|137.44|   0.0|    0.0|    0.0|F1              |
|  0| 5.33|32904.0|  1|45.60|45.95|  36.420|  46.063|  455.765|-143.4|   0.6|  666.4| 0.000|   0.0|  38.040|  44.395|149.97|   0.0|    0.0|    0.0|F1              |
|  0| 5.33|32918.3|  1|48.00|48.54|  35.926|  46.538|  521.805|-143.0|   1.0|  802.2| 0.000|   0.0|  37.821|  44.590|161.35|   0.0|    0.0|    0.0|F1              |
|  0| 5.33|32918.3|  1|13.80|13.83|  34.776|  47.991|  708.434|-144.0|   0.0|  740.3| 0.000|   0.0|  37.164|  45.346| 93.43|   0.0|    0.0|    0.0|E               |
|  0| 5.33|32918.3|  1|46.20|46.58|  36.436|  46.131|  461.443|-144.1|   0.6|  682.5| 0.000|   0.0|  38.061|  44.416|152.33|   0.0|    0.0|    0.0|F1              |
|  0| 5.33|32918.3|  1|25.20|25.25|  36.570|  45.888|  432.977|-143.3|   0.0|  486.2| 0.000|   0.0|  38.146|  44.293| 98.52|   0.0|    0.0|    0.0|E               |
|  0| 5.33|32944.5|  1|43.81|44.12|  36.723|  46.124|  448.387|-146.4|   0.5|  635.2| 0.000|   0.0|  38.192|  44.435|144.32|   0.0|    0.0|    0.0|F1              |
|  0| 5.33|32958.4|  1|21.60|21.63|  36.098|  46.293|  491.481|-142.6|   0.0|  536.9| 0.000|   0.0|  37.868|  44.519| 96.59|   0.0|    0.0|    0.0|E               |
|  0| 5.33|32972.2|  1|16.80|16.83|  35.453|  47.212|  605.508|-144.0|   0.0|  642.1| 0.000|   0.0|  37.546|  44.947| 94.63|   0.0|    0.0|    0.0|E               |
|  0| 5.33|33005.0|  1|16.80|16.83|  35.529|  47.248|  605.495|-144.7|   0.0|  642.1| 0.000|   0.0|  37.585|  44.965| 94.63|   0.0|    0.0|    0.0|E               |
|  0| 5.33|33065.9|  1|43.20|43.52|  37.293|  46.339|  447.783|-153.1|   0.3|  628.0| 0.000|   0.0|  38.502|  44.532|142.97|   0.0|    0.0|    0.0|F1              |
+---+-----+-------+---+-----+-----+--------+--------+---------+------+------+-------+------+------+--------+--------+------+------+-------+-------+----------------+
+---+-----+-------+---+-----+-----+--------+--------+---------+------+------+-------+------+------+--------+--------+------+------+-------+-------+----------------+
|0-x| fr  |  time |hop| d0  | d1  |   fi   |  teta  |   dist  |  at  |  dev |   p   |  df  |  l   |   fot  |   tot  |  rot | lsp  |   pf  |    s  |                |
+---+-----+-------+---+-----+-----+--------+--------+---------+------+------+-------+------+------+--------+--------+------+------+-------+-------+----------------+
|  0| 5.33|33065.9|  1|30.60|30.68|  37.269|  45.688|  384.512|-148.2|   0.1|  454.4| 0.000|   0.0|  38.498|  44.208|102.56|   0.0|    0.0|    0.0|E               |
|  0| 5.33|33065.9|  1|19.20|19.23|  35.945|  46.768|  542.281|-144.7|   0.0|  583.1| 0.000|   0.0|  37.804|  44.734| 95.63|   0.0|    0.0|    0.0|E               |
|  0| 5.33|33065.9|  1|39.00|39.31|  37.251|  46.286|  443.954|-152.3|   0.3|  584.0| 0.000|   0.0|  38.492|  44.493|132.90|   0.0|    0.0|    0.0|F1              |
|  0| 5.33|33078.7|  1|19.20|19.23|  35.808|  46.702|  542.269|-143.3|   0.0|  583.1| 0.000|   0.0|  37.734|  44.700| 95.62|   0.0|    0.0|    0.0|E               |
|  0| 5.33|33091.1|  1|49.80|50.29|  36.880|  46.092|  438.860|-147.6|   0.7|  695.7| 0.000|   0.0|  38.339|  44.344|166.44|   0.0|    0.0|    0.0|F2              |
|  0| 5.33|33091.1|  1|13.80|13.83|  34.777|  47.991|  708.338|-144.0|   0.0|  740.2| 0.000|   0.0|  37.164|  45.346| 93.41|   0.0|    0.0|    0.0|E               |
|  0| 5.33|33102.8|  1|48.00|48.56|  36.317|  46.655|  515.866|-146.7|   0.9|  793.0| 0.000|   0.0|  38.021|  44.650|161.62|   0.0|    0.0|    0.0|F1              |
|  0| 5.33|33102.8|  1|38.40|38.70|  36.503|  46.010|  447.191|-143.7|   0.3|  583.2| 0.000|   0.0|  38.124|  44.336|131.65|   0.0|    0.0|    0.0|F1              |
|  0| 5.33|33102.8|  1|12.60|12.63|  34.446|  48.380|  759.511|-144.0|   0.0|  789.6| 0.000|   0.0|  36.982|  45.537| 92.96|   0.0|    0.0|    0.0|E               |
|  0| 5.33|33125.0|  1|46.80|47.21|  36.438|  46.217|  469.352|-144.7|   0.7|  702.4| 0.000|   0.0|  38.047|  44.473|154.74|   0.0|    0.0|    0.0|F1              |
|  0| 5.33|33125.0|  1|19.80|19.83|  36.037|  46.663|  528.527|-144.7|   0.0|  570.4| 0.000|   0.0|  37.854|  44.682| 95.89|   0.0|    0.0|    0.0|E               |
|  0| 5.33|33148.5|  1|46.80|47.20|  36.381|  46.185|  468.835|-144.0|   0.7|  701.6| 0.000|   0.0|  38.016|  44.457|154.66|   0.0|    0.0|    0.0|F1              |
|  0| 5.33|33148.5|  1|10.80|10.82|  33.869|  49.074|  850.509|-144.0|   0.0|  878.3| 0.000|   0.0|  36.671|  45.869| 92.32|   0.0|    0.0|    0.0|E               |
|  0| 5.33|33161.2|  1|11.40|11.43|  34.175|  48.872|  818.010|-144.7|   0.0|  846.5| 0.000|   0.0|  36.835|  45.774| 92.53|   0.0|    0.0|    0.0|E               |
|  0| 5.33|33183.4|  1|31.20|31.29|  37.121|  45.617|  383.727|-146.1|   0.1|  456.4| 0.000|   0.0|  38.416|  44.178|103.21|   0.0|    0.0|    0.0|E               |
|  0| 5.33|33183.4|  1|33.00|33.14|  36.999|  45.832|  409.153|-146.7|   0.2|  497.1| 0.000|   0.0|  38.363|  44.273|107.87|   0.0|    0.0|    0.0|E               |
|  0| 5.33|33183.4|  1|34.20|34.63|  37.195|  45.679|  386.597|-147.4|   0.2|  477.0| 0.000|   0.0|  38.459|  44.207|109.34|   0.0|    0.0|    0.0|Es              |
|  0| 5.33|33183.4|  1|24.60|24.64|  36.511|  45.950|  441.288|-143.3|   0.0|  493.1| 0.000|   0.0|  38.113|  44.325| 98.17|   0.0|    0.0|    0.0|E               |
|  0| 5.33|33196.2|  1|19.80|19.83|  35.838|  46.567|  528.471|-142.6|   0.0|  570.4| 0.000|   0.0|  37.752|  44.632| 95.87|   0.0|    0.0|    0.0|E               |
|  0| 5.33|33207.9|  1|42.00|42.27|  36.764|  46.087|  443.125|-146.5|   0.4|  609.2| 0.000|   0.0|  38.236|  44.394|139.30|   0.0|    0.0|    0.0|F1              |
+---+-----+-------+---+-----+-----+--------+--------+---------+------+------+-------+------+------+--------+--------+------+------+-------+-------+----------------+
+---+-----+-------+---+-----+-----+--------+--------+---------+------+------+-------+------+------+--------+--------+------+------+-------+-------+----------------+
|0-x| fr  |  time |hop| d0  | d1  |   fi   |  teta  |   dist  |  at  |  dev |   p   |  df  |  l   |   fot  |   tot  |  rot | lsp  |   pf  |    s  |                |
+---+-----+-------+---+-----+-----+--------+--------+---------+------+------+-------+------+------+--------+--------+------+------+-------+-------+----------------+
|  0| 5.33|33207.9|  1|42.00|42.27|  36.764|  46.087|  443.125|-146.5|   0.4|  609.2| 0.000|   0.0|  38.236|  44.394|139.30|   0.0|    0.0|    0.0|F1              |
|  0| 5.33|33207.9|  1|39.60|39.88|  36.723|  46.049|  441.342|-145.9|   0.3|  585.2| 0.000|   0.0|  38.172|  44.423|133.41|   0.0|    0.0|    0.0|F1              |
|  0| 5.33|33207.9|  1|26.40|26.45|  36.619|  45.742|  417.457|-142.4|   0.1|  473.6| 0.000|   0.0|  38.146|  44.246| 99.08|   0.0|    0.0|    0.0|E               |
|  0| 5.33|33225.1|  1|43.20|43.49|  36.678|  46.086|  446.703|-145.8|   0.4|  626.2| 0.000|   0.0|  38.231|  44.351|142.73|   0.0|    0.0|    0.0|F1              |
|  0| 5.33|33250.7|  1|24.60|24.64|  36.567|  45.977|  441.267|-144.0|   0.0|  493.1| 0.000|   0.0|  38.141|  44.339| 98.17|   0.0|    0.0|    0.0|E               |
|  0| 5.33|33261.2|  1|37.20|37.55|  36.224|  46.020|  460.897|-141.4|   0.4|  591.8| 0.000|   0.0|  37.988|  44.335|129.98|   0.0|    0.0|    0.0|F1              |
|  0| 5.33|33261.2|  1|13.80|13.83|  34.777|  47.990|  708.251|-144.0|   0.0|  740.1| 0.000|   0.0|  37.164|  45.346| 93.40|   0.0|    0.0|    0.0|E               |
|  0| 5.33|33261.2|  1|13.80|13.83|  34.866|  48.031|  708.253|-144.7|   0.0|  740.1| 0.000|   0.0|  37.209|  45.367| 93.40|   0.0|    0.0|    0.0|E               |
|  0| 5.33|33261.2|  1|38.40|38.71|  36.680|  46.099|  447.854|-145.9|   0.3|  584.2| 0.000|   0.0|  38.223|  44.373|131.81|   0.0|    0.0|    0.0|F1              |
|  0| 5.33|33284.5|  1|43.20|43.49|  36.670|  46.082|  446.649|-145.7|   0.4|  626.2| 0.000|   0.0|  38.227|  44.349|142.74|   0.0|    0.0|    0.0|F1              |
|  0| 5.33|33284.5|  1|21.00|21.04|  36.080|  46.410|  503.049|-143.3|   0.0|  547.3| 0.000|   0.0|  37.852|  44.583| 96.25|   0.0|    0.0|    0.0|E               |
|  0| 5.33|33295.1|  1|24.60|24.65|  36.624|  46.003|  441.257|-144.7|   0.0|  493.1| 0.000|   0.0|  38.170|  44.353| 98.17|   0.0|    0.0|    0.0|E               |
|  0| 5.33|33295.1|  1|39.60|39.88|  36.954|  46.152|  441.779|-148.7|   0.3|  585.9| 0.000|   0.0|  38.307|  44.462|133.73|   0.0|    0.0|    0.0|F1              |
|  0| 5.33|33295.1|  1|13.20|13.23|  34.709|  48.220|  732.956|-144.7|   0.0|  763.9| 0.000|   0.0|  37.118|  45.466| 93.15|   0.0|    0.0|    0.0|E               |
+==============================================================================+
|   Medium characteristics Sunspot number=   6.9 IG=   6.9   GMT time:09:14    |
|------------------------------------------------------------------------------|
|   S   | fh |  I  |   D  | fd |  hd | fe |  he | ff1 | hf1 | ff2 | hf2 |   Hi |
|-------+----+-----+------+----+-----+----+-----+-----+-----+-----+-----+------|
|    0.0|1.25| 58.8|   3.1|0.21| 81.0|3.15|110.0| 4.25|163.8| 6.20|239.0|  37.0|
+==============================================================================+

+==================================+
|       Es-layer parametres        |
|----------------------------------|
|   S   | hEs | fbEs | f0Es | P Es |
|-------+-----+------+------+------|
|    0.0|111.1| 3.59 | 3.69 | 64.1 |
+==================================+

|  0| 5.33|33311.0|  1|48.00|48.51|  36.199|  46.459|  502.347|-144.5|   0.9|  771.4| 0.000|   0.0|  37.984|  44.529|160.92|   0.0|    0.0|    0.0|F1              |
|  0| 5.33|33311.0|  1|16.80|16.83|  35.303|  47.137|  605.325|-142.6|   0.0|  641.9| 0.000|   0.0|  37.469|  44.908| 94.61|   0.0|    0.0|    0.0|E               |
|  0| 5.33|33311.0|  1|15.00|15.03|  35.237|  47.727|  663.319|-145.4|   0.0|  697.0| 0.000|   0.0|  37.408|  45.220| 93.86|   0.0|    0.0|    0.0|E               |
|  0| 5.33|33311.0|  1|13.80|13.83|  34.689|  47.948|  708.222|-143.3|   0.0|  740.1| 0.000|   0.0|  37.118|  45.323| 93.40|   0.0|    0.0|    0.0|E               |
|  0| 5.33|33311.0|  1|45.00|45.32|  36.457|  46.032|  451.277|-143.5|   0.5|  652.6| 0.000|   0.0|  38.063|  44.376|147.96|   0.0|    0.0|    0.0|F1              |
|  0| 5.33|33323.8|  1|44.40|44.71|  36.533|  46.045|  449.092|-144.2|   0.5|  642.6| 0.000|   0.0|  38.141|  44.346|146.26|   0.0|    0.0|    0.0|F1              |
+---+-----+-------+---+-----+-----+--------+--------+---------+------+------+-------+------+------+--------+--------+------+------+-------+-------+----------------+
+---+-----+-------+---+-----+-----+--------+--------+---------+------+------+-------+------+------+--------+--------+------+------+-------+-------+----------------+
|0-x| fr  |  time |hop| d0  | d1  |   fi   |  teta  |   dist  |  at  |  dev |   p   |  df  |  l   |   fot  |   tot  |  rot | lsp  |   pf  |    s  |                |
+---+-----+-------+---+-----+-----+--------+--------+---------+------+------+-------+------+------+--------+--------+------+------+-------+-------+----------------+
|  0| 5.33|33323.8|  1|44.40|44.70|  36.420|  45.987|  448.841|-142.8|   0.5|  642.2| 0.000|   0.0|  38.083|  44.317|146.16|   0.0|    0.0|    0.0|F1              |
|  0| 5.33|33323.8|  1|18.00|18.03|  35.676|  46.959|  572.008|-144.0|   0.0|  610.6| 0.000|   0.0|  37.645|  44.845| 95.04|   0.0|    0.0|    0.0|E               |
|  0| 5.33|33369.4|  1|45.00|45.32|  36.514|  46.061|  451.415|-144.2|   0.5|  652.8| 0.000|   0.0|  38.093|  44.391|148.04|   0.0|    0.0|    0.0|F1              |
|  0| 5.33|33369.4|  1|25.80|25.85|  36.627|  45.827|  424.831|-143.3|   0.0|  479.5| 0.000|   0.0|  38.153|  44.285| 98.74|   0.0|    0.0|    0.0|E               |
|  0| 5.33|33381.1|  1|22.20|22.24|  36.299|  46.269|  480.200|-144.0|   0.0|  526.8| 0.000|   0.0|  37.977|  44.505| 96.88|   0.0|    0.0|    0.0|E               |
|  0| 5.33|33381.1|  1|45.60|45.96|  36.788|  46.230|  455.846|-147.8|   0.5|  666.7| 0.000|   0.0|  38.278|  44.429|150.53|   0.0|    0.0|    0.0|F1              |
|  0| 5.33|33396.0|  1|39.00|39.28|  36.522|  45.990|  444.591|-143.7|   0.3|  584.6| 0.000|   0.0|  38.122|  44.337|132.76|   0.0|    0.0|    0.0|F1              |
|  0| 5.33|33396.0|  1|19.20|19.23|  35.878|  46.734|  542.133|-144.0|   0.0|  582.9| 0.000|   0.0|  37.769|  44.718| 95.60|   0.0|    0.0|    0.0|E               |
|  0| 5.33|33409.8|  1|21.00|21.04|  36.216|  46.474|  503.018|-144.8|   0.0|  547.2| 0.000|   0.0|  37.923|  44.617| 96.25|   0.0|    0.0|    0.0|E               |
|  0| 5.33|33443.7|  1| 9.00| 9.03|  33.170|  49.936|  963.081|-144.0|   0.0|  988.8| 0.000|   0.0|  36.239|  46.338| 91.44|   0.0|    0.0|    0.0|E               |
|  0| 5.33|33454.3|  1|39.00|39.28|  36.577|  46.020|  444.869|-144.4|   0.3|  585.0| 0.000|   0.0|  38.151|  44.351|132.82|   0.0|    0.0|    0.0|F1              |
|  0| 5.33|33454.3|  1|16.20|16.23|  35.333|  47.348|  623.459|-144.0|   0.0|  659.0| 0.000|   0.0|  37.469|  45.027| 94.34|   0.0|    0.0|    0.0|E               |
|  0| 5.33|33454.3|  1|39.00|39.28|  36.634|  46.047|  444.909|-145.1|   0.3|  585.0| 0.000|   0.0|  38.180|  44.365|132.85|   0.0|    0.0|    0.0|F1              |
|  0| 5.33|33454.3|  1|18.00|18.03|  35.605|  46.924|  571.939|-143.3|   0.0|  610.6| 0.000|   0.0|  37.608|  44.827| 95.03|   0.0|    0.0|    0.0|E               |
|  0| 5.33|33497.8|  1|33.00|33.14|  36.760|  45.752|  411.977|-143.8|   0.2|  500.6| 0.000|   0.0|  38.236|  44.235|107.82|   0.0|    0.0|    0.0|E               |
|  0| 5.33|33511.6|  1|13.80|13.83|  34.690|  47.947|  708.092|-143.3|   0.0|  739.9| 0.000|   0.0|  37.118|  45.323| 93.38|   0.0|    0.0|    0.0|E               |
|  0| 5.33|33534.9|  1|40.20|40.46|  36.604|  45.989|  440.754|-144.4|   0.3|  589.5| 0.000|   0.0|  38.187|  44.313|135.18|   0.0|    0.0|    0.0|F1              |
|  0| 5.33|33534.9|  1| 5.40| 5.43|  31.424|  52.489| 1284.464|-144.7|   0.0| 1307.1| 0.000|   0.0|  35.250|  47.576| 90.47|   0.0|    0.0|    0.0|E               |
|  0| 5.33|33545.5|  1|12.60|12.63|  34.448|  48.378|  759.273|-144.0|   0.0|  789.4| 0.000|   0.0|  36.982|  45.537| 92.93|   0.0|    0.0|    0.0|E               |
|  0| 5.33|33556.1|  1| 6.00| 6.04|  31.938|  52.047| 1219.475|-145.4|   0.0| 1242.5| 0.000|   0.0|  35.565|  47.333| 90.72|   0.0|    0.0|    0.0|E               |
+---+-----+-------+---+-----+-----+--------+--------+---------+------+------+-------+------+------+--------+--------+------+------+-------+-------+----------------+
+---+-----+-------+---+-----+-----+--------+--------+---------+------+------+-------+------+------+--------+--------+------+------+-------+-------+----------------+
|0-x| fr  |  time |hop| d0  | d1  |   fi   |  teta  |   dist  |  at  |  dev |   p   |  df  |  l   |   fot  |   tot  |  rot | lsp  |   pf  |    s  |                |
+---+-----+-------+---+-----+-----+--------+--------+---------+------+------+-------+------+------+--------+--------+------+------+-------+-------+----------------+
|  0| 5.33|33566.7|  1|40.20|40.45|  36.375|  45.872|  440.492|-141.5|   0.3|  589.0| 0.000|   0.0|  38.071|  44.254|135.06|   0.0|    0.0|    0.0|F1              |
|  0| 5.33|33566.7|  1|16.20|16.23|  35.412|  47.384|  623.419|-144.7|   0.0|  659.0| 0.000|   0.0|  37.509|  45.046| 94.33|   0.0|    0.0|    0.0|E               |
|  0| 5.33|33587.8|  1|30.60|30.68|  36.917|  45.521|  383.779|-143.2|   0.1|  453.5| 0.000|   0.0|  38.316|  44.124|102.44|   0.0|    0.0|    0.0|E               |
|  0| 5.33|33599.5|  1|22.80|22.84|  36.372|  46.189|  469.576|-144.0|   0.0|  517.4| 0.000|   0.0|  38.038|  44.443| 97.23|   0.0|    0.0|    0.0|E               |
|  0| 5.33|33610.0|  1|26.40|26.45|  36.680|  45.771|  417.329|-143.3|   0.0|  473.5| 0.000|   0.0|  38.177|  44.262| 99.05|   0.0|    0.0|    0.0|E               |
|  0| 5.33|33622.8|  1|15.60|15.63|  35.206|  47.493|  642.665|-144.0|   0.0|  677.3| 0.000|   0.0|  37.405|  45.093| 94.10|   0.0|    0.0|    0.0|E               |
|  0| 5.33|33633.4|  1|21.00|21.04|  36.144|  46.439|  502.928|-144.0|   0.0|  547.1| 0.000|   0.0|  37.918|  44.565| 96.39|   0.0|    0.0|    0.0|E               |
|  0| 5.33|33644.0|  1|22.80|22.84|  36.196|  46.101|  469.528|-141.9|   0.0|  517.4| 0.000|   0.0|  37.949|  44.398| 97.22|   0.0|    0.0|    0.0|E               |
|  0| 5.33|33658.9|  1|15.60|15.63|  35.287|  47.531|  642.653|-144.7|   0.0|  677.3| 0.000|   0.0|  37.447|  45.113| 94.10|   0.0|    0.0|    0.0|E               |
|  0| 5.33|33671.6|  1|15.60|15.63|  35.126|  47.454|  642.638|-143.3|   0.0|  677.2| 0.000|   0.0|  37.364|  45.073| 94.10|   0.0|    0.0|    0.0|E               |
|  0| 5.33|33671.6|  1|17.40|17.43|  35.422|  47.009|  588.043|-142.6|   0.0|  625.6| 0.000|   0.0|  37.530|  44.849| 94.83|   0.0|    0.0|    0.0|E               |
|  0| 5.33|33683.3|  1|25.80|25.85|  36.682|  45.853|  424.749|-144.0|   0.0|  479.4| 0.000|   0.0|  38.181|  44.298| 98.73|   0.0|    0.0|    0.0|E               |
|  0| 5.33|33709.8|  1|22.80|22.84|  36.432|  46.217|  469.549|-144.7|   0.0|  517.4| 0.000|   0.0|  38.069|  44.458| 97.23|   0.0|    0.0|    0.0|E               |
|  0| 5.33|33723.6|  1|14.40|14.43|  34.930|  47.813|  684.856|-144.0|   0.0|  717.6| 0.000|   0.0|  37.236|  45.269| 93.55|   0.0|    0.0|    0.0|E               |
|  0| 5.33|33745.8|  1|31.80|31.92|  36.933|  45.575|  387.991|-143.9|   0.1|  464.7| 0.000|   0.0|  38.331|  44.144|104.05|   0.0|    0.0|    0.0|E               |
|  0| 5.33|33758.6|  1|13.20|13.23|  34.802|  48.261|  732.739|-145.4|   0.0|  763.7| 0.000|   0.0|  37.166|  45.488| 93.12|   0.0|    0.0|    0.0|E               |
|  0| 5.33|33770.2|  1|13.80|13.83|  34.779|  47.988|  707.968|-144.0|   0.0|  739.8| 0.000|   0.0|  37.164|  45.346| 93.37|   0.0|    0.0|    0.0|E               |
|  0| 5.33|33781.9|  1|10.20|10.23|  33.762|  49.387|  884.909|-144.7|   0.0|  911.9| 0.000|   0.0|  36.602|  46.032| 92.05|   0.0|    0.0|    0.0|E               |
|  0| 5.33|33781.9|  1|13.80|13.83|  34.956|  48.070|  707.969|-145.4|   0.0|  739.8| 0.000|   0.0|  37.255|  45.389| 93.37|   0.0|    0.0|    0.0|E               |
|  0| 5.33|33808.5|  1|17.40|17.43|  35.569|  47.080|  587.998|-144.0|   0.0|  625.6| 0.000|   0.0|  37.605|  44.886| 94.83|   0.0|    0.0|    0.0|E               |
+---+-----+-------+---+-----+-----+--------+--------+---------+------+------+-------+------+------+--------+--------+------+------+-------+-------+----------------+
+---+-----+-------+---+-----+-----+--------+--------+---------+------+------+-------+------+------+--------+--------+------+------+-------+-------+----------------+
|0-x| fr  |  time |hop| d0  | d1  |   fi   |  teta  |   dist  |  at  |  dev |   p   |  df  |  l   |   fot  |   tot  |  rot | lsp  |   pf  |    s  |                |
+---+-----+-------+---+-----+-----+--------+--------+---------+------+------+-------+------+------+--------+--------+------+------+-------+-------+----------------+
|  0| 5.33|33833.9|  1|42.00|42.26|  36.639|  46.035|  443.555|-145.0|   0.4|  609.7| 0.000|   0.0|  38.179|  44.359|139.55|   0.0|    0.0|    0.0|F1              |
|  0| 5.33|33833.9|  1|23.40|23.44|  36.500|  46.141|  459.501|-144.7|   0.0|  508.6| 0.000|   0.0|  38.079|  44.447| 97.41|   0.0|    0.0|    0.0|E               |
|  0| 5.33|33845.2|  1|27.00|27.06|  36.782|  45.745|  410.401|-143.9|   0.1|  468.1| 0.000|   0.0|  38.242|  44.237| 99.49|   0.0|    0.0|    0.0|E               |
|  0| 5.33|33856.9|  1|33.60|33.84|  37.089|  45.725|  395.324|-146.7|   0.2|  483.8| 0.000|   0.0|  38.409|  44.223|108.60|   0.0|    0.0|    0.0|Es              |
|  0| 5.33|33871.8|  1|58.79|59.37|  37.860|  45.263|  320.465|-151.2|   0.7|  624.6| 0.000|   0.0|  38.849|  43.918|179.26|   0.0|    0.0|    0.0|F2              |
|  0| 5.33|33871.8|  1|20.40|20.44|  36.126|  46.562|  515.178|-144.7|   0.0|  558.2| 0.000|   0.0|  37.903|  44.631| 96.11|   0.0|    0.0|    0.0|E               |
|  0| 5.33|33885.6|  1|58.80|59.39|  37.959|  45.295|  320.221|-152.7|   0.7|  624.5| 0.000|   0.0|  38.897|  43.935|179.31|   0.0|    0.0|    0.0|F2              |
|  0| 5.33|33897.2|  1|33.00|33.14|  36.692|  45.742|  414.136|-143.1|   0.2|  503.2| 0.000|   0.0|  38.209|  44.222|107.83|   0.0|    0.0|    0.0|E               |
|  0| 5.33|33897.2|  1|57.60|58.14|  37.597|  45.294|  333.488|-148.3|   0.7|  629.1| 0.000|   0.0|  38.735|  43.914|177.71|   0.0|    0.0|    0.0|F2              |
|  0| 5.33|33920.6|  1|58.20|58.77|  37.780|  45.297|  326.790|-150.5|   0.7|  626.7| 0.000|   0.0|  38.813|  43.929|178.53|   0.0|    0.0|    0.0|F2              |
|  0| 5.33|33934.4|  1|15.00|15.03|  35.072|  47.647|  663.037|-144.0|   0.0|  696.7| 0.000|   0.0|  37.322|  45.180| 93.81|   0.0|    0.0|    0.0|E               |
|  0| 5.33|33934.4|  1|57.59|58.15|  37.742|  45.350|  333.357|-150.6|   0.6|  628.9| 0.000|   0.0|  38.789|  43.962|177.70|   0.0|    0.0|    0.0|F2              |
|  0| 5.33|33958.8|  1|57.00|57.55|  37.754|  45.419|  339.726|-151.3|   0.6|  631.2| 0.000|   0.0|  38.802|  43.985|177.01|   0.0|    0.0|    0.0|F2              |
|  0| 5.33|33983.2|  1|55.19|55.70|  37.538|  45.547|  360.351|-149.9|   0.6|  640.1| 0.000|   0.0|  38.675|  44.070|174.41|   0.0|    0.0|    0.0|F2              |
|  0| 5.33|33983.2|  1|22.80|22.84|  36.373|  46.188|  469.438|-144.0|   0.0|  517.3| 0.000|   0.0|  38.038|  44.443| 97.21|   0.0|    0.0|    0.0|E               |
|  0| 5.33|33996.0|  1|57.59|58.13|  37.649|  45.315|  333.533|-149.1|   0.7|  629.1| 0.000|   0.0|  38.760|  43.925|177.76|   0.0|    0.0|    0.0|F2              |
|  0| 5.33|33996.0|  1|22.80|22.84|  36.433|  46.216|  469.444|-144.7|   0.0|  517.3| 0.000|   0.0|  38.069|  44.458| 97.21|   0.0|    0.0|    0.0|E               |
|  0| 5.33|34022.5|  1|55.79|56.30|  37.474|  45.453|  353.714|-148.4|   0.6|  637.3| 0.000|   0.0|  38.638|  44.028|175.11|   0.0|    0.0|    0.0|F2              |
|  0| 5.33|34022.5|  1|24.00|24.04|  36.507|  46.042|  449.967|-144.0|   0.0|  500.4| 0.000|   0.0|  38.108|  44.373| 97.81|   0.0|    0.0|    0.0|E               |
|  0| 5.33|34034.2|  1|52.20|52.67|  37.086|  45.762|  398.942|-147.0|   0.6|  663.0| 0.000|   0.0|  38.444|  44.178|170.25|   0.0|    0.0|    0.0|F2              |
+---+-----+-------+---+-----+-----+--------+--------+---------+------+------+-------+------+------+--------+--------+------+------+-------+-------+----------------+
+---+-----+-------+---+-----+-----+--------+--------+---------+------+------+-------+------+------+--------+--------+------+------+-------+-------+----------------+
|0-x| fr  |  time |hop| d0  | d1  |   fi   |  teta  |   dist  |  at  |  dev |   p   |  df  |  l   |   fot  |   tot  |  rot | lsp  |   pf  |    s  |                |
+---+-----+-------+---+-----+-----+--------+--------+---------+------+------+-------+------+------+--------+--------+------+------+-------+-------+----------------+
|  0| 5.33|34034.2|  1|56.40|56.93|  37.668|  45.456|  346.516|-150.6|   0.6|  634.0| 0.000|   0.0|  38.744|  44.021|176.10|   0.0|    0.0|    0.0|F2              |
|  0| 5.33|34034.2|  1|23.40|23.44|  36.501|  46.141|  459.435|-144.7|   0.0|  508.6| 0.000|   0.0|  38.079|  44.447| 97.39|   0.0|    0.0|    0.0|E               |
|  0| 5.33|34046.9|  1|17.40|17.43|  35.570|  47.079|  587.898|-144.0|   0.0|  625.5| 0.000|   0.0|  37.605|  44.886| 94.81|   0.0|    0.0|    0.0|E               |
|  0| 5.33|34070.3|  1|55.80|56.31|  37.474|  45.452|  353.628|-148.4|   0.6|  637.3| 0.000|   0.0|  38.638|  44.028|175.14|   0.0|    0.0|    0.0|F2              |
|  0| 5.33|34083.1|  1|21.00|21.04|  36.145|  46.438|  502.765|-144.0|   0.0|  547.0| 0.000|   0.0|  37.918|  44.565| 96.36|   0.0|    0.0|    0.0|E               |
|  0| 5.33|34083.1|  1|55.81|56.32|  37.475|  45.452|  353.519|-148.4|   0.6|  637.3| 0.000|   0.0|  38.639|  44.028|175.16|   0.0|    0.0|    0.0|F2              |
|  0| 5.33|34097.0|  1|59.10|59.61|  37.260|  44.970|  318.260|-140.9|   0.9|  624.6| 0.000|   0.0|  38.540|  43.781|179.22|   0.0|    0.0|    0.0|F2              |
|  0| 5.33|34097.0|  1|19.80|19.84|  35.972|  46.629|  528.130|-144.0|   0.0|  570.0| 0.000|   0.0|  37.820|  44.665| 95.82|   0.0|    0.0|    0.0|E               |
|  0| 5.33|34107.5|  1|57.61|58.14|  37.507|  45.257|  333.595|-146.9|   0.7|  629.3| 0.000|   0.0|  38.692|  43.894|177.75|   0.0|    0.0|    0.0|F2              |
|  0| 5.33|34107.5|  1|19.80|19.84|  36.039|  46.660|  528.134|-144.7|   0.0|  570.0| 0.000|   0.0|  37.854|  44.682| 95.82|   0.0|    0.0|    0.0|E               |
|  0| 5.33|34118.1|  1|21.60|21.64|  36.287|  46.380|  491.052|-144.7|   0.0|  536.4| 0.000|   0.0|  37.964|  44.567| 96.51|   0.0|    0.0|    0.0|E               |
|  0| 5.33|34152.1|  1|24.00|24.05|  36.508|  46.042|  449.924|-144.0|   0.0|  500.4| 0.000|   0.0|  38.108|  44.373| 97.80|   0.0|    0.0|    0.0|E               |
|  0| 5.33|34152.1|  1|56.99|57.51|  37.463|  45.310|  340.430|-146.9|   0.7|  631.9| 0.000|   0.0|  38.657|  43.933|176.92|   0.0|    0.0|    0.0|F2              |
|  0| 5.33|34165.9|  1|54.60|55.11|  37.653|  45.657|  367.005|-152.1|   0.5|  643.1| 0.000|   0.0|  38.724|  44.135|173.65|   0.0|    0.0|    0.0|F2              |
|  0| 5.33|34165.9|  1|27.00|27.06|  36.835|  45.770|  410.319|-144.6|   0.1|  468.0| 0.000|   0.0|  38.269|  44.250| 99.48|   0.0|    0.0|    0.0|E               |
|  0| 5.33|34165.9|  1|55.79|56.30|  37.481|  45.457|  353.784|-148.5|   0.6|  637.4| 0.000|   0.0|  38.641|  44.030|175.17|   0.0|    0.0|    0.0|F2              |
|  0| 5.33|34191.5|  1|25.80|25.85|  36.792|  45.903|  424.625|-145.4|   0.0|  479.3| 0.000|   0.0|  38.237|  44.325| 98.70|   0.0|    0.0|    0.0|E               |
|  0| 5.33|34191.5|  1|55.21|55.71|  37.432|  45.507|  360.510|-148.4|   0.6|  640.5| 0.000|   0.0|  38.628|  44.043|174.53|   0.0|    0.0|    0.0|F2              |
+==============================================================================+
|   Medium characteristics Sunspot number=   6.9 IG=   6.9   GMT time:09:29    |
|------------------------------------------------------------------------------|
|   S   | fh |  I  |   D  | fd |  hd | fe |  he | ff1 | hf1 | ff2 | hf2 |   Hi |
|-------+----+-----+------+----+-----+----+-----+-----+-----+-----+-----+------|
|    0.0|1.25| 58.8|   3.1|0.21| 81.0|3.16|110.0| 4.26|164.6| 6.28|240.6|  36.5|
+==============================================================================+

+==================================+
|       Es-layer parametres        |
|----------------------------------|
|   S   | hEs | fbEs | f0Es | P Es |
|-------+-----+------+------+------|
|    0.0|110.8| 3.56 | 3.66 | 63.2 |
+==================================+

|  0| 5.33|34205.4|  1|20.40|20.44|  36.061|  46.531|  515.056|-144.0|   0.0|  558.1| 0.000|   0.0|  37.853|  44.631| 96.03|   0.0|    0.0|    0.0|E               |
|  0| 5.33|34205.4|  1|55.20|55.70|  37.432|  45.508|  360.639|-148.4|   0.6|  640.6| 0.000|   0.0|  38.628|  44.043|174.53|   0.0|    0.0|    0.0|F2              |
+---+-----+-------+---+-----+-----+--------+--------+---------+------+------+-------+------+------+--------+--------+------+------+-------+-------+----------------+
+---+-----+-------+---+-----+-----+--------+--------+---------+------+------+-------+------+------+--------+--------+------+------+-------+-------+----------------+
|0-x| fr  |  time |hop| d0  | d1  |   fi   |  teta  |   dist  |  at  |  dev |   p   |  df  |  l   |   fot  |   tot  |  rot | lsp  |   pf  |    s  |                |
+---+-----+-------+---+-----+-----+--------+--------+---------+------+------+-------+------+------+--------+--------+------+------+-------+-------+----------------+
|  0| 5.33|34227.6|  1|54.59|55.07|  37.337|  45.544|  367.941|-147.7|   0.6|  644.3| 0.000|   0.0|  38.568|  44.073|173.57|   0.0|    0.0|    0.0|F2              |
|  0| 5.33|34227.6|  1|22.80|22.84|  36.314|  46.158|  469.349|-143.3|   0.0|  517.2| 0.000|   0.0|  38.008|  44.428| 97.19|   0.0|    0.0|    0.0|E               |
|  0| 5.33|34227.6|  1|55.79|56.30|  37.530|  45.476|  353.735|-149.2|   0.6|  637.4| 0.000|   0.0|  38.683|  44.020|175.41|   0.0|    0.0|    0.0|F2              |
|  0| 5.33|34227.6|  1|26.40|26.46|  36.788|  45.821|  417.178|-144.7|   0.0|  473.3| 0.000|   0.0|  38.247|  44.272| 99.11|   0.0|    0.0|    0.0|E               |
|  0| 5.33|34241.5|  1|54.60|55.08|  37.287|  45.524|  367.981|-147.0|   0.6|  644.4| 0.000|   0.0|  38.544|  44.062|173.57|   0.0|    0.0|    0.0|F2              |
|  0| 5.33|34266.0|  1|52.20|52.66|  37.084|  45.765|  399.284|-147.0|   0.6|  663.6| 0.000|   0.0|  38.444|  44.178|170.39|   0.0|    0.0|    0.0|F2              |
|  0| 5.33|34266.0|  1|52.20|52.66|  37.084|  45.765|  399.284|-147.0|   0.6|  663.6| 0.000|   0.0|  38.444|  44.178|170.39|   0.0|    0.0|    0.0|F2              |
|  0| 5.33|34278.8|  1|56.99|57.49|  37.371|  45.272|  340.715|-145.5|   0.7|  632.2| 0.000|   0.0|  38.613|  43.913|176.94|   0.0|    0.0|    0.0|F2              |
|  0| 5.33|34278.8|  1|12.60|12.63|  34.545|  48.419|  758.925|-144.7|   0.0|  789.0| 0.000|   0.0|  37.031|  45.560| 92.89|   0.0|    0.0|    0.0|E               |
|  0| 5.33|34290.5|  1|55.20|55.66|  37.036|  45.339|  361.776|-142.6|   0.7|  642.1| 0.000|   0.0|  38.431|  43.958|174.36|   0.0|    0.0|    0.0|F2              |
|  0| 5.33|34302.2|  1|54.60|55.06|  37.033|  45.415|  368.798|-143.3|   0.7|  645.5| 0.000|   0.0|  38.436|  43.989|173.65|   0.0|    0.0|    0.0|F2              |
|  0| 5.33|34302.2|  1|12.00|12.03|  34.367|  48.636|  787.156|-144.7|   0.0|  816.4| 0.000|   0.0|  36.923|  45.678| 92.61|   0.0|    0.0|    0.0|E               |
|  0| 5.33|34336.1|  1|52.19|52.63|  36.858|  45.675|  400.460|-144.0|   0.7|  665.1| 0.000|   0.0|  38.341|  44.123|170.38|   0.0|    0.0|    0.0|F2              |
|  0| 5.33|34336.1|  1|15.60|15.63|  35.289|  47.529|  642.368|-144.7|   0.0|  677.0| 0.000|   0.0|  37.447|  45.113| 94.06|   0.0|    0.0|    0.0|E               |
|  0| 5.33|34348.8|  1|54.60|55.06|  37.081|  45.438|  368.731|-144.0|   0.7|  645.5| 0.000|   0.0|  38.460|  44.001|173.70|   0.0|    0.0|    0.0|F2              |
|  0| 5.33|34348.8|  1| 7.80| 7.83|  32.753|  50.688| 1053.169|-144.7|   0.0| 1077.6| 0.000|   0.0|  36.047|  46.654| 91.23|   0.0|    0.0|    0.0|E               |
|  0| 5.33|34382.9|  1| 9.00| 9.03|  33.174|  49.931|  962.512|-144.0|   0.0|  988.2| 0.000|   0.0|  36.239|  46.338| 91.38|   0.0|    0.0|    0.0|E               |
|  0| 5.33|34382.9|  1|54.59|55.04|  36.983|  45.394|  369.200|-142.6|   0.7|  646.0| 0.000|   0.0|  38.394|  43.994|173.50|   0.0|    0.0|    0.0|F2              |
|  0| 5.33|34393.4|  1|18.60|18.63|  35.852|  46.874|  556.308|-144.7|   0.0|  596.0| 0.000|   0.0|  37.736|  44.806| 95.22|   0.0|    0.0|    0.0|E               |
|  0| 5.33|34393.4|  1|54.59|55.04|  36.983|  45.395|  369.218|-142.6|   0.7|  646.0| 0.000|   0.0|  38.394|  43.994|173.51|   0.0|    0.0|    0.0|F2              |
+---+-----+-------+---+-----+-----+--------+--------+---------+------+------+-------+------+------+--------+--------+------+------+-------+-------+----------------+
+---+-----+-------+---+-----+-----+--------+--------+---------+------+------+-------+------+------+--------+--------+------+------+-------+-------+----------------+
|0-x| fr  |  time |hop| d0  | d1  |   fi   |  teta  |   dist  |  at  |  dev |   p   |  df  |  l   |   fot  |   tot  |  rot | lsp  |   pf  |    s  |                |
+---+-----+-------+---+-----+-----+--------+--------+---------+------+------+-------+------+------+--------+--------+------+------+-------+-------+----------------+
|  0| 5.33|34404.8|  1|23.40|23.44|  36.385|  46.084|  459.321|-143.3|   0.0|  508.4| 0.000|   0.0|  38.019|  44.417| 97.36|   0.0|    0.0|    0.0|E               |
|  0| 5.33|34404.8|  1|54.01|54.45|  36.826|  45.397|  376.736|-141.1|   0.7|  650.4| 0.000|   0.0|  38.315|  43.995|172.67|   0.0|    0.0|    0.0|F2              |
|  0| 5.33|34426.0|  1|51.59|52.02|  36.685|  45.695|  410.182|-142.6|   0.7|  672.9| 0.000|   0.0|  38.255|  44.132|169.54|   0.0|    0.0|    0.0|F2              |
|  0| 5.33|34426.0|  1|14.40|14.43|  34.932|  47.810|  684.557|-144.0|   0.0|  717.3| 0.000|   0.0|  37.236|  45.269| 93.51|   0.0|    0.0|    0.0|E               |
|  0| 5.33|34438.7|  1|51.60|52.04|  36.740|  45.719|  409.791|-143.3|   0.7|  672.4| 0.000|   0.0|  38.290|  44.137|169.61|   0.0|    0.0|    0.0|F2              |
|  0| 5.33|34452.5|  1|13.80|13.83|  34.781|  47.986|  707.666|-144.0|   0.0|  739.5| 0.000|   0.0|  37.164|  45.346| 93.33|   0.0|    0.0|    0.0|E               |
|  0| 5.33|34475.8|  1|11.40|11.43|  34.078|  48.821|  817.375|-144.0|   0.0|  845.9| 0.000|   0.0|  36.783|  45.749| 92.45|   0.0|    0.0|    0.0|E               |
|  0| 5.33|34475.8|  1|38.40|38.69|  36.519|  46.084|  453.387|-144.4|   0.3|  591.4| 0.000|   0.0|  38.090|  44.413|132.26|   0.0|    0.0|    0.0|F1              |
|  0| 5.33|34486.5|  1|52.21|52.64|  36.753|  45.627|  400.863|-142.6|   0.7|  666.0| 0.000|   0.0|  38.291|  44.097|170.46|   0.0|    0.0|    0.0|F2              |
|  0| 5.33|34486.5|  1| 6.60| 6.63|  32.135|  51.512| 1159.224|-144.7|   0.0| 1182.6| 0.000|   0.0|  35.687|  47.067| 90.85|   0.0|    0.0|    0.0|E               |
|  0| 5.33|34497.1|  1|39.00|39.28|  36.606|  46.080|  449.230|-145.1|   0.3|  590.8| 0.000|   0.0|  38.153|  44.394|133.45|   0.0|    0.0|    0.0|F1              |
|  0| 5.33|34497.1|  1|10.20|10.23|  33.655|  49.334|  884.609|-144.0|   0.0|  911.6| 0.000|   0.0|  36.545|  46.005| 92.01|   0.0|    0.0|    0.0|E               |
|  0| 5.33|34508.7|  1|10.20|10.23|  33.655|  49.334|  884.603|-144.0|   0.0|  911.6| 0.000|   0.0|  36.545|  46.005| 92.01|   0.0|    0.0|    0.0|E               |
|  0| 5.33|34519.3|  1|44.40|44.69|  36.648|  46.106|  449.850|-145.7|   0.4|  643.5| 0.000|   0.0|  38.151|  44.425|146.65|   0.0|    0.0|    0.0|F1              |
|  0| 5.33|34519.3|  1|14.40|14.43|  35.017|  47.850|  684.528|-144.7|   0.0|  717.2| 0.000|   0.0|  37.281|  45.291| 93.51|   0.0|    0.0|    0.0|E               |
|  0| 5.33|34529.9|  1|36.00|36.46|  36.464|  46.452|  490.326|-146.6|   0.3|  620.7| 0.000|   0.0|  38.100|  44.556|129.32|   0.0|    0.0|    0.0|F1              |
|  0| 5.33|34529.9|  1|10.20|10.23|  33.764|  49.385|  884.594|-144.7|   0.0|  911.6| 0.000|   0.0|  36.602|  46.032| 92.01|   0.0|    0.0|    0.0|E               |
|  0| 5.33|34529.9|  1| 6.60| 6.63|  31.995|  51.448| 1159.205|-144.0|   0.0| 1182.6| 0.000|   0.0|  35.614|  47.032| 90.85|   0.0|    0.0|    0.0|E               |
|  0| 5.33|34565.0|  1|54.00|54.45|  37.078|  45.518|  376.290|-144.8|   0.6|  649.8| 0.000|   0.0|  38.459|  44.039|173.06|   0.0|    0.0|    0.0|F2              |
|  0| 5.33|34565.0|  1| 6.00| 6.03|  31.647|  51.911| 1218.994|-144.0|   0.0| 1242.0| 0.000|   0.0|  35.411|  47.262| 90.67|   0.0|    0.0|    0.0|E               |
+---+-----+-------+---+-----+-----+--------+--------+---------+------+------+-------+------+------+--------+--------+------+------+-------+-------+----------------+
+---+-----+-------+---+-----+-----+--------+--------+---------+------+------+-------+------+------+--------+--------+------+------+-------+-------+----------------+
|0-x| fr  |  time |hop| d0  | d1  |   fi   |  teta  |   dist  |  at  |  dev |   p   |  df  |  l   |   fot  |   tot  |  rot | lsp  |   pf  |    s  |                |
+---+-----+-------+---+-----+-----+--------+--------+---------+------+------+-------+------+------+--------+--------+------+------+-------+-------+----------------+
|  0| 5.33|34575.6|  1|52.20|52.62|  36.535|  45.527|  402.208|-139.7|   0.7|  667.8| 0.000|   0.0|  38.183|  44.046|170.38|   0.0|    0.0|    0.0|F2              |
|  0| 5.33|34575.6|  1| 9.00| 9.03|  33.292|  49.985|  962.415|-144.7|   0.0|  988.1| 0.000|   0.0|  36.301|  46.368| 91.37|   0.0|    0.0|    0.0|E               |
|  0| 5.33|34586.2|  1|52.80|53.22|  36.704|  45.515|  393.065|-141.1|   0.7|  661.0| 0.000|   0.0|  38.265|  44.042|171.26|   0.0|    0.0|    0.0|F2              |
|  0| 5.33|34586.2|  1|12.60|12.63|  34.545|  48.418|  758.810|-144.7|   0.0|  788.9| 0.000|   0.0|  37.031|  45.560| 92.87|   0.0|    0.0|    0.0|E               |
|  0| 5.33|34596.8|  1|51.60|52.03|  36.684|  45.697|  410.412|-142.6|   0.7|  673.4| 0.000|   0.0|  38.264|  44.124|169.70|   0.0|    0.0|    0.0|F2              |
|  0| 5.33|34596.8|  1|48.00|48.44|  36.363|  46.296|  479.934|-144.7|   0.7|  735.5| 0.000|   0.0|  38.057|  44.459|160.45|   0.0|    0.0|    0.0|F1              |
|  0| 5.33|34596.8|  1|51.60|52.02|  36.568|  45.644|  411.017|-141.1|   0.7|  674.3| 0.000|   0.0|  38.210|  44.095|169.65|   0.0|    0.0|    0.0|F2              |
|  0| 5.33|34596.8|  1|15.00|15.03|  35.158|  47.684|  662.726|-144.7|   0.0|  696.4| 0.000|   0.0|  37.382|  45.182| 93.83|   0.0|    0.0|    0.0|E               |
|  0| 5.33|34609.6|  1|52.19|52.61|  36.637|  45.579|  401.885|-141.1|   0.7|  667.2| 0.000|   0.0|  38.237|  44.069|170.46|   0.0|    0.0|    0.0|F2              |
|  0| 5.33|34609.6|  1|18.00|18.03|  35.680|  46.956|  571.537|-144.0|   0.0|  610.1| 0.000|   0.0|  37.645|  44.845| 94.96|   0.0|    0.0|    0.0|E               |
|  0| 5.33|34624.6|  1|49.80|50.25|  36.406|  45.973|  448.263|-142.6|   0.7|  710.6| 0.000|   0.0|  38.111|  44.270|167.15|   0.0|    0.0|    0.0|F2              |
|  0| 5.33|34624.6|  1|50.40|50.83|  36.520|  45.860|  432.736|-142.6|   0.7|  693.6| 0.000|   0.0|  38.151|  44.231|167.90|   0.0|    0.0|    0.0|F2              |
|  0| 5.33|34649.0|  1|51.00|51.43|  36.663|  45.798|  420.528|-143.3|   0.7|  681.9| 0.000|   0.0|  38.229|  44.196|168.82|   0.0|    0.0|    0.0|F2              |
|  0| 5.33|34649.0|  1|18.00|18.04|  35.752|  46.990|  571.533|-144.7|   0.0|  610.1| 0.000|   0.0|  37.682|  44.863| 94.96|   0.0|    0.0|    0.0|E               |
|  0| 5.33|34662.9|  1|48.00|48.43|  36.182|  46.203|  479.453|-142.5|   0.8|  734.6| 0.000|   0.0|  37.989|  44.390|160.25|   0.0|    0.0|    0.0|F1              |
|  0| 5.33|34662.9|  1|51.60|52.02|  36.513|  45.620|  411.453|-140.4|   0.7|  674.9| 0.000|   0.0|  38.173|  44.091|169.64|   0.0|    0.0|    0.0|F2              |
|  0| 5.33|34662.9|  1|54.00|54.43|  36.823|  45.402|  377.341|-141.1|   0.7|  651.3| 0.000|   0.0|  38.315|  43.995|172.84|   0.0|    0.0|    0.0|F2              |
|  0| 5.33|34678.9|  1|36.00|36.44|  36.135|  46.304|  490.872|-142.9|   0.4|  621.3| 0.000|   0.0|  37.921|  44.493|129.26|   0.0|    0.0|    0.0|F1              |
|  0| 5.33|34678.9|  1|52.20|52.62|  36.586|  45.553|  402.102|-140.4|   0.7|  667.7| 0.000|   0.0|  38.189|  44.075|170.34|   0.0|    0.0|    0.0|F2              |
|  0| 5.33|34678.9|  1|23.40|23.45|  36.443|  46.112|  459.287|-144.0|   0.0|  508.4| 0.000|   0.0|  38.049|  44.432| 97.36|   0.0|    0.0|    0.0|E               |
+---+-----+-------+---+-----+-----+--------+--------+---------+------+------+-------+------+------+--------+--------+------+------+-------+-------+----------------+
+---+-----+-------+---+-----+-----+--------+--------+---------+------+------+-------+------+------+--------+--------+------+------+-------+-------+----------------+
|0-x| fr  |  time |hop| d0  | d1  |   fi   |  teta  |   dist  |  at  |  dev |   p   |  df  |  l   |   fot  |   tot  |  rot | lsp  |   pf  |    s  |                |
+---+-----+-------+---+-----+-----+--------+--------+---------+------+------+-------+------+------+--------+--------+------+------+-------+-------+----------------+
|  0| 5.33|34692.8|  1|22.20|22.24|  36.302|  46.266|  479.804|-144.0|   0.0|  526.4| 0.000|   0.0|  37.977|  44.505| 96.80|   0.0|    0.0|    0.0|E               |
|  0| 5.33|34703.3|  1|50.40|50.82|  36.277|  45.758|  435.112|-139.6|   0.8|  697.2| 0.000|   0.0|  38.052|  44.160|167.95|   0.0|    0.0|    0.0|F2              |
|  0| 5.33|34703.3|  1|21.00|21.04|  36.146|  46.437|  502.603|-144.0|   0.0|  546.8| 0.000|   0.0|  37.918|  44.565| 96.33|   0.0|    0.0|    0.0|E               |
|  0| 5.33|34715.0|  1|49.80|50.24|  36.338|  45.955|  449.718|-141.8|   0.8|  712.9| 0.000|   0.0|  38.083|  44.255|167.19|   0.0|    0.0|    0.0|F2              |
|  0| 5.33|34715.0|  1|18.00|18.04|  35.680|  46.956|  571.499|-144.0|   0.0|  610.1| 0.000|   0.0|  37.645|  44.845| 94.95|   0.0|    0.0|    0.0|E               |
|  0| 5.33|34772.9|  1|49.80|50.24|  36.264|  45.930|  450.983|-141.0|   0.8|  714.9| 0.000|   0.0|  38.026|  44.260|167.14|   0.0|    0.0|    0.0|F2              |
|  0| 5.33|34772.9|  1|12.60|12.63|  34.451|  48.374|  758.726|-144.0|   0.0|  788.8| 0.000|   0.0|  36.982|  45.537| 92.86|   0.0|    0.0|    0.0|E               |
|  0| 5.33|34796.3|  1| 8.40| 8.43|  33.032|  50.321| 1005.907|-144.7|   0.0| 1030.9| 0.000|   0.0|  36.146|  46.542| 91.09|   0.0|    0.0|    0.0|E               |
|  0| 5.33|34806.9|  1| 5.40| 5.43|  31.428|  52.484| 1283.781|-144.7|   0.0| 1306.3| 0.000|   0.0|  35.250|  47.576| 90.40|   0.0|    0.0|    0.0|E               |
|  0| 5.33|34817.5|  1|10.80|10.83|  33.874|  49.067|  849.658|-144.0|   0.0|  877.4| 0.000|   0.0|  36.671|  45.869| 92.22|   0.0|    0.0|    0.0|E               |
|  0| 5.33|34828.0|  1|41.40|41.64|  36.465|  45.962|  444.499|-143.0|   0.3|  605.2| 0.000|   0.0|  38.057|  44.352|138.38|   0.0|    0.0|    0.0|F1              |
|  0| 5.33|34828.0|  1| 7.20| 7.23|  32.322|  51.020| 1103.839|-144.0|   0.0| 1127.7| 0.000|   0.0|  35.803|  46.820| 91.02|   0.0|    0.0|    0.0|E               |
|  0| 5.33|34838.6|  1|52.80|53.21|  36.600|  45.469|  393.987|-139.7|   0.7|  662.4| 0.000|   0.0|  38.194|  44.035|171.19|   0.0|    0.0|    0.0|F2              |
|  0| 5.33|34850.0|  1|52.19|52.60|  36.531|  45.531|  402.785|-139.7|   0.7|  668.6| 0.000|   0.0|  38.195|  44.037|170.59|   0.0|    0.0|    0.0|F2              |
|  0| 5.33|34850.0|  1| 6.00| 6.03|  31.648|  51.910| 1218.908|-144.0|   0.0| 1241.9| 0.000|   0.0|  35.411|  47.262| 90.66|   0.0|    0.0|    0.0|E               |
|  0| 5.33|34860.5|  1|52.21|52.61|  36.431|  45.477|  403.044|-138.3|   0.7|  669.2| 0.000|   0.0|  38.136|  44.018|170.53|   0.0|    0.0|    0.0|F2              |
|  0| 5.33|34860.5|  1| 7.80| 7.83|  32.626|  50.627| 1052.937|-144.0|   0.0| 1077.4| 0.000|   0.0|  35.980|  46.623| 91.21|   0.0|    0.0|    0.0|E               |
|  0| 5.33|34871.6|  1|52.20|52.61|  36.636|  45.581|  402.152|-141.1|   0.7|  667.8| 0.000|   0.0|  38.238|  44.069|170.65|   0.0|    0.0|    0.0|F2              |
|  0| 5.33|34871.6|  1| 7.80| 7.83|  32.626|  50.627| 1052.931|-144.0|   0.0| 1077.4| 0.000|   0.0|  35.980|  46.623| 91.21|   0.0|    0.0|    0.0|E               |
|  0| 5.33|34884.0|  1|52.20|52.60|  36.429|  45.478|  403.236|-138.3|   0.7|  669.3| 0.000|   0.0|  38.141|  44.013|170.55|   0.0|    0.0|    0.0|F2              |
+---+-----+-------+---+-----+-----+--------+--------+---------+------+------+-------+------+------+--------+--------+------+------+-------+-------+----------------+
+---+-----+-------+---+-----+-----+--------+--------+---------+------+------+-------+------+------+--------+--------+------+------+-------+-------+----------------+
|0-x| fr  |  time |hop| d0  | d1  |   fi   |  teta  |   dist  |  at  |  dev |   p   |  df  |  l   |   fot  |   tot  |  rot | lsp  |   pf  |    s  |                |
+---+-----+-------+---+-----+-----+--------+--------+---------+------+------+-------+------+------+--------+--------+------+------+-------+-------+----------------+
|  0| 5.33|34884.0|  1| 8.40| 8.43|  32.910|  50.265| 1005.861|-144.0|   0.0| 1030.9| 0.000|   0.0|  36.082|  46.511| 91.08|   0.0|    0.0|    0.0|E               |
|  0| 5.33|34895.3|  1|51.61|52.02|  36.459|  45.596|  412.038|-139.7|   0.7|  675.9| 0.000|   0.0|  38.161|  44.067|169.82|   0.0|    0.0|    0.0|F2              |
|  0| 5.33|34905.9|  1|51.61|52.01|  36.406|  45.570|  412.376|-139.0|   0.7|  676.4| 0.000|   0.0|  38.124|  44.062|169.78|   0.0|    0.0|    0.0|F2              |
|  0| 5.33|34905.9|  1| 8.40| 8.43|  32.910|  50.264| 1005.850|-144.0|   0.0| 1030.9| 0.000|   0.0|  36.082|  46.511| 91.08|   0.0|    0.0|    0.0|E               |
|  0| 5.33|34916.5|  1|52.79|53.20|  36.598|  45.471|  394.281|-139.7|   0.7|  662.7| 0.000|   0.0|  38.217|  44.016|171.42|   0.0|    0.0|    0.0|F2              |
|  0| 5.33|34927.2|  1|52.80|53.20|  36.499|  45.419|  394.634|-138.3|   0.7|  663.3| 0.000|   0.0|  38.177|  43.983|171.41|   0.0|    0.0|    0.0|F2              |
|  0| 5.33|34927.2|  1| 6.00| 6.03|  31.794|  51.976| 1218.848|-144.7|   0.0| 1241.8| 0.000|   0.0|  35.488|  47.298| 90.65|   0.0|    0.0|    0.0|E               |
|  0| 5.33|34937.8|  1| 7.20| 7.23|  32.322|  51.019| 1103.787|-144.0|   0.0| 1127.7| 0.000|   0.0|  35.803|  46.820| 91.01|   0.0|    0.0|    0.0|E               |
|  0| 5.33|34948.3|  1|51.00|51.40|  36.143|  45.565|  425.173|-136.7|   0.8|  689.0| 0.000|   0.0|  37.990|  44.061|168.87|   0.0|    0.0|    0.0|F2              |
|  0| 5.33|34948.3|  1| 8.40| 8.43|  33.033|  50.321| 1005.825|-144.7|   0.0| 1030.9| 0.000|   0.0|  36.146|  46.542| 91.08|   0.0|    0.0|    0.0|E               |
|  0| 5.33|34958.9|  1|32.40|32.58|  36.410|  46.214|  470.282|-144.5|   0.2|  568.3| 0.000|   0.0|  38.049|  44.465|106.42|   0.0|    0.0|    0.0|E               |
|  0| 5.33|34969.5|  1|53.39|53.79|  36.563|  45.364|  386.675|-138.3|   0.7|  658.2| 0.000|   0.0|  38.212|  43.954|172.25|   0.0|    0.0|    0.0|F2              |
|  0| 5.33|34969.5|  1| 6.00| 6.03|  31.648|  51.909| 1218.828|-144.0|   0.0| 1241.8| 0.000|   0.0|  35.411|  47.262| 90.65|   0.0|    0.0|    0.0|E               |
|  0| 5.33|34980.1|  1|51.59|51.99|  36.402|  45.574|  412.850|-139.0|   0.7|  676.9| 0.000|   0.0|  38.123|  44.063|169.80|   0.0|    0.0|    0.0|F2              |
|  0| 5.33|34991.8|  1|53.40|53.81|  36.661|  45.414|  386.165|-139.7|   0.7|  657.6| 0.000|   0.0|  38.246|  43.990|172.28|   0.0|    0.0|    0.0|F2              |
|  0| 5.33|35002.4|  1|48.60|49.17|  35.364|  46.472|  542.706|-138.6|   1.1|  845.2| 0.000|   0.0|  37.547|  44.536|163.79|   0.0|    0.0|    0.0|F1              |
|  0| 5.33|35028.0|  1|51.60|52.02|  36.734|  45.728|  410.915|-143.4|   0.6|  674.2| 0.000|   0.0|  38.290|  44.137|170.03|   0.0|    0.0|    0.0|F2              |
|  0| 5.33|35041.9|  1|50.41|50.83|  36.260|  45.774|  437.324|-139.6|   0.8|  701.0| 0.000|   0.0|  38.052|  44.160|168.26|   0.0|    0.0|    0.0|F2              |
|  0| 5.33|35041.9|  1|19.20|19.24|  35.881|  46.730|  541.607|-144.0|   0.0|  582.4| 0.000|   0.0|  37.752|  44.735| 95.44|   0.0|    0.0|    0.0|E               |
|  0| 5.33|35052.5|  1|52.20|52.60|  36.428|  45.481|  403.515|-138.3|   0.7|  669.8| 0.000|   0.0|  38.110|  44.037|170.48|   0.0|    0.0|    0.0|F2              |
+---+-----+-------+---+-----+-----+--------+--------+---------+------+------+-------+------+------+--------+--------+------+------+-------+-------+----------------+
+---+-----+-------+---+-----+-----+--------+--------+---------+------+------+-------+------+------+--------+--------+------+------+-------+-------+----------------+
|0-x| fr  |  time |hop| d0  | d1  |   fi   |  teta  |   dist  |  at  |  dev |   p   |  df  |  l   |   fot  |   tot  |  rot | lsp  |   pf  |    s  |                |
+---+-----+-------+---+-----+-----+--------+--------+---------+------+------+-------+------+------+--------+--------+------+------+-------+-------+----------------+
|  0| 5.33|35052.5|  1|19.20|19.24|  35.950|  46.763|  541.613|-144.7|   0.0|  582.4| 0.000|   0.0|  37.788|  44.751| 95.44|   0.0|    0.0|    0.0|E               |
|  0| 5.33|35063.1|  1|13.80|13.83|  34.783|  47.984|  707.436|-144.0|   0.0|  739.2| 0.000|   0.0|  37.164|  45.346| 93.30|   0.0|    0.0|    0.0|E               |
|  0| 5.33|35074.7|  1|51.61|52.00|  36.239|  45.488|  413.732|-136.8|   0.7|  678.5| 0.000|   0.0|  38.035|  44.026|169.76|   0.0|    0.0|    0.0|F2              |
|  0| 5.33|35074.7|  1|15.00|15.03|  35.076|  47.644|  662.550|-144.0|   0.0|  696.2| 0.000|   0.0|  37.339|  45.162| 93.80|   0.0|    0.0|    0.0|E               |
|  0| 5.33|35087.5|  1|52.81|53.21|  36.498|  45.420|  394.810|-138.3|   0.7|  663.7| 0.000|   0.0|  38.159|  43.997|171.43|   0.0|    0.0|    0.0|F2              |
|  0| 5.33|35087.5|  1|12.60|12.63|  34.547|  48.417|  758.615|-144.7|   0.0|  788.7| 0.000|   0.0|  37.031|  45.560| 92.85|   0.0|    0.0|    0.0|E               |
|  0| 5.33|35098.0|  1|51.60|52.00|  36.402|  45.574|  412.878|-139.0|   0.7|  677.1| 0.000|   0.0|  38.111|  44.073|169.84|   0.0|    0.0|    0.0|F2              |
|  0| 5.33|35098.0|  1|10.80|10.83|  33.875|  49.066|  849.532|-144.0|   0.0|  877.3| 0.000|   0.0|  36.671|  45.869| 92.21|   0.0|    0.0|    0.0|E               |
|  0| 5.33|35109.7|  1|52.80|53.19|  36.391|  45.365|  395.514|-136.8|   0.7|  664.6| 0.000|   0.0|  38.096|  43.976|171.28|   0.0|    0.0|    0.0|F2              |
|  0| 5.33|35109.7|  1| 9.00| 9.03|  33.294|  49.983|  962.192|-144.7|   0.0|  987.8| 0.000|   0.0|  36.301|  46.368| 91.34|   0.0|    0.0|    0.0|E               |
|  0| 5.33|35121.4|  1|51.61|52.00|  36.351|  45.547|  413.071|-138.3|   0.7|  677.5| 0.000|   0.0|  38.087|  44.058|169.85|   0.0|    0.0|    0.0|F2              |
|  0| 5.33|35121.4|  1| 9.00| 9.03|  33.176|  49.929|  962.185|-144.0|   0.0|  987.8| 0.000|   0.0|  36.239|  46.338| 91.34|   0.0|    0.0|    0.0|E               |
|  0| 5.33|35132.0|  1|10.80|10.83|  33.875|  49.066|  849.516|-144.0|   0.0|  877.2| 0.000|   0.0|  36.671|  45.869| 92.21|   0.0|    0.0|    0.0|E               |
|  0| 5.33|35164.7|  1|13.80|13.83|  34.782|  47.984|  707.458|-144.0|   0.0|  739.3| 0.000|   0.0|  37.164|  45.346| 93.29|   0.0|    0.0|    0.0|E               |
|  0| 5.33|35178.5|  1| 7.20| 7.23|  32.323|  51.018| 1103.646|-144.0|   0.0| 1127.5| 0.000|   0.0|  35.803|  46.820| 91.00|   0.0|    0.0|    0.0|E               |
|  0| 5.33|35223.2|  1|51.61|52.00|  36.350|  45.548|  413.240|-138.3|   0.7|  677.8| 0.000|   0.0|  38.087|  44.058|169.92|   0.0|    0.0|    0.0|F2              |
|  0| 5.33|35223.2|  1| 7.80| 7.83|  32.755|  50.684| 1052.733|-144.7|   0.0| 1077.2| 0.000|   0.0|  36.047|  46.654| 91.19|   0.0|    0.0|    0.0|E               |
|  0| 5.33|35254.9|  1| 6.60| 6.64|  32.138|  51.508| 1158.745|-144.7|   0.0| 1182.2| 0.000|   0.0|  35.687|  47.067| 90.81|   0.0|    0.0|    0.0|E               |
|  0| 5.33|35287.8|  1| 7.20| 7.23|  32.324|  51.018| 1103.582|-144.0|   0.0| 1127.5| 0.000|   0.0|  35.803|  46.820| 91.00|   0.0|    0.0|    0.0|E               |
|  0| 5.33|35300.2|  1|56.99|57.41|  36.914|  45.057|  342.749|-138.3|   0.7|  634.9| 0.000|   0.0|  38.395|  43.799|177.23|   0.0|    0.0|    0.0|F2              |
+---+-----+-------+---+-----+-----+--------+--------+---------+------+------+-------+------+------+--------+--------+------+------+-------+-------+----------------+
+---+-----+-------+---+-----+-----+--------+--------+---------+------+------+-------+------+------+--------+--------+------+------+-------+-------+----------------+
|0-x| fr  |  time |hop| d0  | d1  |   fi   |  teta  |   dist  |  at  |  dev |   p   |  df  |  l   |   fot  |   tot  |  rot | lsp  |   pf  |    s  |                |
+---+-----+-------+---+-----+-----+--------+--------+---------+------+------+-------+------+------+--------+--------+------+------+-------+-------+----------------+
|  0| 5.33|35310.8|  1|10.80|10.83|  33.980|  49.114|  849.457|-144.7|   0.0|  877.2| 0.000|   0.0|  36.726|  45.895| 92.20|   0.0|    0.0|    0.0|E               |
|  0| 5.33|35322.5|  1|12.60|12.63|  34.453|  48.372|  758.517|-144.0|   0.0|  788.6| 0.000|   0.0|  36.982|  45.537| 92.83|   0.0|    0.0|    0.0|E               |
|  0| 5.33|35357.5|  1|46.20|46.53|  36.774|  46.256|  458.911|-147.8|   0.5|  678.3| 0.000|   0.0|  38.248|  44.462|153.43|   0.0|    0.0|    0.0|F1              |
|  0| 5.33|35357.5|  1|13.80|13.83|  34.695|  47.942|  707.387|-143.3|   0.0|  739.2| 0.000|   0.0|  37.118|  45.323| 93.28|   0.0|    0.0|    0.0|E               |
|  0| 5.33|35369.2|  1|58.80|59.24|  37.028|  44.889|  322.660|-137.4|   0.8|  627.0| 0.000|   0.0|  38.452|  43.718|179.52|   0.0|    0.0|    0.0|F2              |
|  0| 5.33|35369.2|  1|13.80|13.83|  34.783|  47.984|  707.389|-144.0|   0.0|  739.2| 0.000|   0.0|  37.164|  45.346| 93.28|   0.0|    0.0|    0.0|E               |
|  0| 5.33|35392.1|  1|12.00|12.03|  34.370|  48.632|  786.710|-144.7|   0.0|  816.0| 0.000|   0.0|  36.923|  45.678| 92.56|   0.0|    0.0|    0.0|E               |
|  0| 5.33|35403.8|  1|47.99|48.39|  36.080|  46.115|  476.288|-141.1|   0.7|  729.2| 0.000|   0.0|  37.925|  44.356|160.12|   0.0|    0.0|    0.0|F1              |
|  0| 5.33|35403.8|  1|10.20|10.23|  33.658|  49.331|  884.176|-144.0|   0.0|  911.2| 0.000|   0.0|  36.545|  46.005| 91.97|   0.0|    0.0|    0.0|E               |
|  0| 5.33|35415.4|  1| 9.60| 9.63|  33.538|  49.671|  921.761|-144.7|   0.0|  948.1| 0.000|   0.0|  36.447|  46.204| 91.60|   0.0|    0.0|    0.0|E               |
|  0| 5.33|35426.0|  1|43.80|44.06|  36.537|  46.053|  449.689|-144.3|   0.4|  636.5| 0.000|   0.0|  38.078|  44.410|145.20|   0.0|    0.0|    0.0|F1              |
|  0| 5.33|35426.0|  1|10.80|10.83|  33.981|  49.114|  849.413|-144.7|   0.0|  877.1| 0.000|   0.0|  36.726|  45.895| 92.20|   0.0|    0.0|    0.0|E               |
|  0| 5.33|35472.3|  1|51.60|51.99|  36.452|  45.606|  413.184|-139.7|   0.7|  677.6| 0.000|   0.0|  38.142|  44.083|170.15|   0.0|    0.0|    0.0|F2              |
|  0| 5.33|35472.3|  1| 7.80| 7.83|  32.756|  50.683| 1052.593|-144.7|   0.0| 1077.0| 0.000|   0.0|  36.047|  46.654| 91.18|   0.0|    0.0|    0.0|E               |
|  0| 5.33|35484.0|  1|50.41|50.82|  36.428|  45.871|  437.944|-141.9|   0.7|  702.1| 0.000|   0.0|  38.118|  44.223|168.66|   0.0|    0.0|    0.0|F2              |
|  0| 5.33|35484.0|  1| 8.40| 8.43|  33.034|  50.319| 1005.620|-144.7|   0.0| 1030.6| 0.000|   0.0|  36.146|  46.542| 91.05|   0.0|    0.0|    0.0|E               |
|  0| 5.33|35494.7|  1| 7.20| 7.24|  32.458|  51.078| 1103.459|-144.7|   0.0| 1127.4| 0.000|   0.0|  35.873|  46.853| 90.99|   0.0|    0.0|    0.0|E               |
|  0| 5.33|35516.9|  1|37.80|38.11|  36.390|  46.134|  463.742|-143.7|   0.3|  600.2| 0.000|   0.0|  38.070|  44.391|132.19|   0.0|    0.0|    0.0|F1              |
|  0| 5.33|35516.9|  1| 9.00| 9.03|  33.295|  49.981|  961.936|-144.7|   0.0|  987.6| 0.000|   0.0|  36.301|  46.368| 91.31|   0.0|    0.0|    0.0|E               |
|  0| 5.33|35529.3|  1|10.20|10.23|  33.658|  49.331|  884.117|-144.0|   0.0|  911.1| 0.000|   0.0|  36.545|  46.005| 91.96|   0.0|    0.0|    0.0|E               |
+---+-----+-------+---+-----+-----+--------+--------+---------+------+------+-------+------+------+--------+--------+------+------+-------+-------+----------------+
+---+-----+-------+---+-----+-----+--------+--------+---------+------+------+-------+------+------+--------+--------+------+------+-------+-------+----------------+
|0-x| fr  |  time |hop| d0  | d1  |   fi   |  teta  |   dist  |  at  |  dev |   p   |  df  |  l   |   fot  |   tot  |  rot | lsp  |   pf  |    s  |                |
+---+-----+-------+---+-----+-----+--------+--------+---------+------+------+-------+------+------+--------+--------+------+------+-------+-------+----------------+
|  0| 5.33|35540.9|  1| 6.60| 6.64|  31.999|  51.443| 1158.573|-144.0|   0.0| 1182.0| 0.000|   0.0|  35.614|  47.032| 90.80|   0.0|    0.0|    0.0|E               |
|  0| 5.33|35552.6|  1|55.80|56.21|  36.936|  45.229|  356.581|-140.4|   0.7|  641.5| 0.000|   0.0|  38.380|  43.902|175.78|   0.0|    0.0|    0.0|F2              |
|  0| 5.33|35552.6|  1| 7.20| 7.23|  32.325|  51.016| 1103.427|-144.0|   0.0| 1127.3| 0.000|   0.0|  35.803|  46.820| 90.99|   0.0|    0.0|    0.0|E               |
|  0| 5.33|35565.8|  1|10.20|10.23|  33.659|  49.330|  884.099|-144.0|   0.0|  911.1| 0.000|   0.0|  36.545|  46.005| 91.96|   0.0|    0.0|    0.0|E               |
|  0| 5.33|35577.5|  1| 9.60| 9.63|  33.425|  49.618|  921.678|-144.0|   0.0|  948.0| 0.000|   0.0|  36.387|  46.176| 91.59|   0.0|    0.0|    0.0|E               |
|  0| 5.33|35588.0|  1|47.40|47.76|  36.206|  46.102|  469.211|-142.0|   0.6|  709.7| 0.000|   0.0|  37.908|  44.423|157.38|   0.0|    0.0|    0.0|F1              |
|  0| 5.33|35588.0|  1|11.40|11.43|  34.182|  48.864|  816.925|-144.7|   0.0|  845.4| 0.000|   0.0|  36.835|  45.774| 92.40|   0.0|    0.0|    0.0|E               |
|  0| 5.33|35599.7|  1|43.80|44.05|  36.367|  45.968|  449.513|-142.2|   0.4|  636.2| 0.000|   0.0|  38.016|  44.341|145.35|   0.0|    0.0|    0.0|F1              |
|  0| 5.33|35599.7|  1| 8.40| 8.43|  32.912|  50.262| 1005.521|-144.0|   0.0| 1030.5| 0.000|   0.0|  36.082|  46.511| 91.04|   0.0|    0.0|    0.0|E               |
|  0| 5.33|35611.4|  1|43.80|44.05|  36.423|  45.998|  449.683|-142.9|   0.4|  636.4| 0.000|   0.0|  38.045|  44.356|145.41|   0.0|    0.0|    0.0|F1              |
|  0| 5.33|35611.4|  1| 7.20| 7.24|  32.325|  51.016| 1103.393|-144.0|   0.0| 1127.3| 0.000|   0.0|  35.803|  46.820| 90.98|   0.0|    0.0|    0.0|E               |
|  0| 5.33|35623.2|  1| 5.40| 5.43|  31.277|  52.410| 1283.339|-144.0|   0.0| 1305.9| 0.000|   0.0|  35.169|  47.538| 90.35|   0.0|    0.0|    0.0|E               |
|  0| 5.33|35633.8|  1|36.00|36.44|  36.454|  46.466|  492.055|-146.6|   0.3|  622.9| 0.000|   0.0|  38.086|  44.571|129.85|   0.0|    0.0|    0.0|F1              |
|  0| 5.33|35633.8|  1|37.20|37.55|  36.653|  46.331|  471.009|-147.3|   0.3|  605.1| 0.000|   0.0|  38.195|  44.499|131.48|   0.0|    0.0|    0.0|F1              |
|  0| 5.33|35633.8|  1| 7.20| 7.24|  32.458|  51.077| 1103.378|-144.7|   0.0| 1127.3| 0.000|   0.0|  35.873|  46.853| 90.98|   0.0|    0.0|    0.0|E               |
|  0| 5.33|35646.5|  1|38.40|38.69|  36.611|  46.184|  458.794|-145.9|   0.3|  598.6| 0.000|   0.0|  38.142|  44.458|133.19|   0.0|    0.0|    0.0|F1              |
|  0| 5.33|35646.5|  1|10.80|10.83|  33.981|  49.113|  849.314|-144.7|   0.0|  877.0| 0.000|   0.0|  36.726|  45.895| 92.19|   0.0|    0.0|    0.0|E               |
|  0| 5.33|35657.1|  1| 7.20| 7.24|  32.459|  51.077| 1103.365|-144.7|   0.0| 1127.3| 0.000|   0.0|  35.873|  46.853| 90.98|   0.0|    0.0|    0.0|E               |
|  0| 5.33|35702.6|  1|51.60|51.99|  36.557|  45.660|  412.996|-141.2|   0.6|  677.4| 0.000|   0.0|  38.192|  44.111|170.35|   0.0|    0.0|    0.0|F2              |
|  0| 5.33|35702.6|  1|52.20|52.59|  36.739|  45.647|  403.260|-142.7|   0.6|  669.6| 0.000|   0.0|  38.285|  44.103|171.23|   0.0|    0.0|    0.0|F2              |
+---+-----+-------+---+-----+-----+--------+--------+---------+------+------+-------+------+------+--------+--------+------+------+-------+-------+----------------+
+---+-----+-------+---+-----+-----+--------+--------+---------+------+------+-------+------+------+--------+--------+------+------+-------+-------+----------------+
|0-x| fr  |  time |hop| d0  | d1  |   fi   |  teta  |   dist  |  at  |  dev |   p   |  df  |  l   |   fot  |   tot  |  rot | lsp  |   pf  |    s  |                |
+---+-----+-------+---+-----+-----+--------+--------+---------+------+------+-------+------+------+--------+--------+------+------+-------+-------+----------------+
|  0| 5.33|35702.6|  1|17.40|17.44|  35.647|  47.111|  587.431|-144.7|   0.0|  625.0| 0.000|   0.0|  37.643|  44.904| 94.74|   0.0|    0.0|    0.0|E               |
|  0| 5.33|35702.6|  1|51.01|51.41|  36.649|  45.818|  422.988|-143.4|   0.6|  685.9| 0.000|   0.0|  38.246|  44.181|169.69|   0.0|    0.0|    0.0|F2              |
|  0| 5.33|35718.7|  1|46.20|46.51|  36.473|  46.109|  457.654|-144.2|   0.5|  676.2| 0.000|   0.0|  38.042|  44.437|152.95|   0.0|    0.0|    0.0|F1              |
|  0| 5.33|35718.7|  1|21.00|21.04|  36.148|  46.435|  502.367|-144.0|   0.0|  546.5| 0.000|   0.0|  37.918|  44.565| 96.29|   0.0|    0.0|    0.0|E               |
|  0| 5.33|35730.4|  1|54.60|55.01|  37.072|  45.455|  370.700|-144.1|   0.6|  648.6| 0.000|   0.0|  38.465|  43.997|174.60|   0.0|    0.0|    0.0|F2              |
|  0| 5.33|35730.4|  1|16.80|16.84|  35.535|  47.241|  604.523|-144.7|   0.0|  641.1| 0.000|   0.0|  37.585|  44.965| 94.49|   0.0|    0.0|    0.0|E               |
|  0| 5.33|35745.4|  1|53.40|53.79|  36.752|  45.475|  387.204|-141.2|   0.6|  659.4| 0.000|   0.0|  38.299|  44.012|172.87|   0.0|    0.0|    0.0|F2              |
|  0| 5.33|35745.4|  1|15.60|15.63|  35.292|  47.525|  641.941|-144.7|   0.0|  676.5| 0.000|   0.0|  37.447|  45.113| 94.00|   0.0|    0.0|    0.0|E               |
|  0| 5.33|35792.2|  1|54.00|54.39|  36.868|  45.444|  378.993|-142.0|   0.6|  654.0| 0.000|   0.0|  38.370|  43.987|173.77|   0.0|    0.0|    0.0|F2              |
|  0| 5.33|35792.2|  1|51.61|52.00|  36.728|  45.738|  412.132|-143.4|   0.6|  676.2| 0.000|   0.0|  38.285|  44.143|170.53|   0.0|    0.0|    0.0|F2              |
|  0| 5.33|35805.1|  1|15.00|15.04|  35.160|  47.681|  662.303|-144.7|   0.0|  695.9| 0.000|   0.0|  37.382|  45.182| 93.77|   0.0|    0.0|    0.0|E               |
|  0| 5.33|35816.8|  1|51.00|51.39|  36.590|  45.797|  423.741|-142.7|   0.6|  686.9| 0.000|   0.0|  38.208|  44.178|169.71|   0.0|    0.0|    0.0|F2              |
|  0| 5.33|35816.8|  1|18.60|18.64|  35.926|  46.904|  555.914|-145.4|   0.0|  595.6| 0.000|   0.0|  37.772|  44.823| 95.15|   0.0|    0.0|    0.0|E               |
|  0| 5.33|35827.3|  1|18.60|18.64|  35.855|  46.871|  555.901|-144.7|   0.0|  595.6| 0.000|   0.0|  37.736|  44.806| 95.14|   0.0|    0.0|    0.0|E               |
|  0| 5.33|35849.6|  1|54.60|54.99|  36.729|  45.289|  371.983|-139.1|   0.6|  650.4| 0.000|   0.0|  38.286|  43.923|174.41|   0.0|    0.0|    0.0|F2              |
|  0| 5.33|35863.5|  1|18.60|18.64|  35.855|  46.871|  555.891|-144.7|   0.0|  595.5| 0.000|   0.0|  37.736|  44.806| 95.14|   0.0|    0.0|    0.0|E               |
|  0| 5.33|35877.3|  1|51.00|51.39|  36.533|  45.773|  424.209|-142.0|   0.6|  687.6| 0.000|   0.0|  38.181|  44.164|169.73|   0.0|    0.0|    0.0|F2              |
|  0| 5.33|35877.3|  1|16.20|16.24|  35.339|  47.341|  622.606|-144.0|   0.0|  658.1| 0.000|   0.0|  37.469|  45.027| 94.21|   0.0|    0.0|    0.0|E               |
|  0| 5.33|35914.5|  1|51.00|51.39|  36.646|  45.822|  423.521|-143.4|   0.6|  686.6| 0.000|   0.0|  38.234|  44.192|169.79|   0.0|    0.0|    0.0|F2              |
|  0| 5.33|35914.5|  1|14.40|14.43|  34.935|  47.806|  684.030|-144.0|   0.0|  716.7| 0.000|   0.0|  37.261|  45.243| 93.53|   0.0|    0.0|    0.0|E               |
+---+-----+-------+---+-----+-----+--------+--------+---------+------+------+-------+------+------+--------+--------+------+------+-------+-------+----------------+
+---+-----+-------+---+-----+-----+--------+--------+---------+------+------+-------+------+------+--------+--------+------+------+-------+-------+----------------+
|0-x| fr  |  time |hop| d0  | d1  |   fi   |  teta  |   dist  |  at  |  dev |   p   |  df  |  l   |   fot  |   tot  |  rot | lsp  |   pf  |    s  |                |
+---+-----+-------+---+-----+-----+--------+--------+---------+------+------+-------+------+------+--------+--------+------+------+-------+-------+----------------+
|  0| 5.33|35914.5|  1|52.20|52.59|  36.737|  45.651|  403.749|-142.7|   0.6|  670.4| 0.000|   0.0|  38.285|  44.103|171.37|   0.0|    0.0|    0.0|F2              |
|  0| 5.33|35914.5|  1|10.20|10.23|  33.660|  49.329|  883.934|-144.0|   0.0|  910.9| 0.000|   0.0|  36.545|  46.005| 91.94|   0.0|    0.0|    0.0|E               |
|  0| 5.33|35927.2|  1|47.40|47.75|  36.217|  46.094|  467.889|-142.0|   0.6|  707.6| 0.000|   0.0|  37.915|  44.418|157.46|   0.0|    0.0|    0.0|F1              |
|  0| 5.33|35927.2|  1|17.40|17.44|  35.648|  47.110|  587.363|-144.7|   0.0|  624.9| 0.000|   0.0|  37.643|  44.904| 94.73|   0.0|    0.0|    0.0|E               |
|  0| 5.33|35940.0|  1|49.80|50.23|  36.257|  46.038|  460.973|-141.9|   0.7|  731.2| 0.000|   0.0|  38.034|  44.300|168.20|   0.0|    0.0|    0.0|F2              |
|  0| 5.33|35940.0|  1|13.20|13.23|  34.624|  48.170|  731.898|-144.0|   0.0|  762.8| 0.000|   0.0|  37.071|  45.444| 93.00|   0.0|    0.0|    0.0|E               |
|  0| 5.33|35961.3|  1|53.41|53.81|  37.072|  45.621|  386.212|-145.6|   0.6|  658.1| 0.000|   0.0|  38.462|  44.080|173.22|   0.0|    0.0|    0.0|F2              |
|  0| 5.33|35961.3|  1| 9.60| 9.63|  33.426|  49.617|  921.486|-144.0|   0.0|  947.8| 0.000|   0.0|  36.387|  46.176| 91.57|   0.0|    0.0|    0.0|E               |
|  0| 5.33|35983.5|  1|46.80|47.13|  36.380|  46.113|  462.240|-143.5|   0.5|  690.8| 0.000|   0.0|  38.061|  44.372|155.57|   0.0|    0.0|    0.0|F1              |
|  0| 5.33|35983.5|  1|19.20|19.24|  35.883|  46.728|  541.350|-144.0|   0.0|  582.1| 0.000|   0.0|  37.769|  44.718| 95.47|   0.0|    0.0|    0.0|E               |
+---+-----+-------+---+-----+-----+--------+--------+---------+------+------+-------+------+------+--------+--------+------+------+-------+-------+----------------+