09.12.2023 14:00:39.627  13.60000000  13599.99319   0.00 -109.2   20.8  28.0 29.75  277.8     0.0  277.79    0.00    0.00     0.0  277.79    0.00    0.00     0.0  277.79    0.00    0.00    1.4     50439.627      5.50   47.24000   39.71000  "Undefined"          0.0    -6.81  0.00000000
09.12.2023 14:00:39.627  13.60000000  13599.98772   0.00 -107.8   22.2  28.0 31.37  280.5     0.0  280.47    0.00    0.00     0.0  280.47    0.00    0.00     0.0  280.47    0.00    0.00   12.7     50439.627      5.50   47.24000   39.71000  "Undefined"          0.0   -12.28  0.00000000
09.12.2023 14:00:39.627  13.60000000  13599.98723   0.00 -107.6   22.4  28.0 29.93  281.0     0.0  281.03    0.00    0.00     0.0  281.03    0.00    0.00     0.0  281.03    0.00    0.00   18.5     50439.627      5.50   47.24000   39.71000  "Undefined"          0.0   -12.77  0.00000000
09.12.2023 14:00:39.627  13.60000000  13599.98662   0.00 -107.1   22.9  28.0 28.84  280.4     0.0  280.39    0.00    0.00     0.0  280.39    0.00    0.00     0.0  280.39    0.00    0.00    8.4     50439.627      5.50   47.24000   39.71000  "Undefined"          0.0   -13.38  0.00000000
09.12.2023 14:00:39.627  13.60000000  13599.98808   0.00 -106.9   23.1  28.0 32.62  279.0     0.0  278.98    0.00    0.00     0.0  278.98    0.00    0.00     0.0  278.98    0.00    0.00   10.7     50439.627      5.50   47.24000   39.71000  "Undefined"          0.0   -11.92  0.00000000
09.12.2023 14:00:39.627  13.60000000  13599.99234   0.00 -106.8   23.2  28.0 30.57  279.6     0.0  279.58    0.00    0.00     0.0  279.58    0.00    0.00     0.0  279.58    0.00    0.00    6.9     50439.627      5.50   47.24000   39.71000  "Undefined"          0.0    -7.66  0.00000000
09.12.2023 14:00:39.627  13.60000000  13599.99149   0.00 -106.6   23.4  28.0 32.87  282.5     0.0  282.49    0.00    0.00     0.0  282.49    0.00    0.00     0.0  282.49    0.00    0.00   17.9     50439.627      5.50   47.24000   39.71000  "Undefined"          0.0    -8.51  0.00000000
09.12.2023 14:00:39.627  13.60000000  13599.99173   0.00 -105.5   24.5  28.0 29.60  280.7     0.0  280.68    0.00    0.00     0.0  280.68    0.00    0.00     0.0  280.68    0.00    0.00   11.7     50439.627      5.50   47.24000   39.71000  "Undefined"          0.0    -8.27  0.00000000
09.12.2023 14:00:39.627  13.60000000  13599.99112   0.00 -104.9   25.1  28.0 32.91  282.2     0.0  282.22    0.00    0.00     0.0  282.22    0.00    0.00     0.0  282.22    0.00    0.00   19.9     50439.627      5.50   47.24000   39.71000  "Undefined"          0.0    -8.88  0.00000000
09.12.2023 14:00:39.627  13.60000000  13599.98845   0.00 -104.4   25.6  28.0 23.07  283.5     0.0  283.48    0.00    0.00     0.0  283.48    0.00    0.00     0.0  283.48    0.00    0.00    7.7     50439.627      5.50   47.24000   39.71000  "Undefined"          0.0   -11.55  0.00000000
09.12.2023 14:00:39.627  13.60000000  13599.98930   0.00  -79.8   50.2  28.0 29.24  280.8     0.0  280.76    0.00    0.00     0.0  280.76    0.00    0.00     0.0  280.76    0.00    0.00    7.3     50439.627      5.50   47.24000   39.71000  "Undefined"          0.0   -10.70  0.00000000
09.12.2023 14:00:39.627  13.60000000  13599.98979   0.00  -71.1   58.9  28.0 31.80  281.6     0.0  281.59    0.00    0.00     0.0  281.59    0.00    0.00     0.0  281.59    0.00    0.00   18.2     50439.627      5.50   47.24000   39.71000  "Undefined"          0.0   -10.21  0.00000000
09.12.2023 14:01:22.382  13.60000000  13599.98419   0.00 -108.7   21.3  28.0 23.99  284.2     0.0  284.19    0.00    0.00     0.0  284.19    0.00    0.00     0.0  284.19    0.00    0.00    6.5     50482.382      5.50   47.24000   39.71000  "Undefined"          0.0   -15.81  0.00000000
09.12.2023 14:01:22.382  13.60000000  13599.99210   0.00 -108.6   21.4  28.0 32.70  281.2     0.0  281.21    0.00    0.00     0.0  281.21    0.00    0.00     0.0  281.21    0.00    0.00   13.8     50482.382      5.50   47.24000   39.71000  "Undefined"          0.0    -7.90  0.00000000
09.12.2023 14:01:22.382  13.60000000  13599.98565   0.00 -108.6   21.4  28.0 23.71  284.9     0.0  284.94    0.00    0.00     0.0  284.94    0.00    0.00     0.0  284.94    0.00    0.00    8.8     50482.382      5.50   47.24000   39.71000  "Undefined"          0.0   -14.35  0.00000000
09.12.2023 14:01:22.382  13.60000000  13599.99100   0.00 -107.9   22.1  28.0 11.78  288.2     0.0  288.18    0.00    0.00     0.0  288.18    0.00    0.00     0.0  288.18    0.00    0.00   13.7     50482.382      5.50   47.24000   39.71000  "Undefined"          0.0    -9.00  0.00000000
09.12.2023 14:01:22.382  13.60000000  13599.98796   0.00 -107.8   22.2  28.0 18.52  284.9     0.0  284.88    0.00    0.00     0.0  284.88    0.00    0.00     0.0  284.88    0.00    0.00    5.0     50482.382      5.50   47.24000   39.71000  "Undefined"          0.0   -12.04  0.00000000
09.12.2023 14:01:22.382  13.60000000  13599.99270   0.00 -107.3   22.7  28.0 32.67  282.1     0.0  282.13    0.00    0.00     0.0  282.13    0.00    0.00     0.0  282.13    0.00    0.00   13.7     50482.382      5.50   47.24000   39.71000  "Undefined"          0.0    -7.30  0.00000000
09.12.2023 14:01:22.382  13.60000000  13599.98541   0.00 -107.1   22.9  28.0 23.39  285.2     0.0  285.20    0.00    0.00     0.0  285.20    0.00    0.00     0.0  285.20    0.00    0.00    4.0     50482.382      5.50   47.24000   39.71000  "Undefined"          0.0   -14.59  0.00000000
09.12.2023 14:01:22.382  13.60000000  13599.98699   0.00 -107.0   23.0  28.0 29.72  282.8     0.0  282.78    0.00    0.00     0.0  282.78    0.00    0.00     0.0  282.78    0.00    0.00    7.8     50482.382      5.50   47.24000   39.71000  "Undefined"          0.0   -13.01  0.00000000
09.12.2023 14:01:22.382  13.60000000  13599.99356   0.00 -106.9   23.1  28.0 22.41  285.1     0.0  285.11    0.00    0.00     0.0  285.11    0.00    0.00     0.0  285.11    0.00    0.00    5.9     50482.382      5.50   47.24000   39.71000  "Undefined"          0.0    -6.44  0.00000000
09.12.2023 14:01:22.382  13.60000000  13599.98638   0.00 -105.9   24.1  28.0 29.25  282.1     0.0  282.13    0.00    0.00     0.0  282.13    0.00    0.00     0.0  282.13    0.00    0.00    9.9     50482.382      5.50   47.24000   39.71000  "Undefined"          0.0   -13.62  0.00000000
09.12.2023 14:01:22.382  13.60000000  13599.98833   0.00 -105.7   24.3  28.0 13.85  287.0     0.0  286.95    0.00    0.00     0.0  286.95    0.00    0.00     0.0  286.95    0.00    0.00    9.5     50482.382      5.50   47.24000   39.71000  "Undefined"          0.0   -11.67  0.00000000
09.12.2023 14:01:22.382  13.60000000  13599.98881   0.00 -105.3   24.7  28.0  0.64   40.7     0.0   40.68    0.00    0.00     0.0   40.68    0.00    0.00     0.0   40.68    0.00    0.00   22.9     50482.382      5.50   47.24000   39.71000  "Undefined"          0.0   -11.19  0.00000000
09.12.2023 14:01:22.382  13.60000000  13599.99052   0.00 -102.2   27.8  28.0 25.74  280.9     0.0  280.91    0.00    0.00     0.0  280.91    0.00    0.00     0.0  280.91    0.00    0.00   11.1     50482.382      5.50   47.24000   39.71000  "Undefined"          0.0    -9.48  0.00000000
09.12.2023 14:01:22.382  13.60000000  13599.98906   0.00  -98.8   31.2  28.0 18.64  149.9     0.0  149.86    0.00    0.00     0.0  149.86    0.00    0.00     0.0  149.86    0.00    0.00   19.9     50482.382      5.50   47.24000   39.71000  "Undefined"          0.0   -10.94  0.00000000
09.12.2023 14:01:22.382  13.60000000  13599.98954   0.00  -71.5   58.5  28.0 31.06  282.6     0.0  282.63    0.00    0.00     0.0  282.63    0.00    0.00     0.0  282.63    0.00    0.00   12.9     50482.382      5.50   47.24000   39.71000  "Undefined"          0.0   -10.46  0.00000000
09.12.2023 14:02:04.983  13.60000000  13599.99027   0.00  -95.6   34.4  28.0  0.01  284.1     0.0  284.11    0.00    0.00     0.0  284.11    0.00    0.00     0.0  284.11    0.00    0.00   24.4     50524.983      5.50   47.24000   39.71000  "Undefined"          0.0    -9.73  0.00000000
09.12.2023 14:02:47.734  13.60000000  13599.99210   0.00 -109.1   20.9  28.0 20.72  286.6     0.0  286.65    0.00    0.00     0.0  286.65    0.00    0.00     0.0  286.65    0.00    0.00    7.8     50567.734      5.50   47.24000   39.71000  "Undefined"          0.0    -7.90  0.00000000
09.12.2023 14:02:47.734  13.60000000  13599.99295   0.00 -107.6   22.4  28.0 16.91  286.3     0.0  286.30    0.00    0.00     0.0  286.30    0.00    0.00     0.0  286.30    0.00    0.00    8.2     50567.734      5.50   47.24000   39.71000  "Undefined"          0.0    -7.05  0.00000000
09.12.2023 14:02:47.734  13.60000000  13599.98966   0.00  -72.5   57.5  28.0 17.87  285.9     0.0  285.91    0.00    0.00     0.0  285.91    0.00    0.00     0.0  285.91    0.00    0.00    5.8     50567.734      5.50   47.24000   39.71000  "Undefined"          0.0   -10.34  0.00000000
09.12.2023 14:03:30.368  13.60000000  13599.98821   0.00 -107.8   20.2  28.0 34.08  287.3     0.0  287.27    0.00    0.00     0.0  287.27    0.00    0.00     0.0  287.27    0.00    0.00    8.7     50610.368      5.50   47.24000   39.71000  "Undefined"          0.0   -11.79  0.00000000
09.12.2023 14:03:30.368  13.60000000  13599.98699   0.00 -106.0   22.0  28.0 26.16  284.5     0.0  284.47    0.00    0.00     0.0  284.47    0.00    0.00     0.0  284.47    0.00    0.00   10.2     50610.368      5.50   47.24000   39.71000  "Undefined"          0.0   -13.01  0.00000000
09.12.2023 14:04:12.997  13.60000000  13599.98954   0.00  -79.1   50.9  28.0 31.17  282.6     0.0  282.58    0.00    0.00     0.0  282.58    0.00    0.00     0.0  282.58    0.00    0.00   14.5     50652.997      5.50   47.24000   39.71000  "Undefined"          0.0   -10.46  0.00000000
09.12.2023 14:05:06.045  13.60000000  13599.99428   0.00 -107.4   20.6  28.0  0.02  287.5     0.0  287.46    0.00    0.00     0.0  287.46    0.00    0.00     0.0  287.46    0.00    0.00   13.3     50706.045      5.50   47.24000   39.71000  "Undefined"          0.0    -5.72  0.00000000
09.12.2023 14:05:06.045  13.60000000  13599.98517   0.00 -107.0   21.0  28.0  4.51  285.7     0.0  285.71    0.00    0.00     0.0  285.71    0.00    0.00     0.0  285.71    0.00    0.00    3.6     50706.045      5.50   47.24000   39.71000  "Undefined"          0.0   -14.83  0.00000000
09.12.2023 14:05:06.045  13.60000000  13599.98893   0.00 -102.8   25.2  28.0 27.03  201.9     0.0  201.92    0.00    0.00     0.0  201.92    0.00    0.00     0.0  201.92    0.00    0.00   22.9     50706.045      5.50   47.24000   39.71000  "Undefined"          0.0   -11.07  0.00000000
09.12.2023 14:05:48.566  13.60000000  13599.98881   0.00  -99.0   29.0  28.0 10.58  274.6     0.0  274.60    0.00    0.00     0.0  274.60    0.00    0.00     0.0  274.60    0.00    0.00    9.0     50748.566      5.50   47.24000   39.71000  "Undefined"          0.0   -11.19  0.00000000
09.12.2023 14:06:30.996  13.60000000  13599.99222   0.00 -109.0   21.0  28.0  0.01   43.4     0.0   43.35    0.00    0.00     0.0   43.35    0.00    0.00     0.0   43.35    0.00    0.00   23.5     50790.996      5.50   47.24000   39.71000  "Undefined"          0.0    -7.78  0.00000000
09.12.2023 14:06:30.996  13.60000000  13599.98772   0.00 -108.2   21.8  28.0  0.03  287.0     0.0  287.04    0.00    0.00     0.0  287.04    0.00    0.00     0.0  287.04    0.00    0.00   20.7     50790.996      5.50   47.24000   39.71000  "Undefined"          0.0   -12.28  0.00000000
09.12.2023 14:06:30.996  13.60000000  13599.98699   0.00 -107.0   23.0  28.0  0.40   41.3     0.0   41.32    0.00    0.00     0.0   41.32    0.00    0.00     0.0   41.32    0.00    0.00   23.2     50790.996      5.50   47.24000   39.71000  "Undefined"          0.0   -13.01  0.00000000
09.12.2023 14:06:30.996  13.60000000  13599.99112   0.00 -105.1   24.9  28.0 32.60  280.1     0.0  280.13    0.00    0.00     0.0  280.13    0.00    0.00     0.0  280.13    0.00    0.00   23.1     50790.996      5.50   47.24000   39.71000  "Undefined"          0.0    -8.88  0.00000000
09.12.2023 14:06:30.996  13.60000000  13599.99441   0.00 -103.9   26.1  28.0  0.01   43.1     0.0   43.10    0.00    0.00     0.0   43.10    0.00    0.00     0.0   43.10    0.00    0.00   24.6     50790.996      5.50   47.24000   39.71000  "Undefined"          0.0    -5.59  0.00000000
09.12.2023 14:06:30.996  13.60000000  13599.98821   0.00 -103.3   26.7  28.0  0.01   43.1     0.0   43.06    0.00    0.00     0.0   43.06    0.00    0.00     0.0   43.06    0.00    0.00   23.7     50790.996      5.50   47.24000   39.71000  "Undefined"          0.0   -11.79  0.00000000
09.12.2023 14:06:30.996  13.60000000  13599.99064   0.00 -100.9   29.1  28.0 19.73  285.2     0.0  285.25    0.00    0.00     0.0  285.25    0.00    0.00     0.0  285.25    0.00    0.00    5.2     50790.996      5.50   47.24000   39.71000  "Undefined"          0.0    -9.36  0.00000000
09.12.2023 14:06:30.996  13.60000000  13599.98893   0.00  -99.7   30.3  28.0 24.05  262.3     0.0  262.33    0.00    0.00     0.0  262.33    0.00    0.00     0.0  262.33    0.00    0.00    7.8     50790.996      5.50   47.24000   39.71000  "Undefined"          0.0   -11.07  0.00000000
09.12.2023 14:06:30.996  13.60000000  13599.98918   0.00  -95.6   34.4  28.0  0.01  268.8     0.0  268.80    0.00    0.00     0.0  268.80    0.00    0.00     0.0  268.80    0.00    0.00   13.8     50790.996      5.50   47.24000   39.71000  "Undefined"          0.0   -10.82  0.00000000
09.12.2023 14:07:13.555  13.60000000  13599.98893   0.00  -94.5   35.5  28.0 17.01  266.7     0.0  266.71    0.00    0.00     0.0  266.71    0.00    0.00     0.0  266.71    0.00    0.00    3.5     50833.555      5.50   47.24000   39.71000  "Undefined"          0.0   -11.07  0.00000000
09.12.2023 14:07:13.555  13.60000000  13599.99003   0.00  -81.1   48.9  28.0 29.42  284.9     0.0  284.93    0.00    0.00     0.0  284.93    0.00    0.00     0.0  284.93    0.00    0.00   20.3     50833.555      5.50   47.24000   39.71000  "Undefined"          0.0    -9.97  0.00000000
09.12.2023 14:07:13.555  13.60000000  13599.98979   0.00  -79.4   50.6  28.0  0.02  286.6     0.0  286.65    0.00    0.00     0.0  286.65    0.00    0.00     0.0  286.65    0.00    0.00    8.8     50833.555      5.50   47.24000   39.71000  "Undefined"          0.0   -10.21  0.00000000
09.12.2023 14:07:55.963  13.60000000  13599.99197   0.00 -109.1   20.9  28.0 11.57  288.0     0.0  287.96    0.00    0.00     0.0  287.96    0.00    0.00     0.0  287.96    0.00    0.00    7.4     50875.963      5.50   47.24000   39.71000  "Undefined"          0.0    -8.03  0.00000000
09.12.2023 14:07:55.963  13.60000000  13599.99112   0.00 -108.8   21.2  28.0  1.22  287.6     0.0  287.62    0.00    0.00     0.0  287.62    0.00    0.00     0.0  287.62    0.00    0.00   18.6     50875.963      5.50   47.24000   39.71000  "Undefined"          0.0    -8.88  0.00000000
09.12.2023 14:07:55.963  13.60000000  13599.99428   0.00 -107.5   22.5  28.0  0.01  289.0     0.0  288.97    0.00    0.00     0.0  288.97    0.00    0.00     0.0  288.97    0.00    0.00   23.5     50875.963      5.50   47.24000   39.71000  "Undefined"          0.0    -5.72  0.00000000
09.12.2023 14:07:55.963  13.60000000  13599.98893   0.00 -103.7   26.3  28.0 40.51  274.0     0.0  274.00    0.00    0.00     0.0  274.00    0.00    0.00     0.0  274.00    0.00    0.00   21.7     50875.963      5.50   47.24000   39.71000  "Undefined"          0.0   -11.07  0.00000000
09.12.2023 14:08:48.990  13.60000000  13599.99064   0.00 -111.4   20.6  28.0 19.20  285.3     0.0  285.27    0.00    0.00     0.0  285.27    0.00    0.00     0.0  285.27    0.00    0.00    5.0     50928.990      5.50   47.24000   39.71000  "Undefined"          0.0    -9.36  0.00000000
09.12.2023 14:08:48.990  13.60000000  13599.98991   0.00  -74.2   57.8  28.0 10.23  288.3     0.0  288.28    0.00    0.00     0.0  288.28    0.00    0.00     0.0  288.28    0.00    0.00    3.7     50928.990      5.50   47.24000   39.71000  "Undefined"          0.0   -10.09  0.00000000
09.12.2023 14:09:31.436  13.60000000  13599.98918   0.00  -93.9   38.1  28.0  0.20  272.5     0.0  272.48    0.00    0.00     0.0  272.48    0.00    0.00     0.0  272.48    0.00    0.00    7.1     50971.436      5.50   47.24000   39.71000  "Undefined"          0.0   -10.82  0.00000000
09.12.2023 14:09:31.436  13.60000000  13599.99015   0.00  -82.1   49.9  28.0 24.42  286.6     0.0  286.64    0.00    0.00     0.0  286.64    0.00    0.00     0.0  286.64    0.00    0.00    2.3     50971.436      5.50   47.24000   39.71000  "Undefined"          0.0    -9.85  0.00000000
09.12.2023 14:10:13.854  13.60000000  13599.98869   0.00 -111.9   20.1  28.0 25.78  247.7     0.0  247.66    0.00    0.00     0.0  247.66    0.00    0.00     0.0  247.66    0.00    0.00   10.6     51013.854      5.50   47.24000   39.71000  "Undefined"          0.0   -11.31  0.00000000
09.12.2023 14:10:13.854  13.60000000  13599.99003   0.00  -76.2   55.8  28.0  0.26  290.2     0.0  290.23    0.00    0.00     0.0  290.23    0.00    0.00     0.0  290.23    0.00    0.00   13.3     51013.854      5.50   47.24000   39.71000  "Undefined"          0.0    -9.97  0.00000000
09.12.2023 14:10:56.171  13.60000000  13599.98869   0.00 -110.8   21.2  28.0 20.12  276.8     0.0  276.83    0.00    0.00     0.0  276.83    0.00    0.00     0.0  276.83    0.00    0.00   12.8     51056.171      5.50   47.24000   39.71000  "Undefined"          0.0   -11.31  0.00000000
09.12.2023 14:11:38.555  13.60000000  13599.98942   0.00  -85.9   44.1  28.0 18.49  275.5     0.0  275.48    0.00    0.00     0.0  275.48    0.00    0.00     0.0  275.48    0.00    0.00    3.4     51098.555      5.50   47.24000   39.71000  "Undefined"          0.0   -10.58  0.00000000
09.12.2023 14:11:38.555  13.60000000  13599.98991   0.00  -69.8   60.2  28.0  0.02  289.1     0.0  289.11    0.00    0.00     0.0  289.11    0.00    0.00     0.0  289.11    0.00    0.00   23.4     51098.555      5.50   47.24000   39.71000  "Undefined"          0.0   -10.09  0.00000000
09.12.2023 14:12:21.035  13.60000000  13599.98991   0.00  -72.2   57.8  28.0 14.01  288.2     0.0  288.21    0.00    0.00     0.0  288.21    0.00    0.00     0.0  288.21    0.00    0.00    4.8     51141.035      5.50   47.24000   39.71000  "Undefined"          0.0   -10.09  0.00000000
09.12.2023 14:13:14.016  13.60000000  13599.98930   0.00  -91.8   40.2  28.0 18.73  259.3     0.0  259.34    0.00    0.00     0.0  259.34    0.00    0.00     0.0  259.34    0.00    0.00   21.9     51194.016      5.50   47.24000   39.71000  "Undefined"          0.0   -10.70  0.00000000
09.12.2023 14:13:14.016  13.60000000  13599.98979   0.00  -73.2   58.8  28.0  0.03  289.9     0.0  289.88    0.00    0.00     0.0  289.88    0.00    0.00     0.0  289.88    0.00    0.00   24.7     51194.016      5.50   47.24000   39.71000  "Undefined"          0.0   -10.21  0.00000000
09.12.2023 14:13:56.450  13.60000000  13599.98857   0.00 -107.1   22.9  28.0  1.70  267.5     0.0  267.49    0.00    0.00     0.0  267.49    0.00    0.00     0.0  267.49    0.00    0.00   17.0     51236.450      5.50   47.24000   39.71000  "Undefined"          0.0   -11.43  0.00000000
09.12.2023 14:13:56.450  13.60000000  13599.98942   0.00  -87.7   42.3  28.0 27.89  277.6     0.0  277.56    0.00    0.00     0.0  277.56    0.00    0.00     0.0  277.56    0.00    0.00    7.4     51236.450      5.50   47.24000   39.71000  "Undefined"          0.0   -10.58  0.00000000
09.12.2023 14:13:56.450  13.60000000  13599.99015   0.00  -80.2   49.8  28.0 27.56  283.3     0.0  283.33    0.00    0.00     0.0  283.33    0.00    0.00     0.0  283.33    0.00    0.00    5.4     51236.450      5.50   47.24000   39.71000  "Undefined"          0.0    -9.85  0.00000000
09.12.2023 14:13:56.450  13.60000000  13599.98979   0.00  -73.7   56.3  28.0 18.00  287.5     0.0  287.49    0.00    0.00     0.0  287.49    0.00    0.00     0.0  287.49    0.00    0.00    3.6     51236.450      5.50   47.24000   39.71000  "Undefined"          0.0   -10.21  0.00000000
09.12.2023 14:14:38.839  13.60000000  13599.98881   0.00 -102.9   25.1  28.0  1.06  264.6     0.0  264.61    0.00    0.00     0.0  264.61    0.00    0.00     0.0  264.61    0.00    0.00    9.4     51278.839      5.50   47.24000   39.71000  "Undefined"          0.0   -11.19  0.00000000
09.12.2023 14:14:38.839  13.60000000  13599.98991   0.00  -69.3   58.7  28.0 31.93  283.2     0.0  283.19    0.00    0.00     0.0  283.19    0.00    0.00     0.0  283.19    0.00    0.00   22.1     51278.839      5.50   47.24000   39.71000  "Undefined"          0.0   -10.09  0.00000000
09.12.2023 14:15:31.736  13.60000000  13599.98857   0.00 -106.7   23.3  28.0 16.37  266.1     0.0  266.07    0.00    0.00     0.0  266.07    0.00    0.00     0.0  266.07    0.00    0.00    5.1     51331.736      5.50   47.24000   39.71000  "Undefined"          0.0   -11.43  0.00000000
09.12.2023 14:15:31.736  13.60000000  13599.98954   0.00  -91.4   38.6  28.0 23.78  288.8     0.0  288.79    0.00    0.00     0.0  288.79    0.00    0.00     0.0  288.79    0.00    0.00   10.8     51331.736      5.50   47.24000   39.71000  "Undefined"          0.0   -10.46  0.00000000
09.12.2023 14:16:14.121  13.60000000  13599.98869   0.00 -102.8   23.2  28.0  9.43  268.5     0.0  268.50    0.00    0.00     0.0  268.50    0.00    0.00     0.0  268.50    0.00    0.00    6.0     51374.121      5.50   47.24000   39.71000  "Undefined"          0.0   -11.31  0.00000000
09.12.2023 14:16:14.121  13.60000000  13599.99574   0.00 -102.7   23.3  28.0  1.21  289.0     0.0  289.04    0.00    0.00     0.0  289.04    0.00    0.00     0.0  289.04    0.00    0.00   23.3     51374.121      5.50   47.24000   39.71000  "Undefined"          0.0    -4.26  0.00000000
09.12.2023 14:17:07.095  13.60000000  13599.98748   0.00 -105.3   20.7  28.0  5.63  289.1     0.0  289.06    0.00    0.00     0.0  289.06    0.00    0.00     0.0  289.06    0.00    0.00    5.9     51427.095      5.50   47.24000   39.71000  "Undefined"          0.0   -12.52  0.00000000
09.12.2023 14:17:07.095  13.60000000  13599.98869   0.00 -102.3   23.7  28.0 11.00  268.8     0.0  268.81    0.00    0.00     0.0  268.81    0.00    0.00     0.0  268.81    0.00    0.00    6.6     51427.095      5.50   47.24000   39.71000  "Undefined"          0.0   -11.31  0.00000000
09.12.2023 14:17:07.095  13.60000000  13599.98906   0.00  -98.7   27.3  28.0 38.51   62.6     0.0   62.64    0.00    0.00     0.0   62.64    0.00    0.00     0.0   62.64    0.00    0.00   24.5     51427.095      5.50   47.24000   39.71000  "Undefined"          0.0   -10.94  0.00000000
09.12.2023 14:17:07.095  13.60000000  13599.99015   0.00  -66.5   59.5  28.0  3.00  288.9     0.0  288.86    0.00    0.00     0.0  288.86    0.00    0.00     0.0  288.86    0.00    0.00    5.3     51427.095      5.50   47.24000   39.71000  "Undefined"          0.0    -9.85  0.00000000
09.12.2023 14:17:49.622  13.60000000  13599.98881   0.00 -103.1   22.9  28.0  9.55  267.9     0.0  267.93    0.00    0.00     0.0  267.93    0.00    0.00     0.0  267.93    0.00    0.00    7.5     51469.622      5.50   47.24000   39.71000  "Undefined"          0.0   -11.19  0.00000000
09.12.2023 14:17:49.622  13.60000000  13599.98979   0.00  -67.7   58.3  28.0  1.37  289.1     0.0  289.05    0.00    0.00     0.0  289.05    0.00    0.00     0.0  289.05    0.00    0.00   24.3     51469.622      5.50   47.24000   39.71000  "Undefined"          0.0   -10.21  0.00000000
09.12.2023 14:18:32.046  13.60000000  13599.98918   0.00  -97.5   28.5  28.0 42.64   68.3     0.0   68.27    0.00    0.00     0.0   68.27    0.00    0.00     0.0   68.27    0.00    0.00   23.3     51512.046      5.50   47.24000   39.71000  "Undefined"          0.0   -10.82  0.00000000
09.12.2023 14:18:32.046  13.60000000  13599.99015   0.00  -70.3   55.7  28.0 25.28  286.5     0.0  286.48    0.00    0.00     0.0  286.48    0.00    0.00     0.0  286.48    0.00    0.00    8.4     51512.046      5.50   47.24000   39.71000  "Undefined"          0.0    -9.85  0.00000000
09.12.2023 14:19:14.585  13.60000000  13599.98857   0.00 -102.6   29.4  28.0 14.99  261.5     0.0  261.52    0.00    0.00     0.0  261.52    0.00    0.00     0.0  261.52    0.00    0.00    7.7     51554.585      5.50   47.24000   39.71000  "Undefined"          0.0   -11.43  0.00000000
09.12.2023 14:19:14.585  13.60000000  13599.99015   0.00  -81.4   50.6  28.0 22.81  286.1     0.0  286.06    0.00    0.00     0.0  286.06    0.00    0.00     0.0  286.06    0.00    0.00    6.3     51554.585      5.50   47.24000   39.71000  "Undefined"          0.0    -9.85  0.00000000
09.12.2023 14:20:28.526  13.60000000  13599.98906   0.00  -96.6   29.4  28.0  8.38  255.4     0.0  255.43    0.00    0.00     0.0  255.43    0.00    0.00     0.0  255.43    0.00    0.00   13.9     51628.526      5.50   47.24000   39.71000  "Undefined"          0.0   -10.94  0.00000000
09.12.2023 14:21:10.944  13.60000000  13599.98893   0.00  -99.5   26.5  28.0  6.55  264.1     0.0  264.15    0.00    0.00     0.0  264.15    0.00    0.00     0.0  264.15    0.00    0.00   10.6     51670.944      5.50   47.24000   39.71000  "Undefined"          0.0   -11.07  0.00000000
09.12.2023 14:21:10.944  13.60000000  13599.99003   0.00  -77.5   48.5  28.0 24.42  286.6     0.0  286.56    0.00    0.00     0.0  286.56    0.00    0.00     0.0  286.56    0.00    0.00   11.7     51670.944      5.50   47.24000   39.71000  "Undefined"          0.0    -9.97  0.00000000
09.12.2023 14:21:53.230  13.60000000  13599.99015   0.00  -83.2   48.8  28.0  9.62  288.8     0.0  288.76    0.00    0.00     0.0  288.76    0.00    0.00     0.0  288.76    0.00    0.00    5.4     51713.230      5.50   47.24000   39.71000  "Undefined"          0.0    -9.85  0.00000000
09.12.2023 14:21:53.230  13.60000000  13599.98979   0.00  -79.0   53.0  28.0  0.00  288.5     0.0  288.47    0.00    0.00     0.0  288.47    0.00    0.00     0.0  288.47    0.00    0.00   20.7     51713.230      5.50   47.24000   39.71000  "Undefined"          0.0   -10.21  0.00000000
09.12.2023 14:22:35.519  13.60000000  13599.98893   0.00 -101.2   28.8  28.0 16.96  261.9     0.0  261.91    0.00    0.00     0.0  261.91    0.00    0.00     0.0  261.91    0.00    0.00    4.7     51755.519      5.50   47.24000   39.71000  "Undefined"          0.0   -11.07  0.00000000
09.12.2023 14:22:35.519  13.60000000  13599.99015   0.00  -82.4   47.6  28.0 29.95  284.8     0.0  284.80    0.00    0.00     0.0  284.80    0.00    0.00     0.0  284.80    0.00    0.00   24.5     51755.519      5.50   47.24000   39.71000  "Undefined"          0.0    -9.85  0.00000000
09.12.2023 14:23:17.872  13.60000000  13599.98893   0.00  -98.1   35.9  28.0  0.03  266.3     0.0  266.25    0.00    0.00     0.0  266.25    0.00    0.00     0.0  266.25    0.00    0.00    7.5     51797.872      5.50   47.24000   39.71000  "Undefined"          0.0   -11.07  0.00000000
09.12.2023 14:23:17.872  13.60000000  13599.99003   0.00  -76.1   57.9  28.0 12.98  288.5     0.0  288.46    0.00    0.00     0.0  288.46    0.00    0.00     0.0  288.46    0.00    0.00    4.6     51797.872      5.50   47.24000   39.71000  "Undefined"          0.0    -9.97  0.00000000
09.12.2023 14:24:00.267  13.60000000  13599.99064   0.00 -111.8   20.2  28.0 12.13  283.3     0.0  283.34    0.00    0.00     0.0  283.34    0.00    0.00     0.0  283.34    0.00    0.00    6.7     51840.267      5.50   47.24000   39.71000  "Undefined"          0.0    -9.36  0.00000000
09.12.2023 14:24:00.267  13.60000000  13599.98906   0.00  -98.7   33.3  28.0 10.03  263.3     0.0  263.33    0.00    0.00     0.0  263.33    0.00    0.00     0.0  263.33    0.00    0.00    5.2     51840.267      5.50   47.24000   39.71000  "Undefined"          0.0   -10.94  0.00000000
09.12.2023 14:24:00.267  13.60000000  13599.98942   0.00  -88.2   43.8  28.0 25.47  276.9     0.0  276.91    0.00    0.00     0.0  276.91    0.00    0.00     0.0  276.91    0.00    0.00    8.3     51840.267      5.50   47.24000   39.71000  "Undefined"          0.0   -10.58  0.00000000
09.12.2023 14:24:00.267  13.60000000  13599.99003   0.00  -80.6   51.4  28.0 15.53  287.0     0.0  287.01    0.00    0.00     0.0  287.01    0.00    0.00     0.0  287.01    0.00    0.00    5.4     51840.267      5.50   47.24000   39.71000  "Undefined"          0.0    -9.97  0.00000000
09.12.2023 14:24:42.568  13.60000000  13599.98906   0.00  -98.9   33.1  28.0 16.64  256.1     0.0  256.11    0.00    0.00     0.0  256.11    0.00    0.00     0.0  256.11    0.00    0.00    4.5     51882.568      5.50   47.24000   39.71000  "Undefined"          0.0   -10.94  0.00000000
09.12.2023 14:25:24.934  13.60000000  13599.98371   0.00 -113.5   20.5  28.0  6.96  286.5     0.0  286.52    0.00    0.00     0.0  286.52    0.00    0.00     0.0  286.52    0.00    0.00    8.3     51924.934      5.50   47.24000   39.71000  "Undefined"          0.0   -16.29  0.00000000
09.12.2023 14:25:24.934  13.60000000  13599.99562   0.00 -113.3   20.7  28.0 23.86  284.9     0.0  284.89    0.00    0.00     0.0  284.89    0.00    0.00     0.0  284.89    0.00    0.00    9.2     51924.934      5.50   47.24000   39.71000  "Undefined"          0.0    -4.38  0.00000000
09.12.2023 14:25:24.934  13.60000000  13599.98821   0.00 -113.0   21.0  28.0 25.21  285.5     0.0  285.48    0.00    0.00     0.0  285.48    0.00    0.00     0.0  285.48    0.00    0.00    4.8     51924.934      5.50   47.24000   39.71000  "Undefined"          0.0   -11.79  0.00000000
09.12.2023 14:25:24.934  13.60000000  13599.99052   0.00 -107.7   26.3  28.0  0.20  286.5     0.0  286.55    0.00    0.00     0.0  286.55    0.00    0.00     0.0  286.55    0.00    0.00    8.3     51924.934      5.50   47.24000   39.71000  "Undefined"          0.0    -9.48  0.00000000
09.12.2023 14:25:24.934  13.60000000  13599.98966   0.00  -78.8   55.2  28.0 27.33  284.2     0.0  284.22    0.00    0.00     0.0  284.22    0.00    0.00     0.0  284.22    0.00    0.00   10.5     51924.934      5.50   47.24000   39.71000  "Undefined"          0.0   -10.34  0.00000000
09.12.2023 14:26:07.289  13.60000000  13599.98930   0.00  -94.2   35.8  28.0 21.43  262.7     0.0  262.74    0.00    0.00     0.0  262.74    0.00    0.00     0.0  262.74    0.00    0.00    9.7     51967.289      5.50   47.24000   39.71000  "Undefined"          0.0   -10.70  0.00000000
09.12.2023 14:26:07.289  13.60000000  13599.98979   0.00  -73.5   56.5  28.0 31.36  283.7     0.0  283.72    0.00    0.00     0.0  283.72    0.00    0.00     0.0  283.72    0.00    0.00   19.7     51967.289      5.50   47.24000   39.71000  "Undefined"          0.0   -10.21  0.00000000
09.12.2023 14:26:49.572  13.60000000  13599.98918   0.00  -97.2   36.8  28.0 25.47  256.2     0.0  256.20    0.00    0.00     0.0  256.20    0.00    0.00     0.0  256.20    0.00    0.00   10.1     52009.572      5.50   47.24000   39.71000  "Undefined"          0.0   -10.82  0.00000000
09.12.2023 14:27:31.924  13.60000000  13599.98723   0.00 -112.0   20.0  28.0 31.93  283.4     0.0  283.42    0.00    0.00     0.0  283.42    0.00    0.00     0.0  283.42    0.00    0.00   24.6     52051.924      5.50   47.24000   39.71000  "Undefined"          0.0   -12.77  0.00000000
09.12.2023 14:27:31.924  13.60000000  13599.98675   0.00 -112.0   20.0  28.0 28.35  284.2     0.0  284.23    0.00    0.00     0.0  284.23    0.00    0.00     0.0  284.23    0.00    0.00   11.8     52051.924      5.50   47.24000   39.71000  "Undefined"          0.0   -13.25  0.00000000
09.12.2023 14:27:31.924  13.60000000  13599.99210   0.00 -111.6   20.4  28.0 31.67  283.2     0.0  283.18    0.00    0.00     0.0  283.18    0.00    0.00     0.0  283.18    0.00    0.00   23.6     52051.924      5.50   47.24000   39.71000  "Undefined"          0.0    -7.90  0.00000000
09.12.2023 14:27:31.924  13.60000000  13599.98322   0.00 -110.3   21.7  28.0 29.67  284.0     0.0  284.03    0.00    0.00     0.0  284.03    0.00    0.00     0.0  284.03    0.00    0.00   24.7     52051.924      5.50   47.24000   39.71000  "Undefined"          0.0   -16.78  0.00000000
09.12.2023 14:27:31.924  13.60000000  13599.99088   0.00 -108.4   23.6  28.0 32.42  283.5     0.0  283.50    0.00    0.00     0.0  283.50    0.00    0.00     0.0  283.50    0.00    0.00   23.4     52051.924      5.50   47.24000   39.71000  "Undefined"          0.0    -9.12  0.00000000
09.12.2023 14:27:31.924  13.60000000  13599.98845   0.00 -106.7   25.3  28.0 30.12  283.0     0.0  283.03    0.00    0.00     0.0  283.03    0.00    0.00     0.0  283.03    0.00    0.00   17.1     52051.924      5.50   47.24000   39.71000  "Undefined"          0.0   -11.55  0.00000000
09.12.2023 14:27:31.924  13.60000000  13599.99052   0.00 -105.6   26.4  28.0 20.16  285.7     0.0  285.70    0.00    0.00     0.0  285.70    0.00    0.00     0.0  285.70    0.00    0.00    4.4     52051.924      5.50   47.24000   39.71000  "Undefined"          0.0    -9.48  0.00000000
09.12.2023 14:27:31.924  13.60000000  13599.98966   0.00  -73.6   58.4  28.0 30.45  284.0     0.0  283.97    0.00    0.00     0.0  283.97    0.00    0.00     0.0  283.97    0.00    0.00   24.3     52051.924      5.50   47.24000   39.71000  "Undefined"          0.0   -10.34  0.00000000
09.12.2023 14:28:14.375  13.60000000  13599.98881   0.00 -109.8   20.2  28.0 28.62  336.6     0.0  336.60    0.00    0.00     0.0  336.60    0.00    0.00     0.0  336.60    0.00    0.00   19.8     52094.375      5.50   47.24000   39.71000  "Undefined"          0.0   -11.19  0.00000000
09.12.2023 14:28:56.757  13.60000000  13599.99173   0.00 -109.8   22.2  28.0 33.03  283.8     0.0  283.80    0.00    0.00     0.0  283.80    0.00    0.00     0.0  283.80    0.00    0.00   21.8     52136.757      5.50   47.24000   39.71000  "Undefined"          0.0    -8.27  0.00000000
09.12.2023 14:28:56.757  13.60000000  13599.98371   0.00 -109.6   22.4  28.0 28.69  284.0     0.0  284.01    0.00    0.00     0.0  284.01    0.00    0.00     0.0  284.01    0.00    0.00   13.3     52136.757      5.50   47.24000   39.71000  "Undefined"          0.0   -16.29  0.00000000
09.12.2023 14:28:56.757  13.60000000  13599.98687   0.00 -109.1   22.9  28.0 30.45  286.0     0.0  285.98    0.00    0.00     0.0  285.98    0.00    0.00     0.0  285.98    0.00    0.00   20.8     52136.757      5.50   47.24000   39.71000  "Undefined"          0.0   -13.13  0.00000000
09.12.2023 14:28:56.757  13.60000000  13599.98723   0.00 -108.8   23.2  28.0 28.70  284.3     0.0  284.31    0.00    0.00     0.0  284.31    0.00    0.00     0.0  284.31    0.00    0.00   16.5     52136.757      5.50   47.24000   39.71000  "Undefined"          0.0   -12.77  0.00000000
09.12.2023 14:28:56.757  13.60000000  13599.99210   0.00 -108.2   23.8  28.0 27.52  285.3     0.0  285.26    0.00    0.00     0.0  285.26    0.00    0.00     0.0  285.26    0.00    0.00   16.2     52136.757      5.50   47.24000   39.71000  "Undefined"          0.0    -7.90  0.00000000
09.12.2023 14:28:56.757  13.60000000  13599.99112   0.00 -108.0   24.0  28.0 24.59  284.3     0.0  284.32    0.00    0.00     0.0  284.32    0.00    0.00     0.0  284.32    0.00    0.00   10.5     52136.757      5.50   47.24000   39.71000  "Undefined"          0.0    -8.88  0.00000000
09.12.2023 14:28:56.757  13.60000000  13599.98808   0.00 -106.9   25.1  28.0 26.09  284.1     0.0  284.07    0.00    0.00     0.0  284.07    0.00    0.00     0.0  284.07    0.00    0.00    8.2     52136.757      5.50   47.24000   39.71000  "Undefined"          0.0   -11.92  0.00000000
09.12.2023 14:28:56.757  13.60000000  13599.98857   0.00 -105.7   26.3  28.0 29.08  283.8     0.0  283.85    0.00    0.00     0.0  283.85    0.00    0.00     0.0  283.85    0.00    0.00   16.7     52136.757      5.50   47.24000   39.71000  "Undefined"          0.0   -11.43  0.00000000
09.12.2023 14:28:56.757  13.60000000  13599.98979   0.00  -73.1   58.9  28.0 31.16  283.9     0.0  283.85    0.00    0.00     0.0  283.85    0.00    0.00     0.0  283.85    0.00    0.00   20.1     52136.757      5.50   47.24000   39.71000  "Undefined"          0.0   -10.21  0.00000000
09.12.2023 14:29:39.239  13.60000000  13599.97714   0.00 -111.6   20.4  28.0 32.04  284.3     0.0  284.26    0.00    0.00     0.0  284.26    0.00    0.00     0.0  284.26    0.00    0.00   17.0     52179.239      5.50   47.24000   39.71000  "Undefined"          0.0   -22.86  0.00000000
09.12.2023 14:29:39.239  13.60000000  13600.00268   0.00 -111.6   20.4  28.0 22.27  286.2     0.0  286.23    0.00    0.00     0.0  286.23    0.00    0.00     0.0  286.23    0.00    0.00    4.2     52179.239      5.50   47.24000   39.71000  "Undefined"          0.0     2.68  0.00000000
09.12.2023 14:29:39.239  13.60000000  13599.99052   0.00 -108.4   23.6  28.0 28.23  280.2     0.0  280.22    0.00    0.00     0.0  280.22    0.00    0.00     0.0  280.22    0.00    0.00    7.0     52179.239      5.50   47.24000   39.71000  "Undefined"          0.0    -9.48  0.00000000
09.12.2023 14:29:39.239  13.60000000  13599.99112   0.00 -106.8   25.2  28.0 26.96  284.9     0.0  284.92    0.00    0.00     0.0  284.92    0.00    0.00     0.0  284.92    0.00    0.00    5.8     52179.239      5.50   47.24000   39.71000  "Undefined"          0.0    -8.88  0.00000000
09.12.2023 14:29:39.239  13.60000000  13599.98821   0.00 -106.8   25.2  28.0 29.81  281.4     0.0  281.40    0.00    0.00     0.0  281.40    0.00    0.00     0.0  281.40    0.00    0.00   14.3     52179.239      5.50   47.24000   39.71000  "Undefined"          0.0   -11.79  0.00000000
09.12.2023 14:29:39.239  13.60000000  13599.99307   0.00 -106.1   25.9  28.0 31.92  283.5     0.0  283.51    0.00    0.00     0.0  283.51    0.00    0.00     0.0  283.51    0.00    0.00   23.3     52179.239      5.50   47.24000   39.71000  "Undefined"          0.0    -6.93  0.00000000
09.12.2023 14:29:39.239  13.60000000  13599.98675   0.00 -105.1   26.9  28.0 29.10  284.6     0.0  284.58    0.00    0.00     0.0  284.58    0.00    0.00     0.0  284.58    0.00    0.00    6.3     52179.239      5.50   47.24000   39.71000  "Undefined"          0.0   -13.25  0.00000000
09.12.2023 14:29:39.239  13.60000000  13599.98346   0.00 -104.2   27.8  28.0 30.70  284.4     0.0  284.43    0.00    0.00     0.0  284.43    0.00    0.00     0.0  284.43    0.00    0.00   12.5     52179.239      5.50   47.24000   39.71000  "Undefined"          0.0   -16.54  0.00000000
09.12.2023 14:29:39.239  13.60000000  13599.99623   0.00 -104.0   28.0  28.0 27.60  285.6     0.0  285.64    0.00    0.00     0.0  285.64    0.00    0.00     0.0  285.64    0.00    0.00    7.7     52179.239      5.50   47.24000   39.71000  "Undefined"          0.0    -3.77  0.00000000
09.12.2023 14:29:39.239  13.60000000  13599.98881   0.00 -102.8   29.2  28.0 34.65  281.9     0.0  281.87    0.00    0.00     0.0  281.87    0.00    0.00     0.0  281.87    0.00    0.00   18.4     52179.239      5.50   47.24000   39.71000  "Undefined"          0.0   -11.19  0.00000000
09.12.2023 14:29:39.239  13.60000000  13599.98991   0.00  -73.7   58.3  28.0 26.51  285.5     0.0  285.50    0.00    0.00     0.0  285.50    0.00    0.00     0.0  285.50    0.00    0.00    6.8     52179.239      5.50   47.24000   39.71000  "Undefined"          0.0   -10.09  0.00000000
09.12.2023 14:30:21.673  13.60000000  13599.99088   0.00 -106.4   21.6  28.0  0.00  289.2     0.0  289.16    0.00    0.00     0.0  289.16    0.00    0.00     0.0  289.16    0.00    0.00   18.6     52221.673      5.50   47.24000   39.71000  "Undefined"          0.0    -9.12  0.00000000
09.12.2023 14:30:21.673  13.60000000  13599.98833   0.00 -104.8   23.2  28.0 31.67  281.0     0.0  281.02    0.00    0.00     0.0  281.02    0.00    0.00     0.0  281.02    0.00    0.00   18.7     52221.673      5.50   47.24000   39.71000  "Undefined"          0.0   -11.67  0.00000000
09.12.2023 14:30:21.673  13.60000000  13599.98979   0.00  -71.9   56.1  28.0  0.00  289.0     0.0  289.01    0.00    0.00     0.0  289.01    0.00    0.00     0.0  289.01    0.00    0.00   21.5     52221.673      5.50   47.24000   39.71000  "Undefined"          0.0   -10.21  0.00000000
09.12.2023 14:31:04.118  13.60000000  13599.98602   0.00 -107.8   20.2  28.0  0.00  289.2     0.0  289.16    0.00    0.00     0.0  289.16    0.00    0.00     0.0  289.16    0.00    0.00   22.3     52264.118      5.50   47.24000   39.71000  "Undefined"          0.0   -13.98  0.00000000
09.12.2023 14:31:04.118  13.60000000  13599.99161   0.00 -106.8   21.2  28.0  0.06  289.0     0.0  288.99    0.00    0.00     0.0  288.99    0.00    0.00     0.0  288.99    0.00    0.00   18.5     52264.118      5.50   47.24000   39.71000  "Undefined"          0.0    -8.39  0.00000000
09.12.2023 14:31:04.118  13.60000000  13599.99295   0.00 -105.0   23.0  28.0  0.04  289.5     0.0  289.46    0.00    0.00     0.0  289.46    0.00    0.00     0.0  289.46    0.00    0.00   20.2     52264.118      5.50   47.24000   39.71000  "Undefined"          0.0    -7.05  0.00000000
09.12.2023 14:31:04.118  13.60000000  13599.98796   0.00 -102.7   25.3  28.0 18.72  285.1     0.0  285.12    0.00    0.00     0.0  285.12    0.00    0.00     0.0  285.12    0.00    0.00    5.1     52264.118      5.50   47.24000   39.71000  "Undefined"          0.0   -12.04  0.00000000
09.12.2023 14:31:04.118  13.60000000  13599.99076   0.00 -101.4   26.6  28.0  0.00  289.1     0.0  289.11    0.00    0.00     0.0  289.11    0.00    0.00     0.0  289.11    0.00    0.00   15.4     52264.118      5.50   47.24000   39.71000  "Undefined"          0.0    -9.24  0.00000000
09.12.2023 14:31:04.118  13.60000000  13599.98845   0.00  -96.1   31.9  28.0 30.20  281.3     0.0  281.30    0.00    0.00     0.0  281.30    0.00    0.00     0.0  281.30    0.00    0.00   13.0     52264.118      5.50   47.24000   39.71000  "Undefined"          0.0   -11.55  0.00000000
09.12.2023 14:31:04.118  13.60000000  13599.99003   0.00  -77.7   50.3  28.0 28.79  285.1     0.0  285.09    0.00    0.00     0.0  285.09    0.00    0.00     0.0  285.09    0.00    0.00   13.8     52264.118      5.50   47.24000   39.71000  "Undefined"          0.0    -9.97  0.00000000
09.12.2023 14:31:46.779  13.60000000  13599.98845   0.00  -95.1   38.9  28.0 17.72  284.8     0.0  284.84    0.00    0.00     0.0  284.84    0.00    0.00     0.0  284.84    0.00    0.00    2.3     52306.779      5.50   47.24000   39.71000  "Undefined"          0.0   -11.55  0.00000000
09.12.2023 14:31:46.779  13.60000000  13599.99003   0.00  -83.0   51.0  28.0 11.46  288.8     0.0  288.79    0.00    0.00     0.0  288.79    0.00    0.00     0.0  288.79    0.00    0.00    4.9     52306.779      5.50   47.24000   39.71000  "Undefined"          0.0    -9.97  0.00000000
09.12.2023 14:32:29.190  13.60000000  13599.99161   0.00 -111.8   20.2  28.0 28.46  282.9     0.0  282.88    0.00    0.00     0.0  282.88    0.00    0.00     0.0  282.88    0.00    0.00   19.9     52349.190      5.50   47.24000   39.71000  "Undefined"          0.0    -8.39  0.00000000
09.12.2023 14:32:29.190  13.60000000  13599.98723   0.00 -111.3   20.7  28.0 27.28  284.4     0.0  284.40    0.00    0.00     0.0  284.40    0.00    0.00     0.0  284.40    0.00    0.00   13.6     52349.190      5.50   47.24000   39.71000  "Undefined"          0.0   -12.77  0.00000000
09.12.2023 14:32:29.190  13.60000000  13599.99112   0.00 -110.3   21.7  28.0 17.78  287.5     0.0  287.46    0.00    0.00     0.0  287.46    0.00    0.00     0.0  287.46    0.00    0.00    5.4     52349.190      5.50   47.24000   39.71000  "Undefined"          0.0    -8.88  0.00000000
09.12.2023 14:32:29.190  13.60000000  13599.99064   0.00 -109.7   22.3  28.0 21.19  284.2     0.0  284.20    0.00    0.00     0.0  284.20    0.00    0.00     0.0  284.20    0.00    0.00   10.1     52349.190      5.50   47.24000   39.71000  "Undefined"          0.0    -9.36  0.00000000
09.12.2023 14:32:29.190  13.60000000  13599.98845   0.00  -95.2   36.8  28.0 21.68  282.9     0.0  282.90    0.00    0.00     0.0  282.90    0.00    0.00     0.0  282.90    0.00    0.00    0.9     52349.190      5.50   47.24000   39.71000  "Undefined"          0.0   -11.55  0.00000000
09.12.2023 14:32:29.190  13.60000000  13599.98821   0.00  -92.7   39.3  28.0 21.38  283.0     0.0  283.01    0.00    0.00     0.0  283.01    0.00    0.00     0.0  283.01    0.00    0.00    3.7     52349.190      5.50   47.24000   39.71000  "Undefined"          0.0   -11.79  0.00000000
09.12.2023 14:32:29.190  13.60000000  13599.98966   0.00  -81.3   50.7  28.0 22.07  286.1     0.0  286.06    0.00    0.00     0.0  286.06    0.00    0.00     0.0  286.06    0.00    0.00   10.6     52349.190      5.50   47.24000   39.71000  "Undefined"          0.0   -10.34  0.00000000
09.12.2023 14:32:29.190  13.60000000  13599.99003   0.00  -77.7   54.3  28.0 29.67  284.2     0.0  284.25    0.00    0.00     0.0  284.25    0.00    0.00     0.0  284.25    0.00    0.00   16.7     52349.190      5.50   47.24000   39.71000  "Undefined"          0.0    -9.97  0.00000000
09.12.2023 14:33:11.746  13.60000000  13599.98565   0.00 -109.0   21.0  28.0  0.12  288.2     0.0  288.20    0.00    0.00     0.0  288.20    0.00    0.00     0.0  288.20    0.00    0.00   15.4     52391.746      5.50   47.24000   39.71000  "Undefined"          0.0   -14.35  0.00000000
09.12.2023 14:33:11.746  13.60000000  13599.99124   0.00 -108.9   21.1  28.0  0.01  289.3     0.0  289.34    0.00    0.00     0.0  289.34    0.00    0.00     0.0  289.34    0.00    0.00   23.0     52391.746      5.50   47.24000   39.71000  "Undefined"          0.0    -8.76  0.00000000
09.12.2023 14:33:11.746  13.60000000  13599.99088   0.00 -103.1   26.9  28.0  0.02  288.7     0.0  288.72    0.00    0.00     0.0  288.72    0.00    0.00     0.0  288.72    0.00    0.00   17.8     52391.746      5.50   47.24000   39.71000  "Undefined"          0.0    -9.12  0.00000000
09.12.2023 14:33:11.746  13.60000000  13599.99039   0.00  -98.6   31.4  28.0  0.01  287.7     0.0  287.74    0.00    0.00     0.0  287.74    0.00    0.00     0.0  287.74    0.00    0.00    9.9     52391.746      5.50   47.24000   39.71000  "Undefined"          0.0    -9.61  0.00000000
09.12.2023 14:33:11.746  13.60000000  13599.98893   0.00  -98.5   31.5  28.0  8.61  285.6     0.0  285.57    0.00    0.00     0.0  285.57    0.00    0.00     0.0  285.57    0.00    0.00    9.2     52391.746      5.50   47.24000   39.71000  "Undefined"          0.0   -11.07  0.00000000
09.12.2023 14:33:11.746  13.60000000  13599.98857   0.00  -92.0   38.0  28.0 31.08  281.8     0.0  281.79    0.00    0.00     0.0  281.79    0.00    0.00     0.0  281.79    0.00    0.00   15.1     52391.746      5.50   47.24000   39.71000  "Undefined"          0.0   -11.43  0.00000000
09.12.2023 14:33:11.746  13.60000000  13599.99003   0.00  -81.1   48.9  28.0 15.14  286.3     0.0  286.34    0.00    0.00     0.0  286.34    0.00    0.00     0.0  286.34    0.00    0.00    4.5     52391.746      5.50   47.24000   39.71000  "Undefined"          0.0    -9.97  0.00000000
09.12.2023 14:33:11.746  13.60000000  13599.98966   0.00  -70.9   59.1  28.0  0.05  289.0     0.0  288.99    0.00    0.00     0.0  288.99    0.00    0.00     0.0  288.99    0.00    0.00   25.0     52391.746      5.50   47.24000   39.71000  "Undefined"          0.0   -10.34  0.00000000
09.12.2023 14:33:54.338  13.60000000  13599.98821   0.00 -111.8   20.2  28.0  0.50  288.2     0.0  288.22    0.00    0.00     0.0  288.22    0.00    0.00     0.0  288.22    0.00    0.00   17.4     52434.338      5.50   47.24000   39.71000  "Undefined"          0.0   -11.79  0.00000000
09.12.2023 14:33:54.338  13.60000000  13599.98784   0.00 -110.7   21.3  28.0  0.75  288.7     0.0  288.72    0.00    0.00     0.0  288.72    0.00    0.00     0.0  288.72    0.00    0.00   22.7     52434.338      5.50   47.24000   39.71000  "Undefined"          0.0   -12.16  0.00000000
09.12.2023 14:33:54.338  13.60000000  13599.99076   0.00 -109.5   22.5  28.0 28.67  285.1     0.0  285.14    0.00    0.00     0.0  285.14    0.00    0.00     0.0  285.14    0.00    0.00    9.2     52434.338      5.50   47.24000   39.71000  "Undefined"          0.0    -9.24  0.00000000
09.12.2023 14:33:54.338  13.60000000  13599.98869   0.00  -94.9   37.1  28.0  0.10  286.8     0.0  286.78    0.00    0.00     0.0  286.78    0.00    0.00     0.0  286.78    0.00    0.00   12.8     52434.338      5.50   47.24000   39.71000  "Undefined"          0.0   -11.31  0.00000000
09.12.2023 14:33:54.338  13.60000000  13599.98954   0.00  -74.2   57.8  28.0  0.00  288.4     0.0  288.41    0.00    0.00     0.0  288.41    0.00    0.00     0.0  288.41    0.00    0.00   22.4     52434.338      5.50   47.24000   39.71000  "Undefined"          0.0   -10.46  0.00000000
09.12.2023 14:34:37.174  13.60000000  13599.99197   0.00 -108.4   21.6  28.0 25.57  284.7     0.0  284.71    0.00    0.00     0.0  284.71    0.00    0.00     0.0  284.71    0.00    0.00    7.4     52477.174      5.50   47.24000   39.71000  "Undefined"          0.0    -8.03  0.00000000
09.12.2023 14:34:37.174  13.60000000  13599.99124   0.00 -108.1   21.9  28.0  0.03  289.6     0.0  289.60    0.00    0.00     0.0  289.60    0.00    0.00     0.0  289.60    0.00    0.00   20.0     52477.174      5.50   47.24000   39.71000  "Undefined"          0.0    -8.76  0.00000000
09.12.2023 14:34:37.174  13.60000000  13599.98687   0.00 -107.7   22.3  28.0  0.01  289.5     0.0  289.53    0.00    0.00     0.0  289.53    0.00    0.00     0.0  289.53    0.00    0.00   24.5     52477.174      5.50   47.24000   39.71000  "Undefined"          0.0   -13.13  0.00000000
09.12.2023 14:34:37.174  13.60000000  13599.99161   0.00 -106.9   23.1  28.0 31.90  283.8     0.0  283.77    0.00    0.00     0.0  283.77    0.00    0.00     0.0  283.77    0.00    0.00   22.1     52477.174      5.50   47.24000   39.71000  "Undefined"          0.0    -8.39  0.00000000
09.12.2023 14:34:37.174  13.60000000  13599.98808   0.00 -103.4   26.6  28.0 33.46  282.6     0.0  282.56    0.00    0.00     0.0  282.56    0.00    0.00     0.0  282.56    0.00    0.00   19.1     52477.174      5.50   47.24000   39.71000  "Undefined"          0.0   -11.92  0.00000000
09.12.2023 14:35:30.246  13.60000000  13599.98346   0.00 -108.0   20.0  28.0  0.23   42.1     0.0   42.14    0.00    0.00     0.0   42.14    0.00    0.00     0.0   42.14    0.00    0.00   24.9     52530.246      5.50   47.24000   39.71000  "Undefined"          0.0   -16.54  0.00000000
09.12.2023 14:35:30.246  13.60000000  13599.99185   0.00 -107.4   20.6  28.0 29.64  283.3     0.0  283.25    0.00    0.00     0.0  283.25    0.00    0.00     0.0  283.25    0.00    0.00   19.1     52530.246      5.50   47.24000   39.71000  "Undefined"          0.0    -8.15  0.00000000
09.12.2023 14:35:30.246  13.60000000  13599.99587   0.00 -106.5   21.5  28.0  0.00   40.1     0.0   40.12    0.00    0.00     0.0   40.12    0.00    0.00     0.0   40.12    0.00    0.00   23.4     52530.246      5.50   47.24000   39.71000  "Undefined"          0.0    -4.13  0.00000000
09.12.2023 14:35:30.246  13.60000000  13599.99258   0.00 -103.9   24.1  28.0 30.45  284.0     0.0  283.97    0.00    0.00     0.0  283.97    0.00    0.00     0.0  283.97    0.00    0.00   20.9     52530.246      5.50   47.24000   39.71000  "Undefined"          0.0    -7.42  0.00000000
09.12.2023 14:35:30.246  13.60000000  13599.99149   0.00 -103.7   24.3  28.0  0.00   42.3     0.0   42.28    0.00    0.00     0.0   42.28    0.00    0.00     0.0   42.28    0.00    0.00   24.9     52530.246      5.50   47.24000   39.71000  "Undefined"          0.0    -8.51  0.00000000
09.12.2023 14:35:30.246  13.60000000  13599.98614   0.00 -103.3   24.7  28.0  0.00   41.7     0.0   41.66    0.00    0.00     0.0   41.66    0.00    0.00     0.0   41.66    0.00    0.00   23.9     52530.246      5.50   47.24000   39.71000  "Undefined"          0.0   -13.86  0.00000000
09.12.2023 14:35:30.246  13.60000000  13599.99100   0.00  -98.4   29.6  28.0 30.52  283.6     0.0  283.57    0.00    0.00     0.0  283.57    0.00    0.00     0.0  283.57    0.00    0.00   20.3     52530.246      5.50   47.24000   39.71000  "Undefined"          0.0    -9.00  0.00000000
09.12.2023 14:35:30.246  13.60000000  13599.98991   0.00  -70.0   58.0  28.0 30.71  283.6     0.0  283.57    0.00    0.00     0.0  283.57    0.00    0.00     0.0  283.57    0.00    0.00   20.4     52530.246      5.50   47.24000   39.71000  "Undefined"          0.0   -10.09  0.00000000
09.12.2023 14:36:12.848  13.60000000  13599.98662   0.00 -103.1   20.9  28.0 31.00  282.9     0.0  282.89    0.00    0.00     0.0  282.89    0.00    0.00     0.0  282.89    0.00    0.00   23.4     52572.848      5.50   47.24000   39.71000  "Undefined"          0.0   -13.38  0.00000000
09.12.2023 14:36:12.848  13.60000000  13599.98687   0.00 -102.8   21.2  28.0  0.01  288.9     0.0  288.91    0.00    0.00     0.0  288.91    0.00    0.00     0.0  288.91    0.00    0.00   19.9     52572.848      5.50   47.24000   39.71000  "Undefined"          0.0   -13.13  0.00000000
09.12.2023 14:36:12.848  13.60000000  13599.98833   0.00 -101.2   22.8  28.0 24.69  283.0     0.0  283.02    0.00    0.00     0.0  283.02    0.00    0.00     0.0  283.02    0.00    0.00    5.7     52572.848      5.50   47.24000   39.71000  "Undefined"          0.0   -11.67  0.00000000
09.12.2023 14:36:55.249  13.60000000  13599.99270   0.00 -105.1   22.9  28.0 30.99  284.1     0.0  284.12    0.00    0.00     0.0  284.12    0.00    0.00     0.0  284.12    0.00    0.00   20.7     52615.249      5.50   47.24000   39.71000  "Undefined"          0.0    -7.30  0.00000000
09.12.2023 14:36:55.249  13.60000000  13599.99052   0.00 -100.3   27.7  28.0 30.74  282.8     0.0  282.78    0.00    0.00     0.0  282.78    0.00    0.00     0.0  282.78    0.00    0.00   14.7     52615.249      5.50   47.24000   39.71000  "Undefined"          0.0    -9.48  0.00000000
09.12.2023 14:36:55.249  13.60000000  13599.98906   0.00  -89.1   38.9  28.0  9.46  287.3     0.0  287.29    0.00    0.00     0.0  287.29    0.00    0.00     0.0  287.29    0.00    0.00    6.2     52615.249      5.50   47.24000   39.71000  "Undefined"          0.0   -10.94  0.00000000
09.12.2023 14:37:37.858  13.60000000  13599.99307   0.00 -109.9   20.1  28.0  0.35  288.6     0.0  288.64    0.00    0.00     0.0  288.64    0.00    0.00     0.0  288.64    0.00    0.00   24.3     52657.858      5.50   47.24000   39.71000  "Undefined"          0.0    -6.93  0.00000000
09.12.2023 14:37:37.858  13.60000000  13599.98626   0.00 -109.5   20.5  28.0  0.00  288.8     0.0  288.84    0.00    0.00     0.0  288.84    0.00    0.00     0.0  288.84    0.00    0.00   23.5     52657.858      5.50   47.24000   39.71000  "Undefined"          0.0   -13.74  0.00000000
09.12.2023 14:37:37.858  13.60000000  13599.99210   0.00 -106.6   23.4  28.0 30.40  283.6     0.0  283.63    0.00    0.00     0.0  283.63    0.00    0.00     0.0  283.63    0.00    0.00   18.1     52657.858      5.50   47.24000   39.71000  "Undefined"          0.0    -7.90  0.00000000
09.12.2023 14:37:37.858  13.60000000  13599.99100   0.00  -98.4   31.6  28.0 23.43  274.7     0.0  274.72    0.00    0.00     0.0  274.72    0.00    0.00     0.0  274.72    0.00    0.00    5.9     52657.858      5.50   47.24000   39.71000  "Undefined"          0.0    -9.00  0.00000000
09.12.2023 14:37:37.858  13.60000000  13599.99064   0.00  -97.4   32.6  28.0 26.55  271.4     0.0  271.36    0.00    0.00     0.0  271.36    0.00    0.00     0.0  271.36    0.00    0.00    2.3     52657.858      5.50   47.24000   39.71000  "Undefined"          0.0    -9.36  0.00000000
09.12.2023 14:38:20.451  13.60000000  13599.98504   0.00 -109.9   20.1  28.0  1.69  289.5     0.0  289.54    0.00    0.00     0.0  289.54    0.00    0.00     0.0  289.54    0.00    0.00   16.1     52700.451      5.50   47.24000   39.71000  "Undefined"          0.0   -14.96  0.00000000
09.12.2023 14:38:20.451  13.60000000  13599.98808   0.00 -108.5   21.5  28.0 30.20  284.8     0.0  284.79    0.00    0.00     0.0  284.79    0.00    0.00     0.0  284.79    0.00    0.00   19.6     52700.451      5.50   47.24000   39.71000  "Undefined"          0.0   -11.92  0.00000000
09.12.2023 14:38:20.451  13.60000000  13599.99428   0.00 -108.5   21.5  28.0  0.07  288.8     0.0  288.83    0.00    0.00     0.0  288.83    0.00    0.00     0.0  288.83    0.00    0.00   11.5     52700.451      5.50   47.24000   39.71000  "Undefined"          0.0    -5.72  0.00000000
09.12.2023 14:38:20.451  13.60000000  13599.99574   0.00 -107.5   22.5  28.0  0.01  288.9     0.0  288.94    0.00    0.00     0.0  288.94    0.00    0.00     0.0  288.94    0.00    0.00   20.7     52700.451      5.50   47.24000   39.71000  "Undefined"          0.0    -4.26  0.00000000
09.12.2023 14:38:20.451  13.60000000  13599.99635   0.00 -107.2   22.8  28.0  0.01  288.7     0.0  288.72    0.00    0.00     0.0  288.72    0.00    0.00     0.0  288.72    0.00    0.00   22.9     52700.451      5.50   47.24000   39.71000  "Undefined"          0.0    -3.65  0.00000000
09.12.2023 14:38:20.451  13.60000000  13599.98954   0.00  -72.6   57.4  28.0  0.55  288.6     0.0  288.59    0.00    0.00     0.0  288.59    0.00    0.00     0.0  288.59    0.00    0.00   22.3     52700.451      5.50   47.24000   39.71000  "Undefined"          0.0   -10.46  0.00000000
09.12.2023 14:38:20.451  13.60000000  13599.98979   0.00  -71.9   58.1  28.0 27.07  285.5     0.0  285.54    0.00    0.00     0.0  285.54    0.00    0.00     0.0  285.54    0.00    0.00   11.8     52700.451      5.50   47.24000   39.71000  "Undefined"          0.0   -10.21  0.00000000
09.12.2023 14:39:13.526  13.60000000  13599.99307   0.00  -99.4   24.6  28.0 29.37  284.7     0.0  284.67    0.00    0.00     0.0  284.67    0.00    0.00     0.0  284.67    0.00    0.00   16.7     52753.526      5.50   47.24000   39.71000  "Undefined"          0.0    -6.93  0.00000000
09.12.2023 14:39:13.526  13.60000000  13599.99100   0.00  -95.3   28.7  28.0 27.67  285.4     0.0  285.37    0.00    0.00     0.0  285.37    0.00    0.00     0.0  285.37    0.00    0.00   12.5     52753.526      5.50   47.24000   39.71000  "Undefined"          0.0    -9.00  0.00000000
09.12.2023 14:39:13.526  13.60000000  13599.99064   0.00  -93.5   30.5  28.0 25.88  286.3     0.0  286.28    0.00    0.00     0.0  286.28    0.00    0.00     0.0  286.28    0.00    0.00    9.6     52753.526      5.50   47.24000   39.71000  "Undefined"          0.0    -9.36  0.00000000
09.12.2023 14:39:13.526  13.60000000  13599.99027   0.00  -89.6   34.4  28.0  1.57  289.0     0.0  288.98    0.00    0.00     0.0  288.98    0.00    0.00     0.0  288.98    0.00    0.00   16.1     52753.526      5.50   47.24000   39.71000  "Undefined"          0.0    -9.73  0.00000000
09.12.2023 14:39:13.526  13.60000000  13599.98881   0.00  -89.1   34.9  28.0 22.88  286.3     0.0  286.32    0.00    0.00     0.0  286.32    0.00    0.00     0.0  286.32    0.00    0.00    4.7     52753.526      5.50   47.24000   39.71000  "Undefined"          0.0   -11.19  0.00000000
09.12.2023 14:39:13.526  13.60000000  13599.98979   0.00  -67.0   57.0  28.0 30.40  284.3     0.0  284.28    0.00    0.00     0.0  284.28    0.00    0.00     0.0  284.28    0.00    0.00   20.7     52753.526      5.50   47.24000   39.71000  "Undefined"          0.0   -10.21  0.00000000
09.12.2023 14:39:56.015  13.60000000  13599.99392   0.00 -109.8   20.2  28.0  0.00   40.6     0.0   40.58    0.00    0.00     0.0   40.58    0.00    0.00     0.0   40.58    0.00    0.00   24.0     52796.015      5.50   47.24000   39.71000  "Undefined"          0.0    -6.08  0.00000000
09.12.2023 14:39:56.015  13.60000000  13599.99550   0.00 -109.4   20.6  28.0 27.00  284.4     0.0  284.38    0.00    0.00     0.0  284.38    0.00    0.00     0.0  284.38    0.00    0.00   21.2     52796.015      5.50   47.24000   39.71000  "Undefined"          0.0    -4.50  0.00000000
09.12.2023 14:39:56.015  13.60000000  13599.99477   0.00 -109.0   21.0  28.0 30.04  283.5     0.0  283.54    0.00    0.00     0.0  283.54    0.00    0.00     0.0  283.54    0.00    0.00   21.1     52796.015      5.50   47.24000   39.71000  "Undefined"          0.0    -5.23  0.00000000
09.12.2023 14:39:56.015  13.60000000  13599.99307   0.00 -107.2   22.8  28.0 29.90  283.6     0.0  283.63    0.00    0.00     0.0  283.63    0.00    0.00     0.0  283.63    0.00    0.00   24.4     52796.015      5.50   47.24000   39.71000  "Undefined"          0.0    -6.93  0.00000000
09.12.2023 14:39:56.015  13.60000000  13599.98796   0.00 -106.8   23.2  28.0 29.16  284.8     0.0  284.78    0.00    0.00     0.0  284.78    0.00    0.00     0.0  284.78    0.00    0.00   20.3     52796.015      5.50   47.24000   39.71000  "Undefined"          0.0   -12.04  0.00000000
09.12.2023 14:39:56.015  13.60000000  13599.99185   0.00 -106.3   23.7  28.0 31.06  283.6     0.0  283.59    0.00    0.00     0.0  283.59    0.00    0.00     0.0  283.59    0.00    0.00   22.7     52796.015      5.50   47.24000   39.71000  "Undefined"          0.0    -8.15  0.00000000
09.12.2023 14:39:56.015  13.60000000  13599.98760   0.00 -105.7   24.3  28.0 30.94  283.8     0.0  283.77    0.00    0.00     0.0  283.77    0.00    0.00     0.0  283.77    0.00    0.00   24.5     52796.015      5.50   47.24000   39.71000  "Undefined"          0.0   -12.40  0.00000000
09.12.2023 14:39:56.015  13.60000000  13599.99149   0.00 -105.6   24.4  28.0 29.46  283.8     0.0  283.83    0.00    0.00     0.0  283.83    0.00    0.00     0.0  283.83    0.00    0.00   21.4     52796.015      5.50   47.24000   39.71000  "Undefined"          0.0    -8.51  0.00000000
09.12.2023 14:39:56.015  13.60000000  13599.99270   0.00 -105.1   24.9  28.0 29.68  283.3     0.0  283.30    0.00    0.00     0.0  283.30    0.00    0.00     0.0  283.30    0.00    0.00   20.3     52796.015      5.50   47.24000   39.71000  "Undefined"          0.0    -7.30  0.00000000
09.12.2023 14:39:56.015  13.60000000  13599.99076   0.00 -103.4   26.6  28.0 30.87  284.0     0.0  284.00    0.00    0.00     0.0  284.00    0.00    0.00     0.0  284.00    0.00    0.00   19.5     52796.015      5.50   47.24000   39.71000  "Undefined"          0.0    -9.24  0.00000000
09.12.2023 14:39:56.015  13.60000000  13599.99100   0.00 -102.7   27.3  28.0 28.97  284.0     0.0  283.97    0.00    0.00     0.0  283.97    0.00    0.00     0.0  283.97    0.00    0.00   14.8     52796.015      5.50   47.24000   39.71000  "Undefined"          0.0    -9.00  0.00000000
09.12.2023 14:39:56.015  13.60000000  13599.98881   0.00  -96.6   33.4  28.0 28.99  282.6     0.0  282.60    0.00    0.00     0.0  282.60    0.00    0.00     0.0  282.60    0.00    0.00    7.1     52796.015      5.50   47.24000   39.71000  "Undefined"          0.0   -11.19  0.00000000
09.12.2023 14:40:38.635  13.60000000  13599.98468   0.00 -106.8   23.2  28.0 12.68  285.7     0.0  285.69    0.00    0.00     0.0  285.69    0.00    0.00     0.0  285.69    0.00    0.00    4.4     52838.635      5.50   47.24000   39.71000  "Undefined"          0.0   -15.32  0.00000000
09.12.2023 14:40:38.635  13.60000000  13599.99149   0.00 -106.2   23.8  28.0  0.41  287.9     0.0  287.94    0.00    0.00     0.0  287.94    0.00    0.00     0.0  287.94    0.00    0.00   16.4     52838.635      5.50   47.24000   39.71000  "Undefined"          0.0    -8.51  0.00000000
09.12.2023 14:40:38.635  13.60000000  13599.99185   0.00 -105.7   24.3  28.0 32.89  284.3     0.0  284.25    0.00    0.00     0.0  284.25    0.00    0.00     0.0  284.25    0.00    0.00   24.9     52838.635      5.50   47.24000   39.71000  "Undefined"          0.0    -8.15  0.00000000
09.12.2023 14:40:38.635  13.60000000  13599.99392   0.00 -104.5   25.5  28.0 30.82  284.3     0.0  284.26    0.00    0.00     0.0  284.26    0.00    0.00     0.0  284.26    0.00    0.00   23.3     52838.635      5.50   47.24000   39.71000  "Undefined"          0.0    -6.08  0.00000000
09.12.2023 14:40:38.635  13.60000000  13599.99088   0.00 -102.6   27.4  28.0 29.65  284.9     0.0  284.90    0.00    0.00     0.0  284.90    0.00    0.00     0.0  284.90    0.00    0.00   12.3     52838.635      5.50   47.24000   39.71000  "Undefined"          0.0    -9.12  0.00000000
09.12.2023 14:40:38.635  13.60000000  13599.99039   0.00  -95.4   34.6  28.0  0.01  288.7     0.0  288.73    0.00    0.00     0.0  288.73    0.00    0.00     0.0  288.73    0.00    0.00   24.1     52838.635      5.50   47.24000   39.71000  "Undefined"          0.0    -9.61  0.00000000
09.12.2023 14:41:21.375  13.60000000  13599.98614   0.00 -102.0   22.0  28.0  0.01  288.6     0.0  288.57    0.00    0.00     0.0  288.57    0.00    0.00     0.0  288.57    0.00    0.00   15.0     52881.375      5.50   47.24000   39.71000  "Undefined"          0.0   -13.86  0.00000000
09.12.2023 14:41:21.375  13.60000000  13599.99185   0.00 -100.6   23.4  28.0  0.83  288.9     0.0  288.92    0.00    0.00     0.0  288.92    0.00    0.00     0.0  288.92    0.00    0.00   22.9     52881.375      5.50   47.24000   39.71000  "Undefined"          0.0    -8.15  0.00000000
09.12.2023 14:41:21.375  13.60000000  13599.99368   0.00 -100.4   23.6  28.0  1.11  288.9     0.0  288.89    0.00    0.00     0.0  288.89    0.00    0.00     0.0  288.89    0.00    0.00   19.9     52881.375      5.50   47.24000   39.71000  "Undefined"          0.0    -6.32  0.00000000
09.12.2023 14:41:21.375  13.60000000  13599.99161   0.00  -99.0   25.0  28.0  0.34  288.8     0.0  288.77    0.00    0.00     0.0  288.77    0.00    0.00     0.0  288.77    0.00    0.00   23.7     52881.375      5.50   47.24000   39.71000  "Undefined"          0.0    -8.39  0.00000000
09.12.2023 14:41:21.375  13.60000000  13599.99112   0.00  -96.8   27.2  28.0  0.94  288.3     0.0  288.30    0.00    0.00     0.0  288.30    0.00    0.00     0.0  288.30    0.00    0.00    9.2     52881.375      5.50   47.24000   39.71000  "Undefined"          0.0    -8.88  0.00000000
09.12.2023 14:41:21.375  13.60000000  13599.99027   0.00  -95.6   28.4  28.0 22.62  284.4     0.0  284.38    0.00    0.00     0.0  284.38    0.00    0.00     0.0  284.38    0.00    0.00    7.1     52881.375      5.50   47.24000   39.71000  "Undefined"          0.0    -9.73  0.00000000
09.12.2023 14:41:21.375  13.60000000  13599.99052   0.00  -95.3   28.7  28.0 21.96  285.8     0.0  285.82    0.00    0.00     0.0  285.82    0.00    0.00     0.0  285.82    0.00    0.00    7.2     52881.375      5.50   47.24000   39.71000  "Undefined"          0.0    -9.48  0.00000000
09.12.2023 14:42:03.915  13.60000000  13599.98723   0.00 -103.3   20.7  28.0 31.75  283.0     0.0  283.00    0.00    0.00     0.0  283.00    0.00    0.00     0.0  283.00    0.00    0.00   23.7     52923.915      5.50   47.24000   39.71000  "Undefined"          0.0   -12.77  0.00000000
09.12.2023 14:42:03.915  13.60000000  13599.98808   0.00 -103.0   21.0  28.0  0.00  288.4     0.0  288.41    0.00    0.00     0.0  288.41    0.00    0.00     0.0  288.41    0.00    0.00   22.6     52923.915      5.50   47.24000   39.71000  "Undefined"          0.0   -11.92  0.00000000
09.12.2023 14:42:03.915  13.60000000  13599.98906   0.00  -93.8   30.2  28.0  0.15  289.3     0.0  289.25    0.00    0.00     0.0  289.25    0.00    0.00     0.0  289.25    0.00    0.00    8.1     52923.915      5.50   47.24000   39.71000  "Undefined"          0.0   -10.94  0.00000000
09.12.2023 14:42:46.454  13.60000000  13599.98881   0.00  -94.3   29.7  28.0  0.00  287.8     0.0  287.76    0.00    0.00     0.0  287.76    0.00    0.00     0.0  287.76    0.00    0.00   21.6     52966.454      5.50   47.24000   39.71000  "Undefined"          0.0   -11.19  0.00000000
09.12.2023 14:43:39.493  13.60000000  13599.99185   0.00 -107.4   22.6  28.0 30.38  286.5     0.0  286.46    0.00    0.00     0.0  286.46    0.00    0.00     0.0  286.46    0.00    0.00   14.5     53019.493      5.50   47.24000   39.71000  "Undefined"          0.0    -8.15  0.00000000
09.12.2023 14:43:39.493  13.60000000  13599.98821   0.00 -106.9   23.1  28.0 32.15  283.5     0.0  283.49    0.00    0.00     0.0  283.49    0.00    0.00     0.0  283.49    0.00    0.00   18.2     53019.493      5.50   47.24000   39.71000  "Undefined"          0.0   -11.79  0.00000000
09.12.2023 14:44:22.061  13.60000000  13599.99161   0.00 -109.2   22.8  28.0 31.70  281.4     0.0  281.41    0.00    0.00     0.0  281.41    0.00    0.00     0.0  281.41    0.00    0.00   22.4     53062.061      5.50   47.24000   39.71000  "Undefined"          0.0    -8.39  0.00000000
09.12.2023 14:44:22.061  13.60000000  13599.99027   0.00  -92.8   39.2  28.0 18.64  284.6     0.0  284.58    0.00    0.00     0.0  284.58    0.00    0.00     0.0  284.58    0.00    0.00    2.8     53062.061      5.50   47.24000   39.71000  "Undefined"          0.0    -9.73  0.00000000
09.12.2023 14:44:22.061  13.60000000  13599.98893   0.00  -92.4   39.6  28.0  0.05  288.1     0.0  288.07    0.00    0.00     0.0  288.07    0.00    0.00     0.0  288.07    0.00    0.00   24.6     53062.061      5.50   47.24000   39.71000  "Undefined"          0.0   -11.07  0.00000000
09.12.2023 14:44:22.061  13.60000000  13599.98942   0.00  -84.0   48.0  28.0 11.63  287.2     0.0  287.24    0.00    0.00     0.0  287.24    0.00    0.00     0.0  287.24    0.00    0.00   13.6     53062.061      5.50   47.24000   39.71000  "Undefined"          0.0   -10.58  0.00000000
09.12.2023 14:44:22.061  13.60000000  13599.98979   0.00  -77.8   54.2  28.0 29.54  283.3     0.0  283.35    0.00    0.00     0.0  283.35    0.00    0.00     0.0  283.35    0.00    0.00   21.2     53062.061      5.50   47.24000   39.71000  "Undefined"          0.0   -10.21  0.00000000
09.12.2023 14:45:04.539  13.60000000  13599.99137   0.00 -111.4   20.6  28.0  0.00  286.4     0.0  286.35    0.00    0.00     0.0  286.35    0.00    0.00     0.0  286.35    0.00    0.00   25.0     53104.539      5.50   47.24000   39.71000  "Undefined"          0.0    -8.63  0.00000000
09.12.2023 14:45:04.539  13.60000000  13599.99514   0.00 -111.4   20.6  28.0 19.19  285.2     0.0  285.23    0.00    0.00     0.0  285.23    0.00    0.00     0.0  285.23    0.00    0.00    8.3     53104.539      5.50   47.24000   39.71000  "Undefined"          0.0    -4.86  0.00000000
09.12.2023 14:45:04.539  13.60000000  13599.99161   0.00 -110.8   21.2  28.0 11.27  288.3     0.0  288.32    0.00    0.00     0.0  288.32    0.00    0.00     0.0  288.32    0.00    0.00   11.4     53104.539      5.50   47.24000   39.71000  "Undefined"          0.0    -8.39  0.00000000
09.12.2023 14:45:04.539  13.60000000  13599.99295   0.00 -109.2   22.8  28.0  0.04  288.6     0.0  288.55    0.00    0.00     0.0  288.55    0.00    0.00     0.0  288.55    0.00    0.00   24.0     53104.539      5.50   47.24000   39.71000  "Undefined"          0.0    -7.05  0.00000000
09.12.2023 14:45:04.539  13.60000000  13599.98699   0.00 -108.8   23.2  28.0 45.71  260.6     0.0  260.56    0.00    0.00     0.0  260.56    0.00    0.00     0.0  260.56    0.00    0.00   22.0     53104.539      5.50   47.24000   39.71000  "Undefined"          0.0   -13.01  0.00000000
09.12.2023 14:45:04.539  13.60000000  13599.98857   0.00 -107.7   24.3  28.0  0.00  289.7     0.0  289.67    0.00    0.00     0.0  289.67    0.00    0.00     0.0  289.67    0.00    0.00   21.1     53104.539      5.50   47.24000   39.71000  "Undefined"          0.0   -11.43  0.00000000
09.12.2023 14:45:04.539  13.60000000  13599.98893   0.00  -87.7   44.3  28.0  0.05  288.1     0.0  288.11    0.00    0.00     0.0  288.11    0.00    0.00     0.0  288.11    0.00    0.00   11.1     53104.539      5.50   47.24000   39.71000  "Undefined"          0.0   -11.07  0.00000000
09.12.2023 14:45:57.483  13.60000000  13599.98845   0.00 -109.7   20.3  28.0 27.09  281.9     0.0  281.90    0.00    0.00     0.0  281.90    0.00    0.00     0.0  281.90    0.00    0.00   16.5     53157.483      5.50   47.24000   39.71000  "Undefined"          0.0   -11.55  0.00000000
09.12.2023 14:45:57.483  13.60000000  13599.99039   0.00  -96.2   33.8  28.0  0.19  288.0     0.0  288.00    0.00    0.00     0.0  288.00    0.00    0.00     0.0  288.00    0.00    0.00   13.5     53157.483      5.50   47.24000   39.71000  "Undefined"          0.0    -9.61  0.00000000
09.12.2023 14:45:57.483  13.60000000  13599.98979   0.00  -71.9   58.1  28.0 30.65  284.1     0.0  284.08    0.00    0.00     0.0  284.08    0.00    0.00     0.0  284.08    0.00    0.00   21.9     53157.483      5.50   47.24000   39.71000  "Undefined"          0.0   -10.21  0.00000000
09.12.2023 14:46:40.246  13.60000000  13599.98954   0.00  -85.9   44.1  28.0  0.01  290.1     0.0  290.13    0.00    0.00     0.0  290.13    0.00    0.00     0.0  290.13    0.00    0.00   21.1     53200.246      5.50   47.24000   39.71000  "Undefined"          0.0   -10.46  0.00000000
09.12.2023 14:46:40.246  13.60000000  13599.98991   0.00  -70.7   59.3  28.0 30.89  283.7     0.0  283.74    0.00    0.00     0.0  283.74    0.00    0.00     0.0  283.74    0.00    0.00   20.7     53200.246      5.50   47.24000   39.71000  "Undefined"          0.0   -10.09  0.00000000
09.12.2023 14:47:33.167  13.60000000  13599.99356   0.00 -111.4   20.6  28.0  0.02  288.6     0.0  288.64    0.00    0.00     0.0  288.64    0.00    0.00     0.0  288.64    0.00    0.00   18.5     53253.167      5.50   47.24000   39.71000  "Undefined"          0.0    -6.44  0.00000000
09.12.2023 14:47:33.167  13.60000000  13599.99124   0.00 -110.2   21.8  28.0 31.22  282.7     0.0  282.66    0.00    0.00     0.0  282.66    0.00    0.00     0.0  282.66    0.00    0.00   24.6     53253.167      5.50   47.24000   39.71000  "Undefined"          0.0    -8.76  0.00000000
09.12.2023 14:47:33.167  13.60000000  13599.98966   0.00  -83.2   48.8  28.0 24.44  285.9     0.0  285.87    0.00    0.00     0.0  285.87    0.00    0.00     0.0  285.87    0.00    0.00    9.1     53253.167      5.50   47.24000   39.71000  "Undefined"          0.0   -10.34  0.00000000
09.12.2023 14:47:33.167  13.60000000  13599.98906   0.00  -80.0   52.0  28.0  1.15  288.7     0.0  288.66    0.00    0.00     0.0  288.66    0.00    0.00     0.0  288.66    0.00    0.00   22.0     53253.167      5.50   47.24000   39.71000  "Undefined"          0.0   -10.94  0.00000000
09.12.2023 14:48:15.582  13.60000000  13599.98845   0.00 -104.0   20.0  28.0 25.62  284.5     0.0  284.52    0.00    0.00     0.0  284.52    0.00    0.00     0.0  284.52    0.00    0.00   14.7     53295.582      5.50   47.24000   39.71000  "Undefined"          0.0   -11.55  0.00000000
09.12.2023 14:48:15.582  13.60000000  13599.98760   0.00 -103.6   20.4  28.0 27.76  284.5     0.0  284.52    0.00    0.00     0.0  284.52    0.00    0.00     0.0  284.52    0.00    0.00   15.4     53295.582      5.50   47.24000   39.71000  "Undefined"          0.0   -12.40  0.00000000
09.12.2023 14:48:15.582  13.60000000  13599.98869   0.00 -102.6   21.4  28.0  0.02   36.9     0.0   36.94    0.00    0.00     0.0   36.94    0.00    0.00     0.0   36.94    0.00    0.00   17.3     53295.582      5.50   47.24000   39.71000  "Undefined"          0.0   -11.31  0.00000000
09.12.2023 14:48:57.971  13.60000000  13599.98918   0.00  -82.8   47.2  28.0 12.92  286.5     0.0  286.47    0.00    0.00     0.0  286.47    0.00    0.00     0.0  286.47    0.00    0.00    4.2     53337.971      5.50   47.24000   39.71000  "Undefined"          0.0   -10.82  0.00000000
09.12.2023 14:49:40.230  13.60000000  13599.99052   0.00 -109.1   20.9  28.0 22.10  283.6     0.0  283.64    0.00    0.00     0.0  283.64    0.00    0.00     0.0  283.64    0.00    0.00   15.8     53380.230      5.50   47.24000   39.71000  "Undefined"          0.0    -9.48  0.00000000
09.12.2023 14:49:40.230  13.60000000  13599.99124   0.00 -107.4   22.6  28.0 22.73  285.7     0.0  285.68    0.00    0.00     0.0  285.68    0.00    0.00     0.0  285.68    0.00    0.00    7.2     53380.230      5.50   47.24000   39.71000  "Undefined"          0.0    -8.76  0.00000000
09.12.2023 14:49:40.230  13.60000000  13599.99076   0.00 -106.4   23.6  28.0  0.00  289.7     0.0  289.67    0.00    0.00     0.0  289.67    0.00    0.00     0.0  289.67    0.00    0.00   19.5     53380.230      5.50   47.24000   39.71000  "Undefined"          0.0    -9.24  0.00000000
09.12.2023 14:49:40.230  13.60000000  13599.98906   0.00  -87.7   42.3  28.0 29.06  244.7     0.0  244.72    0.00    0.00     0.0  244.72    0.00    0.00     0.0  244.72    0.00    0.00   11.5     53380.230      5.50   47.24000   39.71000  "Undefined"          0.0   -10.94  0.00000000
09.12.2023 14:50:54.308  13.60000000  13599.99039   0.00 -101.6   26.4  28.0 28.06  283.8     0.0  283.81    0.00    0.00     0.0  283.81    0.00    0.00     0.0  283.81    0.00    0.00   16.2     53454.308      5.50   47.24000   39.71000  "Undefined"          0.0    -9.61  0.00000000
09.12.2023 14:50:54.308  13.60000000  13599.98930   0.00  -77.6   50.4  28.0  0.03  288.0     0.0  288.03    0.00    0.00     0.0  288.03    0.00    0.00     0.0  288.03    0.00    0.00   12.4     53454.308      5.50   47.24000   39.71000  "Undefined"          0.0   -10.70  0.00000000
09.12.2023 14:50:54.308  13.60000000  13599.98979   0.00  -69.8   58.2  28.0 32.65  283.7     0.0  283.70    0.00    0.00     0.0  283.70    0.00    0.00     0.0  283.70    0.00    0.00   24.2     53454.308      5.50   47.24000   39.71000  "Undefined"          0.0   -10.21  0.00000000
09.12.2023 14:51:36.721  13.60000000  13599.99246   0.00 -104.7   21.3  28.0  0.01  289.6     0.0  289.58    0.00    0.00     0.0  289.58    0.00    0.00     0.0  289.58    0.00    0.00   15.6     53496.721      5.50   47.24000   39.71000  "Undefined"          0.0    -7.54  0.00000000
09.12.2023 14:51:36.721  13.60000000  13599.98735   0.00 -104.6   21.4  28.0 12.65  287.1     0.0  287.13    0.00    0.00     0.0  287.13    0.00    0.00     0.0  287.13    0.00    0.00    8.1     53496.721      5.50   47.24000   39.71000  "Undefined"          0.0   -12.65  0.00000000
09.12.2023 14:51:36.721  13.60000000  13599.99088   0.00 -103.8   22.2  28.0 29.62  283.8     0.0  283.83    0.00    0.00     0.0  283.83    0.00    0.00     0.0  283.83    0.00    0.00   19.9     53496.721      5.50   47.24000   39.71000  "Undefined"          0.0    -9.12  0.00000000
09.12.2023 14:51:36.721  13.60000000  13599.99052   0.00  -95.8   30.2  28.0 31.65  280.8     0.0  280.78    0.00    0.00     0.0  280.78    0.00    0.00     0.0  280.78    0.00    0.00    6.6     53496.721      5.50   47.24000   39.71000  "Undefined"          0.0    -9.48  0.00000000
09.12.2023 14:51:36.721  13.60000000  13599.98991   0.00  -73.3   52.7  28.0 30.56  284.1     0.0  284.13    0.00    0.00     0.0  284.13    0.00    0.00     0.0  284.13    0.00    0.00   22.3     53496.721      5.50   47.24000   39.71000  "Undefined"          0.0   -10.09  0.00000000
09.12.2023 14:52:19.203  13.60000000  13599.98553   0.00 -109.7   20.3  28.0  1.25  288.4     0.0  288.40    0.00    0.00     0.0  288.40    0.00    0.00     0.0  288.40    0.00    0.00    7.9     53539.203      5.50   47.24000   39.71000  "Undefined"          0.0   -14.47  0.00000000
09.12.2023 14:52:19.203  13.60000000  13599.98954   0.00  -84.4   45.6  28.0 10.47  288.2     0.0  288.19    0.00    0.00     0.0  288.19    0.00    0.00     0.0  288.19    0.00    0.00    5.4     53539.203      5.50   47.24000   39.71000  "Undefined"          0.0   -10.46  0.00000000
09.12.2023 14:53:01.661  13.60000000  13599.99064   0.00 -103.3   22.7  28.0  1.20  288.1     0.0  288.12    0.00    0.00     0.0  288.12    0.00    0.00     0.0  288.12    0.00    0.00   14.9     53581.661      5.50   47.24000   39.71000  "Undefined"          0.0    -9.36  0.00000000
09.12.2023 14:53:01.661  13.60000000  13599.99003   0.00  -78.7   47.3  28.0  1.55  288.9     0.0  288.86    0.00    0.00     0.0  288.86    0.00    0.00     0.0  288.86    0.00    0.00    8.8     53581.661      5.50   47.24000   39.71000  "Undefined"          0.0    -9.97  0.00000000
09.12.2023 14:53:44.069  13.60000000  13599.99052   0.00 -101.6   26.4  28.0 13.45  283.0     0.0  283.05    0.00    0.00     0.0  283.05    0.00    0.00     0.0  283.05    0.00    0.00    7.5     53624.069      5.50   47.24000   39.71000  "Undefined"          0.0    -9.48  0.00000000
09.12.2023 14:53:44.069  13.60000000  13599.98930   0.00  -82.7   45.3  28.0  0.14  287.8     0.0  287.75    0.00    0.00     0.0  287.75    0.00    0.00     0.0  287.75    0.00    0.00    6.8     53624.069      5.50   47.24000   39.71000  "Undefined"          0.0   -10.70  0.00000000
09.12.2023 14:53:44.069  13.60000000  13599.99003   0.00  -78.1   49.9  28.0 23.16  284.9     0.0  284.95    0.00    0.00     0.0  284.95    0.00    0.00     0.0  284.95    0.00    0.00    4.6     53624.069      5.50   47.24000   39.71000  "Undefined"          0.0    -9.97  0.00000000
09.12.2023 14:54:26.421  13.60000000  13599.99003   0.00  -76.5   55.5  28.0  0.06  289.3     0.0  289.26    0.00    0.00     0.0  289.26    0.00    0.00     0.0  289.26    0.00    0.00   18.1     53666.421      5.50   47.24000   39.71000  "Undefined"          0.0    -9.97  0.00000000
09.12.2023 14:54:26.421  13.60000000  13599.98918   0.00  -72.3   59.7  28.0  0.03  288.9     0.0  288.85    0.00    0.00     0.0  288.85    0.00    0.00     0.0  288.85    0.00    0.00   18.5     53666.421      5.50   47.24000   39.71000  "Undefined"          0.0   -10.82  0.00000000
09.12.2023 14:55:08.842  13.60000000  13599.99076   0.00 -105.4   24.6  28.0  0.00  288.8     0.0  288.80    0.00    0.00     0.0  288.80    0.00    0.00     0.0  288.80    0.00    0.00   23.9     53708.842      5.50   47.24000   39.71000  "Undefined"          0.0    -9.24  0.00000000
09.12.2023 14:55:08.842  13.60000000  13599.98991   0.00  -74.0   56.0  28.0  0.82  289.1     0.0  289.11    0.00    0.00     0.0  289.11    0.00    0.00     0.0  289.11    0.00    0.00   24.2     53708.842      5.50   47.24000   39.71000  "Undefined"          0.0   -10.09  0.00000000
09.12.2023 14:55:51.163  13.60000000  13599.98748   0.00 -105.9   20.1  28.0  1.51  288.9     0.0  288.87    0.00    0.00     0.0  288.87    0.00    0.00     0.0  288.87    0.00    0.00   25.0     53751.163      5.50   47.24000   39.71000  "Undefined"          0.0   -12.52  0.00000000
09.12.2023 14:55:51.163  13.60000000  13599.99392   0.00 -105.5   20.5  28.0  0.00  288.3     0.0  288.32    0.00    0.00     0.0  288.32    0.00    0.00     0.0  288.32    0.00    0.00   23.6     53751.163      5.50   47.24000   39.71000  "Undefined"          0.0    -6.08  0.00000000
09.12.2023 14:55:51.163  13.60000000  13599.98662   0.00 -104.0   22.0  28.0  0.00  288.3     0.0  288.31    0.00    0.00     0.0  288.31    0.00    0.00     0.0  288.31    0.00    0.00   24.2     53751.163      5.50   47.24000   39.71000  "Undefined"          0.0   -13.38  0.00000000
09.12.2023 14:56:33.654  13.60000000  13599.99039   0.00  -99.5   32.5  28.0  0.00   42.4     0.0   42.42    0.00    0.00     0.0   42.42    0.00    0.00     0.0   42.42    0.00    0.00   24.7     53793.654      5.50   47.24000   39.71000  "Undefined"          0.0    -9.61  0.00000000
09.12.2023 14:56:33.654  13.60000000  13599.98966   0.00  -80.3   51.7  28.0  1.38  288.5     0.0  288.48    0.00    0.00     0.0  288.48    0.00    0.00     0.0  288.48    0.00    0.00   10.8     53793.654      5.50   47.24000   39.71000  "Undefined"          0.0   -10.34  0.00000000
09.12.2023 14:57:16.075  13.60000000  13599.98918   0.00  -69.0   55.0  28.0  0.15  288.5     0.0  288.49    0.00    0.00     0.0  288.49    0.00    0.00     0.0  288.49    0.00    0.00   15.9     53836.075      5.50   47.24000   39.71000  "Undefined"          0.0   -10.82  0.00000000
09.12.2023 14:59:23.105  13.60000000  13599.98991   0.00  -78.9   53.1  28.0  5.62  288.3     0.0  288.26    0.00    0.00     0.0  288.26    0.00    0.00     0.0  288.26    0.00    0.00    3.9     53963.105      5.50   47.24000   39.71000  "Undefined"          0.0   -10.09  0.00000000
09.12.2023 14:59:23.105  13.60000000  13599.98954   0.00  -71.1   60.9  28.0  0.01  288.5     0.0  288.48    0.00    0.00     0.0  288.48    0.00    0.00     0.0  288.48    0.00    0.00   21.2     53963.105      5.50   47.24000   39.71000  "Undefined"          0.0   -10.46  0.00000000
