0 22.11.2019 07:00:07.947  17.65000000  17649.99842   0.00  -37.5   52.5  28.0  6.79   93.2  1764.3   93.18   44.10   61.99  3722.8   93.09   36.31   82.77     0.0   93.20    0.00    0.00    4.3     25207.947      5.50   47.23900   39.64200  F2               
0 22.11.2019 07:00:19.792  17.65000000  17649.99830   0.00  -38.1   51.9  28.0  5.81   93.3  1873.5   93.28   43.74   63.26  3996.7   93.15   34.92   85.28     0.0   93.32    0.00    0.00    3.9     25219.792      5.50   47.23900   39.64200  F2               
0 22.11.2019 07:00:31.438  17.65000000  17649.99891   0.00  -64.0   20.0  28.0  8.55   90.9  1596.2   90.93   45.12   60.21  3218.7   90.90   39.59   78.55     0.0   90.92    0.00    0.00   14.2     25231.438      5.50   47.23900   39.64200  F2               
0 22.11.2019 07:00:31.438  17.65000000  17649.99842   0.00  -30.9   53.1  28.0  6.68   93.1  1772.7   93.03   44.11   62.11  3744.9   92.94   36.27   83.04     0.0   93.05    0.00    0.00    3.3     25231.438      5.50   47.23900   39.64200  F2               
0 22.11.2019 07:00:42.993  17.65000000  17649.99842   0.00  -36.0   52.0  28.0  4.57   92.7  2032.5   92.61   43.43   65.20     0.0   92.67    0.00    0.00     0.0   92.67    0.00    0.00    6.1     25242.993      5.50   47.23900   39.64200  F2               
0 22.11.2019 07:00:54.598  17.65000000  17649.99842   0.00  -37.9   52.1  28.0  9.14   93.0  1559.4   92.97   44.73   59.56  3146.7   92.96   39.03   77.20     0.0   92.96    0.00    0.00    3.2     25254.598      5.50   47.23900   39.64200  F2               
0 22.11.2019 07:01:05.997  17.65000000  17649.99842   0.00  -25.4   50.6  28.0  7.96   92.9  1652.0   92.94   44.48   60.68  3402.3   92.90   37.91   79.77     0.0   92.94    0.00    0.00    3.2     25265.997      5.50   47.23900   39.64200  F2               
0 22.11.2019 07:01:17.552  17.65000000  17649.99830   0.00  -38.7   51.3  28.0  6.00   93.2  1851.0   93.21   43.83   63.00  3946.1   93.09   35.20   84.84     0.0   93.24    0.00    0.00    3.9     25277.552      5.50   47.23900   39.64200  F2               
0 22.11.2019 07:01:29.157  17.65000000  17649.99842   0.00  -31.6   52.4  28.0  8.05   93.0  1643.8   92.95   44.50   60.58  3378.8   92.91   38.01   79.53     0.0   92.96    0.00    0.00    3.9     25289.157      5.50   47.23900   39.64200  F2               
0 22.11.2019 07:01:40.630  17.65000000  17649.99842   0.00  -31.6   54.4  28.0  8.78   93.0  1586.1   93.03   44.65   59.88  3218.6   93.01   38.70   77.91     0.0   93.02    0.00    0.00    2.8     25300.630      5.50   47.23900   39.64200  F2               
0 22.11.2019 07:01:52.164  17.65000000  17649.99842   0.00  -29.8   52.2  28.0  8.58   93.1  1601.5   93.07   44.59   60.06  3262.0   93.05   38.49   78.33     0.0   93.07    0.00    0.00    3.3     25312.164      5.50   47.23900   39.64200  F2               
0 22.11.2019 07:02:03.947  17.65000000  17649.99842   0.00  -29.9   52.1  28.0  7.13   93.1  1729.4   93.08   44.23   61.59  3625.2   93.00   36.82   81.88     0.0   93.09    0.00    0.00    3.5     25323.947      5.50   47.23900   39.64200  F2               
0 22.11.2019 07:02:15.588  17.65000000  17649.99842   0.00  -32.5   55.5  28.0  7.64   93.1  1680.5   93.05   44.38   61.01  3482.6   92.99   37.50   80.52     0.0   93.06    0.00    0.00    3.5     25335.588      5.50   47.23900   39.64200  F2               
0 22.11.2019 07:02:27.515  17.65000000  17649.99842   0.00  -28.4   49.6  28.0  7.68   93.1  1677.4   93.12   44.37   60.96  3476.3   93.07   37.49   80.43     0.0   93.13    0.00    0.00    3.0     25347.515      5.50   47.23900   39.64200  F2               
0 22.11.2019 07:02:38.979  17.65000000  17649.99842   0.00  -30.3   51.7  28.0  7.71   93.1  1674.9   93.13   44.37   60.93  3469.2   93.08   37.52   80.36     0.0   93.14    0.00    0.00    3.6     25358.979      5.50   47.23900   39.64200  F2               
0 22.11.2019 07:02:50.625  17.65000000  17649.99842   0.00  -29.7   52.3  28.0  7.72   93.2  1674.3   93.15   44.37   60.92  3467.9   93.10   37.52   80.34     0.0   93.16    0.00    0.00    3.6     25370.625      5.50   47.23900   39.64200  F2               
0 22.11.2019 07:03:02.201  17.65000000  17649.99891   0.00  -66.4   21.6  28.0  9.36   96.6  1556.1   96.59   43.91   59.12  3175.3   96.59   37.42   76.37     0.0   96.59    0.00    0.00   27.1     25382.201      5.50   47.23900   39.64200  F2               
0 22.11.2019 07:03:02.201  17.65000000  17649.99818   0.00  -53.8   34.2  28.0  6.06   93.8  1846.6   93.75   43.70   62.88  3936.4   93.63   35.00   84.54     0.0   93.79    0.00    0.00    3.0     25382.201      5.50   47.23900   39.64200  F2               
0 22.11.2019 07:03:02.201  17.65000000  17649.99854   0.00  -36.1   51.9  28.0  8.99   93.1  1570.4   93.12   44.67   59.68  3178.2   93.11   38.83   77.47     0.0   93.11    0.00    0.00    2.9     25382.201      5.50   47.23900   39.64200  F2               
0 22.11.2019 07:03:13.727  17.65000000  17649.99854   0.00  -26.7   57.3  28.0  7.95   93.0  1652.6   93.02   44.46   60.68  3405.1   92.98   37.87   79.77     0.0   93.02    0.00    0.00    3.1     25393.727      5.50   47.23900   39.64200  F2               
0 22.11.2019 07:03:25.253  17.65000000  17649.99842   0.00  -28.7   53.3  28.0  8.01   93.0  1648.3   93.04   44.47   60.62  3392.4   93.00   37.91   79.63     0.0   93.05    0.00    0.00    2.8     25405.253      5.50   47.23900   39.64200  F2               
0 22.11.2019 07:03:37.088  17.65000000  17649.99903   0.00  -60.3   21.7  28.0 13.04   91.1  1309.6   91.12   45.73   56.64  2600.3   91.16   41.94   71.89  3914.4   91.20   36.28   85.29   13.1     25417.088      5.50   47.23900   39.64200  F2               
0 22.11.2019 07:03:37.088  17.65000000  17649.99793   0.00  -59.4   22.6  28.0 13.60   87.7  1267.8   87.69   46.48   56.31  2519.3   87.72   43.47   71.68  3772.7   87.76   38.60   85.19   27.7     25417.088      5.50   47.23900   39.64200  F2               
0 22.11.2019 07:03:37.088  17.65000000  17649.99854   0.00  -29.7   52.3  28.0  8.28   93.1  1625.3   93.06   44.53   60.35  3327.7   93.03   38.20   78.99     0.0   93.07    0.00    0.00    2.9     25417.088      5.50   47.23900   39.64200  F2               
0 22.11.2019 07:03:48.835  17.65000000  17649.99854   0.00  -27.2   50.8  28.0  7.99   93.1  1649.9   93.05   44.46   60.64  3397.3   93.00   37.89   79.68     0.0   93.05    0.00    0.00    2.8     25428.835      5.50   47.23900   39.64200  F2               
0 22.11.2019 07:04:00.604  17.65000000  17649.99854   0.00  -32.3   53.7  28.0  8.52   93.0  1605.1   93.05   44.59   60.11  3271.6   93.02   38.45   78.44     0.0   93.04    0.00    0.00    3.0     25440.604      5.50   47.23900   39.64200  F2               
0 22.11.2019 07:04:12.348  17.65000000  17649.99854   0.00  -27.3   50.7  28.0  7.60   92.9  1683.9   92.88   44.41   61.07  3492.3   92.82   37.53   80.67     0.0   92.89    0.00    0.00    3.3     25452.348      5.50   47.23900   39.64200  F2               
0 22.11.2019 07:04:23.835  17.65000000  17649.99769   0.00  -71.5   20.5  28.0  6.48   92.3  1792.2   92.23   44.27   62.44  3792.5   92.14   36.41   83.78     0.0   92.26    0.00    0.00    3.4     25463.835      5.50   47.23900   39.64200  F2               
0 22.11.2019 07:04:23.835  17.65000000  17649.99842   0.00  -32.1   59.9  28.0  7.02   93.1  1740.0   93.05   44.20   61.71  3654.9   92.98   36.69   82.17     0.0   93.07    0.00    0.00    4.0     25463.835      5.50   47.23900   39.64200  F2               
0 22.11.2019 07:04:35.427  17.65000000  17649.99842   0.00  -29.0   49.0  28.0  7.50   93.0  1691.1   92.99   44.36   61.14  3510.9   92.94   37.39   80.81     0.0   93.00    0.00    0.00    3.4     25475.427      5.50   47.23900   39.64200  F2               
0 22.11.2019 07:04:46.979  17.65000000  17649.99842   0.00  -34.9   55.1  28.0  8.63   93.3  1598.4   93.32   44.54   59.99  3257.0   93.30   38.40   78.20     0.0   93.31    0.00    0.00    3.1     25486.979      5.50   47.23900   39.64200  F2               
0 22.11.2019 07:04:58.438  17.65000000  17649.99842   0.00  -29.4   48.6  28.0  7.58   92.9  1686.0   92.93   44.39   61.09  3499.5   92.88   37.47   80.72     0.0   92.94    0.00    0.00    3.2     25498.438      5.50   47.23900   39.64200  F2               
0 22.11.2019 07:05:10.104  17.65000000  17649.99915   0.00  -68.1   21.9  28.0 41.65   92.4   606.5   91.76   46.79   47.62  1169.6   91.29   45.98   54.87  1716.6   91.02   44.79   61.67   26.4     25510.104      5.50   47.23900   39.64200  F2               
0 22.11.2019 07:05:10.104  17.65000000  17649.99854   0.00  -37.7   52.3  28.0  8.68   92.9  1593.4   92.95   44.64   59.97  3238.1   92.93   38.64   78.13     0.0   92.95    0.00    0.00    3.1     25510.104      5.50   47.23900   39.64200  F2               
0 22.11.2019 07:05:21.983  17.65000000  17649.99842   0.00  -36.9   51.1  28.0  8.27   93.2  1627.1   93.22   44.49   60.35  3334.9   93.19   38.10   79.01     0.0   93.22    0.00    0.00    3.0     25521.983      5.50   47.23900   39.64200  F2               
0 22.11.2019 07:05:33.834  17.65000000  17649.99842   0.00  -41.1   48.9  28.0  5.22   93.5  1949.1   93.42   43.46   64.12     0.0   93.47    0.00    0.00     0.0   93.47    0.00    0.00   20.3     25533.834      5.50   47.23900   39.64200  F2               
0 22.11.2019 07:05:45.483  17.65000000  17649.99891   0.00  -64.6   21.4  28.0  8.87   91.6  1574.9   91.64   45.00   59.88  3170.9   91.63   39.49   77.84     0.0   91.63    0.00    0.00    2.8     25545.483      5.50   47.23900   39.64200  F2               
0 22.11.2019 07:05:45.483  17.65000000  17649.99842   0.00  -35.8   50.2  28.0  7.42   92.9  1700.3   92.90   44.36   61.26  3537.8   92.84   37.31   81.10     0.0   92.91    0.00    0.00    3.1     25545.483      5.50   47.23900   39.64200  F2               
0 22.11.2019 07:05:57.174  17.65000000  17649.99793   0.00  -65.9   20.1  28.0 11.09   91.3  1441.9   91.30   45.40   58.28  2833.2   91.33   40.99   74.38     0.0   91.28    0.00    0.00   10.2     25557.174      5.50   47.23900   39.64200  F2               
0 22.11.2019 07:05:57.174  17.65000000  17649.99842   0.00  -33.1   52.9  28.0  9.51   93.2  1535.0   93.21   44.74   59.24  3085.4   93.22   39.20   76.51     0.0   93.20    0.00    0.00    2.6     25557.174      5.50   47.23900   39.64200  F2               
0 22.11.2019 07:06:08.779  17.65000000  17649.99842   0.00  -35.6   56.4  28.0  8.05   93.0  1644.0   93.05   44.48   60.57  3380.7   93.01   37.96   79.52     0.0   93.05    0.00    0.00    4.2     25568.779      5.50   47.23900   39.64200  F2               
0 22.11.2019 07:06:20.494  17.65000000  17649.99903   0.00  -66.9   21.1  28.0  6.33   86.7  1785.7   86.72   45.75   62.96  3657.3   86.66   39.64   84.40     0.0   86.74    0.00    0.00   11.7     25580.494      5.50   47.23900   39.64200  F2               
0 22.11.2019 07:06:20.494  17.65000000  17649.99781   0.00  -66.3   21.7  28.0  9.42   96.1  1550.8   96.14   44.03   59.11  3158.4   96.14   37.68   76.34     0.0   96.14    0.00    0.00   12.6     25580.494      5.50   47.23900   39.64200  F2               
0 22.11.2019 07:06:20.494  17.65000000  17649.99842   0.00  -34.3   53.7  28.0  7.75   92.8  1669.3   92.75   44.48   60.91  3449.3   92.70   37.78   80.29     0.0   92.76    0.00    0.00    3.9     25580.494      5.50   47.23900   39.64200  F2               
0 22.11.2019 07:06:32.394  17.65000000  17649.99842   0.00  -35.4   52.6  28.0  6.84   92.6  1754.7   92.54   44.29   61.95  3690.1   92.46   36.76   82.69     0.0   92.56    0.00    0.00    5.4     25592.394      5.50   47.23900   39.64200  F2               
0 22.11.2019 07:06:44.058  17.65000000  17649.99842   0.00  -36.0   52.0  28.0  9.19   92.9  1555.6   92.89   44.76   59.52  3135.5   92.89   39.11   77.11     0.0   92.88    0.00    0.00    3.3     25604.058      5.50   47.23900   39.64200  F2               
0 22.11.2019 07:06:55.753  17.65000000  17649.99769   0.00  -61.9   20.1  28.0 38.55   92.9   623.0   92.39   46.71   47.82  1216.1   92.04   45.75   55.41  1798.6   91.87   44.34   62.56   24.5     25615.753      5.50   47.23900   39.64200  F2               
0 22.11.2019 07:06:55.753  17.65000000  17649.99842   0.00  -29.8   52.2  28.0  7.40   93.0  1702.5   92.95   44.34   61.28  3545.2   92.89   37.25   81.16     0.0   92.96    0.00    0.00    3.5     25615.753      5.50   47.23900   39.64200  F2               
0 22.11.2019 07:07:07.171  17.65000000  17649.99842   0.00  -30.9   51.1  28.0  6.79   92.9  1762.8   92.86   44.19   62.01  3717.7   92.78   36.48   82.84     0.0   92.88    0.00    0.00    3.5     25627.171      5.50   47.23900   39.64200  F2               
0 22.11.2019 07:07:18.894  17.65000000  17649.99842   0.00  -38.4   51.6  28.0  6.18   92.7  1827.7   92.67   44.05   62.80  3887.6   92.57   35.75   84.51     0.0   92.70    0.00    0.00    4.1     25638.894      5.50   47.23900   39.64200  F2               
0 22.11.2019 07:07:30.960  17.65000000  17649.99842   0.00  -40.7   53.3  28.0  1.06   92.6  2587.2   92.48   41.52   71.45     0.0   92.59    0.00    0.00     0.0   92.59    0.00    0.00    5.9     25650.960      5.50   47.23900   39.64200  F2               
0 22.11.2019 07:07:42.740  17.65000000  17649.99915   0.00  -71.2   22.8  28.0  7.12   90.3  1724.3   90.32   44.95   61.84  3577.2   90.26   38.30   82.37     0.0   90.34    0.00    0.00    2.8     25662.740      5.50   47.23900   39.64200  F2               
0 22.11.2019 07:07:42.740  17.65000000  17649.99854   0.00  -42.9   51.1  28.0  8.19   92.9  1631.9   92.90   44.55   60.44  3345.0   92.87   38.19   79.21     0.0   92.90    0.00    0.00    2.9     25662.740      5.50   47.23900   39.64200  F2               
0 22.11.2019 07:07:54.884  17.65000000  17649.99842   0.00  -36.9   51.1  28.0  8.65   93.1  1595.7   93.07   44.61   59.99  3245.0   93.05   38.56   78.16     0.0   93.07    0.00    0.00    3.4     25674.884      5.50   47.23900   39.64200  F2               
0 22.11.2019 07:08:06.447  17.65000000  17649.99842   0.00  -33.1   52.9  28.0  8.30   93.2  1624.3   93.18   44.50   60.32  3326.7   93.15   38.15   78.94     0.0   93.19    0.00    0.00    2.8     25686.447      5.50   47.23900   39.64200  F2               
0 22.11.2019 07:08:18.115  17.65000000  17649.99842   0.00  -39.9   52.1  28.0 10.96   93.9  1452.5   93.95   44.80   58.17  2885.3   93.99   39.75   74.24     0.0   93.93    0.00    0.00    4.8     25698.115      5.50   47.23900   39.64200  F2               
0 22.11.2019 07:08:30.250  17.65000000  17649.99842   0.00  -42.0   50.0  28.0  9.60   94.1  1532.0   94.07   44.55   59.12  3087.5   94.08   38.84   76.27     0.0   94.06    0.00    0.00   15.3     25710.250      5.50   47.23900   39.64200  F2               
0 22.11.2019 07:08:42.023  17.65000000  17649.99842   0.00  -32.4   49.6  28.0  7.34   93.1  1708.7   93.08   44.29   61.34  3565.4   93.01   37.10   81.31     0.0   93.09    0.00    0.00    3.6     25722.023      5.50   47.23900   39.64200  F2               
0 22.11.2019 07:08:53.615  17.65000000  17649.99842   0.00  -35.6   50.4  28.0  7.83   93.0  1663.7   92.97   44.44   60.82  3435.1   92.92   37.75   80.08     0.0   92.98    0.00    0.00    2.8     25733.615      5.50   47.23900   39.64200  F2               
0 22.11.2019 07:09:05.220  17.65000000  17649.99842   0.00  -35.1   50.9  28.0  7.64   93.2  1681.0   93.22   44.33   60.99  3486.6   93.17   37.40   80.49     0.0   93.24    0.00    0.00    3.0     25745.220      5.50   47.23900   39.64200  F2               
0 22.11.2019 07:09:16.852  17.65000000  17649.99842   0.00  -33.3   52.7  28.0  7.90   93.3  1658.2   93.32   44.37   60.71  3426.5   93.27   37.64   79.88     0.0   93.32    0.00    0.00    2.6     25756.852      5.50   47.23900   39.64200  F2               
0 22.11.2019 07:09:28.377  17.65000000  17649.99781   0.00  -65.4   20.6  28.0  4.60   94.8  2040.7   94.73   42.78   64.96     0.0   94.80    0.00    0.00     0.0   94.80    0.00    0.00   26.1     25768.377      5.50   47.23900   39.64200  F2               
0 22.11.2019 07:09:28.377  17.65000000  17649.99903   0.00  -65.1   20.9  28.0  7.35   93.8  1710.8   93.81   44.10   61.28  3576.9   93.74   36.72   81.16     0.0   93.83    0.00    0.00    7.5     25768.377      5.50   47.23900   39.64200  F2               
0 22.11.2019 07:09:28.377  17.65000000  17649.99842   0.00  -34.6   51.4  28.0  8.70   93.4  1593.9   93.39   44.54   59.93  3244.7   93.37   38.43   78.06     0.0   93.38    0.00    0.00    2.7     25768.377      5.50   47.23900   39.64200  F2               
0 22.11.2019 07:09:40.190  17.65000000  17649.99793   0.00  -62.4   21.6  28.0 12.56   98.0  1353.3   97.95   44.26   56.59  2706.1   97.98   39.06   71.35     0.0   97.96    0.00    0.00   15.4     25780.190      5.50   47.23900   39.64200  F2               
0 22.11.2019 07:09:40.190  17.65000000  17649.99842   0.00  -33.0   51.0  28.0  7.60   93.1  1685.0   93.13   44.34   61.05  3497.0   93.07   37.39   80.63     0.0   93.14    0.00    0.00    2.9     25780.190      5.50   47.23900   39.64200  F2               
0 22.11.2019 07:09:51.752  17.65000000  17649.99842   0.00  -37.4   50.6  28.0  7.96   92.9  1651.4   92.91   44.49   60.67  3399.7   92.87   37.94   79.75     0.0   92.92    0.00    0.00    3.3     25791.752      5.50   47.23900   39.64200  F2               
0 22.11.2019 07:10:03.293  17.65000000  17649.99842   0.00  -35.3   50.7  28.0  6.56   93.1  1787.4   93.06   44.06   62.28  3786.5   92.96   36.06   83.42     0.0   93.08    0.00    0.00    3.4     25803.293      5.50   47.23900   39.64200  F2               
0 22.11.2019 07:10:14.983  17.65000000  17649.99842   0.00  -36.4   51.6  28.0  8.11   92.8  1637.9   92.81   44.55   60.52  3360.0   92.78   38.16   79.39     0.0   92.82    0.00    0.00    5.6     25814.983      5.50   47.23900   39.64200  F2               
0 22.11.2019 07:10:26.563  17.65000000  17649.99842   0.00  -33.8   56.2  28.0  6.71   93.1  1770.0   93.09   44.11   62.07  3738.6   93.00   36.27   82.95     0.0   93.11    0.00    0.00    3.9     25826.563      5.50   47.23900   39.64200  F2               
0 22.11.2019 07:10:38.509  17.65000000  17649.99842   0.00  -41.1   50.9  28.0  4.82   93.3  2000.3   93.22   43.36   64.74     0.0   93.27    0.00    0.00     0.0   93.27    0.00    0.00   10.1     25838.509      5.50   47.23900   39.64200  F2               
0 22.11.2019 07:10:50.278  17.65000000  17649.99842   0.00  -32.6   55.4  28.0  9.11   93.2  1537.4   93.23   44.73   59.27  3194.7   93.21   38.72   77.61     0.0   93.22    0.00    0.00    4.0     25850.278      5.50   47.23900   39.64200  F2               
0 22.11.2019 07:11:01.984  17.65000000  17649.99842   0.00  -36.3   51.7  28.0  7.92   92.9  1634.8   92.86   44.55   60.48  3472.4   92.81   37.63   80.48     0.0   92.87    0.00    0.00    6.5     25861.984      5.50   47.23900   39.64200  F2               
0 22.11.2019 07:11:13.430  17.65000000  17649.99696   0.00  -67.7   22.3  28.0 39.44   92.6   603.2   92.15   46.76   47.57  1186.6   91.90   45.83   55.05  1766.1   91.81   44.45   62.18   24.4     25873.430      5.50   47.23900   39.64200  F2               
0 22.11.2019 07:11:13.430  17.65000000  17649.99988   0.00  -67.1   22.9  28.0  1.68   93.5  2524.8   93.39   41.44   70.58     0.0   93.50    0.00    0.00     0.0   93.50    0.00    0.00    8.1     25873.430      5.50   47.23900   39.64200  F2               
0 22.11.2019 07:11:13.430  17.65000000  17649.99842   0.00  -31.8   58.2  28.0  5.37   92.9  1921.2   92.81   43.72   63.88     0.0   92.86    0.00    0.00     0.0   92.86    0.00    0.00    4.3     25873.430      5.50   47.23900   39.64200  F2               
0 22.11.2019 07:11:24.947  17.65000000  17649.99842   0.00  -38.5   51.5  28.0  4.63   92.7  2024.0   92.61   43.45   65.10     0.0   92.67    0.00    0.00     0.0   92.67    0.00    0.00    4.0     25884.947      5.50   47.23900   39.64200  F2               
0 22.11.2019 07:11:36.440  17.65000000  17649.99842   0.00  -35.1   50.9  28.0  7.41   93.2  1685.0   93.23   44.32   61.04  3629.9   93.16   36.73   81.87     0.0   93.25    0.00    0.00    2.9     25896.440      5.50   47.23900   39.64200  F2               
0 22.11.2019 07:11:48.052  17.65000000  17649.99842   0.00  -35.5   50.5  28.0  4.03   92.7  2113.8   92.64   43.15   66.13     0.0   92.71    0.00    0.00     0.0   92.71    0.00    0.00    6.3     25908.052      5.50   47.23900   39.64200  F2               
0 22.11.2019 07:11:59.323  17.65000000  17649.99842   0.00  -29.7   52.3  28.0  6.51   92.7  1779.9   92.71   44.18   62.23  3896.4   92.61   35.68   84.57     0.0   92.75    0.00    0.00    3.7     25919.323      5.50   47.23900   39.64200  F2               
0 22.11.2019 07:12:11.055  17.65000000  17649.99842   0.00  -31.1   52.9  28.0  6.89   93.2  1739.1   93.16   44.18   61.69  3788.8   93.07   35.99   83.40     0.0   93.19    0.00    0.00    3.1     25931.055      5.50   47.23900   39.64200  F2               
0 22.11.2019 07:12:22.664  17.65000000  17649.99842   0.00  -28.3   53.7  28.0  6.49   93.2  1783.5   93.17   44.05   62.22  3907.2   93.06   35.41   84.50     0.0   93.20    0.00    0.00    3.2     25942.664      5.50   47.23900   39.64200  F2               
0 22.11.2019 07:12:34.259  17.65000000  17649.99842   0.00  -30.0   52.0  28.0  6.71   93.4  1760.1   93.33   44.07   61.92  3847.7   93.23   35.63   83.88     0.0   93.36    0.00    0.00    3.0     25954.259      5.50   47.23900   39.64200  F2               
0 22.11.2019 07:12:45.825  17.65000000  17649.99842   0.00  -28.2   49.8  28.0  6.95   93.2  1733.4   93.22   44.18   61.62  3778.0   93.13   36.02   83.27     0.0   93.25    0.00    0.00    2.9     25965.825      5.50   47.23900   39.64200  F2               
0 22.11.2019 07:12:57.253  17.65000000  17649.99842   0.00  -31.1   54.9  28.0  6.75   93.2  1754.9   93.20   44.12   61.87  3832.5   93.10   35.77   83.79     0.0   93.23    0.00    0.00    3.1     25977.253      5.50   47.23900   39.64200  F2               
0 22.11.2019 07:13:09.003  17.65000000  17649.99842   0.00  -31.7   52.3  28.0  6.84   93.2  1745.0   93.18   44.16   61.76  3807.1   93.08   35.90   83.56     0.0   93.21    0.00    0.00    2.9     25989.003      5.50   47.23900   39.64200  F2               
0 22.11.2019 07:13:20.529  17.65000000  17649.99842   0.00  -37.9   50.1  28.0  7.03   93.5  1726.1   93.43   44.15   61.50  3754.1   93.34   36.04   82.97     0.0   93.46    0.00    0.00    2.6     26000.529      5.50   47.23900   39.64200  F2               
0 22.11.2019 07:13:32.269  17.65000000  17649.99842   0.00  -29.3   56.7  28.0  7.01   93.1  1726.1   93.06   44.24   61.55  3749.5   92.97   36.23   83.07     0.0   93.09    0.00    0.00    3.3     26012.269      5.50   47.23900   39.64200  F2               
0 22.11.2019 07:13:43.977  17.65000000  17649.99842   0.00  -29.0   53.0  28.0  6.82   93.0  1745.9   92.96   44.21   61.80  3806.4   92.86   36.01   83.64     0.0   92.98    0.00    0.00    3.4     26023.977      5.50   47.23900   39.64200  F2               
0 22.11.2019 07:13:55.533  17.65000000  17649.99842   0.00  -26.7   55.3  28.0  6.80   93.2  1748.5   93.14   44.16   61.81  3815.6   93.04   35.88   83.66     0.0   93.17    0.00    0.00    3.0     26035.533      5.50   47.23900   39.64200  F2               
0 22.11.2019 07:14:07.171  17.65000000  17649.99842   0.00  -28.0   54.0  28.0  7.79   93.3  1648.6   93.25   44.42   60.60  3520.6   93.20   37.23   80.81     0.0   93.27    0.00    0.00    3.5     26047.171      5.50   47.23900   39.64200  F2               
0 22.11.2019 07:14:18.736  17.65000000  17649.99842   0.00  -34.1   53.9  28.0  7.00   93.1  1727.5   93.07   44.24   61.56  3754.7   92.99   36.20   83.11     0.0   93.10    0.00    0.00    4.2     26058.736      5.50   47.23900   39.64200  F2               
0 22.11.2019 07:14:30.230  17.65000000  17649.99842   0.00  -35.6   52.4  28.0  7.00   93.2  1727.5   93.14   44.22   61.56  3755.0   93.05   36.17   83.09     0.0   93.17    0.00    0.00    3.6     26070.230      5.50   47.23900   39.64200  F2               
0 22.11.2019 07:14:41.788  17.65000000  17649.99830   0.00  -39.0   51.0  28.0 10.10   93.9  1469.0   93.88   44.77   58.38  3024.2   93.90   39.19   75.69     0.0   93.86    0.00    0.00    2.6     26081.788      5.50   47.23900   39.64200  F2               
0 22.11.2019 07:14:53.104  17.65000000  17649.99842   0.00  -36.2   51.8  28.0  4.27   92.7  2078.3   92.65   43.27   65.72     0.0   92.72    0.00    0.00     0.0   92.72    0.00    0.00    6.9     26093.104      5.50   47.23900   39.64200  F2               
0 22.11.2019 07:15:04.698  17.65000000  17649.99842   0.00  -45.5   54.5  28.0 11.17   94.1  1406.6   94.12   44.88   57.60  2871.7   94.17   39.74   74.05     0.0   94.09    0.00    0.00   22.0     26104.698      5.50   47.23900   39.64200  F2               
0 22.11.2019 07:15:16.444  17.65000000  17649.99842   0.00  -28.5   53.5  28.0  7.17   93.1  1709.5   93.12   44.27   61.34  3702.4   93.04   36.43   82.60     0.0   93.15    0.00    0.00    2.8     26116.444      5.50   47.23900   39.64200  F2               
0 22.11.2019 07:15:28.102  17.65000000  17649.99842   0.00  -29.0   55.0  28.0  7.23   93.0  1702.3   92.97   44.34   61.28  3679.1   92.89   36.61   82.43     0.0   92.99    0.00    0.00    2.9     26128.102      5.50   47.23900   39.64200  F2               
0 22.11.2019 07:15:39.789  17.65000000  17649.99842   0.00  -28.9   55.1  28.0  8.17   93.3  1613.9   93.26   44.51   60.19  3416.9   93.21   37.71   79.80     0.0   93.27    0.00    0.00    3.4     26139.789      5.50   47.23900   39.64200  F2               
0 22.11.2019 07:15:51.296  17.65000000  17649.99842   0.00  -32.5   51.5  28.0  7.86   93.1  1641.0   93.06   44.49   60.53  3494.1   93.01   37.44   80.62     0.0   93.07    0.00    0.00    3.5     26151.296      5.50   47.23900   39.64200  F2               
0 22.11.2019 07:16:02.864  17.65000000  17649.99842   0.00  -34.6   57.4  28.0  9.49   93.6  1509.3   93.57   44.73   58.90  3125.7   93.57   38.88   76.81     0.0   93.56    0.00    0.00    3.7     26162.864      5.50   47.23900   39.64200  F2               
0 22.11.2019 07:16:14.642  17.65000000  17649.99842   0.00  -32.5   53.5  28.0  7.64   93.2  1662.1   93.21   44.39   60.77  3560.4   93.15   37.06   81.21     0.0   93.23    0.00    0.00    3.0     26174.642      5.50   47.23900   39.64200  F2               
0 22.11.2019 07:16:26.269  17.65000000  17649.99842   0.00  -33.0   55.0  28.0  6.52   93.1  1780.5   93.04   44.09   62.20  3898.1   92.93   35.52   84.46     0.0   93.07    0.00    0.00    2.8     26186.269      5.50   47.23900   39.64200  F2               
0 22.11.2019 07:16:37.960  17.65000000  17649.99842   0.00  -29.3   54.7  28.0  7.64   93.3  1662.6   93.25   44.38   60.77  3562.4   93.19   37.04   81.22     0.0   93.27    0.00    0.00    2.6     26197.960      5.50   47.23900   39.64200  F2               
0 22.11.2019 07:16:49.578  17.65000000  17649.99842   0.00  -33.5   54.5  28.0  8.03   93.3  1626.4   93.31   44.47   60.33  3453.4   93.26   37.52   80.14     0.0   93.32    0.00    0.00    2.7     26209.578      5.50   47.23900   39.64200  F2               
0 22.11.2019 07:17:01.055  17.65000000  17649.99842   0.00  -47.2   50.8  28.0  7.56   94.2  1674.5   94.13   44.13   60.81  3607.4   94.06   36.43   81.33     0.0   94.15    0.00    0.00    5.5     26221.055      5.50   47.23900   39.64200  F2               
0 22.11.2019 07:17:13.016  17.65000000  17649.99842   0.00  -35.8   52.2  28.0  8.02   93.3  1627.3   93.32   44.46   60.34  3456.5   93.27   37.50   80.17     0.0   93.33    0.00    0.00    2.9     26233.016      5.50   47.23900   39.64200  F2               
0 22.11.2019 07:17:24.588  17.65000000  17649.99842   0.00  -27.1   50.9  28.0  7.01   93.3  1726.3   93.25   44.19   61.53  3752.3   93.16   36.13   83.02     0.0   93.28    0.00    0.00    2.9     26244.588      5.50   47.23900   39.64200  F2               
0 22.11.2019 07:17:36.190  17.65000000  17649.99842   0.00  -38.2   51.8  28.0  5.92   93.2  1851.2   93.16   43.84   63.01     0.0   93.21    0.00    0.00     0.0   93.21    0.00    0.00    2.9     26256.190      5.50   47.23900   39.64200  F2               
0 22.11.2019 07:17:47.628  17.65000000  17649.99842   0.00  -33.2   52.8  28.0  6.60   93.2  1771.3   93.20   44.08   62.07  3878.4   93.09   35.54   84.22     0.0   93.23    0.00    0.00    3.1     26267.628      5.50   47.23900   39.64200  F2               
0 22.11.2019 07:17:59.348  17.65000000  17649.99842   0.00  -28.5   57.5  28.0  7.48   93.4  1678.6   93.35   44.31   60.95  3612.9   93.28   36.75   81.67     0.0   93.37    0.00    0.00    2.7     26279.348      5.50   47.23900   39.64200  F2               
0 22.11.2019 07:18:11.095  17.65000000  17649.99842   0.00  -30.1   49.9  28.0  7.42   93.2  1684.7   93.22   44.32   61.04  3629.3   93.15   36.74   81.87     0.0   93.24    0.00    0.00    2.9     26291.095      5.50   47.23900   39.64200  F2               
0 22.11.2019 07:18:22.664  17.65000000  17649.99842   0.00  -27.8   50.2  28.0  6.44   93.2  1789.5   93.20   44.02   62.28  3921.7   93.09   35.33   84.62     0.0   93.23    0.00    0.00    3.0     26302.664      5.50   47.23900   39.64200  F2               
0 22.11.2019 07:18:34.197  17.65000000  17649.99842   0.00  -27.1   50.9  28.0  6.57   93.1  1773.8   93.04   44.11   62.12  3882.5   92.94   35.60   84.32     0.0   93.07    0.00    0.00    3.1     26314.197      5.50   47.23900   39.64200  F2               
0 22.11.2019 07:18:45.785  17.65000000  17649.99842   0.00  -28.5   57.5  28.0  6.57   93.2  1774.1   93.14   44.08   62.11  3883.6   93.04   35.54   84.29     0.0   93.17    0.00    0.00    3.1     26325.785      5.50   47.23900   39.64200  F2               
0 22.11.2019 07:18:57.595  17.65000000  17649.99842   0.00  -34.5   59.5  28.0  7.43   93.3  1683.3   93.32   44.30   61.01  3626.3   93.25   36.70   81.80     0.0   93.34    0.00    0.00    2.9     26337.595      5.50   47.23900   39.64200  F2               
0 22.11.2019 07:19:09.186  17.65000000  17649.99842   0.00  -36.6   51.4  28.0  8.19   93.3  1612.2   93.30   44.51   60.16  3412.3   93.26   37.71   79.74     0.0   93.31    0.00    0.00    3.4     26349.186      5.50   47.23900   39.64200  F2               
0 22.11.2019 07:19:20.789  17.65000000  17649.99842   0.00  -34.9   51.1  28.0  7.42   93.2  1683.8   93.18   44.34   61.03  3626.5   93.11   36.77   81.86     0.0   93.20    0.00    0.00    3.1     26360.789      5.50   47.23900   39.64200  F2               
0 22.11.2019 07:19:32.391  17.65000000  17649.99781   0.00  -65.6   20.4  28.0  6.23   96.9  1834.6   96.79   42.93   62.30     0.0   96.85    0.00    0.00     0.0   96.85    0.00    0.00   21.5     26372.391      5.50   47.23900   39.64200  F2               
0 22.11.2019 07:19:32.391  17.65000000  17649.99842   0.00  -33.9   52.1  28.0  7.28   93.3  1698.9   93.24   44.28   61.20  3672.0   93.16   36.52   82.27     0.0   93.26    0.00    0.00    2.8     26372.391      5.50   47.23900   39.64200  F2               
0 22.11.2019 07:19:44.046  17.65000000  17649.99842   0.00  -34.7   51.3  28.0  6.66   93.2  1764.1   93.16   44.11   61.99  3857.0   93.06   35.67   84.03     0.0   93.19    0.00    0.00    2.8     26384.046      5.50   47.23900   39.64200  F2               
0 22.11.2019 07:19:55.558  17.65000000  17649.99842   0.00  -30.1   53.9  28.0  6.92   93.2  1735.6   93.16   44.19   61.65  3784.0   93.07   36.02   83.35     0.0   93.18    0.00    0.00    2.7     26395.558      5.50   47.23900   39.64200  F2               
0 22.11.2019 07:20:07.209  17.65000000  17649.99842   0.00  -32.7   53.3  28.0  6.80   93.2  1748.7   93.16   44.15   61.80  3816.0   93.06   35.87   83.65     0.0   93.19    0.00    0.00    2.9     26407.209      5.50   47.23900   39.64200  F2               
0 22.11.2019 07:20:18.848  17.65000000  17649.99830   0.00  -39.5   52.5  28.0  6.53   93.3  1777.8   93.26   44.04   62.14  3891.7   93.15   35.45   84.32     0.0   93.30    0.00    0.00    2.8     26418.848      5.50   47.23900   39.64200  F2               
0 22.11.2019 07:20:30.704  17.65000000  17649.99842   0.00  -38.5   51.5  28.0  6.81   93.0  1747.3   92.94   44.21   61.82  3811.3   92.85   35.99   83.69     0.0   92.97    0.00    0.00    3.1     26430.704      5.50   47.23900   39.64200  F2               
0 22.11.2019 07:20:42.207  17.65000000  17649.99830   0.00  -37.4   50.6  28.0  5.74   93.1  1874.8   93.10   43.79   63.30     0.0   93.14    0.00    0.00     0.0   93.14    0.00    0.00    3.2     26442.207      5.50   47.23900   39.64200  F2               
0 22.11.2019 07:20:53.852  17.65000000  17649.99842   0.00  -39.8   52.2  28.0  6.90   93.0  1737.9   93.01   44.22   61.70  3785.3   92.92   36.09   83.42     0.0   93.04    0.00    0.00    3.3     26453.852      5.50   47.23900   39.64200  F2               
0 22.11.2019 07:21:05.446  17.65000000  17649.99842   0.00  -31.5   52.5  28.0  6.61   93.2  1769.6   93.15   44.09   62.05  3872.0   93.05   35.60   84.18     0.0   93.18    0.00    0.00    3.0     26465.446      5.50   47.23900   39.64200  F2               
0 22.11.2019 07:21:17.155  17.65000000  17649.99842   0.00  -38.2   49.8  28.0  6.67   93.1  1763.2   93.11   44.12   61.98  3854.1   93.01   35.70   84.03     0.0   93.14    0.00    0.00    2.9     26477.155      5.50   47.23900   39.64200  F2               
0 22.11.2019 07:21:28.871  17.65000000  17649.99842   0.00  -29.8   54.2  28.0  7.15   93.1  1712.0   93.11   44.27   61.38  3709.7   93.03   36.40   82.67     0.0   93.13    0.00    0.00    3.1     26488.871      5.50   47.23900   39.64200  F2               
0 22.11.2019 07:21:40.592  17.65000000  17649.99842   0.00  -34.7   51.3  28.0  7.48   93.2  1678.2   93.22   44.34   60.96  3609.9   93.15   36.83   81.68     0.0   93.24    0.00    0.00    2.8     26500.592      5.50   47.23900   39.64200  F2               
0 22.11.2019 07:21:52.059  17.65000000  17649.99842   0.00  -42.5   55.5  28.0  4.41   92.8  2058.5   92.74   43.30   65.48     0.0   92.81    0.00    0.00     0.0   92.81    0.00    0.00    5.0     26512.059      5.50   47.23900   39.64200  F2               
0 22.11.2019 07:22:03.608  17.65000000  17649.99842   0.00  -33.3   50.7  28.0  6.98   93.2  1729.6   93.13   44.21   61.58  3760.0   93.05   36.15   83.14     0.0   93.16    0.00    0.00    3.1     26523.608      5.50   47.23900   39.64200  F2               
0 22.11.2019 07:22:15.065  17.65000000  17649.99842   0.00  -40.0   52.0  28.0  5.87   92.9  1856.1   92.86   43.91   63.11     0.0   92.91    0.00    0.00     0.0   92.91    0.00    0.00    3.3     26535.065      5.50   47.23900   39.64200  F2               
0 22.11.2019 07:22:26.953  17.65000000  17649.99842   0.00  -45.1   52.9  28.0  6.77   93.0  1751.5   93.01   44.18   61.86  3823.0   92.91   35.90   83.78     0.0   93.04    0.00    0.00    5.7     26546.953      5.50   47.23900   39.64200  F2               
0 22.11.2019 07:22:38.799  17.65000000  17649.99842   0.00  -35.1   52.9  28.0  6.25   92.9  1809.9   92.84   44.05   62.57  3969.2   92.73   35.27   85.20     0.0   92.88    0.00    0.00    3.4     26558.799      5.50   47.23900   39.64200  F2               
0 22.11.2019 07:22:50.384  17.65000000  17649.99842   0.00  -36.7   55.3  28.0  6.88   93.0  1739.7   92.98   44.22   61.72  3789.9   92.89   36.08   83.48     0.0   93.01    0.00    0.00    3.3     26570.384      5.50   47.23900   39.64200  F2               
0 22.11.2019 07:23:01.986  17.65000000  17649.99842   0.00  -33.4   58.6  28.0  7.05   93.1  1721.1   93.05   44.26   61.49  3735.5   92.97   36.31   82.94     0.0   93.07    0.00    0.00    3.2     26581.986      5.50   47.23900   39.64200  F2               
0 22.11.2019 07:23:13.788  17.65000000  17649.99842   0.00  -35.1   48.9  28.0  7.69   93.1  1657.1   93.07   44.44   60.73  3543.5   93.01   37.21   81.10     0.0   93.08    0.00    0.00    3.0     26593.788      5.50   47.23900   39.64200  F2               
0 22.11.2019 07:23:25.378  17.65000000  17649.99842   0.00  -42.0   58.0  28.0  8.19   93.3  1612.6   93.26   44.52   60.17  3414.8   93.22   37.71   79.78     0.0   93.27    0.00    0.00    3.0     26605.378      5.50   47.23900   39.64200  F2               
0 22.11.2019 07:23:37.072  17.65000000  17649.99854   0.00  -45.3   52.7  28.0  7.35   93.1  1690.6   93.11   44.33   61.12  3645.8   93.04   36.71   82.07     0.0   93.13    0.00    0.00    5.1     26617.072      5.50   47.23900   39.64200  F2               
0 22.11.2019 07:23:48.846  17.65000000  17649.99854   0.00  -38.5   51.5  28.0  7.37   93.1  1688.7   93.08   44.35   61.10  3640.0   93.01   36.75   82.02     0.0   93.10    0.00    0.00    3.5     26628.846      5.50   47.23900   39.64200  F2               
0 22.11.2019 07:24:00.394  17.65000000  17649.99842   0.00  -40.9   51.1  28.0  5.66   93.2  1885.0   93.12   43.75   63.41     0.0   93.17    0.00    0.00     0.0   93.17    0.00    0.00    4.4     26640.394      5.50   47.23900   39.64200  F2               
0 22.11.2019 07:24:12.230  17.65000000  17649.99842   0.00  -38.7   53.3  28.0  9.44   93.3  1512.5   93.31   44.78   58.96  3130.0   93.31   38.96   76.93     0.0   93.30    0.00    0.00    2.5     26652.230      5.50   47.23900   39.64200  F2               
0 22.11.2019 07:24:23.760  17.65000000  17649.99842   0.00  -35.9   54.1  28.0  6.86   92.9  1741.0   92.91   44.24   61.74  3792.2   92.82   36.10   83.52     0.0   92.94    0.00    0.00    2.9     26663.760      5.50   47.23900   39.64200  F2               
0 22.11.2019 07:24:35.288  17.65000000  17649.99854   0.00  -31.9   52.1  28.0  7.20   93.0  1705.1   92.94   44.33   61.31  3687.8   92.86   36.58   82.53     0.0   92.96    0.00    0.00    3.0     26675.288      5.50   47.23900   39.64200  F2               
0 22.11.2019 07:24:46.799  17.65000000  17649.99842   0.00  -35.6   50.4  28.0  7.85   93.1  1641.4   93.06   44.48   60.54  3495.3   93.01   37.43   80.63     0.0   93.08    0.00    0.00    2.8     26686.799      5.50   47.23900   39.64200  F2               
0 22.11.2019 07:24:58.224  17.65000000  17649.99891   0.00  -73.8   28.2  28.0  8.31   92.5  1597.9   92.47   44.75   60.08  3356.7   92.43   38.32   79.47     0.0   92.47    0.00    0.00   17.3     26698.224      5.50   47.23900   39.64200  F2               
0 22.11.2019 07:24:58.224  17.65000000  17649.99830   0.00  -48.5   53.5  28.0  6.25   93.8  1812.8   93.76   43.80   62.48  3973.0   93.64   34.81   84.87     0.0   93.80    0.00    0.00    3.0     26698.224      5.50   47.23900   39.64200  F2               
0 22.11.2019 07:25:09.821  17.65000000  17649.99793   0.00  -75.1   22.9  28.0  8.77   96.6  1576.4   96.64   43.84   59.36  3346.5   96.61   36.59   77.99     0.0   96.65    0.00    0.00    8.0     26709.821      5.50   47.23900   39.64200  F2               
0 22.11.2019 07:25:09.821  17.65000000  17649.99842   0.00  -46.4   51.6  28.0  4.90   93.3  1988.4   93.24   43.39   64.60     0.0   93.30    0.00    0.00     0.0   93.30    0.00    0.00    7.2     26709.821      5.50   47.23900   39.64200  F2               
0 22.11.2019 07:25:21.381  17.65000000  17649.99842   0.00  -41.5   56.5  28.0  2.65   92.7  2345.2   92.58   42.38   68.76     0.0   92.67    0.00    0.00     0.0   92.67    0.00    0.00    4.7     26721.381      5.50   47.23900   39.64200  F2               
0 22.11.2019 07:25:32.987  17.65000000  17649.99891   0.00  -65.6   34.4  28.0  7.28   97.4  1719.3   97.40   43.18   60.90  3730.9   97.29   34.35   81.25     0.0   97.45    0.00    0.00    4.0     26732.987      5.50   47.23900   39.64200  F2               
0 22.11.2019 07:25:32.987  17.65000000  17649.99842   0.00  -49.1   50.9  28.0  4.36   93.1  2066.9   93.08   43.18   65.53     0.0   93.14    0.00    0.00     0.0   93.14    0.00    0.00   12.7     26732.987      5.50   47.23900   39.64200  F2               
0 22.11.2019 07:25:44.551  17.65000000  17649.99854   0.00  -46.2   51.8  28.0  5.85   92.7  1861.5   92.67   43.94   63.20     0.0   92.72    0.00    0.00     0.0   92.72    0.00    0.00    3.4     26744.551      5.50   47.23900   39.64200  F2               
0 22.11.2019 07:25:56.128  17.65000000  17649.99842   0.00  -44.7   49.3  28.0  7.13   93.2  1711.2   93.19   44.25   61.36  3669.3   93.10   36.57   82.27     0.0   93.22    0.00    0.00    4.0     26756.128      5.50   47.23900   39.64200  F2               
0 22.11.2019 07:26:07.680  17.65000000  17649.99781   0.00  -80.1   27.9  28.0  8.05   98.9  1647.9   98.90   43.07   59.88  3561.2   98.76   34.58   79.19     0.0   98.95    0.00    0.00    5.8     26767.680      5.50   47.23900   39.64200  F2               
0 22.11.2019 07:26:07.680  17.65000000  17649.99854   0.00  -55.6   52.4  28.0  4.75   91.5  1991.4   91.41   43.91   64.90     0.0   91.46    0.00    0.00     0.0   91.46    0.00    0.00    6.6     26767.680      5.50   47.23900   39.64200  F2               
0 22.11.2019 07:26:07.680  17.65000000  17649.99830   0.00  -54.3   53.7  28.0  7.66   94.2  1662.5   94.15   44.16   60.66  3566.2   94.05   36.63   80.95     0.0   94.17    0.00    0.00    4.0     26767.680      5.50   47.23900   39.64200  F2               
0 22.11.2019 07:26:19.417  17.65000000  17649.99805   0.00  -67.1   26.9  28.0  8.58   95.5  1583.8   95.49   44.08   59.58  3396.8   95.40   36.86   78.87     0.0   95.50    0.00    0.00    5.0     26779.417      5.50   47.23900   39.64200  F2               
0 22.11.2019 07:26:19.417  17.65000000  17649.99842   0.00  -41.5   52.5  28.0  6.60   93.3  1768.7   93.23   44.07   62.03  3804.4   93.12   35.90   83.52     0.0   93.26    0.00    0.00    3.1     26779.417      5.50   47.23900   39.64200  F2               
0 22.11.2019 07:26:31.006  17.65000000  17649.99842   0.00  -39.7   50.3  28.0  6.49   93.2  1780.3   93.12   44.07   62.18  3827.5   93.01   35.84   83.78     0.0   93.15    0.00    0.00    3.1     26791.006      5.50   47.23900   39.64200  F2               
0 22.11.2019 07:26:42.819  17.65000000  17649.99842   0.00  -34.7   55.3  28.0  5.44   92.9  1906.9   92.89   43.74   63.70     0.0   92.94    0.00    0.00     0.0   92.94    0.00    0.00    3.5     26802.819      5.50   47.23900   39.64200  F2               
0 22.11.2019 07:26:54.780  17.65000000  17649.99842   0.00  -47.2   52.8  28.0  8.84   93.2  1553.3   93.20   44.69   59.46  3314.7   93.15   38.20   78.82     0.0   93.20    0.00    0.00    2.4     26814.780      5.50   47.23900   39.64200  F2               
0 22.11.2019 07:27:06.594  17.65000000  17649.99842   0.00  -36.1   51.9  28.0  6.19   93.0  1815.1   92.97   44.00   62.61  3908.5   92.86   35.51   84.59     0.0   93.01    0.00    0.00    3.3     26826.594      5.50   47.23900   39.64200  F2               
0 22.11.2019 07:27:18.286  17.65000000  17649.99842   0.00  -31.8   50.2  28.0  7.57   93.0  1666.9   93.02   44.42   60.85  3568.0   92.94   37.12   81.36     0.0   93.03    0.00    0.00    2.9     26838.286      5.50   47.23900   39.64200  F2               
0 22.11.2019 07:27:29.744  17.65000000  17649.99842   0.00  -41.3   52.7  28.0  8.46   93.1  1584.3   93.11   44.63   59.85  3382.5   93.05   37.94   79.52     0.0   93.12    0.00    0.00    2.8     26849.744      5.50   47.23900   39.64200  F2               
0 22.11.2019 07:27:41.312  17.65000000  17649.99793   0.00  -76.4   21.6  28.0  8.36   93.9  1596.3   93.89   44.41   59.91  3415.2   93.82   37.45   79.58     0.0   93.90    0.00    0.00    4.1     26861.312      5.50   47.23900   39.64200  F2               
0 22.11.2019 07:27:41.312  17.65000000  17649.99842   0.00  -45.3   52.7  28.0  9.10   93.4  1532.6   93.40   44.70   59.19  3268.9   93.35   38.33   78.30     0.0   93.40    0.00    0.00    3.5     26861.312      5.50   47.23900   39.64200  F2               
0 22.11.2019 07:27:53.088  17.65000000  17649.99842   0.00  -37.2   48.8  28.0  8.25   93.3  1603.5   93.28   44.54   60.06  3427.5   93.22   37.66   79.91     0.0   93.29    0.00    0.00    2.9     26873.088      5.50   47.23900   39.64200  F2               
0 22.11.2019 07:28:04.696  17.65000000  17649.99842   0.00  -36.2   51.8  28.0  7.48   93.2  1675.5   93.20   44.35   60.93  3588.4   93.11   36.95   81.49     0.0   93.22    0.00    0.00    2.9     26884.696      5.50   47.23900   39.64200  F2               
0 22.11.2019 07:28:16.206  17.65000000  17649.99842   0.00  -46.0   52.0  28.0  8.52   93.1  1578.9   93.08   44.65   59.79  3371.0   93.02   38.00   79.42     0.0   93.08    0.00    0.00    2.9     26896.206      5.50   47.23900   39.64200  F2               
0 22.11.2019 07:28:27.809  17.65000000  17649.99842   0.00  -48.7   53.3  28.0  7.17   93.2  1706.4   93.16   44.28   61.30  3658.4   93.06   36.63   82.18     0.0   93.18    0.00    0.00    4.5     26907.809      5.50   47.23900   39.64200  F2               
0 22.11.2019 07:28:39.530  17.65000000  17649.99842   0.00  -37.0   51.0  28.0  6.51   93.0  1777.5   92.95   44.12   62.17  3820.2   92.84   35.95   83.78     0.0   92.98    0.00    0.00    3.5     26919.530      5.50   47.23900   39.64200  F2               
0 22.11.2019 07:28:51.161  17.65000000  17649.99842   0.00  -39.1   52.9  28.0  7.25   93.3  1699.0   93.23   44.28   61.21  3641.4   93.14   36.68   81.99     0.0   93.25    0.00    0.00    2.9     26931.161      5.50   47.23900   39.64200  F2               
0 22.11.2019 07:29:03.171  17.65000000  17649.99842   0.00  -44.8   53.2  28.0  3.86   93.2  2133.5   93.08   42.95   66.29     0.0   93.16    0.00    0.00     0.0   93.16    0.00    0.00    4.3     26943.171      5.50   47.23900   39.64200  F2               
0 22.11.2019 07:29:14.888  17.65000000  17649.99842   0.00  -39.3   54.7  28.0  5.73   92.8  1868.6   92.72   43.91   63.28     0.0   92.77    0.00    0.00     0.0   92.77    0.00    0.00    3.7     26954.888      5.50   47.23900   39.64200  F2               
0 22.11.2019 07:29:26.546  17.65000000  17649.99842   0.00  -38.7   51.3  28.0  6.81   93.1  1744.5   93.07   44.19   61.77  3744.5   92.97   36.26   83.02     0.0   93.09    0.00    0.00    3.4     26966.546      5.50   47.23900   39.64200  F2               
0 22.11.2019 07:29:38.328  17.65000000  17649.99842   0.00  -46.8   53.2  28.0  0.10   93.6     0.0   93.56    0.00    0.00     0.0   93.56    0.00    0.00     0.0   93.56    0.00    0.00    3.5     26978.328      5.50   47.23900   39.64200  F2               
0 22.11.2019 07:29:49.917  17.65000000  17649.99830   0.00  -41.1   52.9  28.0  6.52   93.5  1778.5   93.44   43.99   62.12  3826.1   93.33   35.69   83.65     0.0   93.48    0.00    0.00    2.9     26989.917      5.50   47.23900   39.64200  F2               
0 22.11.2019 07:30:01.289  17.65000000  17649.99842   0.00  -32.8   53.2  28.0  7.69   93.2  1656.0   93.17   44.42   60.70  3545.0   93.09   37.16   81.08     0.0   93.19    0.00    0.00    3.0     27001.289      5.50   47.23900   39.64200  F2               
0 22.11.2019 07:30:12.701  17.65000000  17649.99842   0.00  -33.1   50.9  28.0  6.58   93.1  1770.0   93.07   44.11   62.07  3802.6   92.97   35.98   83.56     0.0   93.11    0.00    0.00    3.1     27012.701      5.50   47.23900   39.64200  F2               
0 22.11.2019 07:30:24.437  17.65000000  17649.99842   0.00  -37.2   52.8  28.0  7.21   93.1  1702.0   93.12   44.30   61.26  3646.9   93.03   36.70   82.08     0.0   93.15    0.00    0.00    3.4     27024.437      5.50   47.23900   39.64200  F2               
0 22.11.2019 07:30:35.897  17.65000000  17649.99842   0.00  -35.6   56.4  28.0  6.81   93.0  1744.0   92.99   44.21   61.77  3742.7   92.89   36.31   83.04     0.0   93.01    0.00    0.00    3.1     27035.897      5.50   47.23900   39.64200  F2               
0 22.11.2019 07:30:48.134  17.65000000  17649.99842   0.00  -33.9   54.1  28.0  7.45   93.1  1677.3   93.07   44.38   60.97  3590.9   92.98   36.99   81.56     0.0   93.09    0.00    0.00    3.0     27048.134      5.50   47.23900   39.64200  F2               
0 22.11.2019 07:30:59.947  17.65000000  17649.99842   0.00  -42.1   61.9  28.0  6.28   93.4  1805.1   93.32   43.94   62.45  3887.0   93.20   35.45   84.25     0.0   93.36    0.00    0.00    2.7     27059.947      5.50   47.23900   39.64200  F2               
0 22.11.2019 07:31:11.667  17.65000000  17649.99842   0.00  -36.7   51.3  28.0  7.41   93.2  1682.9   93.14   44.35   61.03  3607.7   93.06   36.88   81.70     0.0   93.17    0.00    0.00    3.1     27071.667      5.50   47.23900   39.64200  F2               
0 22.11.2019 07:31:23.609  17.65000000  17649.99842   0.00  -36.4   53.6  28.0  8.28   93.2  1600.6   93.17   44.57   60.04  3420.3   93.11   37.74   79.87     0.0   93.18    0.00    0.00    2.7     27083.609      5.50   47.23900   39.64200  F2               
0 22.11.2019 07:31:35.497  17.65000000  17649.99842   0.00  -39.9   54.1  28.0  9.36   93.0  1511.1   93.00   44.85   58.97  3219.5   92.96   38.71   77.93     0.0   92.99    0.00    0.00    3.3     27095.497      5.50   47.23900   39.64200  F2               
0 22.11.2019 07:31:47.092  17.65000000  17649.99842   0.00  -49.4   50.6  28.0  6.89   93.2  1736.9   93.17   44.18   61.66  3730.2   93.07   36.28   82.85     0.0   93.20    0.00    0.00    3.3     27107.092      5.50   47.23900   39.64200  F2               
0 22.11.2019 07:31:58.762  17.65000000  17649.99842   0.00  -45.9   52.1  28.0  7.79   92.7  1643.8   92.70   44.56   60.61  3513.2   92.63   37.52   80.94     0.0   92.72    0.00    0.00    3.4     27118.762      5.50   47.23900   39.64200  F2               
0 22.11.2019 07:32:10.426  17.65000000  17649.99927   0.00  -73.9   34.1  28.0  8.48   98.2  1605.1   98.18   43.39   59.49  3457.7   98.05   35.42   78.51     0.0   98.21    0.00    0.00    4.4     27130.426      5.50   47.23900   39.64200  F2               
0 22.11.2019 07:32:10.426  17.65000000  17649.99854   0.00  -52.2   55.8  28.0  1.52   92.3  2531.2   92.19   41.83   70.91     0.0   92.29    0.00    0.00     0.0   92.29    0.00    0.00    5.7     27130.426      5.50   47.23900   39.64200  F2               
0 22.11.2019 07:32:21.888  17.65000000  17649.99842   0.00  -41.3   52.7  28.0  7.99   92.8  1625.5   92.82   44.59   60.37  3473.3   92.76   37.65   80.51     0.0   92.84    0.00    0.00    3.0     27141.888      5.50   47.23900   39.64200  F2               
0 22.11.2019 07:32:33.608  17.65000000  17649.99842   0.00  -39.3   52.7  28.0  7.16   93.0  1706.0   92.93   44.33   61.33  3654.7   92.84   36.75   82.22     0.0   92.95    0.00    0.00    3.2     27153.608      5.50   47.23900   39.64200  F2               
0 22.11.2019 07:32:45.408  17.65000000  17649.99842   0.00  -34.2   53.8  28.0  7.54   92.9  1668.0   92.90   44.45   60.87  3568.0   92.82   37.17   81.40     0.0   92.92    0.00    0.00    3.1     27165.408      5.50   47.23900   39.64200  F2               
0 22.11.2019 07:32:57.006  17.65000000  17649.99793   0.00  -78.0   22.0  28.0  7.90   99.0  1662.9   98.94   43.01   60.05  3597.4   98.80   34.38   79.50     0.0   98.99    0.00    0.00    7.8     27177.006      5.50   47.23900   39.64200  F2               
0 22.11.2019 07:32:57.006  17.65000000  17649.99842   0.00  -47.3   52.7  28.0  7.34   92.8  1687.5   92.74   44.43   61.13  3611.8   92.66   37.04   81.88     0.0   92.76    0.00    0.00    4.8     27177.006      5.50   47.23900   39.64200  F2               
0 22.11.2019 07:33:08.549  17.65000000  17649.99842   0.00  -41.3   52.7  28.0  6.53   93.0  1774.9   92.93   44.13   62.14  3816.0   92.83   35.98   83.74     0.0   92.96    0.00    0.00    3.3     27188.549      5.50   47.23900   39.64200  F2               
0 22.11.2019 07:33:20.144  17.65000000  17649.99842   0.00  -33.7   52.3  28.0  6.50   93.1  1779.5   93.11   44.07   62.18  3826.1   93.00   35.85   83.77     0.0   93.14    0.00    0.00    3.1     27200.144      5.50   47.23900   39.64200  F2               
0 22.11.2019 07:33:31.864  17.65000000  17649.99842   0.00  -32.2   51.8  28.0  6.65   93.2  1761.8   93.12   44.12   61.96  3784.4   93.02   36.04   83.38     0.0   93.15    0.00    0.00    2.9     27211.864      5.50   47.23900   39.64200  F2               
0 22.11.2019 07:33:43.470  17.65000000  17649.99842   0.00  -32.3   53.7  28.0  7.49   93.2  1674.7   93.17   44.36   60.92  3586.8   93.09   36.96   81.48     0.0   93.19    0.00    0.00    2.7     27223.470      5.50   47.23900   39.64200  F2               
0 22.11.2019 07:33:55.154  17.65000000  17649.99842   0.00  -38.0   54.0  28.0  5.52   93.2  1896.6   93.14   43.71   63.55     0.0   93.19    0.00    0.00     0.0   93.19    0.00    0.00    3.2     27235.154      5.50   47.23900   39.64200  F2               
0 22.11.2019 07:34:06.765  17.65000000  17649.99866   0.00  -62.0   38.0  28.0  7.76   93.5  1650.3   93.48   44.36   60.60  3533.5   93.40   37.08   80.87     0.0   93.50    0.00    0.00    5.2     27246.765      5.50   47.23900   39.64200  F2               
0 22.11.2019 07:34:06.765  17.65000000  17649.99830   0.00  -48.6   51.4  28.0  8.67   93.7  1568.0   93.70   44.54   59.59  3350.1   93.64   37.83   79.01     0.0   93.70    0.00    0.00    5.1     27246.765      5.50   47.23900   39.64200  F2               
0 22.11.2019 07:34:18.476  17.65000000  17649.99842   0.00  -34.4   53.6  28.0  7.74   93.1  1650.3   93.12   44.44   60.64  3531.0   93.05   37.25   80.96     0.0   93.14    0.00    0.00    3.1     27258.476      5.50   47.23900   39.64200  F2               
0 22.11.2019 07:34:30.276  17.65000000  17649.99842   0.00  -31.8   54.2  28.0  6.44   93.0  1785.4   93.02   44.08   62.26  3841.3   92.91   35.82   83.95     0.0   93.05    0.00    0.00    3.1     27270.276      5.50   47.23900   39.64200  F2               
0 22.11.2019 07:34:41.980  17.65000000  17649.99842   0.00  -33.2   50.8  28.0  6.13   92.9  1820.0   92.83   44.03   62.69  3920.8   92.72   35.51   84.76     0.0   92.87    0.00    0.00    3.2     27281.980      5.50   47.23900   39.64200  F2               
0 22.11.2019 07:34:53.398  17.65000000  17649.99842   0.00  -42.5   55.5  28.0  5.45   92.7  1903.5   92.66   43.82   63.70     0.0   92.70    0.00    0.00     0.0   92.70    0.00    0.00    2.8     27293.398      5.50   47.23900   39.64200  F2               
0 22.11.2019 07:35:05.174  17.65000000  17649.99842   0.00  -32.7   53.3  28.0  8.32   93.1  1599.8   93.07   44.60   60.04  3420.4   93.01   37.78   79.91     0.0   93.08    0.00    0.00    3.3     27305.174      5.50   47.23900   39.64200  F2               
0 22.11.2019 07:35:16.859  17.65000000  17649.99842   0.00  -30.0   52.0  28.0  7.79   93.0  1645.2   93.03   44.48   60.59  3519.0   92.96   37.34   80.88     0.0   93.05    0.00    0.00    3.2     27316.859      5.50   47.23900   39.64200  F2               
0 22.11.2019 07:35:39.867  17.65000000  17649.99842   0.00  -29.9   52.1  28.0  7.32   93.0  1691.2   93.00   44.36   61.14  3622.9   92.92   36.87   81.89     0.0   93.02    0.00    0.00    3.0     27339.867      5.50   47.23900   39.64200  F2               
0 22.11.2019 07:35:51.644  17.65000000  17649.99842   0.00  -31.9   52.1  28.0  7.52   93.0  1670.5   92.97   44.42   60.90  3574.9   92.89   37.11   81.44     0.0   92.99    0.00    0.00    3.1     27351.644      5.50   47.23900   39.64200  F2               
0 22.11.2019 07:36:03.042  17.65000000  17649.99842   0.00  -37.1   48.9  28.0  8.30   93.0  1598.2   93.04   44.61   60.02  3414.4   92.98   37.82   79.86     0.0   93.04    0.00    0.00    3.3     27363.042      5.50   47.23900   39.64200  F2               
0 22.11.2019 07:36:14.796  17.65000000  17649.99842   0.00  -38.2   49.8  28.0  8.81   93.2  1554.5   93.17   44.70   59.48  3317.0   93.12   38.21   78.85     0.0   93.17    0.00    0.00    3.1     27374.796      5.50   47.23900   39.64200  F2               
0 22.11.2019 07:36:26.578  17.65000000  17649.99842   0.00  -32.9   51.1  28.0  7.68   93.1  1656.1   93.05   44.45   60.72  3543.6   92.97   37.22   81.11     0.0   93.07    0.00    0.00    3.0     27386.578      5.50   47.23900   39.64200  F2               
0 22.11.2019 07:36:38.127  17.65000000  17649.99842   0.00  -32.2   51.8  28.0  8.61   93.2  1572.1   93.20   44.64   59.69  3357.1   93.14   38.01   79.24     0.0   93.20    0.00    0.00    2.8     27398.127      5.50   47.23900   39.64200  F2               
0 22.11.2019 07:36:49.644  17.65000000  17649.99842   0.00  -35.6   52.4  28.0  8.80   93.2  1556.3   93.24   44.68   59.50  3321.5   93.18   38.16   78.88     0.0   93.24    0.00    0.00    2.9     27409.644      5.50   47.23900   39.64200  F2               
0 22.11.2019 07:37:01.427  17.65000000  17649.99842   0.00  -39.9   50.1  28.0  8.06   93.2  1620.0   93.16   44.52   60.27  3463.7   93.09   37.54   80.30     0.0   93.17    0.00    0.00    3.8     27421.427      5.50   47.23900   39.64200  F2               
0 22.11.2019 07:37:12.770  17.65000000  17649.99842   0.00  -39.9   54.1  28.0  6.61   93.0  1765.5   92.95   44.16   62.03  3791.2   92.85   36.09   83.50     0.0   92.98    0.00    0.00    4.0     27432.770      5.50   47.23900   39.64200  F2               
0 22.11.2019 07:37:24.316  17.65000000  17649.99793   0.00  -78.5   23.5  28.0 10.58   96.5  1436.5   96.52   44.30   57.72  3054.3   96.48   38.03   75.23     0.0   96.51    0.00    0.00   12.4     27444.316      5.50   47.23900   39.64200  F2               
0 22.11.2019 07:37:24.316  17.65000000  17649.99830   0.00  -51.3   50.7  28.0  5.35   93.8  1923.3   93.70   43.47   63.78     0.0   93.75    0.00    0.00     0.0   93.75    0.00    0.00    5.8     27444.316      5.50   47.23900   39.64200  F2               
0 22.11.2019 07:37:35.920  17.65000000  17649.99842   0.00  -29.7   52.3  28.0  8.89   93.2  1548.7   93.18   44.71   59.41  3304.2   93.13   38.26   78.73     0.0   93.17    0.00    0.00    2.6     27455.920      5.50   47.23900   39.64200  F2               
0 22.11.2019 07:37:47.588  17.65000000  17649.99842   0.00  -28.9   53.1  28.0  8.15   93.1  1611.3   93.08   44.56   60.17  3443.4   93.02   37.67   80.13     0.0   93.09    0.00    0.00    2.7     27467.588      5.50   47.23900   39.64200  F2               
0 22.11.2019 07:37:59.273  17.65000000  17649.99842   0.00  -35.5   52.5  28.0  7.43   92.9  1678.7   92.88   44.42   61.01  3592.7   92.80   37.07   81.64     0.0   92.90    0.00    0.00    2.9     27479.273      5.50   47.23900   39.64200  F2               
0 22.11.2019 07:38:10.894  17.65000000  17649.99842   0.00  -42.2   55.8  28.0  8.48   93.2  1583.3   93.22   44.61   59.82  3380.6   93.16   37.90   79.47     0.0   93.22    0.00    0.00    3.5     27490.894      5.50   47.23900   39.64200  F2               
0 22.11.2019 07:38:22.443  17.65000000  17649.99842   0.00  -28.0   54.0  28.0  7.78   93.0  1646.6   92.99   44.49   60.61  3522.1   92.92   37.35   80.92     0.0   93.01    0.00    0.00    2.8     27502.443      5.50   47.23900   39.64200  F2               
0 22.11.2019 07:38:33.993  17.65000000  17649.99842   0.00  -29.1   52.9  28.0  7.83   93.0  1641.2   93.03   44.49   60.54  3509.9   92.96   37.39   80.79     0.0   93.04    0.00    0.00    2.6     27513.993      5.50   47.23900   39.64200  F2               
0 22.11.2019 07:38:45.510  17.65000000  17649.99891   0.00  -74.2   23.8  28.0  4.84   91.5  1979.0   91.41   43.94   64.76     0.0   91.45    0.00    0.00     0.0   91.45    0.00    0.00   20.2     27525.510      5.50   47.23900   39.64200  F2               
0 22.11.2019 07:38:45.510  17.65000000  17649.99793   0.00  -70.4   27.6  28.0  9.33   93.6  1515.5   93.65   44.69   58.96  3230.8   93.61   38.39   77.85     0.0   93.65    0.00    0.00    4.7     27525.510      5.50   47.23900   39.64200  F2               
0 22.11.2019 07:38:45.510  17.65000000  17649.99842   0.00  -45.8   52.2  28.0  7.65   93.6  1661.2   93.57   44.31   60.72  3559.1   93.48   36.92   81.08     0.0   93.59    0.00    0.00    5.6     27525.510      5.50   47.23900   39.64200  F2               
0 22.11.2019 07:38:57.078  17.65000000  17649.99842   0.00  -47.5   50.5  28.0  4.57   92.7  2024.0   92.59   43.46   65.11     0.0   92.65    0.00    0.00     0.0   92.65    0.00    0.00    2.9     27537.078      5.50   47.23900   39.64200  F2               
0 22.11.2019 07:39:08.638  17.65000000  17649.99842   0.00  -40.0   50.0  28.0  7.81   93.0  1642.9   93.03   44.49   60.56  3513.9   92.96   37.37   80.83     0.0   93.05    0.00    0.00    2.7     27548.638      5.50   47.23900   39.64200  F2               
0 22.11.2019 07:39:20.328  17.65000000  17649.99842   0.00  -39.5   50.5  28.0  6.91   93.1  1733.9   93.09   44.21   61.64  3720.6   93.00   36.36   82.79     0.0   93.12    0.00    0.00    3.0     27560.328      5.50   47.23900   39.64200  F2               
0 22.11.2019 07:39:32.384  17.65000000  17649.99842   0.00  -40.6   53.4  28.0  8.88   93.0  1548.7   93.00   44.75   59.43  3302.8   92.95   38.34   78.77     0.0   93.00    0.00    0.00    2.9     27572.384      5.50   47.23900   39.64200  F2               
0 22.11.2019 07:39:44.247  17.65000000  17649.99915   0.00  -72.4   21.6  28.0 10.59   93.8  1427.5   93.85   44.89   57.88  3024.2   93.84   39.21   75.70     0.0   93.83    0.00    0.00   14.4     27584.247      5.50   47.23900   39.64200  F2               
0 22.11.2019 07:39:44.247  17.65000000  17649.99793   0.00  -72.2   21.8  28.0 12.51   98.0  1327.5   97.98   44.33   56.29  2786.8   97.99   38.69   72.15     0.0   97.96    0.00    0.00   16.9     27584.247      5.50   47.23900   39.64200  F2               
0 22.11.2019 07:39:44.247  17.65000000  17649.99842   0.00  -38.4   55.6  28.0  9.04   93.2  1536.5   93.23   44.73   59.26  3276.9   93.19   38.36   78.44     0.0   93.23    0.00    0.00    3.2     27584.247      5.50   47.23900   39.64200  F2               
0 22.11.2019 07:39:55.938  17.65000000  17649.99842   0.00  -39.3   54.7  28.0  7.67   93.2  1659.9   93.18   44.40   60.75  3556.6   93.10   37.10   81.19     0.0   93.20    0.00    0.00   10.0     27595.938      5.50   47.23900   39.64200  F2               
0 22.11.2019 07:40:07.480  17.65000000  17649.99842   0.00  -37.9   54.1  28.0  5.37   93.1  1916.4   93.05   43.67   63.79     0.0   93.10    0.00    0.00     0.0   93.10    0.00    0.00   12.0     27607.480      5.50   47.23900   39.64200  F2               
0 22.11.2019 07:40:19.250  17.65000000  17649.99842   0.00  -37.3   52.7  28.0  5.64   92.9  1880.3   92.86   43.84   63.40     0.0   92.90    0.00    0.00     0.0   92.90    0.00    0.00    9.1     27619.250      5.50   47.23900   39.64200  F2               
0 22.11.2019 07:40:30.898  17.65000000  17649.99842   0.00  -33.3   52.7  28.0  7.17   93.0  1705.5   93.01   44.31   61.31  3654.3   92.92   36.72   82.19     0.0   93.04    0.00    0.00    4.1     27630.898      5.50   47.23900   39.64200  F2               
0 22.11.2019 07:40:42.573  17.65000000  17649.99842   0.00  -38.1   51.9  28.0  6.68   93.0  1763.7   92.98   44.15   62.01  3817.5   92.87   35.95   83.74     0.0   93.01    0.00    0.00    4.1     27642.573      5.50   47.23900   39.64200  F2               
0 22.11.2019 07:40:54.678  17.65000000  17649.99891   0.00  -64.5   23.5  28.0  5.18   91.5  1943.9   91.48   44.03   64.33     0.0   91.53    0.00    0.00     0.0   91.53    0.00    0.00    6.2     27654.678      5.50   47.23900   39.64200  F2               
0 22.11.2019 07:40:54.678  17.65000000  17649.99842   0.00  -32.8   55.2  28.0  6.51   92.9  1780.3   92.83   44.14   62.22  3909.0   92.71   35.57   84.65     0.0   92.86    0.00    0.00    3.6     27654.678      5.50   47.23900   39.64200  F2               
0 22.11.2019 07:41:06.484  17.65000000  17649.99842   0.00  -44.7   53.3  28.0  5.92   92.7  1850.9   92.67   43.98   63.08     0.0   92.71    0.00    0.00     0.0   92.71    0.00    0.00    8.9     27666.484      5.50   47.23900   39.64200  F2               
0 22.11.2019 07:41:17.983  17.65000000  17649.99842   0.00  -39.3   54.7  28.0  7.74   93.0  1647.0   93.03   44.48   60.61  3597.0   92.95   36.98   81.63     0.0   93.05    0.00    0.00    3.8     27677.983      5.50   47.23900   39.64200  F2               
0 22.11.2019 07:41:29.608  17.65000000  17649.99842   0.00  -39.0   53.0  28.0  8.41   92.9  1582.9   92.87   44.69   59.86  3450.9   92.80   37.73   80.27     0.0   92.87    0.00    0.00    3.4     27689.608      5.50   47.23900   39.64200  F2               
0 22.11.2019 07:41:41.191  17.65000000  17649.99842   0.00  -39.8   52.2  28.0  6.91   93.0  1735.1   93.01   44.23   61.66  3801.1   92.90   36.01   83.58     0.0   93.04    0.00    0.00    3.3     27701.191      5.50   47.23900   39.64200  F2               
0 22.11.2019 07:41:52.823  17.65000000  17649.99842   0.00  -46.9   51.1  28.0  0.20   92.7     0.0   92.67    0.00    0.00     0.0   92.67    0.00    0.00     0.0   92.67    0.00    0.00    5.0     27712.823      5.50   47.23900   39.64200  F2               
0 22.11.2019 07:42:04.999  17.65000000  17649.99842   0.00  -35.6   52.4  28.0  7.69   93.1  1652.6   93.13   44.44   60.66  3609.4   93.04   36.88   81.72     0.0   93.15    0.00    0.00    3.2     27724.999      5.50   47.23900   39.64200  F2               
0 22.11.2019 07:42:16.369  17.65000000  17649.99842   0.00  -49.6   52.4  28.0 14.03   94.2  1236.5   94.31   45.28   55.51  2609.1   94.39   40.75   71.25     0.0   94.24    0.00    0.00   14.4     27736.369      5.50   47.23900   39.64200  F2               
0 22.11.2019 07:42:28.263  17.65000000  17649.99842   0.00  -36.6   49.4  28.0  8.75   93.3  1554.8   93.33   44.66   59.47  3389.9   93.27   37.81   79.52     0.0   93.33    0.00    0.00    2.9     27748.263      5.50   47.23900   39.64200  F2               
0 22.11.2019 07:42:39.765  17.65000000  17649.99842   0.00  -47.9   50.1  28.0 12.04   93.5  1329.0   93.56   45.20   56.70  2847.3   93.59   40.07   73.95     0.0   93.51    0.00    0.00    7.9     27759.765      5.50   47.23900   39.64200  F2               
0 22.11.2019 07:42:51.279  17.65000000  17649.99842   0.00  -37.3   52.7  28.0  8.08   93.3  1614.9   93.32   44.50   60.19  3523.7   93.24   37.19   80.83     0.0   93.33    0.00    0.00    3.4     27771.279      5.50   47.23900   39.64200  F2               
0 22.11.2019 07:43:03.308  17.65000000  17649.99891   0.00  -69.2   22.8  28.0  8.72   90.3  1546.2   90.34   45.37   59.65  3350.7   90.33   39.27   80.07     0.0   90.34    0.00    0.00    3.3     27783.308      5.50   47.23900   39.64200  F2               
0 22.11.2019 07:43:03.308  17.65000000  17649.99842   0.00  -39.6   52.4  28.0  0.01   92.9     0.0   92.87    0.00    0.00     0.0   92.87    0.00    0.00     0.0   92.87    0.00    0.00    6.1     27783.308      5.50   47.23900   39.64200  F2               
0 22.11.2019 07:43:14.997  17.65000000  17649.99842   0.00  -33.2   50.8  28.0  8.82   93.2  1548.0   93.17   44.71   59.40  3375.7   93.12   37.94   79.43     0.0   93.17    0.00    0.00    3.2     27794.997      5.50   47.23900   39.64200  F2               
0 22.11.2019 07:43:26.648  17.65000000  17649.99842   0.00  -42.2   51.8  28.0  9.60   93.6  1486.3   93.61   44.78   58.61  3234.1   93.57   38.39   77.89     0.0   93.60    0.00    0.00    8.9     27806.648      5.50   47.23900   39.64200  F2               
0 22.11.2019 07:43:38.408  17.65000000  17649.99842   0.00  -36.6   49.4  28.0  5.36   93.2  1926.9   93.11   43.62   63.90     0.0   93.16    0.00    0.00     0.0   93.16    0.00    0.00    4.8     27818.408      5.50   47.23900   39.64200  F2               
0 22.11.2019 07:43:49.976  17.65000000  17649.99842   0.00  -36.9   53.1  28.0  7.04   93.3  1721.2   93.25   44.21   61.47  3771.1   93.14   36.05   83.21     0.0   93.27    0.00    0.00    5.4     27829.976      5.50   47.23900   39.64200  F2               
0 22.11.2019 07:44:01.696  17.65000000  17649.99842   0.00  -30.2   51.8  28.0  7.86   93.2  1636.0   93.23   44.46   60.46  3573.1   93.14   37.01   81.34     0.0   93.24    0.00    0.00    3.7     27841.696      5.50   47.23900   39.64200  F2               
0 22.11.2019 07:44:13.448  17.65000000  17649.99842   0.00  -41.0   51.0  28.0  5.77   93.0  1872.7   92.92   43.84   63.30     0.0   92.96    0.00    0.00     0.0   92.96    0.00    0.00    9.2     27853.448      5.50   47.23900   39.64200  F2               
0 22.11.2019 07:44:25.032  17.65000000  17649.99842   0.00  -35.2   52.8  28.0  5.48   93.0  1910.9   92.93   43.72   63.74     0.0   92.98    0.00    0.00     0.0   92.98    0.00    0.00    3.4     27865.032      5.50   47.23900   39.64200  F2               
0 22.11.2019 07:44:36.631  17.65000000  17649.99842   0.00  -33.1   52.9  28.0  8.97   93.2  1535.7   93.23   44.74   59.25  3346.6   93.17   38.05   79.13     0.0   93.23    0.00    0.00    3.4     27876.631      5.50   47.23900   39.64200  F2               
0 22.11.2019 07:44:48.184  17.65000000  17649.99842   0.00  -39.7   48.3  28.0  2.98   93.6  2305.6   93.48   42.23   68.15     0.0   93.57    0.00    0.00     0.0   93.57    0.00    0.00    9.7     27888.184      5.50   47.23900   39.64200  F2               
0 22.11.2019 07:44:59.755  17.65000000  17649.99842   0.00  -32.0   52.0  28.0  7.06   93.1  1718.2   93.05   44.27   61.46  3761.1   92.95   36.19   83.19     0.0   93.07    0.00    0.00    3.4     27899.755      5.50   47.23900   39.64200  F2               
0 22.11.2019 07:45:11.289  17.65000000  17649.99842   0.00  -31.1   54.9  28.0  7.99   93.0  1622.7   93.01   44.55   60.32  3540.9   92.94   37.25   81.10     0.0   93.03    0.00    0.00    3.2     27911.289      5.50   47.23900   39.64200  F2               
0 22.11.2019 07:45:23.005  17.65000000  17649.99842   0.00  -33.4   52.6  28.0  8.43   93.3  1583.1   93.25   44.60   59.82  3453.3   93.19   37.55   80.17     0.0   93.26    0.00    0.00    3.3     27923.005      5.50   47.23900   39.64200  F2               
0 22.11.2019 07:45:34.483  17.65000000  17649.99842   0.00  -42.3   47.7  28.0  0.02   93.1     0.0   93.13    0.00    0.00     0.0   93.13    0.00    0.00     0.0   93.13    0.00    0.00    4.3     27934.483      5.50   47.23900   39.64200  F2               
0 22.11.2019 07:45:45.737  17.65000000  17649.99842   0.00  -33.5   54.5  28.0  8.82   93.3  1548.1   93.26   44.69   59.40  3376.6   93.20   37.90   79.41     0.0   93.26    0.00    0.00    2.6     27945.737      5.50   47.23900   39.64200  F2               
0 22.11.2019 07:45:57.354  17.65000000  17649.99842   0.00  -45.1   54.9  28.0  9.80   93.8  1472.1   93.79   44.78   58.42  3201.7   93.76   38.46   77.51     0.0   93.78    0.00    0.00    9.6     27957.354      5.50   47.23900   39.64200  F2               
0 22.11.2019 07:46:09.176  17.65000000  17649.99842   0.00  -41.9   52.1  28.0  4.02   92.8  2124.0   92.70   43.10   66.24     0.0   92.77    0.00    0.00     0.0   92.77    0.00    0.00    4.2     27969.176      5.50   47.23900   39.64200  F2               
0 22.11.2019 07:46:20.473  17.65000000  17649.99842   0.00  -35.5   54.5  28.0  4.69   93.0  2021.6   92.94   43.37   65.03     0.0   93.00    0.00    0.00     0.0   93.00    0.00    0.00    3.5     27980.473      5.50   47.23900   39.64200  F2               
0 22.11.2019 07:46:32.055  17.65000000  17649.99842   0.00  -37.6   52.4  28.0  5.38   92.9  1922.3   92.80   43.72   63.89     0.0   92.85    0.00    0.00     0.0   92.85    0.00    0.00    4.4     27992.055      5.50   47.23900   39.64200  F2               
0 22.11.2019 07:46:43.763  17.65000000  17649.99842   0.00  -33.0   55.0  28.0  7.19   93.1  1704.7   93.12   44.29   61.29  3730.5   93.02   36.31   82.87     0.0   93.14    0.00    0.00    3.4     28003.763      5.50   47.23900   39.64200  F2               
0 22.11.2019 07:46:55.398  17.65000000  17649.99842   0.00  -33.2   52.8  28.0  8.72   93.3  1556.9   93.28   44.67   59.50  3393.8   93.22   37.81   79.58     0.0   93.28    0.00    0.00    2.8     28015.398      5.50   47.23900   39.64200  F2               
0 22.11.2019 07:47:06.832  17.65000000  17649.99842   0.00  -37.4   52.6  28.0  8.76   93.5  1554.9   93.46   44.63   59.46  3390.7   93.40   37.75   79.49     0.0   93.46    0.00    0.00    3.3     28026.832      5.50   47.23900   39.64200  F2               
0 22.11.2019 07:47:18.325  17.65000000  17649.99842   0.00  -35.6   52.4  28.0  8.94   93.0  1537.2   93.00   44.78   59.29  3349.2   92.95   38.13   79.23     0.0   93.00    0.00    0.00    2.8     28038.325      5.50   47.23900   39.64200  F2               
0 22.11.2019 07:47:29.950  17.65000000  17649.99842   0.00  -34.8   55.2  28.0  9.75   93.2  1473.7   93.21   44.90   58.50  3204.0   93.18   38.69   77.71     0.0   93.19    0.00    0.00    2.6     28049.950      5.50   47.23900   39.64200  F2               
0 22.11.2019 07:47:41.237  17.65000000  17649.99842   0.00  -36.7   53.3  28.0  8.82   93.3  1549.0   93.31   44.68   59.40  3378.6   93.26   37.87   79.42     0.0   93.32    0.00    0.00    3.0     28061.237      5.50   47.23900   39.64200  F2               
0 22.11.2019 07:47:52.930  17.65000000  17649.99842   0.00  -42.2   49.8  28.0  7.52   92.9  1671.2   92.89   44.44   60.91  3653.3   92.81   36.78   82.22     0.0   92.91    0.00    0.00    2.3     28072.930      5.50   47.23900   39.64200  F2               
0 22.11.2019 07:48:04.384  17.65000000  17649.99842   0.00  -39.9   52.1  28.0  9.52   93.3  1491.8   93.30   44.84   58.71  3245.7   93.27   38.47   78.10     0.0   93.29    0.00    0.00    2.9     28084.384      5.50   47.23900   39.64200  F2               
0 22.11.2019 07:48:15.864  17.65000000  17649.99842   0.00  -41.0   49.0  28.0  9.19   93.5  1519.5   93.54   44.71   59.02  3311.4   93.49   38.08   78.68     0.0   93.53    0.00    0.00    3.0     28095.864      5.50   47.23900   39.64200  F2               
0 22.11.2019 07:48:27.352  17.65000000  17649.99842   0.00  -37.8   50.2  28.0 10.08   93.4  1451.3   93.46   44.91   58.20  3151.8   93.43   38.82   77.11     0.0   93.44    0.00    0.00    2.7     28107.352      5.50   47.23900   39.64200  F2               
0 22.11.2019 07:48:38.982  17.65000000  17649.99842   0.00  -35.6   50.4  28.0  7.59   93.3  1663.4   93.28   44.37   60.78  3636.1   93.19   36.68   81.92     0.0   93.30    0.00    0.00    9.7     28118.982      5.50   47.23900   39.64200  F2               
0 22.11.2019 07:48:50.607  17.65000000  17649.99842   0.00  -40.3   53.7  28.0  7.51   93.5  1672.4   93.49   44.29   60.86  3657.2   93.39   36.49   82.04     0.0   93.51    0.00    0.00    7.9     28130.607      5.50   47.23900   39.64200  F2               
0 22.11.2019 07:49:02.194  17.65000000  17649.99842   0.00  -38.7   51.3  28.0 12.49   93.7  1306.1   93.71   45.22   56.41  2788.6   93.76   40.25   73.30     0.0   93.66    0.00    0.00    7.3     28142.194      5.50   47.23900   39.64200  F2               
0 22.11.2019 07:49:13.720  17.65000000  17649.99842   0.00  -34.8   53.2  28.0  8.03   92.9  1617.5   92.91   44.59   60.27  3528.0   92.83   37.36   81.01     0.0   92.92    0.00    0.00    3.2     28153.720      5.50   47.23900   39.64200  F2               
0 22.11.2019 07:49:25.604  17.65000000  17649.99842   0.00  -38.5   49.5  28.0  8.14   93.5  1610.7   93.47   44.47   60.13  3516.0   93.39   37.17   80.70     0.0   93.48    0.00    0.00    4.6     28165.604      5.50   47.23900   39.64200  F2               
0 22.11.2019 07:49:37.066  17.65000000  17649.99842   0.00  -30.7   51.3  28.0  6.66   93.0  1763.5   92.98   44.15   62.00  3869.2   92.87   35.70   84.22     0.0   93.01    0.00    0.00    3.1     28177.066      5.50   47.23900   39.64200  F2               
0 22.11.2019 07:49:48.891  17.65000000  17649.99842   0.00  -31.4   52.6  28.0  6.78   93.0  1748.8   92.98   44.20   61.83  3833.3   92.87   35.87   83.89     0.0   93.01    0.00    0.00    4.0     28188.891      5.50   47.23900   39.64200  F2               
0 22.11.2019 07:50:00.477  17.65000000  17649.99915   0.00  -77.8   22.2  28.0 10.88   85.2  1375.0   85.23   46.82   57.82  2891.8   85.29   43.18   76.47     0.0   85.20    0.00    0.00    2.0     28200.477      5.50   47.23900   39.64200  F2               
0 22.11.2019 07:50:00.477  17.65000000  17649.99842   0.00  -47.3   52.7  28.0 10.44   92.8  1423.7   92.87   45.11   57.92  3083.2   92.86   39.35   76.59     0.0   92.84    0.00    0.00    2.9     28200.477      5.50   47.23900   39.64200  F2               
0 22.11.2019 07:50:11.936  17.65000000  17649.99757   0.00  -77.3   20.7  28.0 39.41  100.6   590.3  100.38   46.03   47.18  1179.5  100.34   44.36   54.32  1782.6  100.43   42.20   61.15   29.9     28211.936      5.50   47.23900   39.64200  F2               
0 22.11.2019 07:50:11.936  17.65000000  17649.99842   0.00  -44.1   53.9  28.0  8.84   93.2  1546.7   93.22   44.71   59.38  3371.1   93.16   37.94   79.37     0.0   93.22    0.00    0.00    2.8     28211.936      5.50   47.23900   39.64200  F2               
0 22.11.2019 07:50:23.710  17.65000000  17649.99842   0.00  -35.9   52.1  28.0  7.84   93.5  1639.4   93.49   44.39   60.47  3581.3   93.40   36.85   81.32     0.0   93.51    0.00    0.00    2.9     28223.710      5.50   47.23900   39.64200  F2               
0 22.11.2019 07:50:35.266  17.65000000  17649.99842   0.00  -37.5   56.5  28.0  7.41   93.1  1681.2   93.06   44.37   61.01  3675.5   92.96   36.60   82.37     0.0   93.08    0.00    0.00    5.9     28235.266      5.50   47.23900   39.64200  F2               
0 22.11.2019 07:50:46.999  17.65000000  17649.99951   0.00  -74.5   25.5  28.0  0.01   92.3     0.0   92.32    0.00    0.00     0.0   92.32    0.00    0.00     0.0   92.32    0.00    0.00   23.8     28246.999      5.50   47.23900   39.64200  F2               
0 22.11.2019 07:50:46.999  17.65000000  17649.99842   0.00  -43.6   56.4  28.0 12.70   94.0  1296.0   94.05   45.18   56.26  2763.9   94.11   40.22   72.95     0.0   94.00    0.00    0.00   10.5     28246.999      5.50   47.23900   39.64200  F2               
0 22.11.2019 07:50:58.703  17.65000000  17649.99842   0.00  -34.2   55.8  28.0  7.40   93.0  1681.7   93.03   44.38   61.02  3676.4   92.93   36.61   82.39     0.0   93.05    0.00    0.00    3.0     28258.703      5.50   47.23900   39.64200  F2               
0 22.11.2019 07:51:10.378  17.65000000  17649.99842   0.00  -27.8   54.2  28.0  7.69   93.0  1652.4   93.01   44.47   60.68  3608.7   92.92   36.94   81.75     0.0   93.02    0.00    0.00    2.9     28270.378      5.50   47.23900   39.64200  F2               
0 22.11.2019 07:51:21.894  17.65000000  17649.99842   0.00  -29.3   52.7  28.0  7.34   93.0  1688.8   93.02   44.36   61.11  3692.2   92.93   36.53   82.54     0.0   93.05    0.00    0.00    3.0     28281.894      5.50   47.23900   39.64200  F2               
0 22.11.2019 07:51:33.634  17.65000000  17649.99842   0.00  -36.7   53.3  28.0  6.18   92.8  1821.5   92.77   44.04   62.72     0.0   92.81    0.00    0.00     0.0   92.81    0.00    0.00    3.9     28293.634      5.50   47.23900   39.64200  F2               
0 22.11.2019 07:51:45.276  17.65000000  17649.99842   0.00  -44.9   53.1  28.0  3.71   91.1  2161.8   91.02   43.49   66.95     0.0   91.08    0.00    0.00     0.0   91.08    0.00    0.00   13.5     28305.276      5.50   47.23900   39.64200  F2               
0 22.11.2019 07:51:57.263  17.65000000  17649.99842   0.00  -35.7   52.3  28.0  7.74   93.0  1647.0   92.99   44.49   60.61  3596.6   92.91   37.00   81.64     0.0   93.01    0.00    0.00    3.3     28317.263      5.50   47.23900   39.64200  F2               
0 22.11.2019 07:52:08.693  17.65000000  17649.99842   0.00  -30.5   55.5  28.0  8.33   93.1  1590.9   93.06   44.62   59.93  3469.8   92.99   37.56   80.39     0.0   93.07    0.00    0.00    2.6     28328.693      5.50   47.23900   39.64200  F2               
0 22.11.2019 07:52:20.677  17.65000000  17649.99842   0.00  -30.4   53.6  28.0  7.58   93.0  1662.8   93.00   44.44   60.80  3631.8   92.91   36.83   81.98     0.0   93.02    0.00    0.00    2.8     28340.677      5.50   47.23900   39.64200  F2               
0 22.11.2019 07:52:32.174  17.65000000  17649.99854   0.00  -45.9   52.1  28.0  8.60   92.5  1564.7   92.54   44.82   59.67  3407.7   92.49   38.07   79.95     0.0   92.54    0.00    0.00    4.2     28352.174      5.50   47.23900   39.64200  F2               
0 22.11.2019 07:52:43.835  17.65000000  17649.99842   0.00  -35.9   54.1  28.0  6.65   92.9  1763.2   92.86   44.19   62.01  3867.0   92.75   35.76   84.25     0.0   92.89    0.00    0.00    3.4     28363.835      5.50   47.23900   39.64200  F2               
0 22.11.2019 07:52:55.677  17.65000000  17649.99842   0.00  -30.1   51.9  28.0  6.34   92.8  1799.9   92.72   44.12   62.47  3954.9   92.60   35.40   85.12     0.0   92.75    0.00    0.00    3.4     28375.677      5.50   47.23900   39.64200  F2               
0 22.11.2019 07:53:07.361  17.65000000  17649.99842   0.00  -36.2   51.8  28.0  7.46   93.0  1675.6   93.02   44.40   60.95  3662.2   92.93   36.68   82.26     0.0   93.04    0.00    0.00    3.4     28387.361      5.50   47.23900   39.64200  F2               
0 22.11.2019 07:53:18.982  17.65000000  17649.99903   0.00  -78.3   23.7  28.0  9.28   96.5  1522.2   96.45   44.05   58.74  3325.9   96.36   36.79   77.88     0.0   96.46    0.00    0.00    9.6     28398.982      5.50   47.23900   39.64200  F2               
0 22.11.2019 07:53:18.982  17.65000000  17649.99793   0.00  -75.7   26.3  28.0  0.00   98.2     0.0   98.18    0.00    0.00     0.0   98.18    0.00    0.00     0.0   98.18    0.00    0.00    4.3     28398.982      5.50   47.23900   39.64200  F2               
0 22.11.2019 07:53:30.825  17.65000000  17649.99891   0.00  -73.9   24.1  28.0  3.17   90.5  2250.1   90.41   43.41   68.08     0.0   90.48    0.00    0.00     0.0   90.48    0.00    0.00    6.1     28410.825      5.50   47.23900   39.64200  F2               
0 22.11.2019 07:53:30.825  17.65000000  17649.99842   0.00  -44.7   53.3  28.0 10.66   93.5  1411.4   93.49   45.01   57.72  3055.2   93.48   39.22   76.12     0.0   93.46    0.00    0.00    6.1     28410.825      5.50   47.23900   39.64200  F2               
0 22.11.2019 07:53:42.404  17.65000000  17649.99842   0.00  -41.5   52.5  28.0  6.82   93.1  1744.9   93.04   44.19   61.78  3823.8   92.93   35.89   83.78     0.0   93.07    0.00    0.00    5.1     28422.404      5.50   47.23900   39.64200  F2               
0 22.11.2019 07:53:53.980  17.65000000  17649.99842   0.00  -33.0   55.0  28.0  6.67   92.9  1761.8   92.90   44.18   61.99  3863.7   92.79   35.76   84.20     0.0   92.93    0.00    0.00    3.2     28433.980      5.50   47.23900   39.64200  F2               
0 22.11.2019 07:54:05.707  17.65000000  17649.99842   0.00  -28.7   53.3  28.0  6.48   93.0  1783.4   92.94   44.11   62.24  3919.1   92.82   35.47   84.70     0.0   92.97    0.00    0.00    3.2     28445.707      5.50   47.23900   39.64200  F2               
0 22.11.2019 07:54:17.316  17.65000000  17649.99842   0.00  -32.4   57.6  28.0  5.69   92.6  1879.9   92.57   43.91   63.43     0.0   92.62    0.00    0.00     0.0   92.62    0.00    0.00    3.5     28457.316      5.50   47.23900   39.64200  F2               
0 22.11.2019 07:54:29.118  17.65000000  17649.99842   0.00  -34.2   53.8  28.0  7.19   93.1  1704.3   93.06   44.31   61.29  3728.6   92.96   36.34   82.87     0.0   93.08    0.00    0.00    3.5     28469.118      5.50   47.23900   39.64200  F2               
0 22.11.2019 07:54:40.903  17.65000000  17649.99842   0.00  -31.7   52.3  28.0  6.82   92.9  1744.0   92.83   44.25   61.79  3820.8   92.72   36.00   83.83     0.0   92.86    0.00    0.00    3.2     28480.903      5.50   47.23900   39.64200  F2               
0 22.11.2019 07:54:52.421  17.65000000  17649.99842   0.00  -31.4   54.6  28.0  6.69   93.0  1759.9   93.01   44.16   61.96  3860.1   92.90   35.73   84.13     0.0   93.04    0.00    0.00    3.0     28492.421      5.50   47.23900   39.64200  F2               
0 22.11.2019 07:55:03.990  17.65000000  17649.99842   0.00  -33.4   52.6  28.0  6.96   93.0  1728.7   92.99   44.25   61.59  3786.1   92.88   36.10   83.44     0.0   93.02    0.00    0.00    3.1     28503.990      5.50   47.23900   39.64200  F2               
0 22.11.2019 07:55:15.750  17.65000000  17650.00207   0.00  -79.6   20.4  28.0  0.23   93.5     0.0   93.53    0.00    0.00     0.0   93.53    0.00    0.00     0.0   93.53    0.00    0.00   14.4     28515.750      5.50   47.23900   39.64200  F2               
0 22.11.2019 07:55:15.750  17.65000000  17649.99489   0.00  -79.5   20.5  28.0  3.06   92.7  2282.8   92.65   42.57   68.05     0.0   92.74    0.00    0.00     0.0   92.74    0.00    0.00   13.8     28515.750      5.50   47.23900   39.64200  F2               
0 22.11.2019 07:55:15.750  17.65000000  17650.00036   0.00  -79.3   20.7  28.0  6.68   93.0  1760.1   92.94   44.17   61.97  3860.6   92.83   35.76   84.16     0.0   92.97    0.00    0.00    8.9     28515.750      5.50   47.23900   39.64200  F2               
0 22.11.2019 07:55:15.750  17.65000000  17650.00122   0.00  -78.7   21.3  28.0  0.01   94.9     0.0   94.85    0.00    0.00     0.0   94.85    0.00    0.00     0.0   94.85    0.00    0.00   20.0     28515.750      5.50   47.23900   39.64200  F2               
0 22.11.2019 07:55:15.750  17.65000000  17649.99258   0.00  -78.7   21.3  28.0  0.02   94.6     0.0   94.60    0.00    0.00     0.0   94.60    0.00    0.00     0.0   94.60    0.00    0.00   16.3     28515.750      5.50   47.23900   39.64200  F2               
0 22.11.2019 07:55:15.750  17.65000000  17649.99635   0.00  -78.4   21.6  28.0  5.66   93.4  1888.4   93.35   43.68   63.42     0.0   93.39    0.00    0.00     0.0   93.39    0.00    0.00    6.4     28515.750      5.50   47.23900   39.64200  F2               
0 22.11.2019 07:55:15.750  17.65000000  17650.00426   0.00  -78.2   21.8  28.0  0.09   93.8     0.0   93.77    0.00    0.00     0.0   93.77    0.00    0.00     0.0   93.77    0.00    0.00   16.8     28515.750      5.50   47.23900   39.64200  F2               
0 22.11.2019 07:55:15.750  17.65000000  17649.99392   0.00  -78.0   22.0  28.0  4.72   93.6  2022.6   93.57   43.18   64.94     0.0   93.64    0.00    0.00     0.0   93.64    0.00    0.00    7.5     28515.750      5.50   47.23900   39.64200  F2               
0 22.11.2019 07:55:15.750  17.65000000  17650.00243   0.00  -77.9   22.1  28.0  6.63   92.1  1762.3   92.12   44.38   62.09  3860.5   92.02   36.14   84.47     0.0   92.15    0.00    0.00   24.6     28515.750      5.50   47.23900   39.64200  F2               
0 22.11.2019 07:55:15.750  17.65000000  17650.00280   0.00  -77.0   23.0  28.0  0.19   94.5     0.0   94.47    0.00    0.00     0.0   94.47    0.00    0.00     0.0   94.47    0.00    0.00   17.6     28515.750      5.50   47.23900   39.64200  F2               
0 22.11.2019 07:55:15.750  17.65000000  17649.99550   0.00  -76.8   23.2  28.0  0.10   94.1     0.0   94.13    0.00    0.00     0.0   94.13    0.00    0.00     0.0   94.13    0.00    0.00   16.4     28515.750      5.50   47.23900   39.64200  F2               
0 22.11.2019 07:55:15.750  17.65000000  17649.99696   0.00  -71.9   28.1  28.0  6.99   94.0  1731.0   93.92   44.01   61.50  3800.3   93.80   35.60   83.23     0.0   93.95    0.00    0.00   28.9     28515.750      5.50   47.23900   39.64200  F2               
0 22.11.2019 07:55:15.750  17.65000000  17649.99988   0.00  -71.0   29.0  28.0  7.77   92.9  1643.9   92.88   44.52   60.59  3588.6   92.80   37.09   81.60     0.0   92.89    0.00    0.00   10.0     28515.750      5.50   47.23900   39.64200  F2               
0 22.11.2019 07:55:15.750  17.65000000  17649.99769   0.00  -63.9   36.1  28.0  1.16  101.0     0.0  101.04    0.00    0.00     0.0  101.04    0.00    0.00     0.0  101.04    0.00    0.00   19.8     28515.750      5.50   47.23900   39.64200  F2               
0 22.11.2019 07:55:15.750  17.65000000  17649.99842   0.00  -34.5   65.5  28.0  7.54   93.1  1670.0   93.12   44.39   60.87  3652.0   93.03   36.68   82.13     0.0   93.14    0.00    0.00    3.5     28515.750      5.50   47.23900   39.64200  F2               
0 22.11.2019 07:55:27.497  17.65000000  17649.99842   0.00  -36.5   53.5  28.0  6.90   92.8  1734.9   92.79   44.29   61.69  3799.6   92.68   36.13   83.64     0.0   92.81    0.00    0.00    3.0     28527.497      5.50   47.23900   39.64200  F2               
0 22.11.2019 07:55:39.400  17.65000000  17649.99842   0.00  -33.7   54.3  28.0  9.36   93.4  1505.1   93.38   44.78   58.86  3277.6   93.34   38.29   78.39     0.0   93.37    0.00    0.00    2.7     28539.400      5.50   47.23900   39.64200  F2               
0 22.11.2019 07:55:51.391  17.65000000  17649.99842   0.00  -35.8   54.2  28.0  7.56   93.4  1672.0   93.39   44.32   60.87  3718.7   93.28   36.24   82.66     0.0   93.41    0.00    0.00    3.2     28551.391      5.50   47.23900   39.64200  F2               
0 22.11.2019 07:56:03.364  17.65000000  17649.99842   0.00  -32.1   49.9  28.0  6.40   93.2  1803.3   93.16   43.99   62.45     0.0   93.19    0.00    0.00     0.0   93.19    0.00    0.00    3.0     28563.364      5.50   47.23900   39.64200  F2               
0 22.11.2019 07:56:15.266  17.65000000  17649.99842   0.00  -29.6   54.4  28.0  7.00   93.1  1732.2   93.05   44.23   61.62  3863.1   92.93   35.69   84.14     0.0   93.07    0.00    0.00    2.9     28575.266      5.50   47.23900   39.64200  F2               
0 22.11.2019 07:56:27.125  17.65000000  17649.99842   0.00  -30.0   54.0  28.0  7.05   93.3  1728.5   93.25   44.19   61.56  3855.5   93.12   35.64   84.00     0.0   93.27    0.00    0.00    2.8     28587.125      5.50   47.23900   39.64200  F2               
0 22.11.2019 07:56:38.710  17.65000000  17649.99842   0.00  -33.4   54.6  28.0  7.38   93.2  1691.5   93.18   44.31   61.12  3758.5   93.07   36.15   83.12     0.0   93.19    0.00    0.00    2.8     28598.710      5.50   47.23900   39.64200  F2               
0 22.11.2019 07:56:50.367  17.65000000  17649.99842   0.00  -36.8   53.2  28.0  6.89   92.9  1744.4   92.91   44.23   61.78  3893.6   92.78   35.62   84.48     0.0   92.93    0.00    0.00    3.3     28610.367      5.50   47.23900   39.64200  F2               
0 22.11.2019 07:57:01.838  17.65000000  17649.99842   0.00  -33.9   58.1  28.0  6.45   92.8  1795.5   92.77   44.11   62.41     0.0   92.80    0.00    0.00     0.0   92.80    0.00    0.00    3.5     28621.838      5.50   47.23900   39.64200  F2               
0 22.11.2019 07:57:13.591  17.65000000  17649.99842   0.00  -32.5   57.5  28.0  6.37   93.0  1806.8   93.01   44.02   62.51     0.0   93.04    0.00    0.00     0.0   93.04    0.00    0.00    3.3     28633.591      5.50   47.23900   39.64200  F2               
0 22.11.2019 07:57:25.178  17.65000000  17649.99842   0.00  -37.0   55.0  28.0  7.61   92.8  1665.3   92.80   44.48   60.85  3690.1   92.70   36.65   82.61     0.0   92.81    0.00    0.00    3.0     28645.178      5.50   47.23900   39.64200  F2               
0 22.11.2019 07:57:36.467  17.65000000  17649.99842   0.00  -36.6   51.4  28.0  8.60   93.0  1570.0   93.00   44.70   59.69  3468.6   92.94   37.59   80.40     0.0   92.99    0.00    0.00    4.0     28656.467      5.50   47.23900   39.64200  F2               
0 22.11.2019 07:57:48.154  17.65000000  17649.99891   0.00  -71.6   26.4  28.0  0.18   90.1     0.0   90.07    0.00    0.00     0.0   90.07    0.00    0.00     0.0   90.07    0.00    0.00    6.3     28668.154      5.50   47.23900   39.64200  F2               
0 22.11.2019 07:57:48.154  17.65000000  17649.99854   0.00  -50.2   47.8  28.0 11.91   92.2  1329.0   92.22   45.47   56.81  2903.1   92.27   40.35   74.89     0.0   92.16    0.00    0.00    8.8     28668.154      5.50   47.23900   39.64200  F2               
0 22.11.2019 07:57:48.154  17.65000000  17649.99830   0.00  -48.7   49.3  28.0  0.01   94.3     0.0   94.34    0.00    0.00     0.0   94.34    0.00    0.00     0.0   94.34    0.00    0.00    9.2     28668.154      5.50   47.23900   39.64200  F2               
0 22.11.2019 07:58:00.154  17.65000000  17649.99842   0.00  -32.0   52.0  28.0  7.72   93.2  1658.1   93.15   44.42   60.73  3677.4   93.05   36.55   82.36     0.0   93.15    0.00    0.00    3.1     28680.154      5.50   47.23900   39.64200  F2               
0 22.11.2019 07:58:11.763  17.65000000  17649.99842   0.00  -33.2   54.8  28.0  6.49   93.2  1791.5   93.13   44.03   62.31     0.0   93.16    0.00    0.00     0.0   93.16    0.00    0.00    3.2     28691.763      5.50   47.23900   39.64200  F2               
0 22.11.2019 07:58:23.397  17.65000000  17649.99842   0.00  -41.3   52.7  28.0  9.03   93.4  1534.7   93.44   44.69   59.22  3390.9   93.38   37.75   79.49     0.0   93.43    0.00    0.00    2.8     28703.397      5.50   47.23900   39.64200  F2               
0 22.11.2019 07:58:34.959  17.65000000  17649.99903   0.00  -70.0   22.0  28.0 12.05   93.3  1325.2   93.37   45.24   56.67  2896.9   93.42   39.92   74.51     0.0   93.32    0.00    0.00    3.9     28714.959      5.50   47.23900   39.64200  F2               
0 22.11.2019 07:58:34.959  17.65000000  17649.99842   0.00  -38.2   53.8  28.0  9.75   93.0  1474.6   92.98   44.95   58.53  3255.1   92.95   38.56   78.29     0.0   92.95    0.00    0.00    4.6     28714.959      5.50   47.23900   39.64200  F2               
0 22.11.2019 07:58:46.631  17.65000000  17649.99842   0.00  -35.0   57.0  28.0  8.86   93.1  1547.3   93.10   44.73   59.40  3418.6   93.04   37.77   79.88     0.0   93.09    0.00    0.00    3.1     28726.631      5.50   47.23900   39.64200  F2               
0 22.11.2019 07:58:58.257  17.65000000  17649.99842   0.00  -40.8   49.2  28.0  9.87   93.3  1466.6   93.36   44.89   58.40  3238.2   93.34   38.47   78.00     0.0   93.34    0.00    0.00    4.2     28738.257      5.50   47.23900   39.64200  F2               
0 22.11.2019 07:59:09.670  17.65000000  17649.99842   0.00  -42.5   51.5  28.0  9.06   93.2  1531.0   93.22   44.75   59.19  3382.9   93.17   37.88   79.49     0.0   93.21    0.00    0.00    5.2     28749.670      5.50   47.23900   39.64200  F2               
0 22.11.2019 07:59:21.407  17.65000000  17649.99842   0.00  -45.9   48.1  28.0  6.39   93.9  1808.1   93.88   43.79   62.41     0.0   93.91    0.00    0.00     0.0   93.91    0.00    0.00    4.2     28761.407      5.50   47.23900   39.64200  F2               
0 22.11.2019 07:59:33.270  17.65000000  17649.99769   0.00  -76.4   21.6  28.0  8.68   99.5  1597.7   99.45   43.12   59.24  3579.0   99.30   34.25   79.14     0.0   99.47    0.00    0.00   16.0     28773.270      5.50   47.23900   39.64200  F2               
0 22.11.2019 07:59:33.270  17.65000000  17649.99842   0.00  -45.3   52.7  28.0  7.73   93.9  1658.0   93.87   44.24   60.64  3680.3   93.76   36.21   82.13     0.0   93.88    0.00    0.00    2.4     28773.270      5.50   47.23900   39.64200  F2               
0 22.11.2019 07:59:44.821  17.65000000  17649.99842   0.00  -31.5   52.5  28.0  7.31   93.2  1698.8   93.19   44.29   61.21  3776.4   93.08   36.05   83.28     0.0   93.21    0.00    0.00    3.0     28784.821      5.50   47.23900   39.64200  F2               
0 22.11.2019 07:59:56.316  17.65000000  17649.99514   0.00  -83.2   20.8  28.0  8.91   93.0  1543.3   92.99   44.77   59.36  3408.9   92.94   37.87   79.82     0.0   92.98    0.00    0.00    4.1     28796.316      5.50   47.23900   39.64200  F2               
0 22.11.2019 07:59:56.316  17.65000000  17650.00061   0.00  -81.3   22.7  28.0  7.70   93.0  1656.3   92.99   44.46   60.72  3670.0   92.90   36.65   82.35     0.0   93.00    0.00    0.00    3.5     28796.316      5.50   47.23900   39.64200  F2               
0 22.11.2019 07:59:56.316  17.65000000  17649.99635   0.00  -79.3   24.7  28.0  8.32   92.9  1594.8   92.86   44.66   60.00  3524.9   92.78   37.39   81.00     0.0   92.85    0.00    0.00    2.8     28796.316      5.50   47.23900   39.64200  F2               
0 22.11.2019 07:59:56.316  17.65000000  17649.99951   0.00  -78.1   25.9  28.0  6.56   92.9  1782.4   92.90   44.12   62.24  3998.2   92.76   35.10   85.45     0.0   92.93    0.00    0.00    4.6     28796.316      5.50   47.23900   39.64200  F2               
0 22.11.2019 07:59:56.316  17.65000000  17649.99732   0.00  -77.2   26.8  28.0  8.81   93.4  1553.3   93.37   44.65   59.45  3433.1   93.31   37.59   79.93     0.0   93.36    0.00    0.00    5.5     28796.316      5.50   47.23900   39.64200  F2               
0 22.11.2019 07:59:56.316  17.65000000  17649.99903   0.00  -70.5   33.5  28.0 11.84   90.4  1327.7   90.45   45.82   56.92  2891.6   90.52   41.08   75.21     0.0   90.39    0.00    0.00    4.1     28796.316      5.50   47.23900   39.64200  F2               
0 22.11.2019 07:59:56.316  17.65000000  17649.99842   0.00  -32.0   72.0  28.0  7.79   93.2  1648.6   93.19   44.43   60.61  3653.1   93.09   36.64   82.11     0.0   93.20    0.00    0.00    3.0     28796.316      5.50   47.23900   39.64200  F2               
