09.12.2023 11:00:23.183  15.69000000  15689.99587   0.00  -72.8   61.2  28.0 14.27  290.2     0.0  290.23    0.00    0.00     0.0  290.23    0.00    0.00     0.0  290.23    0.00    0.00    3.9     39623.183      5.50   47.24000   39.71000  "Undefined"          0.0    -4.13  0.00000000
09.12.2023 11:01:16.269  15.69000000  15689.99587   0.00  -74.0   62.0  28.0 16.86  290.0     0.0  289.99    0.00    0.00     0.0  289.99    0.00    0.00     0.0  289.99    0.00    0.00    5.3     39676.269      5.50   47.24000   39.71000  "Undefined"          0.0    -4.13  0.00000000
09.12.2023 11:01:58.681  15.69000000  15689.99647   0.00 -109.1   24.9  28.0 16.63  283.4     0.0  283.43    0.00    0.00     0.0  283.43    0.00    0.00     0.0  283.43    0.00    0.00    6.8     39718.681      5.50   47.24000   39.71000  "Undefined"          0.0    -3.53  0.00000000
09.12.2023 11:01:58.681  15.69000000  15689.99574   0.00  -70.0   64.0  28.0 18.44  288.3     0.0  288.30    0.00    0.00     0.0  288.30    0.00    0.00     0.0  288.30    0.00    0.00    4.7     39718.681      5.50   47.24000   39.71000  "Undefined"          0.0    -4.26  0.00000000
09.12.2023 11:02:41.022  15.69000000  15689.99538   0.00  -97.6   38.4  28.0 22.97  288.2     0.0  288.24    0.00    0.00     0.0  288.24    0.00    0.00     0.0  288.24    0.00    0.00    3.3     39761.022      5.50   47.24000   39.71000  "Undefined"          0.0    -4.62  0.00000000
09.12.2023 11:02:41.022  15.69000000  15689.99587   0.00  -68.3   67.7  28.0 16.87  289.7     0.0  289.75    0.00    0.00     0.0  289.75    0.00    0.00     0.0  289.75    0.00    0.00    4.3     39761.022      5.50   47.24000   39.71000  "Undefined"          0.0    -4.13  0.00000000
09.12.2023 11:03:23.380  15.69000000  15689.99647   0.00 -114.7   21.3  28.0 24.67  287.0     0.0  287.03    0.00    0.00     0.0  287.03    0.00    0.00     0.0  287.03    0.00    0.00   16.1     39803.380      5.50   47.24000   39.71000  "Undefined"          0.0    -3.53  0.00000000
09.12.2023 11:03:23.380  15.69000000  15689.99538   0.00  -93.6   42.4  28.0 27.91  285.7     0.0  285.68    0.00    0.00     0.0  285.68    0.00    0.00     0.0  285.68    0.00    0.00    4.3     39803.380      5.50   47.24000   39.71000  "Undefined"          0.0    -4.62  0.00000000
09.12.2023 11:03:23.380  15.69000000  15689.99587   0.00  -65.7   70.3  28.0 16.50  290.0     0.0  290.00    0.00    0.00     0.0  290.00    0.00    0.00     0.0  290.00    0.00    0.00    5.0     39803.380      5.50   47.24000   39.71000  "Undefined"          0.0    -4.13  0.00000000
09.12.2023 11:04:05.711  15.69000000  15689.99587   0.00  -63.9   54.1  28.0 16.87  289.4     0.0  289.39    0.00    0.00     0.0  289.39    0.00    0.00     0.0  289.39    0.00    0.00    4.1     39845.711      5.50   47.24000   39.71000  "Undefined"          0.0    -4.13  0.00000000
09.12.2023 11:04:48.075  15.69000000  15689.99574   0.00  -68.9   53.1  28.0 18.92  288.4     0.0  288.35    0.00    0.00     0.0  288.35    0.00    0.00     0.0  288.35    0.00    0.00    4.3     39888.075      5.50   47.24000   39.71000  "Undefined"          0.0    -4.26  0.00000000
09.12.2023 11:05:40.940  15.69000000  15689.99587   0.00  -67.5   54.5  28.0 16.39  289.6     0.0  289.60    0.00    0.00     0.0  289.60    0.00    0.00     0.0  289.60    0.00    0.00    5.0     39940.940      5.50   47.24000   39.71000  "Undefined"          0.0    -4.13  0.00000000
09.12.2023 11:06:23.233  15.69000000  15689.99574   0.00  -78.2   51.8  28.0 17.88  290.9     0.0  290.88    0.00    0.00     0.0  290.88    0.00    0.00     0.0  290.88    0.00    0.00    7.8     39983.233      5.50   47.24000   39.71000  "Undefined"          0.0    -4.26  0.00000000
09.12.2023 11:07:05.594  15.69000000  15689.99684   0.00 -105.8   22.2  28.0 24.47  295.1     0.0  295.11    0.00    0.00     0.0  295.11    0.00    0.00     0.0  295.11    0.00    0.00    5.6     40025.594      5.50   47.24000   39.71000  "Undefined"          0.0    -3.16  0.00000000
09.12.2023 11:07:05.594  15.69000000  15689.99635   0.00 -103.6   24.4  28.0 30.46  293.5     0.0  293.52    0.00    0.00     0.0  293.52    0.00    0.00     0.0  293.52    0.00    0.00    7.0     40025.594      5.50   47.24000   39.71000  "Undefined"          0.0    -3.65  0.00000000
09.12.2023 11:07:05.594  15.69000000  15689.99574   0.00  -73.9   54.1  28.0 17.00  288.1     0.0  288.14    0.00    0.00     0.0  288.14    0.00    0.00     0.0  288.14    0.00    0.00    6.4     40025.594      5.50   47.24000   39.71000  "Undefined"          0.0    -4.26  0.00000000
09.12.2023 11:07:47.948  15.69000000  15689.99647   0.00  -99.2   22.8  28.0 26.32  293.5     0.0  293.52    0.00    0.00     0.0  293.52    0.00    0.00     0.0  293.52    0.00    0.00    7.2     40067.948      5.50   47.24000   39.71000  "Undefined"          0.0    -3.53  0.00000000
09.12.2023 11:07:47.948  15.69000000  15689.99574   0.00  -67.8   54.2  28.0 16.76  289.6     0.0  289.62    0.00    0.00     0.0  289.62    0.00    0.00     0.0  289.62    0.00    0.00    5.1     40067.948      5.50   47.24000   39.71000  "Undefined"          0.0    -4.26  0.00000000
09.12.2023 11:08:30.306  15.69000000  15689.99647   0.00  -99.2   26.8  28.0 26.88  293.9     0.0  293.93    0.00    0.00     0.0  293.93    0.00    0.00     0.0  293.93    0.00    0.00    5.5     40110.306      5.50   47.24000   39.71000  "Undefined"          0.0    -3.53  0.00000000
09.12.2023 11:08:30.306  15.69000000  15689.99526   0.00  -98.9   27.1  28.0 23.84  287.5     0.0  287.47    0.00    0.00     0.0  287.47    0.00    0.00     0.0  287.47    0.00    0.00    8.6     40110.306      5.50   47.24000   39.71000  "Undefined"          0.0    -4.74  0.00000000
09.12.2023 11:08:30.306  15.69000000  15689.99574   0.00  -69.2   56.8  28.0 15.54  288.3     0.0  288.29    0.00    0.00     0.0  288.29    0.00    0.00     0.0  288.29    0.00    0.00    5.7     40110.306      5.50   47.24000   39.71000  "Undefined"          0.0    -4.26  0.00000000
09.12.2023 11:09:23.573  15.69000000  15689.99708   0.00 -100.4   35.6  28.0 23.95  292.8     0.0  292.83    0.00    0.00     0.0  292.83    0.00    0.00     0.0  292.83    0.00    0.00    5.3     40163.573      5.50   47.24000   39.71000  "Undefined"          0.0    -2.92  0.00000000
09.12.2023 11:09:23.573  15.69000000  15689.99660   0.00  -97.3   38.7  28.0 23.17  292.1     0.0  292.12    0.00    0.00     0.0  292.12    0.00    0.00     0.0  292.12    0.00    0.00   10.0     40163.573      5.50   47.24000   39.71000  "Undefined"          0.0    -3.40  0.00000000
09.12.2023 11:09:23.573  15.69000000  15689.99574   0.00  -73.6   62.4  28.0 16.77  289.5     0.0  289.48    0.00    0.00     0.0  289.48    0.00    0.00     0.0  289.48    0.00    0.00    5.2     40163.573      5.50   47.24000   39.71000  "Undefined"          0.0    -4.26  0.00000000
09.12.2023 11:10:06.121  15.69000000  15689.99672   0.00  -94.5   41.5  28.0 26.27  291.8     0.0  291.78    0.00    0.00     0.0  291.78    0.00    0.00     0.0  291.78    0.00    0.00    6.9     40206.121      5.50   47.24000   39.71000  "Undefined"          0.0    -3.28  0.00000000
09.12.2023 11:10:06.121  15.69000000  15689.99696   0.00  -93.1   42.9  28.0 25.16  292.1     0.0  292.12    0.00    0.00     0.0  292.12    0.00    0.00     0.0  292.12    0.00    0.00    6.1     40206.121      5.50   47.24000   39.71000  "Undefined"          0.0    -3.04  0.00000000
09.12.2023 11:10:06.121  15.69000000  15689.99587   0.00  -72.8   63.2  28.0 16.00  290.5     0.0  290.46    0.00    0.00     0.0  290.46    0.00    0.00     0.0  290.46    0.00    0.00    3.4     40206.121      5.50   47.24000   39.71000  "Undefined"          0.0    -4.13  0.00000000
09.12.2023 11:10:48.719  15.69000000  15689.99720   0.00 -106.3   27.7  28.0 26.29  292.0     0.0  291.97    0.00    0.00     0.0  291.97    0.00    0.00     0.0  291.97    0.00    0.00    9.2     40248.719      5.50   47.24000   39.71000  "Undefined"          0.0    -2.80  0.00000000
09.12.2023 11:10:48.719  15.69000000  15689.99647   0.00  -95.8   38.2  28.0 11.06   28.1     0.0   28.15    0.00    0.00     0.0   28.15    0.00    0.00     0.0   28.15    0.00    0.00   21.7     40248.719      5.50   47.24000   39.71000  "Undefined"          0.0    -3.53  0.00000000
09.12.2023 11:10:48.719  15.69000000  15689.99574   0.00  -67.7   66.3  28.0 15.47  290.5     0.0  290.46    0.00    0.00     0.0  290.46    0.00    0.00     0.0  290.46    0.00    0.00    4.5     40248.719      5.50   47.24000   39.71000  "Undefined"          0.0    -4.26  0.00000000
09.12.2023 11:11:31.301  15.69000000  15689.99684   0.00  -96.8   37.2  28.0 21.66  290.1     0.0  290.08    0.00    0.00     0.0  290.08    0.00    0.00     0.0  290.08    0.00    0.00    7.3     40291.301      5.50   47.24000   39.71000  "Undefined"          0.0    -3.16  0.00000000
09.12.2023 11:11:31.301  15.69000000  15689.99587   0.00  -76.0   58.0  28.0 12.44  290.1     0.0  290.13    0.00    0.00     0.0  290.13    0.00    0.00     0.0  290.13    0.00    0.00    7.1     40291.301      5.50   47.24000   39.71000  "Undefined"          0.0    -4.13  0.00000000
09.12.2023 11:12:24.460  15.69000000  15689.99465   0.00 -111.5   24.5  28.0 27.15  301.9     0.0  301.93    0.00    0.00     0.0  301.93    0.00    0.00     0.0  301.93    0.00    0.00    4.3     40344.460      5.50   47.24000   39.71000  "Undefined"          0.0    -5.35  0.00000000
09.12.2023 11:12:24.460  15.69000000  15689.99720   0.00 -105.6   30.4  28.0 26.11  291.7     0.0  291.73    0.00    0.00     0.0  291.73    0.00    0.00     0.0  291.73    0.00    0.00    5.5     40344.460      5.50   47.24000   39.71000  "Undefined"          0.0    -2.80  0.00000000
09.12.2023 11:12:24.460  15.69000000  15689.99660   0.00 -103.2   32.8  28.0 19.80  294.6     0.0  294.64    0.00    0.00     0.0  294.64    0.00    0.00     0.0  294.64    0.00    0.00   11.2     40344.460      5.50   47.24000   39.71000  "Undefined"          0.0    -3.40  0.00000000
09.12.2023 11:12:24.460  15.69000000  15689.99574   0.00  -82.8   53.2  28.0  0.46   29.5     0.0   29.49    0.00    0.00     0.0   29.49    0.00    0.00     0.0   29.49    0.00    0.00    8.2     40344.460      5.50   47.24000   39.71000  "Undefined"          0.0    -4.26  0.00000000
09.12.2023 11:12:24.460  15.69000000  15689.99599   0.00  -80.6   55.4  28.0 18.72  289.6     0.0  289.61    0.00    0.00     0.0  289.61    0.00    0.00     0.0  289.61    0.00    0.00    4.7     40344.460      5.50   47.24000   39.71000  "Undefined"          0.0    -4.01  0.00000000
09.12.2023 11:13:07.088  15.69000000  15689.99660   0.00  -96.5   31.5  28.0 23.52  291.0     0.0  290.98    0.00    0.00     0.0  290.98    0.00    0.00     0.0  290.98    0.00    0.00    6.0     40387.088      5.50   47.24000   39.71000  "Undefined"          0.0    -3.40  0.00000000
09.12.2023 11:13:07.088  15.69000000  15689.99574   0.00  -65.2   62.8  28.0 17.58  289.7     0.0  289.74    0.00    0.00     0.0  289.74    0.00    0.00     0.0  289.74    0.00    0.00    3.7     40387.088      5.50   47.24000   39.71000  "Undefined"          0.0    -4.26  0.00000000
09.12.2023 11:14:00.249  15.69000000  15689.99428   0.00 -113.9   20.1  28.0 18.38   26.5     0.0   26.47    0.00    0.00     0.0   26.47    0.00    0.00     0.0   26.47    0.00    0.00    8.1     40440.249      5.50   47.24000   39.71000  "Undefined"          0.0    -5.72  0.00000000
09.12.2023 11:14:00.249  15.69000000  15689.99465   0.00 -111.0   23.0  28.0 16.10   26.9     0.0   26.90    0.00    0.00     0.0   26.90    0.00    0.00     0.0   26.90    0.00    0.00    7.1     40440.249      5.50   47.24000   39.71000  "Undefined"          0.0    -5.35  0.00000000
09.12.2023 11:14:00.249  15.69000000  15689.99489   0.00 -107.4   26.6  28.0 24.51  284.8     0.0  284.80    0.00    0.00     0.0  284.80    0.00    0.00     0.0  284.80    0.00    0.00    2.8     40440.249      5.50   47.24000   39.71000  "Undefined"          0.0    -5.11  0.00000000
09.12.2023 11:14:00.249  15.69000000  15689.99708   0.00 -105.9   28.1  28.0 25.17  291.5     0.0  291.54    0.00    0.00     0.0  291.54    0.00    0.00     0.0  291.54    0.00    0.00    6.1     40440.249      5.50   47.24000   39.71000  "Undefined"          0.0    -2.92  0.00000000
09.12.2023 11:14:00.249  15.69000000  15689.99672   0.00 -102.8   31.2  28.0 25.13  289.6     0.0  289.59    0.00    0.00     0.0  289.59    0.00    0.00     0.0  289.59    0.00    0.00    5.1     40440.249      5.50   47.24000   39.71000  "Undefined"          0.0    -3.28  0.00000000
09.12.2023 11:14:00.249  15.69000000  15689.99550   0.00  -86.1   47.9  28.0 26.16  286.5     0.0  286.46    0.00    0.00     0.0  286.46    0.00    0.00     0.0  286.46    0.00    0.00    5.1     40440.249      5.50   47.24000   39.71000  "Undefined"          0.0    -4.50  0.00000000
09.12.2023 11:14:00.249  15.69000000  15689.99587   0.00  -79.2   54.8  28.0 16.76  290.4     0.0  290.39    0.00    0.00     0.0  290.39    0.00    0.00     0.0  290.39    0.00    0.00    6.1     40440.249      5.50   47.24000   39.71000  "Undefined"          0.0    -4.13  0.00000000
09.12.2023 11:14:42.999  15.69000000  15689.99708   0.00 -111.8   24.2  28.0 26.75  290.2     0.0  290.20    0.00    0.00     0.0  290.20    0.00    0.00     0.0  290.20    0.00    0.00    5.5     40482.999      5.50   47.24000   39.71000  "Undefined"          0.0    -2.92  0.00000000
09.12.2023 11:14:42.999  15.69000000  15689.99647   0.00  -98.9   37.1  28.0 20.89  292.4     0.0  292.40    0.00    0.00     0.0  292.40    0.00    0.00     0.0  292.40    0.00    0.00    5.6     40482.999      5.50   47.24000   39.71000  "Undefined"          0.0    -3.53  0.00000000
09.12.2023 11:14:42.999  15.69000000  15689.99672   0.00  -98.1   37.9  28.0 20.94  291.9     0.0  291.93    0.00    0.00     0.0  291.93    0.00    0.00     0.0  291.93    0.00    0.00    3.9     40482.999      5.50   47.24000   39.71000  "Undefined"          0.0    -3.28  0.00000000
09.12.2023 11:14:42.999  15.69000000  15689.99574   0.00  -79.5   56.5  28.0 17.54  290.7     0.0  290.67    0.00    0.00     0.0  290.67    0.00    0.00     0.0  290.67    0.00    0.00    6.3     40482.999      5.50   47.24000   39.71000  "Undefined"          0.0    -4.26  0.00000000
09.12.2023 11:15:25.430  15.69000000  15689.99708   0.00 -112.5   23.5  28.0 24.23  293.3     0.0  293.29    0.00    0.00     0.0  293.29    0.00    0.00     0.0  293.29    0.00    0.00    2.8     40525.430      5.50   47.24000   39.71000  "Undefined"          0.0    -2.92  0.00000000
09.12.2023 11:15:25.430  15.69000000  15689.99684   0.00 -108.5   27.5  28.0 23.63  289.1     0.0  289.08    0.00    0.00     0.0  289.08    0.00    0.00     0.0  289.08    0.00    0.00   11.9     40525.430      5.50   47.24000   39.71000  "Undefined"          0.0    -3.16  0.00000000
09.12.2023 11:15:25.430  15.69000000  15689.99538   0.00  -99.1   36.9  28.0 30.28  288.0     0.0  288.00    0.00    0.00     0.0  288.00    0.00    0.00     0.0  288.00    0.00    0.00    5.1     40525.430      5.50   47.24000   39.71000  "Undefined"          0.0    -4.62  0.00000000
09.12.2023 11:15:25.430  15.69000000  15689.99647   0.00  -94.0   42.0  28.0 21.31  289.9     0.0  289.86    0.00    0.00     0.0  289.86    0.00    0.00     0.0  289.86    0.00    0.00    5.9     40525.430      5.50   47.24000   39.71000  "Undefined"          0.0    -3.53  0.00000000
09.12.2023 11:15:25.430  15.69000000  15689.99587   0.00  -73.8   62.2  28.0 16.13  289.6     0.0  289.63    0.00    0.00     0.0  289.63    0.00    0.00     0.0  289.63    0.00    0.00    3.0     40525.430      5.50   47.24000   39.71000  "Undefined"          0.0    -4.13  0.00000000
09.12.2023 11:16:07.993  15.69000000  15689.99647   0.00  -93.7   42.3  28.0 19.75  292.7     0.0  292.71    0.00    0.00     0.0  292.71    0.00    0.00     0.0  292.71    0.00    0.00    6.8     40567.993      5.50   47.24000   39.71000  "Undefined"          0.0    -3.53  0.00000000
09.12.2023 11:16:07.993  15.69000000  15689.99574   0.00  -80.0   56.0  28.0 22.32  285.6     0.0  285.65    0.00    0.00     0.0  285.65    0.00    0.00     0.0  285.65    0.00    0.00    4.2     40567.993      5.50   47.24000   39.71000  "Undefined"          0.0    -4.26  0.00000000
09.12.2023 11:17:22.246  15.69000000  15689.99647   0.00  -91.1   32.9  28.0 20.78  291.6     0.0  291.63    0.00    0.00     0.0  291.63    0.00    0.00     0.0  291.63    0.00    0.00    3.1     40642.246      5.50   47.24000   39.71000  "Undefined"          0.0    -3.53  0.00000000
09.12.2023 11:17:22.246  15.69000000  15689.99587   0.00  -68.9   55.1  28.0 14.49  290.0     0.0  290.01    0.00    0.00     0.0  290.01    0.00    0.00     0.0  290.01    0.00    0.00    4.6     40642.246      5.50   47.24000   39.71000  "Undefined"          0.0    -4.13  0.00000000
09.12.2023 11:18:04.776  15.69000000  15689.99647   0.00  -92.9   31.1  28.0 19.74  291.5     0.0  291.53    0.00    0.00     0.0  291.53    0.00    0.00     0.0  291.53    0.00    0.00    3.2     40684.776      5.50   47.24000   39.71000  "Undefined"          0.0    -3.53  0.00000000
09.12.2023 11:18:04.776  15.69000000  15689.99574   0.00  -71.5   52.5  28.0 13.50  289.6     0.0  289.57    0.00    0.00     0.0  289.57    0.00    0.00     0.0  289.57    0.00    0.00    4.3     40684.776      5.50   47.24000   39.71000  "Undefined"          0.0    -4.26  0.00000000
09.12.2023 11:18:47.319  15.69000000  15689.99696   0.00 -106.9   29.1  28.0 22.56  289.1     0.0  289.07    0.00    0.00     0.0  289.07    0.00    0.00     0.0  289.07    0.00    0.00    8.0     40727.319      5.50   47.24000   39.71000  "Undefined"          0.0    -3.04  0.00000000
09.12.2023 11:18:47.319  15.69000000  15689.99526   0.00  -96.5   39.5  28.0 28.74  286.9     0.0  286.92    0.00    0.00     0.0  286.92    0.00    0.00     0.0  286.92    0.00    0.00    4.8     40727.319      5.50   47.24000   39.71000  "Undefined"          0.0    -4.74  0.00000000
09.12.2023 11:18:47.319  15.69000000  15689.99574   0.00  -72.8   63.2  28.0 17.21  290.2     0.0  290.23    0.00    0.00     0.0  290.23    0.00    0.00     0.0  290.23    0.00    0.00    4.0     40727.319      5.50   47.24000   39.71000  "Undefined"          0.0    -4.26  0.00000000
09.12.2023 11:19:29.884  15.69000000  15689.99720   0.00 -115.8   20.2  28.0  0.23   91.8     0.0   91.84    0.00    0.00     0.0   91.84    0.00    0.00     0.0   91.84    0.00    0.00    7.0     40769.884      5.50   47.24000   39.71000  "Undefined"          0.0    -2.80  0.00000000
09.12.2023 11:19:29.884  15.69000000  15689.99684   0.00 -107.4   28.6  28.0 20.51  290.0     0.0  290.04    0.00    0.00     0.0  290.04    0.00    0.00     0.0  290.04    0.00    0.00    8.1     40769.884      5.50   47.24000   39.71000  "Undefined"          0.0    -3.16  0.00000000
09.12.2023 11:19:29.884  15.69000000  15689.99526   0.00  -97.2   38.8  28.0 27.79  290.2     0.0  290.18    0.00    0.00     0.0  290.18    0.00    0.00     0.0  290.18    0.00    0.00    5.3     40769.884      5.50   47.24000   39.71000  "Undefined"          0.0    -4.74  0.00000000
09.12.2023 11:19:29.884  15.69000000  15689.99635   0.00  -90.5   45.5  28.0 21.50  288.0     0.0  287.98    0.00    0.00     0.0  287.98    0.00    0.00     0.0  287.98    0.00    0.00    4.6     40769.884      5.50   47.24000   39.71000  "Undefined"          0.0    -3.65  0.00000000
09.12.2023 11:19:29.884  15.69000000  15689.99574   0.00  -75.8   60.2  28.0 17.24  289.9     0.0  289.88    0.00    0.00     0.0  289.88    0.00    0.00     0.0  289.88    0.00    0.00    7.2     40769.884      5.50   47.24000   39.71000  "Undefined"          0.0    -4.26  0.00000000
09.12.2023 11:20:12.469  15.69000000  15689.99660   0.00  -95.5   40.5  28.0 21.41  288.0     0.0  288.03    0.00    0.00     0.0  288.03    0.00    0.00     0.0  288.03    0.00    0.00    5.8     40812.469      5.50   47.24000   39.71000  "Undefined"          0.0    -3.40  0.00000000
09.12.2023 11:20:12.469  15.69000000  15689.99623   0.00  -92.2   43.8  28.0 21.13  287.3     0.0  287.27    0.00    0.00     0.0  287.27    0.00    0.00     0.0  287.27    0.00    0.00    5.9     40812.469      5.50   47.24000   39.71000  "Undefined"          0.0    -3.77  0.00000000
09.12.2023 11:20:12.469  15.69000000  15689.99574   0.00  -68.0   68.0  28.0 16.95  289.6     0.0  289.55    0.00    0.00     0.0  289.55    0.00    0.00     0.0  289.55    0.00    0.00    4.7     40812.469      5.50   47.24000   39.71000  "Undefined"          0.0    -4.26  0.00000000
09.12.2023 11:20:55.036  15.69000000  15689.99672   0.00 -107.2   26.8  28.0 21.03  287.6     0.0  287.62    0.00    0.00     0.0  287.62    0.00    0.00     0.0  287.62    0.00    0.00    4.8     40855.036      5.50   47.24000   39.71000  "Undefined"          0.0    -3.28  0.00000000
09.12.2023 11:20:55.036  15.69000000  15689.99647   0.00 -101.8   32.2  28.0 23.34  286.9     0.0  286.88    0.00    0.00     0.0  286.88    0.00    0.00     0.0  286.88    0.00    0.00    4.1     40855.036      5.50   47.24000   39.71000  "Undefined"          0.0    -3.53  0.00000000
09.12.2023 11:20:55.036  15.69000000  15689.99623   0.00  -94.7   39.3  28.0 20.87  292.3     0.0  292.29    0.00    0.00     0.0  292.29    0.00    0.00     0.0  292.29    0.00    0.00    6.5     40855.036      5.50   47.24000   39.71000  "Undefined"          0.0    -3.77  0.00000000
09.12.2023 11:20:55.036  15.69000000  15689.99574   0.00  -75.8   58.2  28.0 16.59  289.7     0.0  289.70    0.00    0.00     0.0  289.70    0.00    0.00     0.0  289.70    0.00    0.00    5.8     40855.036      5.50   47.24000   39.71000  "Undefined"          0.0    -4.26  0.00000000
09.12.2023 11:21:37.733  15.69000000  15689.99514   0.00 -101.9   30.1  28.0 27.89  285.9     0.0  285.93    0.00    0.00     0.0  285.93    0.00    0.00     0.0  285.93    0.00    0.00    3.9     40897.733      5.50   47.24000   39.71000  "Undefined"          0.0    -4.86  0.00000000
09.12.2023 11:21:37.733  15.69000000  15689.99550   0.00  -94.0   38.0  28.0 25.85  284.4     0.0  284.42    0.00    0.00     0.0  284.42    0.00    0.00     0.0  284.42    0.00    0.00    2.2     40897.733      5.50   47.24000   39.71000  "Undefined"          0.0    -4.50  0.00000000
09.12.2023 11:21:37.733  15.69000000  15689.99623   0.00  -88.4   43.6  28.0 22.93  286.5     0.0  286.53    0.00    0.00     0.0  286.53    0.00    0.00     0.0  286.53    0.00    0.00    3.6     40897.733      5.50   47.24000   39.71000  "Undefined"          0.0    -3.77  0.00000000
09.12.2023 11:21:37.733  15.69000000  15689.99587   0.00  -75.5   56.5  28.0 17.93  289.4     0.0  289.43    0.00    0.00     0.0  289.43    0.00    0.00     0.0  289.43    0.00    0.00    4.2     40897.733      5.50   47.24000   39.71000  "Undefined"          0.0    -4.13  0.00000000
09.12.2023 11:22:20.332  15.69000000  15689.99672   0.00  -99.3   36.7  28.0 24.30  287.0     0.0  286.98    0.00    0.00     0.0  286.98    0.00    0.00     0.0  286.98    0.00    0.00    4.0     40940.332      5.50   47.24000   39.71000  "Undefined"          0.0    -3.28  0.00000000
09.12.2023 11:22:20.332  15.69000000  15689.99635   0.00  -91.3   44.7  28.0 21.13  288.7     0.0  288.72    0.00    0.00     0.0  288.72    0.00    0.00     0.0  288.72    0.00    0.00    4.8     40940.332      5.50   47.24000   39.71000  "Undefined"          0.0    -3.65  0.00000000
09.12.2023 11:22:20.332  15.69000000  15689.99574   0.00  -69.9   66.1  28.0 16.24  289.7     0.0  289.68    0.00    0.00     0.0  289.68    0.00    0.00     0.0  289.68    0.00    0.00    2.8     40940.332      5.50   47.24000   39.71000  "Undefined"          0.0    -4.26  0.00000000
09.12.2023 11:23:03.219  15.69000000  15689.99623   0.00  -90.2   33.8  28.0 20.92  288.9     0.0  288.91    0.00    0.00     0.0  288.91    0.00    0.00     0.0  288.91    0.00    0.00    4.5     40983.219      5.50   47.24000   39.71000  "Undefined"          0.0    -3.77  0.00000000
09.12.2023 11:23:03.219  15.69000000  15689.99574   0.00  -71.5   52.5  28.0 18.59  289.2     0.0  289.21    0.00    0.00     0.0  289.21    0.00    0.00     0.0  289.21    0.00    0.00    4.9     40983.219      5.50   47.24000   39.71000  "Undefined"          0.0    -4.26  0.00000000
09.12.2023 11:23:45.854  15.69000000  15689.99574   0.00  -71.8   64.2  28.0 16.74  289.7     0.0  289.66    0.00    0.00     0.0  289.66    0.00    0.00     0.0  289.66    0.00    0.00    6.1     41025.854      5.50   47.24000   39.71000  "Undefined"          0.0    -4.26  0.00000000
09.12.2023 11:24:28.426  15.69000000  15689.99587   0.00  -64.0   56.0  28.0 15.90  289.8     0.0  289.78    0.00    0.00     0.0  289.78    0.00    0.00     0.0  289.78    0.00    0.00    5.0     41068.426      5.50   47.24000   39.71000  "Undefined"          0.0    -4.13  0.00000000
09.12.2023 11:25:11.063  15.69000000  15689.99623   0.00  -91.2   30.8  28.0 22.88  288.2     0.0  288.18    0.00    0.00     0.0  288.18    0.00    0.00     0.0  288.18    0.00    0.00    4.7     41111.063      5.50   47.24000   39.71000  "Undefined"          0.0    -3.77  0.00000000
09.12.2023 11:25:11.063  15.69000000  15689.99587   0.00  -65.9   56.1  28.0 16.59  289.6     0.0  289.55    0.00    0.00     0.0  289.55    0.00    0.00     0.0  289.55    0.00    0.00    3.9     41111.063      5.50   47.24000   39.71000  "Undefined"          0.0    -4.13  0.00000000
09.12.2023 11:25:53.723  15.69000000  15689.99587   0.00  -59.1   56.9  28.0 16.81  289.7     0.0  289.67    0.00    0.00     0.0  289.67    0.00    0.00     0.0  289.67    0.00    0.00    4.7     41153.723      5.50   47.24000   39.71000  "Undefined"          0.0    -4.13  0.00000000
09.12.2023 11:26:36.473  15.69000000  15689.99526   0.00 -106.6   29.4  28.0 30.61  291.5     0.0  291.48    0.00    0.00     0.0  291.48    0.00    0.00     0.0  291.48    0.00    0.00    1.9     41196.473      5.50   47.24000   39.71000  "Undefined"          0.0    -4.74  0.00000000
09.12.2023 11:26:36.473  15.69000000  15689.99587   0.00  -65.7   70.3  28.0 17.05  289.8     0.0  289.78    0.00    0.00     0.0  289.78    0.00    0.00     0.0  289.78    0.00    0.00    4.5     41196.473      5.50   47.24000   39.71000  "Undefined"          0.0    -4.13  0.00000000
09.12.2023 11:27:19.201  15.69000000  15689.99611   0.00  -87.4   48.6  28.0 23.61  289.8     0.0  289.82    0.00    0.00     0.0  289.82    0.00    0.00     0.0  289.82    0.00    0.00    8.8     41239.201      5.50   47.24000   39.71000  "Undefined"          0.0    -3.89  0.00000000
09.12.2023 11:27:19.201  15.69000000  15689.99574   0.00  -71.6   64.4  28.0 15.76  289.5     0.0  289.50    0.00    0.00     0.0  289.50    0.00    0.00     0.0  289.50    0.00    0.00    6.2     41239.201      5.50   47.24000   39.71000  "Undefined"          0.0    -4.26  0.00000000
09.12.2023 11:28:01.938  15.69000000  15689.99587   0.00  -67.1   54.9  28.0 15.84  289.4     0.0  289.37    0.00    0.00     0.0  289.37    0.00    0.00     0.0  289.37    0.00    0.00    5.7     41281.938      5.50   47.24000   39.71000  "Undefined"          0.0    -4.13  0.00000000
09.12.2023 11:28:44.739  15.69000000  15689.99538   0.00  -97.4   36.6  28.0 25.30  282.0     0.0  282.01    0.00    0.00     0.0  282.01    0.00    0.00     0.0  282.01    0.00    0.00    7.3     41324.739      5.50   47.24000   39.71000  "Undefined"          0.0    -4.62  0.00000000
09.12.2023 11:28:44.739  15.69000000  15689.99574   0.00  -69.8   64.2  28.0 17.93  290.0     0.0  289.97    0.00    0.00     0.0  289.97    0.00    0.00     0.0  289.97    0.00    0.00    3.0     41324.739      5.50   47.24000   39.71000  "Undefined"          0.0    -4.26  0.00000000
09.12.2023 11:29:27.598  15.69000000  15689.99574   0.00  -64.8   55.2  28.0 16.45  289.5     0.0  289.48    0.00    0.00     0.0  289.48    0.00    0.00     0.0  289.48    0.00    0.00    4.5     41367.598      5.50   47.24000   39.71000  "Undefined"          0.0    -4.26  0.00000000
09.12.2023 11:30:09.967  15.69000000  15689.99149   0.00 -113.9   20.1  28.0 16.18  289.1     0.0  289.11    0.00    0.00     0.0  289.11    0.00    0.00     0.0  289.11    0.00    0.00    4.7     41409.967      5.50   47.24000   39.71000  "Undefined"          0.0    -8.51  0.00000000
09.12.2023 11:30:09.967  15.69000000  15689.99732   0.00 -108.2   25.8  28.0 15.93  289.1     0.0  289.15    0.00    0.00     0.0  289.15    0.00    0.00     0.0  289.15    0.00    0.00    0.6     41409.967      5.50   47.24000   39.71000  "Undefined"          0.0    -2.68  0.00000000
09.12.2023 11:30:09.967  15.69000000  15689.99696   0.00 -107.9   26.1  28.0 15.17  289.3     0.0  289.27    0.00    0.00     0.0  289.27    0.00    0.00     0.0  289.27    0.00    0.00    3.7     41409.967      5.50   47.24000   39.71000  "Undefined"          0.0    -3.04  0.00000000
09.12.2023 11:30:09.967  15.69000000  15689.99441   0.00 -107.1   26.9  28.0 17.81  289.2     0.0  289.24    0.00    0.00     0.0  289.24    0.00    0.00     0.0  289.24    0.00    0.00    3.5     41409.967      5.50   47.24000   39.71000  "Undefined"          0.0    -5.59  0.00000000
09.12.2023 11:30:09.967  15.69000000  15689.99489   0.00 -104.2   29.8  28.0 19.45  290.9     0.0  290.91    0.00    0.00     0.0  290.91    0.00    0.00     0.0  290.91    0.00    0.00    4.2     41409.967      5.50   47.24000   39.71000  "Undefined"          0.0    -5.11  0.00000000
09.12.2023 11:30:09.967  15.69000000  15689.99562   0.00  -82.3   51.7  28.0 15.11  290.2     0.0  290.17    0.00    0.00     0.0  290.17    0.00    0.00     0.0  290.17    0.00    0.00    2.3     41409.967      5.50   47.24000   39.71000  "Undefined"          0.0    -4.38  0.00000000
09.12.2023 11:30:09.967  15.69000000  15689.99587   0.00  -77.7   56.3  28.0 16.54  289.1     0.0  289.14    0.00    0.00     0.0  289.14    0.00    0.00     0.0  289.14    0.00    0.00    5.3     41409.967      5.50   47.24000   39.71000  "Undefined"          0.0    -4.13  0.00000000
09.12.2023 11:30:52.549  15.69000000  15689.99623   0.00  -96.4   39.6  28.0 17.67  287.2     0.0  287.16    0.00    0.00     0.0  287.16    0.00    0.00     0.0  287.16    0.00    0.00   15.3     41452.549      5.50   47.24000   39.71000  "Undefined"         -0.0    -3.77  0.00000000
09.12.2023 11:30:52.549  15.69000000  15689.99574   0.00  -76.4   59.6  28.0 17.23  290.5     0.0  290.45    0.00    0.00     0.0  290.45    0.00    0.00     0.0  290.45    0.00    0.00    7.7     41452.549      5.50   47.24000   39.71000  "Undefined"         -0.0    -4.26  0.00000000
09.12.2023 11:31:45.703  15.69000000  15689.99623   0.00  -91.2   26.8  28.0 24.11  288.9     0.0  288.86    0.00    0.00     0.0  288.86    0.00    0.00     0.0  288.86    0.00    0.00    4.6     41505.703      5.50   47.24000   39.71000  "Undefined"          0.0    -3.77  0.00000000
09.12.2023 11:31:45.703  15.69000000  15689.99574   0.00  -64.1   53.9  28.0 16.41  289.5     0.0  289.53    0.00    0.00     0.0  289.53    0.00    0.00     0.0  289.53    0.00    0.00    4.1     41505.703      5.50   47.24000   39.71000  "Undefined"          0.0    -4.26  0.00000000
09.12.2023 11:32:28.276  15.69000000  15689.99927   0.00 -112.8   21.2  28.0 20.21  288.9     0.0  288.85    0.00    0.00     0.0  288.85    0.00    0.00     0.0  288.85    0.00    0.00    3.7     41548.276      5.50   47.24000   39.71000  "Undefined"          0.0    -0.73  0.00000000
09.12.2023 11:32:28.276  15.69000000  15690.00073   0.00 -112.4   21.6  28.0 18.85  288.8     0.0  288.79    0.00    0.00     0.0  288.79    0.00    0.00     0.0  288.79    0.00    0.00    3.8     41548.276      5.50   47.24000   39.71000  "Undefined"          0.0     0.73  0.00000000
09.12.2023 11:32:28.276  15.69000000  15689.99076   0.00 -112.1   21.9  28.0 21.09  288.8     0.0  288.84    0.00    0.00     0.0  288.84    0.00    0.00     0.0  288.84    0.00    0.00    3.0     41548.276      5.50   47.24000   39.71000  "Undefined"          0.0    -9.24  0.00000000
09.12.2023 11:32:28.276  15.69000000  15689.99781   0.00 -110.6   23.4  28.0 20.06  289.2     0.0  289.19    0.00    0.00     0.0  289.19    0.00    0.00     0.0  289.19    0.00    0.00    5.0     41548.276      5.50   47.24000   39.71000  "Undefined"          0.0    -2.19  0.00000000
09.12.2023 11:32:28.276  15.69000000  15689.99356   0.00 -109.9   24.1  28.0 20.03  288.9     0.0  288.85    0.00    0.00     0.0  288.85    0.00    0.00     0.0  288.85    0.00    0.00    3.9     41548.276      5.50   47.24000   39.71000  "Undefined"          0.0    -6.44  0.00000000
09.12.2023 11:32:28.276  15.69000000  15689.99854   0.00 -107.8   26.2  28.0 20.23  288.9     0.0  288.93    0.00    0.00     0.0  288.93    0.00    0.00     0.0  288.93    0.00    0.00    4.2     41548.276      5.50   47.24000   39.71000  "Undefined"          0.0    -1.46  0.00000000
09.12.2023 11:32:28.276  15.69000000  15689.99295   0.00 -106.7   27.3  28.0 21.01  288.4     0.0  288.41    0.00    0.00     0.0  288.41    0.00    0.00     0.0  288.41    0.00    0.00    4.5     41548.276      5.50   47.24000   39.71000  "Undefined"          0.0    -7.05  0.00000000
09.12.2023 11:32:28.276  15.69000000  15689.99696   0.00 -104.9   29.1  28.0 16.25  289.8     0.0  289.77    0.00    0.00     0.0  289.77    0.00    0.00     0.0  289.77    0.00    0.00    3.6     41548.276      5.50   47.24000   39.71000  "Undefined"          0.0    -3.04  0.00000000
09.12.2023 11:32:28.276  15.69000000  15689.99441   0.00 -102.7   31.3  28.0 20.73  289.1     0.0  289.13    0.00    0.00     0.0  289.13    0.00    0.00     0.0  289.13    0.00    0.00    3.7     41548.276      5.50   47.24000   39.71000  "Undefined"          0.0    -5.59  0.00000000
09.12.2023 11:32:28.276  15.69000000  15689.99635   0.00  -97.3   36.7  28.0 25.63  287.7     0.0  287.68    0.00    0.00     0.0  287.68    0.00    0.00     0.0  287.68    0.00    0.00    4.1     41548.276      5.50   47.24000   39.71000  "Undefined"          0.0    -3.65  0.00000000
09.12.2023 11:32:28.276  15.69000000  15689.99514   0.00  -97.3   36.7  28.0 21.89  289.6     0.0  289.64    0.00    0.00     0.0  289.64    0.00    0.00     0.0  289.64    0.00    0.00    4.7     41548.276      5.50   47.24000   39.71000  "Undefined"          0.0    -4.86  0.00000000
09.12.2023 11:32:28.276  15.69000000  15689.99574   0.00  -76.9   57.1  28.0 19.99  289.0     0.0  288.99    0.00    0.00     0.0  288.99    0.00    0.00     0.0  288.99    0.00    0.00    2.9     41548.276      5.50   47.24000   39.71000  "Undefined"          0.0    -4.26  0.00000000
09.12.2023 11:33:10.861  15.69000000  15689.99319   0.00 -107.9   20.1  28.0 17.72  288.8     0.0  288.80    0.00    0.00     0.0  288.80    0.00    0.00     0.0  288.80    0.00    0.00    4.8     41590.861      5.50   47.24000   39.71000  "Undefined"          0.0    -6.81  0.00000000
09.12.2023 11:33:10.861  15.69000000  15689.99891   0.00 -107.3   20.7  28.0 16.57  289.4     0.0  289.45    0.00    0.00     0.0  289.45    0.00    0.00     0.0  289.45    0.00    0.00    5.6     41590.861      5.50   47.24000   39.71000  "Undefined"          0.0    -1.09  0.00000000
09.12.2023 11:33:10.861  15.69000000  15689.99270   0.00 -106.8   21.2  28.0 16.66  289.0     0.0  289.03    0.00    0.00     0.0  289.03    0.00    0.00     0.0  289.03    0.00    0.00    4.8     41590.861      5.50   47.24000   39.71000  "Undefined"          0.0    -7.30  0.00000000
09.12.2023 11:33:10.861  15.69000000  15689.99793   0.00 -106.4   21.6  28.0 17.66  289.0     0.0  289.03    0.00    0.00     0.0  289.03    0.00    0.00     0.0  289.03    0.00    0.00    4.7     41590.861      5.50   47.24000   39.71000  "Undefined"          0.0    -2.07  0.00000000
09.12.2023 11:33:10.861  15.69000000  15689.99368   0.00 -106.3   21.7  28.0 17.39  289.3     0.0  289.34    0.00    0.00     0.0  289.34    0.00    0.00     0.0  289.34    0.00    0.00    5.1     41590.861      5.50   47.24000   39.71000  "Undefined"          0.0    -6.32  0.00000000
09.12.2023 11:33:10.861  15.69000000  15689.99684   0.00 -105.2   22.8  28.0 18.05  288.9     0.0  288.92    0.00    0.00     0.0  288.92    0.00    0.00     0.0  288.92    0.00    0.00    5.9     41590.861      5.50   47.24000   39.71000  "Undefined"          0.0    -3.16  0.00000000
09.12.2023 11:33:10.861  15.69000000  15689.99477   0.00 -104.4   23.6  28.0 16.59  288.1     0.0  288.14    0.00    0.00     0.0  288.14    0.00    0.00     0.0  288.14    0.00    0.00    5.0     41590.861      5.50   47.24000   39.71000  "Undefined"          0.0    -5.23  0.00000000
09.12.2023 11:33:10.861  15.69000000  15689.99635   0.00  -99.4   28.6  28.0 21.89  288.5     0.0  288.48    0.00    0.00     0.0  288.48    0.00    0.00     0.0  288.48    0.00    0.00    5.9     41590.861      5.50   47.24000   39.71000  "Undefined"          0.0    -3.65  0.00000000
09.12.2023 11:33:10.861  15.69000000  15689.99538   0.00  -90.3   37.7  28.0 25.63  290.2     0.0  290.17    0.00    0.00     0.0  290.17    0.00    0.00     0.0  290.17    0.00    0.00    4.7     41590.861      5.50   47.24000   39.71000  "Undefined"          0.0    -4.62  0.00000000
09.12.2023 11:33:10.861  15.69000000  15689.99574   0.00  -70.9   57.1  28.0 15.43  289.7     0.0  289.65    0.00    0.00     0.0  289.65    0.00    0.00     0.0  289.65    0.00    0.00    5.3     41590.861      5.50   47.24000   39.71000  "Undefined"          0.0    -4.26  0.00000000
09.12.2023 11:33:53.476  15.69000000  15689.99526   0.00  -93.5   30.5  28.0 25.77  289.7     0.0  289.74    0.00    0.00     0.0  289.74    0.00    0.00     0.0  289.74    0.00    0.00    5.5     41633.476      5.50   47.24000   39.71000  "Undefined"          0.0    -4.74  0.00000000
09.12.2023 11:33:53.476  15.69000000  15689.99574   0.00  -66.7   57.3  28.0 16.74  289.4     0.0  289.44    0.00    0.00     0.0  289.44    0.00    0.00     0.0  289.44    0.00    0.00    5.0     41633.476      5.50   47.24000   39.71000  "Undefined"          0.0    -4.26  0.00000000
09.12.2023 11:34:36.089  15.69000000  15689.99307   0.00 -114.0   20.0  28.0 17.00  289.1     0.0  289.14    0.00    0.00     0.0  289.14    0.00    0.00     0.0  289.14    0.00    0.00    8.8     41676.089      5.50   47.24000   39.71000  "Undefined"          0.0    -6.93  0.00000000
09.12.2023 11:34:36.089  15.69000000  15689.99842   0.00 -113.7   20.3  28.0 18.29  289.1     0.0  289.06    0.00    0.00     0.0  289.06    0.00    0.00     0.0  289.06    0.00    0.00    9.9     41676.089      5.50   47.24000   39.71000  "Undefined"          0.0    -1.58  0.00000000
09.12.2023 11:34:36.089  15.69000000  15689.99878   0.00 -113.6   20.4  28.0 18.54  288.2     0.0  288.18    0.00    0.00     0.0  288.18    0.00    0.00     0.0  288.18    0.00    0.00    7.4     41676.089      5.50   47.24000   39.71000  "Undefined"          0.0    -1.22  0.00000000
09.12.2023 11:34:36.089  15.69000000  15689.99270   0.00 -112.1   21.9  28.0 17.70  288.6     0.0  288.60    0.00    0.00     0.0  288.60    0.00    0.00     0.0  288.60    0.00    0.00    7.5     41676.089      5.50   47.24000   39.71000  "Undefined"          0.0    -7.30  0.00000000
09.12.2023 11:34:36.089  15.69000000  15689.99708   0.00 -109.6   24.4  28.0 17.27  287.5     0.0  287.47    0.00    0.00     0.0  287.47    0.00    0.00     0.0  287.47    0.00    0.00   10.3     41676.089      5.50   47.24000   39.71000  "Undefined"          0.0    -2.92  0.00000000
09.12.2023 11:34:36.089  15.69000000  15689.99526   0.00  -86.6   47.4  28.0 24.11  290.0     0.0  289.98    0.00    0.00     0.0  289.98    0.00    0.00     0.0  289.98    0.00    0.00    5.6     41676.089      5.50   47.24000   39.71000  "Undefined"          0.0    -4.74  0.00000000
09.12.2023 11:34:36.089  15.69000000  15689.99587   0.00  -85.7   48.3  28.0 17.95  287.5     0.0  287.54    0.00    0.00     0.0  287.54    0.00    0.00     0.0  287.54    0.00    0.00    7.4     41676.089      5.50   47.24000   39.71000  "Undefined"          0.0    -4.13  0.00000000
09.12.2023 11:34:36.089  15.69000000  15689.99562   0.00  -81.4   52.6  28.0 16.11  288.1     0.0  288.11    0.00    0.00     0.0  288.11    0.00    0.00     0.0  288.11    0.00    0.00    9.0     41676.089      5.50   47.24000   39.71000  "Undefined"          0.0    -4.38  0.00000000
09.12.2023 11:35:18.658  15.69000000  15689.99404   0.00 -114.0   20.0  28.0 12.76  286.4     0.0  286.38    0.00    0.00     0.0  286.38    0.00    0.00     0.0  286.38    0.00    0.00   19.6     41718.658      5.50   47.24000   39.71000  "Undefined"          0.0    -5.96  0.00000000
09.12.2023 11:35:18.658  15.69000000  15689.99830   0.00 -113.1   20.9  28.0 17.69  287.2     0.0  287.22    0.00    0.00     0.0  287.22    0.00    0.00     0.0  287.22    0.00    0.00   10.2     41718.658      5.50   47.24000   39.71000  "Undefined"          0.0    -1.70  0.00000000
09.12.2023 11:35:18.658  15.69000000  15689.99805   0.00 -112.6   21.4  28.0 15.50  286.9     0.0  286.94    0.00    0.00     0.0  286.94    0.00    0.00     0.0  286.94    0.00    0.00   10.2     41718.658      5.50   47.24000   39.71000  "Undefined"          0.0    -1.95  0.00000000
09.12.2023 11:35:18.658  15.69000000  15689.99708   0.00 -111.9   22.1  28.0 18.04  287.3     0.0  287.29    0.00    0.00     0.0  287.29    0.00    0.00     0.0  287.29    0.00    0.00   15.7     41718.658      5.50   47.24000   39.71000  "Undefined"          0.0    -2.92  0.00000000
09.12.2023 11:35:18.658  15.69000000  15689.99672   0.00 -111.9   22.1  28.0 23.31  290.6     0.0  290.63    0.00    0.00     0.0  290.63    0.00    0.00     0.0  290.63    0.00    0.00    6.5     41718.658      5.50   47.24000   39.71000  "Undefined"          0.0    -3.28  0.00000000
09.12.2023 11:35:18.658  15.69000000  15689.99441   0.00 -111.9   22.1  28.0 15.58  283.7     0.0  283.73    0.00    0.00     0.0  283.73    0.00    0.00     0.0  283.73    0.00    0.00   17.2     41718.658      5.50   47.24000   39.71000  "Undefined"          0.0    -5.59  0.00000000
09.12.2023 11:35:18.658  15.69000000  15689.99234   0.00 -111.5   22.5  28.0 19.55  287.3     0.0  287.32    0.00    0.00     0.0  287.32    0.00    0.00     0.0  287.32    0.00    0.00   12.0     41718.658      5.50   47.24000   39.71000  "Undefined"          0.0    -7.66  0.00000000
09.12.2023 11:35:18.658  15.69000000  15689.99331   0.00 -111.3   22.7  28.0 17.04  286.5     0.0  286.52    0.00    0.00     0.0  286.52    0.00    0.00     0.0  286.52    0.00    0.00   11.9     41718.658      5.50   47.24000   39.71000  "Undefined"          0.0    -6.69  0.00000000
09.12.2023 11:35:18.658  15.69000000  15689.99514   0.00  -88.7   45.3  28.0 25.69  289.7     0.0  289.73    0.00    0.00     0.0  289.73    0.00    0.00     0.0  289.73    0.00    0.00    4.5     41718.658      5.50   47.24000   39.71000  "Undefined"          0.0    -4.86  0.00000000
09.12.2023 11:35:18.658  15.69000000  15689.99574   0.00  -76.8   57.2  28.0 15.49  287.4     0.0  287.35    0.00    0.00     0.0  287.35    0.00    0.00     0.0  287.35    0.00    0.00   11.9     41718.658      5.50   47.24000   39.71000  "Undefined"          0.0    -4.26  0.00000000
09.12.2023 11:36:11.917  15.69000000  15689.99003   0.00 -111.8   20.2  28.0 16.99  289.3     0.0  289.33    0.00    0.00     0.0  289.33    0.00    0.00     0.0  289.33    0.00    0.00    5.0     41771.917      5.50   47.24000   39.71000  "Undefined"          0.0    -9.97  0.00000000
09.12.2023 11:36:11.917  15.69000000  15689.99793   0.00 -111.5   20.5  28.0 16.51  289.3     0.0  289.30    0.00    0.00     0.0  289.30    0.00    0.00     0.0  289.30    0.00    0.00    3.5     41771.917      5.50   47.24000   39.71000  "Undefined"          0.0    -2.07  0.00000000
09.12.2023 11:36:11.917  15.69000000  15689.99976   0.00 -110.7   21.3  28.0 17.62  289.2     0.0  289.19    0.00    0.00     0.0  289.19    0.00    0.00     0.0  289.19    0.00    0.00    4.7     41771.917      5.50   47.24000   39.71000  "Undefined"          0.0    -0.24  0.00000000
09.12.2023 11:36:11.917  15.69000000  15689.99356   0.00 -110.1   21.9  28.0 14.09  289.0     0.0  289.02    0.00    0.00     0.0  289.02    0.00    0.00     0.0  289.02    0.00    0.00    6.2     41771.917      5.50   47.24000   39.71000  "Undefined"          0.0    -6.44  0.00000000
09.12.2023 11:36:11.917  15.69000000  15689.99647   0.00 -108.8   23.2  28.0 13.06  288.0     0.0  288.02    0.00    0.00     0.0  288.02    0.00    0.00     0.0  288.02    0.00    0.00    7.4     41771.917      5.50   47.24000   39.71000  "Undefined"          0.0    -3.53  0.00000000
09.12.2023 11:36:11.917  15.69000000  15689.99720   0.00 -108.6   23.4  28.0 14.86  289.1     0.0  289.08    0.00    0.00     0.0  289.08    0.00    0.00     0.0  289.08    0.00    0.00    4.9     41771.917      5.50   47.24000   39.71000  "Undefined"          0.0    -2.80  0.00000000
09.12.2023 11:36:11.917  15.69000000  15689.99185   0.00 -108.3   23.7  28.0 17.70  288.7     0.0  288.74    0.00    0.00     0.0  288.74    0.00    0.00     0.0  288.74    0.00    0.00    5.4     41771.917      5.50   47.24000   39.71000  "Undefined"          0.0    -8.15  0.00000000
09.12.2023 11:36:11.917  15.69000000  15689.99903   0.00 -108.2   23.8  28.0 17.14  289.2     0.0  289.22    0.00    0.00     0.0  289.22    0.00    0.00     0.0  289.22    0.00    0.00    5.3     41771.917      5.50   47.24000   39.71000  "Undefined"          0.0    -0.97  0.00000000
09.12.2023 11:36:11.917  15.69000000  15689.99258   0.00 -107.2   24.8  28.0 18.61  289.1     0.0  289.06    0.00    0.00     0.0  289.06    0.00    0.00     0.0  289.06    0.00    0.00    5.0     41771.917      5.50   47.24000   39.71000  "Undefined"          0.0    -7.42  0.00000000
09.12.2023 11:36:11.917  15.69000000  15689.99684   0.00 -107.2   24.8  28.0 12.98  288.6     0.0  288.61    0.00    0.00     0.0  288.61    0.00    0.00     0.0  288.61    0.00    0.00    5.9     41771.917      5.50   47.24000   39.71000  "Undefined"          0.0    -3.16  0.00000000
09.12.2023 11:36:11.917  15.69000000  15689.99404   0.00 -107.0   25.0  28.0 17.26  289.4     0.0  289.42    0.00    0.00     0.0  289.42    0.00    0.00     0.0  289.42    0.00    0.00    5.8     41771.917      5.50   47.24000   39.71000  "Undefined"          0.0    -5.96  0.00000000
09.12.2023 11:36:11.917  15.69000000  15689.99319   0.00 -106.5   25.5  28.0 17.04  289.3     0.0  289.34    0.00    0.00     0.0  289.34    0.00    0.00     0.0  289.34    0.00    0.00    5.0     41771.917      5.50   47.24000   39.71000  "Undefined"          0.0    -6.81  0.00000000
09.12.2023 11:36:11.917  15.69000000  15689.99830   0.00 -106.4   25.6  28.0 16.90  289.6     0.0  289.59    0.00    0.00     0.0  289.59    0.00    0.00     0.0  289.59    0.00    0.00    5.8     41771.917      5.50   47.24000   39.71000  "Undefined"          0.0    -1.70  0.00000000
09.12.2023 11:36:11.917  15.69000000  15689.99757   0.00 -105.9   26.1  28.0 16.63  289.0     0.0  289.00    0.00    0.00     0.0  289.00    0.00    0.00     0.0  289.00    0.00    0.00    5.5     41771.917      5.50   47.24000   39.71000  "Undefined"          0.0    -2.43  0.00000000
09.12.2023 11:36:11.917  15.69000000  15689.99428   0.00 -105.5   26.5  28.0 16.35  289.4     0.0  289.39    0.00    0.00     0.0  289.39    0.00    0.00     0.0  289.39    0.00    0.00    4.0     41771.917      5.50   47.24000   39.71000  "Undefined"          0.0    -5.72  0.00000000
09.12.2023 11:36:11.917  15.69000000  15689.99501   0.00  -90.9   41.1  28.0 24.57  290.8     0.0  290.75    0.00    0.00     0.0  290.75    0.00    0.00     0.0  290.75    0.00    0.00    5.3     41771.917      5.50   47.24000   39.71000  "Undefined"          0.0    -4.99  0.00000000
09.12.2023 11:36:11.917  15.69000000  15689.99574   0.00  -70.6   61.4  28.0 17.35  288.9     0.0  288.91    0.00    0.00     0.0  288.91    0.00    0.00     0.0  288.91    0.00    0.00    4.8     41771.917      5.50   47.24000   39.71000  "Undefined"          0.0    -4.26  0.00000000
09.12.2023 11:36:54.483  15.69000000  15689.99270   0.00 -109.5   20.5  28.0 18.47  289.5     0.0  289.51    0.00    0.00     0.0  289.51    0.00    0.00     0.0  289.51    0.00    0.00    7.3     41814.483      5.50   47.24000   39.71000  "Undefined"          0.0    -7.30  0.00000000
09.12.2023 11:36:54.483  15.69000000  15689.99696   0.00 -109.4   20.6  28.0 17.21  289.0     0.0  289.04    0.00    0.00     0.0  289.04    0.00    0.00     0.0  289.04    0.00    0.00    7.1     41814.483      5.50   47.24000   39.71000  "Undefined"          0.0    -3.04  0.00000000
09.12.2023 11:36:54.483  15.69000000  15689.99246   0.00 -109.3   20.7  28.0 18.20  289.6     0.0  289.57    0.00    0.00     0.0  289.57    0.00    0.00     0.0  289.57    0.00    0.00    7.5     41814.483      5.50   47.24000   39.71000  "Undefined"          0.0    -7.54  0.00000000
09.12.2023 11:36:54.483  15.69000000  15689.99951   0.00 -109.2   20.8  28.0 17.28  289.2     0.0  289.18    0.00    0.00     0.0  289.18    0.00    0.00     0.0  289.18    0.00    0.00    7.4     41814.483      5.50   47.24000   39.71000  "Undefined"          0.0    -0.49  0.00000000
09.12.2023 11:36:54.483  15.69000000  15689.99781   0.00 -108.3   21.7  28.0 17.42  289.0     0.0  288.96    0.00    0.00     0.0  288.96    0.00    0.00     0.0  288.96    0.00    0.00    7.3     41814.483      5.50   47.24000   39.71000  "Undefined"          0.0    -2.19  0.00000000
09.12.2023 11:36:54.483  15.69000000  15689.99368   0.00 -108.2   21.8  28.0 15.95  289.5     0.0  289.50    0.00    0.00     0.0  289.50    0.00    0.00     0.0  289.50    0.00    0.00    7.4     41814.483      5.50   47.24000   39.71000  "Undefined"          0.0    -6.32  0.00000000
09.12.2023 11:36:54.483  15.69000000  15689.99818   0.00 -108.2   21.8  28.0 18.37  289.4     0.0  289.44    0.00    0.00     0.0  289.44    0.00    0.00     0.0  289.44    0.00    0.00    6.3     41814.483      5.50   47.24000   39.71000  "Undefined"          0.0    -1.82  0.00000000
09.12.2023 11:36:54.483  15.69000000  15689.99197   0.00 -107.9   22.1  28.0 17.85  289.1     0.0  289.07    0.00    0.00     0.0  289.07    0.00    0.00     0.0  289.07    0.00    0.00    7.2     41814.483      5.50   47.24000   39.71000  "Undefined"          0.0    -8.03  0.00000000
09.12.2023 11:36:54.483  15.69000000  15689.99745   0.00 -107.5   22.5  28.0 17.69  289.2     0.0  289.21    0.00    0.00     0.0  289.21    0.00    0.00     0.0  289.21    0.00    0.00   10.4     41814.483      5.50   47.24000   39.71000  "Undefined"          0.0    -2.55  0.00000000
09.12.2023 11:36:54.483  15.69000000  15689.99416   0.00 -105.9   24.1  28.0 18.50  289.0     0.0  288.96    0.00    0.00     0.0  288.96    0.00    0.00     0.0  288.96    0.00    0.00    6.0     41814.483      5.50   47.24000   39.71000  "Undefined"          0.0    -5.84  0.00000000
09.12.2023 11:36:54.483  15.69000000  15689.99647   0.00 -100.6   29.4  28.0 16.13  288.2     0.0  288.18    0.00    0.00     0.0  288.18    0.00    0.00     0.0  288.18    0.00    0.00    6.1     41814.483      5.50   47.24000   39.71000  "Undefined"          0.0    -3.53  0.00000000
09.12.2023 11:36:54.483  15.69000000  15689.99514   0.00  -92.0   38.0  28.0 26.29  290.0     0.0  289.97    0.00    0.00     0.0  289.97    0.00    0.00     0.0  289.97    0.00    0.00    6.4     41814.483      5.50   47.24000   39.71000  "Undefined"          0.0    -4.86  0.00000000
09.12.2023 11:36:54.483  15.69000000  15689.99574   0.00  -69.3   60.7  28.0 17.59  289.3     0.0  289.29    0.00    0.00     0.0  289.29    0.00    0.00     0.0  289.29    0.00    0.00    7.3     41814.483      5.50   47.24000   39.71000  "Undefined"          0.0    -4.26  0.00000000
09.12.2023 11:37:37.082  15.69000000  15689.99283   0.00 -104.0   20.0  28.0 19.71  289.0     0.0  289.02    0.00    0.00     0.0  289.02    0.00    0.00     0.0  289.02    0.00    0.00    5.1     41857.082      5.50   47.24000   39.71000  "Undefined"          0.0    -7.17  0.00000000
09.12.2023 11:37:37.082  15.69000000  15689.99623   0.00 -102.5   21.5  28.0 18.86  285.6     0.0  285.64    0.00    0.00     0.0  285.64    0.00    0.00     0.0  285.64    0.00    0.00   12.8     41857.082      5.50   47.24000   39.71000  "Undefined"          0.0    -3.77  0.00000000
09.12.2023 11:37:37.082  15.69000000  15689.99757   0.00 -101.9   22.1  28.0 18.43  288.8     0.0  288.77    0.00    0.00     0.0  288.77    0.00    0.00     0.0  288.77    0.00    0.00    4.0     41857.082      5.50   47.24000   39.71000  "Undefined"          0.0    -2.43  0.00000000
09.12.2023 11:37:37.082  15.69000000  15689.99392   0.00 -101.0   23.0  28.0 17.24  289.5     0.0  289.52    0.00    0.00     0.0  289.52    0.00    0.00     0.0  289.52    0.00    0.00    1.8     41857.082      5.50   47.24000   39.71000  "Undefined"          0.0    -6.08  0.00000000
09.12.2023 11:37:37.082  15.69000000  15689.99428   0.00 -100.1   23.9  28.0 20.67  288.4     0.0  288.44    0.00    0.00     0.0  288.44    0.00    0.00     0.0  288.44    0.00    0.00    7.2     41857.082      5.50   47.24000   39.71000  "Undefined"          0.0    -5.72  0.00000000
09.12.2023 11:37:37.082  15.69000000  15689.99720   0.00  -99.8   24.2  28.0 18.57  289.2     0.0  289.21    0.00    0.00     0.0  289.21    0.00    0.00     0.0  289.21    0.00    0.00    4.9     41857.082      5.50   47.24000   39.71000  "Undefined"          0.0    -2.80  0.00000000
09.12.2023 11:37:37.082  15.69000000  15689.99501   0.00  -97.1   26.9  28.0 26.21  287.5     0.0  287.55    0.00    0.00     0.0  287.55    0.00    0.00     0.0  287.55    0.00    0.00    5.4     41857.082      5.50   47.24000   39.71000  "Undefined"          0.0    -4.99  0.00000000
09.12.2023 11:37:37.082  15.69000000  15689.99574   0.00  -70.7   53.3  28.0 18.18  289.4     0.0  289.35    0.00    0.00     0.0  289.35    0.00    0.00     0.0  289.35    0.00    0.00    3.9     41857.082      5.50   47.24000   39.71000  "Undefined"          0.0    -4.26  0.00000000
09.12.2023 11:38:19.549  15.69000000  15689.99720   0.00 -103.8   20.2  28.0 15.63  289.5     0.0  289.51    0.00    0.00     0.0  289.51    0.00    0.00     0.0  289.51    0.00    0.00    3.0     41899.549      5.50   47.24000   39.71000  "Undefined"          0.0    -2.80  0.00000000
09.12.2023 11:38:19.549  15.69000000  15689.99477   0.00 -102.1   21.9  28.0  9.57  289.7     0.0  289.68    0.00    0.00     0.0  289.68    0.00    0.00     0.0  289.68    0.00    0.00    4.5     41899.549      5.50   47.24000   39.71000  "Undefined"          0.0    -5.23  0.00000000
09.12.2023 11:38:19.549  15.69000000  15689.99696   0.00 -101.6   22.4  28.0 14.79  289.4     0.0  289.40    0.00    0.00     0.0  289.40    0.00    0.00     0.0  289.40    0.00    0.00    4.7     41899.549      5.50   47.24000   39.71000  "Undefined"          0.0    -3.04  0.00000000
09.12.2023 11:38:19.549  15.69000000  15689.99672   0.00 -100.3   23.7  28.0 16.35  289.5     0.0  289.53    0.00    0.00     0.0  289.53    0.00    0.00     0.0  289.53    0.00    0.00    5.5     41899.549      5.50   47.24000   39.71000  "Undefined"          0.0    -3.28  0.00000000
09.12.2023 11:38:19.549  15.69000000  15689.99647   0.00  -99.9   24.1  28.0 15.28  289.1     0.0  289.08    0.00    0.00     0.0  289.08    0.00    0.00     0.0  289.08    0.00    0.00    6.0     41899.549      5.50   47.24000   39.71000  "Undefined"          0.0    -3.53  0.00000000
09.12.2023 11:38:19.549  15.69000000  15689.99514   0.00  -90.2   33.8  28.0 24.31  289.1     0.0  289.07    0.00    0.00     0.0  289.07    0.00    0.00     0.0  289.07    0.00    0.00    5.0     41899.549      5.50   47.24000   39.71000  "Undefined"          0.0    -4.86  0.00000000
09.12.2023 11:38:19.549  15.69000000  15689.99562   0.00  -77.5   46.5  28.0 15.07  289.7     0.0  289.69    0.00    0.00     0.0  289.69    0.00    0.00     0.0  289.69    0.00    0.00    4.3     41899.549      5.50   47.24000   39.71000  "Undefined"          0.0    -4.38  0.00000000
09.12.2023 11:38:19.549  15.69000000  15689.99587   0.00  -72.7   51.3  28.0 16.36  289.4     0.0  289.44    0.00    0.00     0.0  289.44    0.00    0.00     0.0  289.44    0.00    0.00    5.2     41899.549      5.50   47.24000   39.71000  "Undefined"          0.0    -4.13  0.00000000
09.12.2023 11:39:02.056  15.69000000  15689.99745   0.00 -104.0   20.0  28.0 18.51  290.0     0.0  290.05    0.00    0.00     0.0  290.05    0.00    0.00     0.0  290.05    0.00    0.00    4.6     41942.056      5.50   47.24000   39.71000  "Undefined"          0.0    -2.55  0.00000000
09.12.2023 11:39:02.056  15.69000000  15689.99720   0.00 -103.5   20.5  28.0 19.12  289.9     0.0  289.90    0.00    0.00     0.0  289.90    0.00    0.00     0.0  289.90    0.00    0.00    3.8     41942.056      5.50   47.24000   39.71000  "Undefined"          0.0    -2.80  0.00000000
09.12.2023 11:39:02.056  15.69000000  15689.99416   0.00 -102.5   21.5  28.0 18.85  289.6     0.0  289.56    0.00    0.00     0.0  289.56    0.00    0.00     0.0  289.56    0.00    0.00    3.6     41942.056      5.50   47.24000   39.71000  "Undefined"          0.0    -5.84  0.00000000
09.12.2023 11:39:02.056  15.69000000  15689.99343   0.00 -100.7   23.3  28.0 18.14  289.9     0.0  289.91    0.00    0.00     0.0  289.91    0.00    0.00     0.0  289.91    0.00    0.00    4.2     41942.056      5.50   47.24000   39.71000  "Undefined"          0.0    -6.57  0.00000000
09.12.2023 11:39:02.056  15.69000000  15689.99635   0.00 -100.6   23.4  28.0 18.12  288.6     0.0  288.56    0.00    0.00     0.0  288.56    0.00    0.00     0.0  288.56    0.00    0.00    4.5     41942.056      5.50   47.24000   39.71000  "Undefined"          0.0    -3.65  0.00000000
09.12.2023 11:39:02.056  15.69000000  15689.99514   0.00  -89.1   34.9  28.0 23.96  290.8     0.0  290.81    0.00    0.00     0.0  290.81    0.00    0.00     0.0  290.81    0.00    0.00    4.9     41942.056      5.50   47.24000   39.71000  "Undefined"          0.0    -4.86  0.00000000
09.12.2023 11:39:02.056  15.69000000  15689.99538   0.00  -86.1   37.9  28.0 20.92  291.7     0.0  291.69    0.00    0.00     0.0  291.69    0.00    0.00     0.0  291.69    0.00    0.00   13.2     41942.056      5.50   47.24000   39.71000  "Undefined"          0.0    -4.62  0.00000000
09.12.2023 11:39:02.056  15.69000000  15689.99574   0.00  -71.1   52.9  28.0 18.06  290.2     0.0  290.18    0.00    0.00     0.0  290.18    0.00    0.00     0.0  290.18    0.00    0.00    4.1     41942.056      5.50   47.24000   39.71000  "Undefined"          0.0    -4.26  0.00000000
09.12.2023 11:39:55.565  15.69000000  15689.99185   0.00 -100.5   21.5  28.0 15.74  290.0     0.0  290.03    0.00    0.00     0.0  290.03    0.00    0.00     0.0  290.03    0.00    0.00    4.5     41995.565      5.50   47.24000   39.71000  "Undefined"          0.0    -8.15  0.00000000
09.12.2023 11:39:55.565  15.69000000  15689.99964   0.00  -99.9   22.1  28.0 16.88  290.3     0.0  290.29    0.00    0.00     0.0  290.29    0.00    0.00     0.0  290.29    0.00    0.00    4.6     41995.565      5.50   47.24000   39.71000  "Undefined"          0.0    -0.36  0.00000000
09.12.2023 11:39:55.565  15.69000000  15689.99489   0.00  -96.7   25.3  28.0 19.48  286.4     0.0  286.36    0.00    0.00     0.0  286.36    0.00    0.00     0.0  286.36    0.00    0.00    3.6     41995.565      5.50   47.24000   39.71000  "Undefined"          0.0    -5.11  0.00000000
09.12.2023 11:39:55.565  15.69000000  15689.99647   0.00  -94.5   27.5  28.0 16.16  290.2     0.0  290.18    0.00    0.00     0.0  290.18    0.00    0.00     0.0  290.18    0.00    0.00    5.2     41995.565      5.50   47.24000   39.71000  "Undefined"          0.0    -3.53  0.00000000
09.12.2023 11:39:55.565  15.69000000  15689.99805   0.00  -94.2   27.8  28.0 16.15  290.1     0.0  290.13    0.00    0.00     0.0  290.13    0.00    0.00     0.0  290.13    0.00    0.00    4.7     41995.565      5.50   47.24000   39.71000  "Undefined"          0.0    -1.95  0.00000000
09.12.2023 11:39:55.565  15.69000000  15689.99732   0.00  -93.5   28.5  28.0 15.88  290.0     0.0  289.97    0.00    0.00     0.0  289.97    0.00    0.00     0.0  289.97    0.00    0.00    4.7     41995.565      5.50   47.24000   39.71000  "Undefined"          0.0    -2.68  0.00000000
09.12.2023 11:39:55.565  15.69000000  15689.99343   0.00  -93.3   28.7  28.0 16.04  289.8     0.0  289.77    0.00    0.00     0.0  289.77    0.00    0.00     0.0  289.77    0.00    0.00    4.4     41995.565      5.50   47.24000   39.71000  "Undefined"          0.0    -6.57  0.00000000
09.12.2023 11:39:55.565  15.69000000  15689.99416   0.00  -92.0   30.0  28.0 16.31  290.1     0.0  290.14    0.00    0.00     0.0  290.14    0.00    0.00     0.0  290.14    0.00    0.00    4.6     41995.565      5.50   47.24000   39.71000  "Undefined"          0.0    -5.84  0.00000000
09.12.2023 11:39:55.565  15.69000000  15689.99574   0.00  -66.9   55.1  28.0 16.26  290.0     0.0  289.99    0.00    0.00     0.0  289.99    0.00    0.00     0.0  289.99    0.00    0.00    4.7     41995.565      5.50   47.24000   39.71000  "Undefined"          0.0    -4.26  0.00000000
09.12.2023 11:40:38.289  15.69000000  15689.99745   0.00 -101.9   20.1  28.0 15.60  289.3     0.0  289.30    0.00    0.00     0.0  289.30    0.00    0.00     0.0  289.30    0.00    0.00    5.3     42038.289      5.50   47.24000   39.71000  "Undefined"          0.0    -2.55  0.00000000
09.12.2023 11:40:38.289  15.69000000  15689.99246   0.00 -101.2   20.8  28.0 16.92  289.6     0.0  289.57    0.00    0.00     0.0  289.57    0.00    0.00     0.0  289.57    0.00    0.00    5.0     42038.289      5.50   47.24000   39.71000  "Undefined"          0.0    -7.54  0.00000000
09.12.2023 11:40:38.289  15.69000000  15689.99404   0.00 -101.2   20.8  28.0 16.66  289.3     0.0  289.31    0.00    0.00     0.0  289.31    0.00    0.00     0.0  289.31    0.00    0.00    4.4     42038.289      5.50   47.24000   39.71000  "Undefined"          0.0    -5.96  0.00000000
09.12.2023 11:40:38.289  15.69000000  15689.99866   0.00 -100.9   21.1  28.0 16.50  289.5     0.0  289.51    0.00    0.00     0.0  289.51    0.00    0.00     0.0  289.51    0.00    0.00    4.9     42038.289      5.50   47.24000   39.71000  "Undefined"          0.0    -1.34  0.00000000
09.12.2023 11:40:38.289  15.69000000  15689.99453   0.00 -100.6   21.4  28.0 16.20  289.4     0.0  289.40    0.00    0.00     0.0  289.40    0.00    0.00     0.0  289.40    0.00    0.00    4.6     42038.289      5.50   47.24000   39.71000  "Undefined"          0.0    -5.47  0.00000000
09.12.2023 11:40:38.289  15.69000000  15689.99696   0.00 -100.5   21.5  28.0 17.28  289.5     0.0  289.51    0.00    0.00     0.0  289.51    0.00    0.00     0.0  289.51    0.00    0.00    6.3     42038.289      5.50   47.24000   39.71000  "Undefined"          0.0    -3.04  0.00000000
09.12.2023 11:40:38.289  15.69000000  15689.99830   0.00 -100.4   21.6  28.0 16.14  289.4     0.0  289.44    0.00    0.00     0.0  289.44    0.00    0.00     0.0  289.44    0.00    0.00    5.1     42038.289      5.50   47.24000   39.71000  "Undefined"          0.0    -1.70  0.00000000
09.12.2023 11:40:38.289  15.69000000  15689.99283   0.00 -100.4   21.6  28.0 16.34  289.8     0.0  289.76    0.00    0.00     0.0  289.76    0.00    0.00     0.0  289.76    0.00    0.00    5.1     42038.289      5.50   47.24000   39.71000  "Undefined"          0.0    -7.17  0.00000000
09.12.2023 11:40:38.289  15.69000000  15689.99781   0.00 -100.2   21.8  28.0 16.64  289.6     0.0  289.55    0.00    0.00     0.0  289.55    0.00    0.00     0.0  289.55    0.00    0.00    4.8     42038.289      5.50   47.24000   39.71000  "Undefined"          0.0    -2.19  0.00000000
09.12.2023 11:40:38.289  15.69000000  15689.99368   0.00  -99.8   22.2  28.0 14.71  288.9     0.0  288.86    0.00    0.00     0.0  288.86    0.00    0.00     0.0  288.86    0.00    0.00    5.1     42038.289      5.50   47.24000   39.71000  "Undefined"          0.0    -6.32  0.00000000
09.12.2023 11:40:38.289  15.69000000  15689.99319   0.00  -99.4   22.6  28.0 17.04  288.9     0.0  288.92    0.00    0.00     0.0  288.92    0.00    0.00     0.0  288.92    0.00    0.00    5.0     42038.289      5.50   47.24000   39.71000  "Undefined"          0.0    -6.81  0.00000000
09.12.2023 11:40:38.289  15.69000000  15689.99647   0.00  -98.3   23.7  28.0 15.30  290.4     0.0  290.36    0.00    0.00     0.0  290.36    0.00    0.00     0.0  290.36    0.00    0.00    5.6     42038.289      5.50   47.24000   39.71000  "Undefined"          0.0    -3.53  0.00000000
09.12.2023 11:40:38.289  15.69000000  15689.99538   0.00  -83.7   38.3  28.0 23.89  290.9     0.0  290.94    0.00    0.00     0.0  290.94    0.00    0.00     0.0  290.94    0.00    0.00    7.3     42038.289      5.50   47.24000   39.71000  "Undefined"          0.0    -4.62  0.00000000
09.12.2023 11:40:38.289  15.69000000  15689.99574   0.00  -67.9   54.1  28.0 16.35  289.3     0.0  289.34    0.00    0.00     0.0  289.34    0.00    0.00     0.0  289.34    0.00    0.00    4.8     42038.289      5.50   47.24000   39.71000  "Undefined"          0.0    -4.26  0.00000000
09.12.2023 11:41:21.025  15.69000000  15689.99757   0.00 -101.7   20.3  28.0 16.71  289.7     0.0  289.71    0.00    0.00     0.0  289.71    0.00    0.00     0.0  289.71    0.00    0.00    4.1     42081.025      5.50   47.24000   39.71000  "Undefined"          0.0    -2.43  0.00000000
09.12.2023 11:41:21.025  15.69000000  15689.99404   0.00 -100.5   21.5  28.0 16.77  290.1     0.0  290.08    0.00    0.00     0.0  290.08    0.00    0.00     0.0  290.08    0.00    0.00    3.3     42081.025      5.50   47.24000   39.71000  "Undefined"          0.0    -5.96  0.00000000
09.12.2023 11:41:21.025  15.69000000  15689.99708   0.00  -99.2   22.8  28.0 15.46  290.0     0.0  289.98    0.00    0.00     0.0  289.98    0.00    0.00     0.0  289.98    0.00    0.00    4.6     42081.025      5.50   47.24000   39.71000  "Undefined"          0.0    -2.92  0.00000000
09.12.2023 11:41:21.025  15.69000000  15689.99453   0.00  -97.6   24.4  28.0 17.20  289.7     0.0  289.70    0.00    0.00     0.0  289.70    0.00    0.00     0.0  289.70    0.00    0.00    4.6     42081.025      5.50   47.24000   39.71000  "Undefined"          0.0    -5.47  0.00000000
09.12.2023 11:41:21.025  15.69000000  15689.99623   0.00  -96.7   25.3  28.0 17.29  287.9     0.0  287.88    0.00    0.00     0.0  287.88    0.00    0.00     0.0  287.88    0.00    0.00    3.7     42081.025      5.50   47.24000   39.71000  "Undefined"          0.0    -3.77  0.00000000
09.12.2023 11:41:21.025  15.69000000  15689.99660   0.00  -96.7   25.3  28.0 15.37  289.6     0.0  289.60    0.00    0.00     0.0  289.60    0.00    0.00     0.0  289.60    0.00    0.00    3.3     42081.025      5.50   47.24000   39.71000  "Undefined"          0.0    -3.40  0.00000000
09.12.2023 11:41:21.025  15.69000000  15689.99501   0.00  -94.3   27.7  28.0 22.02  287.4     0.0  287.42    0.00    0.00     0.0  287.42    0.00    0.00     0.0  287.42    0.00    0.00    5.3     42081.025      5.50   47.24000   39.71000  "Undefined"          0.0    -4.99  0.00000000
09.12.2023 11:41:21.025  15.69000000  15689.99538   0.00  -90.9   31.1  28.0 22.86  288.7     0.0  288.68    0.00    0.00     0.0  288.68    0.00    0.00     0.0  288.68    0.00    0.00    4.3     42081.025      5.50   47.24000   39.71000  "Undefined"          0.0    -4.62  0.00000000
09.12.2023 11:41:21.025  15.69000000  15689.99587   0.00  -67.8   54.2  28.0 17.06  289.6     0.0  289.63    0.00    0.00     0.0  289.63    0.00    0.00     0.0  289.63    0.00    0.00    4.0     42081.025      5.50   47.24000   39.71000  "Undefined"          0.0    -4.13  0.00000000
09.12.2023 11:42:03.744  15.69000000  15689.99939   0.00 -111.8   20.2  28.0 17.78  289.5     0.0  289.45    0.00    0.00     0.0  289.45    0.00    0.00     0.0  289.45    0.00    0.00    4.8     42123.744      5.50   47.24000   39.71000  "Undefined"          0.0    -0.61  0.00000000
09.12.2023 11:42:03.744  15.69000000  15689.99222   0.00 -111.3   20.7  28.0 19.11  288.6     0.0  288.60    0.00    0.00     0.0  288.60    0.00    0.00     0.0  288.60    0.00    0.00    5.4     42123.744      5.50   47.24000   39.71000  "Undefined"          0.0    -7.78  0.00000000
09.12.2023 11:42:03.744  15.69000000  15689.99307   0.00 -111.1   20.9  28.0 19.29  288.5     0.0  288.47    0.00    0.00     0.0  288.47    0.00    0.00     0.0  288.47    0.00    0.00    6.6     42123.744      5.50   47.24000   39.71000  "Undefined"          0.0    -6.93  0.00000000
09.12.2023 11:42:03.744  15.69000000  15689.99854   0.00 -111.1   20.9  28.0 18.39  288.4     0.0  288.43    0.00    0.00     0.0  288.43    0.00    0.00     0.0  288.43    0.00    0.00    3.4     42123.744      5.50   47.24000   39.71000  "Undefined"          0.0    -1.46  0.00000000
09.12.2023 11:42:03.744  15.69000000  15689.99757   0.00 -109.6   22.4  28.0 18.67  288.2     0.0  288.20    0.00    0.00     0.0  288.20    0.00    0.00     0.0  288.20    0.00    0.00    7.9     42123.744      5.50   47.24000   39.71000  "Undefined"          0.0    -2.43  0.00000000
09.12.2023 11:42:03.744  15.69000000  15689.99404   0.00 -109.1   22.9  28.0 18.98  287.6     0.0  287.59    0.00    0.00     0.0  287.59    0.00    0.00     0.0  287.59    0.00    0.00    5.3     42123.744      5.50   47.24000   39.71000  "Undefined"          0.0    -5.96  0.00000000
09.12.2023 11:42:03.744  15.69000000  15689.99818   0.00 -108.4   23.6  28.0 16.41  289.2     0.0  289.19    0.00    0.00     0.0  289.19    0.00    0.00     0.0  289.19    0.00    0.00    4.1     42123.744      5.50   47.24000   39.71000  "Undefined"          0.0    -1.82  0.00000000
09.12.2023 11:42:03.744  15.69000000  15689.99793   0.00 -108.0   24.0  28.0 17.33  288.4     0.0  288.41    0.00    0.00     0.0  288.41    0.00    0.00     0.0  288.41    0.00    0.00    4.0     42123.744      5.50   47.24000   39.71000  "Undefined"          0.0    -2.07  0.00000000
09.12.2023 11:42:03.744  15.69000000  15689.99343   0.00 -107.9   24.1  28.0 19.01  288.2     0.0  288.17    0.00    0.00     0.0  288.17    0.00    0.00     0.0  288.17    0.00    0.00    4.7     42123.744      5.50   47.24000   39.71000  "Undefined"          0.0    -6.57  0.00000000
09.12.2023 11:42:03.744  15.69000000  15689.99465   0.00 -107.7   24.3  28.0 20.41  288.5     0.0  288.53    0.00    0.00     0.0  288.53    0.00    0.00     0.0  288.53    0.00    0.00    6.6     42123.744      5.50   47.24000   39.71000  "Undefined"          0.0    -5.35  0.00000000
09.12.2023 11:42:03.744  15.69000000  15689.99368   0.00 -107.4   24.6  28.0 18.51  288.5     0.0  288.47    0.00    0.00     0.0  288.47    0.00    0.00     0.0  288.47    0.00    0.00    4.8     42123.744      5.50   47.24000   39.71000  "Undefined"          0.0    -6.32  0.00000000
09.12.2023 11:42:03.744  15.69000000  15689.99732   0.00 -106.7   25.3  28.0 16.06  288.7     0.0  288.75    0.00    0.00     0.0  288.75    0.00    0.00     0.0  288.75    0.00    0.00    5.5     42123.744      5.50   47.24000   39.71000  "Undefined"          0.0    -2.68  0.00000000
09.12.2023 11:42:03.744  15.69000000  15689.99708   0.00 -106.3   25.7  28.0 19.29  288.6     0.0  288.65    0.00    0.00     0.0  288.65    0.00    0.00     0.0  288.65    0.00    0.00    3.8     42123.744      5.50   47.24000   39.71000  "Undefined"          0.0    -2.92  0.00000000
09.12.2023 11:42:03.744  15.69000000  15689.99428   0.00 -106.1   25.9  28.0 17.18  288.7     0.0  288.65    0.00    0.00     0.0  288.65    0.00    0.00     0.0  288.65    0.00    0.00    5.6     42123.744      5.50   47.24000   39.71000  "Undefined"          0.0    -5.72  0.00000000
09.12.2023 11:42:03.744  15.69000000  15689.99672   0.00 -104.9   27.1  28.0 18.96  288.1     0.0  288.12    0.00    0.00     0.0  288.12    0.00    0.00     0.0  288.12    0.00    0.00    4.3     42123.744      5.50   47.24000   39.71000  "Undefined"          0.0    -3.28  0.00000000
09.12.2023 11:42:03.744  15.69000000  15689.99635   0.00 -104.5   27.5  28.0 22.01  287.3     0.0  287.32    0.00    0.00     0.0  287.32    0.00    0.00     0.0  287.32    0.00    0.00    5.6     42123.744      5.50   47.24000   39.71000  "Undefined"          0.0    -3.65  0.00000000
09.12.2023 11:42:03.744  15.69000000  15689.99514   0.00  -95.2   36.8  28.0 28.20  282.7     0.0  282.66    0.00    0.00     0.0  282.66    0.00    0.00     0.0  282.66    0.00    0.00    4.9     42123.744      5.50   47.24000   39.71000  "Undefined"          0.0    -4.86  0.00000000
09.12.2023 11:42:03.744  15.69000000  15689.99538   0.00  -85.7   46.3  28.0 20.30  291.3     0.0  291.25    0.00    0.00     0.0  291.25    0.00    0.00     0.0  291.25    0.00    0.00    7.1     42123.744      5.50   47.24000   39.71000  "Undefined"          0.0    -4.62  0.00000000
09.12.2023 11:42:03.744  15.69000000  15689.99587   0.00  -74.4   57.6  28.0 16.33  289.9     0.0  289.89    0.00    0.00     0.0  289.89    0.00    0.00     0.0  289.89    0.00    0.00    4.4     42123.744      5.50   47.24000   39.71000  "Undefined"          0.0    -4.13  0.00000000
09.12.2023 11:42:57.107  15.69000000  15689.99915   0.00 -105.7   20.3  28.0 17.79  289.7     0.0  289.66    0.00    0.00     0.0  289.66    0.00    0.00     0.0  289.66    0.00    0.00    3.2     42177.107      5.50   47.24000   39.71000  "Undefined"          0.0    -0.85  0.00000000
09.12.2023 11:42:57.107  15.69000000  15689.99246   0.00 -104.2   21.8  28.0 18.15  289.4     0.0  289.38    0.00    0.00     0.0  289.38    0.00    0.00     0.0  289.38    0.00    0.00    3.4     42177.107      5.50   47.24000   39.71000  "Undefined"          0.0    -7.54  0.00000000
09.12.2023 11:42:57.107  15.69000000  15689.99891   0.00 -103.5   22.5  28.0 17.73  289.4     0.0  289.38    0.00    0.00     0.0  289.38    0.00    0.00     0.0  289.38    0.00    0.00    3.8     42177.107      5.50   47.24000   39.71000  "Undefined"          0.0    -1.09  0.00000000
09.12.2023 11:42:57.107  15.69000000  15689.99818   0.00 -102.9   23.1  28.0 17.19  289.8     0.0  289.78    0.00    0.00     0.0  289.78    0.00    0.00     0.0  289.78    0.00    0.00    3.6     42177.107      5.50   47.24000   39.71000  "Undefined"          0.0    -1.82  0.00000000
09.12.2023 11:42:57.107  15.69000000  15689.99781   0.00 -102.6   23.4  28.0 17.01  289.7     0.0  289.68    0.00    0.00     0.0  289.68    0.00    0.00     0.0  289.68    0.00    0.00    3.5     42177.107      5.50   47.24000   39.71000  "Undefined"          0.0    -2.19  0.00000000
09.12.2023 11:42:57.107  15.69000000  15689.99270   0.00 -102.5   23.5  28.0 17.65  289.7     0.0  289.68    0.00    0.00     0.0  289.68    0.00    0.00     0.0  289.68    0.00    0.00    3.3     42177.107      5.50   47.24000   39.71000  "Undefined"          0.0    -7.30  0.00000000
09.12.2023 11:42:57.107  15.69000000  15689.99854   0.00 -102.1   23.9  28.0 17.57  289.5     0.0  289.48    0.00    0.00     0.0  289.48    0.00    0.00     0.0  289.48    0.00    0.00    3.5     42177.107      5.50   47.24000   39.71000  "Undefined"          0.0    -1.46  0.00000000
09.12.2023 11:42:57.107  15.69000000  15689.99343   0.00 -101.9   24.1  28.0 17.08  289.7     0.0  289.65    0.00    0.00     0.0  289.65    0.00    0.00     0.0  289.65    0.00    0.00    3.5     42177.107      5.50   47.24000   39.71000  "Undefined"          0.0    -6.57  0.00000000
09.12.2023 11:42:57.107  15.69000000  15689.99307   0.00 -101.2   24.8  28.0 17.34  289.6     0.0  289.59    0.00    0.00     0.0  289.59    0.00    0.00     0.0  289.59    0.00    0.00    3.3     42177.107      5.50   47.24000   39.71000  "Undefined"          0.0    -6.93  0.00000000
09.12.2023 11:42:57.107  15.69000000  15689.99380   0.00 -100.7   25.3  28.0 17.84  289.4     0.0  289.42    0.00    0.00     0.0  289.42    0.00    0.00     0.0  289.42    0.00    0.00    3.7     42177.107      5.50   47.24000   39.71000  "Undefined"          0.0    -6.20  0.00000000
09.12.2023 11:42:57.107  15.69000000  15689.99745   0.00  -98.6   27.4  28.0 17.18  289.7     0.0  289.73    0.00    0.00     0.0  289.73    0.00    0.00     0.0  289.73    0.00    0.00    3.5     42177.107      5.50   47.24000   39.71000  "Undefined"          0.0    -2.55  0.00000000
09.12.2023 11:42:57.107  15.69000000  15689.99416   0.00  -96.1   29.9  28.0 18.60  289.3     0.0  289.35    0.00    0.00     0.0  289.35    0.00    0.00     0.0  289.35    0.00    0.00    3.8     42177.107      5.50   47.24000   39.71000  "Undefined"          0.0    -5.84  0.00000000
09.12.2023 11:42:57.107  15.69000000  15689.99708   0.00  -94.7   31.3  28.0 17.16  289.6     0.0  289.65    0.00    0.00     0.0  289.65    0.00    0.00     0.0  289.65    0.00    0.00    3.1     42177.107      5.50   47.24000   39.71000  "Undefined"          0.0    -2.92  0.00000000
09.12.2023 11:42:57.107  15.69000000  15689.99453   0.00  -92.7   33.3  28.0 18.76  289.1     0.0  289.11    0.00    0.00     0.0  289.11    0.00    0.00     0.0  289.11    0.00    0.00    3.6     42177.107      5.50   47.24000   39.71000  "Undefined"          0.0    -5.47  0.00000000
09.12.2023 11:42:57.107  15.69000000  15689.99684   0.00  -91.5   34.5  28.0 17.88  289.5     0.0  289.49    0.00    0.00     0.0  289.49    0.00    0.00     0.0  289.49    0.00    0.00    3.8     42177.107      5.50   47.24000   39.71000  "Undefined"          0.0    -3.16  0.00000000
09.12.2023 11:42:57.107  15.69000000  15689.99647   0.00  -88.9   37.1  28.0 17.44  289.4     0.0  289.36    0.00    0.00     0.0  289.36    0.00    0.00     0.0  289.36    0.00    0.00    3.4     42177.107      5.50   47.24000   39.71000  "Undefined"          0.0    -3.53  0.00000000
09.12.2023 11:42:57.107  15.69000000  15689.99587   0.00  -69.5   56.5  28.0 17.41  289.6     0.0  289.61    0.00    0.00     0.0  289.61    0.00    0.00     0.0  289.61    0.00    0.00    3.6     42177.107      5.50   47.24000   39.71000  "Undefined"          0.0    -4.13  0.00000000
09.12.2023 11:43:40.003  15.69000000  15689.99428   0.00  -97.8   20.2  28.0 17.11  289.9     0.0  289.87    0.00    0.00     0.0  289.87    0.00    0.00     0.0  289.87    0.00    0.00    3.7     42220.003      5.50   47.24000   39.71000  "Undefined"          0.0    -5.72  0.00000000
09.12.2023 11:43:40.003  15.69000000  15689.99720   0.00  -96.9   21.1  28.0 16.61  290.5     0.0  290.45    0.00    0.00     0.0  290.45    0.00    0.00     0.0  290.45    0.00    0.00    4.4     42220.003      5.50   47.24000   39.71000  "Undefined"          0.0    -2.80  0.00000000
09.12.2023 11:43:40.003  15.69000000  15689.99696   0.00  -95.3   22.7  28.0 16.14  290.5     0.0  290.55    0.00    0.00     0.0  290.55    0.00    0.00     0.0  290.55    0.00    0.00    3.6     42220.003      5.50   47.24000   39.71000  "Undefined"          0.0    -3.04  0.00000000
09.12.2023 11:43:40.003  15.69000000  15689.99453   0.00  -95.0   23.0  28.0 16.62  290.4     0.0  290.37    0.00    0.00     0.0  290.37    0.00    0.00     0.0  290.37    0.00    0.00    3.9     42220.003      5.50   47.24000   39.71000  "Undefined"          0.0    -5.47  0.00000000
09.12.2023 11:43:40.003  15.69000000  15689.99672   0.00  -94.3   23.7  28.0 15.89  290.7     0.0  290.73    0.00    0.00     0.0  290.73    0.00    0.00     0.0  290.73    0.00    0.00    4.0     42220.003      5.50   47.24000   39.71000  "Undefined"          0.0    -3.28  0.00000000
09.12.2023 11:43:40.003  15.69000000  15689.99477   0.00  -93.9   24.1  28.0 17.39  290.0     0.0  290.05    0.00    0.00     0.0  290.05    0.00    0.00     0.0  290.05    0.00    0.00    4.0     42220.003      5.50   47.24000   39.71000  "Undefined"          0.0    -5.23  0.00000000
09.12.2023 11:43:40.003  15.69000000  15689.99647   0.00  -93.3   24.7  28.0 16.42  290.6     0.0  290.60    0.00    0.00     0.0  290.60    0.00    0.00     0.0  290.60    0.00    0.00    3.9     42220.003      5.50   47.24000   39.71000  "Undefined"          0.0    -3.53  0.00000000
09.12.2023 11:43:40.003  15.69000000  15689.99623   0.00  -92.8   25.2  28.0 14.86  290.3     0.0  290.26    0.00    0.00     0.0  290.26    0.00    0.00     0.0  290.26    0.00    0.00    2.8     42220.003      5.50   47.24000   39.71000  "Undefined"          0.0    -3.77  0.00000000
09.12.2023 11:43:40.003  15.69000000  15689.99526   0.00  -81.4   36.6  28.0 24.41  289.0     0.0  289.00    0.00    0.00     0.0  289.00    0.00    0.00     0.0  289.00    0.00    0.00    4.3     42220.003      5.50   47.24000   39.71000  "Undefined"          0.0    -4.74  0.00000000
09.12.2023 11:43:40.003  15.69000000  15689.99574   0.00  -65.6   52.4  28.0 16.03  290.7     0.0  290.73    0.00    0.00     0.0  290.73    0.00    0.00     0.0  290.73    0.00    0.00    4.1     42220.003      5.50   47.24000   39.71000  "Undefined"          0.0    -4.26  0.00000000
09.12.2023 11:44:33.253  15.69000000  15689.99027   0.00 -105.4   20.6  28.0 15.83  289.9     0.0  289.87    0.00    0.00     0.0  289.87    0.00    0.00     0.0  289.87    0.00    0.00    3.5     42273.253      5.50   47.24000   39.71000  "Undefined"          0.0    -9.73  0.00000000
09.12.2023 11:44:33.253  15.69000000  15690.00036   0.00 -103.8   22.2  28.0 16.88  290.0     0.0  289.99    0.00    0.00     0.0  289.99    0.00    0.00     0.0  289.99    0.00    0.00    3.6     42273.253      5.50   47.24000   39.71000  "Undefined"          0.0     0.36  0.00000000
09.12.2023 11:44:33.253  15.69000000  15689.99976   0.00 -103.7   22.3  28.0 15.61  290.1     0.0  290.07    0.00    0.00     0.0  290.07    0.00    0.00     0.0  290.07    0.00    0.00    3.2     42273.253      5.50   47.24000   39.71000  "Undefined"          0.0    -0.24  0.00000000
09.12.2023 11:44:33.253  15.69000000  15690.00000   0.00 -103.4   22.6  28.0 16.12  290.0     0.0  289.99    0.00    0.00     0.0  289.99    0.00    0.00     0.0  289.99    0.00    0.00    3.3     42273.253      5.50   47.24000   39.71000  "Undefined"          0.0     0.00  0.00000000
09.12.2023 11:44:33.253  15.69000000  15689.99891   0.00 -103.1   22.9  28.0 15.88  290.0     0.0  289.97    0.00    0.00     0.0  289.97    0.00    0.00     0.0  289.97    0.00    0.00    4.4     42273.253      5.50   47.24000   39.71000  "Undefined"          0.0    -1.09  0.00000000
09.12.2023 11:44:33.253  15.69000000  15689.99161   0.00 -103.0   23.0  28.0 15.45  289.9     0.0  289.91    0.00    0.00     0.0  289.91    0.00    0.00     0.0  289.91    0.00    0.00    3.4     42273.253      5.50   47.24000   39.71000  "Undefined"          0.0    -8.39  0.00000000
09.12.2023 11:44:33.253  15.69000000  15689.99137   0.00 -102.1   23.9  28.0 15.04  290.1     0.0  290.14    0.00    0.00     0.0  290.14    0.00    0.00     0.0  290.14    0.00    0.00    3.1     42273.253      5.50   47.24000   39.71000  "Undefined"          0.0    -8.63  0.00000000
09.12.2023 11:44:33.253  15.69000000  15689.99684   0.00  -88.3   37.7  28.0 16.19  289.8     0.0  289.85    0.00    0.00     0.0  289.85    0.00    0.00     0.0  289.85    0.00    0.00    4.0     42273.253      5.50   47.24000   39.71000  "Undefined"          0.0    -3.16  0.00000000
09.12.2023 11:44:33.253  15.69000000  15689.99465   0.00  -87.6   38.4  28.0 16.58  290.0     0.0  289.97    0.00    0.00     0.0  289.97    0.00    0.00     0.0  289.97    0.00    0.00    4.1     42273.253      5.50   47.24000   39.71000  "Undefined"          0.0    -5.35  0.00000000
09.12.2023 11:44:33.253  15.69000000  15689.99538   0.00  -82.8   43.2  28.0 19.74  289.7     0.0  289.66    0.00    0.00     0.0  289.66    0.00    0.00     0.0  289.66    0.00    0.00    4.5     42273.253      5.50   47.24000   39.71000  "Undefined"          0.0    -4.62  0.00000000
09.12.2023 11:44:33.253  15.69000000  15689.99574   0.00  -62.6   63.4  28.0 16.80  290.0     0.0  290.00    0.00    0.00     0.0  290.00    0.00    0.00     0.0  290.00    0.00    0.00    4.1     42273.253      5.50   47.24000   39.71000  "Undefined"          0.0    -4.26  0.00000000
09.12.2023 11:45:16.259  15.69000000  15689.99538   0.00  -87.9   36.1  28.0 22.06  290.3     0.0  290.28    0.00    0.00     0.0  290.28    0.00    0.00     0.0  290.28    0.00    0.00    6.4     42316.259      5.50   47.24000   39.71000  "Undefined"          0.0    -4.62  0.00000000
09.12.2023 11:45:16.259  15.69000000  15689.99587   0.00  -66.7   57.3  28.0 16.10  289.5     0.0  289.46    0.00    0.00     0.0  289.46    0.00    0.00     0.0  289.46    0.00    0.00    2.7     42316.259      5.50   47.24000   39.71000  "Undefined"          0.0    -4.13  0.00000000
09.12.2023 11:45:59.055  15.69000000  15689.99538   0.00  -85.4   44.6  28.0 23.50  291.7     0.0  291.72    0.00    0.00     0.0  291.72    0.00    0.00     0.0  291.72    0.00    0.00    7.1     42359.055      5.50   47.24000   39.71000  "Undefined"          0.0    -4.62  0.00000000
09.12.2023 11:45:59.055  15.69000000  15689.99574   0.00  -70.3   59.7  28.0 17.27  290.5     0.0  290.48    0.00    0.00     0.0  290.48    0.00    0.00     0.0  290.48    0.00    0.00    2.6     42359.055      5.50   47.24000   39.71000  "Undefined"          0.0    -4.26  0.00000000
09.12.2023 11:46:41.809  15.69000000  15689.99623   0.00 -105.5   30.5  28.0 27.57  292.2     0.0  292.23    0.00    0.00     0.0  292.23    0.00    0.00     0.0  292.23    0.00    0.00    6.3     42401.809      5.50   47.24000   39.71000  "Undefined"          0.0    -3.77  0.00000000
09.12.2023 11:46:41.809  15.69000000  15689.99538   0.00  -90.0   46.0  28.0 27.31  289.8     0.0  289.78    0.00    0.00     0.0  289.78    0.00    0.00     0.0  289.78    0.00    0.00    5.2     42401.809      5.50   47.24000   39.71000  "Undefined"          0.0    -4.62  0.00000000
09.12.2023 11:46:41.809  15.69000000  15689.99587   0.00  -72.4   63.6  28.0 11.55  291.9     0.0  291.94    0.00    0.00     0.0  291.94    0.00    0.00     0.0  291.94    0.00    0.00   14.1     42401.809      5.50   47.24000   39.71000  "Undefined"          0.0    -4.13  0.00000000
09.12.2023 11:47:56.140  15.69000000  15689.99587   0.00  -67.2   56.8  28.0 16.74  289.9     0.0  289.90    0.00    0.00     0.0  289.90    0.00    0.00     0.0  289.90    0.00    0.00    3.5     42476.140      5.50   47.24000   39.71000  "Undefined"          0.0    -4.13  0.00000000
09.12.2023 11:48:38.901  15.69000000  15689.99684   0.00 -115.2   20.8  28.0 19.89  290.4     0.0  290.44    0.00    0.00     0.0  290.44    0.00    0.00     0.0  290.44    0.00    0.00    1.8     42518.901      5.50   47.24000   39.71000  "Undefined"          0.0    -3.16  0.00000000
09.12.2023 11:48:38.901  15.69000000  15689.99477   0.00 -114.1   21.9  28.0  2.76  290.5     0.0  290.48    0.00    0.00     0.0  290.48    0.00    0.00     0.0  290.48    0.00    0.00    4.1     42518.901      5.50   47.24000   39.71000  "Undefined"          0.0    -5.23  0.00000000
09.12.2023 11:48:38.901  15.69000000  15689.99538   0.00  -90.5   45.5  28.0 26.24  291.8     0.0  291.77    0.00    0.00     0.0  291.77    0.00    0.00     0.0  291.77    0.00    0.00    8.3     42518.901      5.50   47.24000   39.71000  "Undefined"          0.0    -4.62  0.00000000
09.12.2023 11:48:38.901  15.69000000  15689.99587   0.00  -66.1   69.9  28.0 17.18  290.0     0.0  289.96    0.00    0.00     0.0  289.96    0.00    0.00     0.0  289.96    0.00    0.00    3.8     42518.901      5.50   47.24000   39.71000  "Undefined"          0.0    -4.13  0.00000000
09.12.2023 11:49:21.726  15.69000000  15689.99574   0.00  -63.1   54.9  28.0 16.47  290.1     0.0  290.08    0.00    0.00     0.0  290.08    0.00    0.00     0.0  290.08    0.00    0.00    5.0     42561.726      5.50   47.24000   39.71000  "Undefined"          0.0    -4.26  0.00000000
09.12.2023 11:50:04.387  15.69000000  15689.99477   0.00 -113.8   22.2  28.0 33.97  260.4     0.0  260.42    0.00    0.00     0.0  260.42    0.00    0.00     0.0  260.42    0.00    0.00    6.1     42604.387      5.50   47.24000   39.71000  "Undefined"          0.0    -5.23  0.00000000
09.12.2023 11:50:04.387  15.69000000  15689.99538   0.00  -96.2   39.8  28.0 21.02  291.8     0.0  291.77    0.00    0.00     0.0  291.77    0.00    0.00     0.0  291.77    0.00    0.00    9.7     42604.387      5.50   47.24000   39.71000  "Undefined"          0.0    -4.62  0.00000000
09.12.2023 11:50:04.387  15.69000000  15689.99587   0.00  -72.3   63.7  28.0 13.86  290.1     0.0  290.14    0.00    0.00     0.0  290.14    0.00    0.00     0.0  290.14    0.00    0.00    6.0     42604.387      5.50   47.24000   39.71000  "Undefined"          0.0    -4.13  0.00000000
09.12.2023 11:50:47.420  15.69000000  15689.99465   0.00 -112.8   23.2  28.0 19.59  292.8     0.0  292.84    0.00    0.00     0.0  292.84    0.00    0.00     0.0  292.84    0.00    0.00    6.0     42647.420      5.50   47.24000   39.71000  "Undefined"          0.0    -5.35  0.00000000
09.12.2023 11:50:47.420  15.69000000  15689.99416   0.00 -111.2   24.8  28.0 18.83  293.6     0.0  293.55    0.00    0.00     0.0  293.55    0.00    0.00     0.0  293.55    0.00    0.00    3.9     42647.420      5.50   47.24000   39.71000  "Undefined"          0.0    -5.84  0.00000000
09.12.2023 11:50:47.420  15.69000000  15689.99587   0.00  -64.3   71.7  28.0 16.68  289.8     0.0  289.84    0.00    0.00     0.0  289.84    0.00    0.00     0.0  289.84    0.00    0.00    4.0     42647.420      5.50   47.24000   39.71000  "Undefined"          0.0    -4.13  0.00000000
09.12.2023 11:51:29.996  15.69000000  15689.99587   0.00  -66.7   59.3  28.0 15.78  289.8     0.0  289.78    0.00    0.00     0.0  289.78    0.00    0.00     0.0  289.78    0.00    0.00    4.3     42689.996      5.50   47.24000   39.71000  "Undefined"          0.0    -4.13  0.00000000
09.12.2023 11:52:12.562  15.69000000  15689.99477   0.00 -115.4   20.6  28.0 21.50  289.9     0.0  289.91    0.00    0.00     0.0  289.91    0.00    0.00     0.0  289.91    0.00    0.00    9.9     42732.562      5.50   47.24000   39.71000  "Undefined"          0.0    -5.23  0.00000000
09.12.2023 11:52:12.562  15.69000000  15689.99635   0.00  -90.3   45.7  28.0 26.14  290.9     0.0  290.90    0.00    0.00     0.0  290.90    0.00    0.00     0.0  290.90    0.00    0.00    6.1     42732.562      5.50   47.24000   39.71000  "Undefined"          0.0    -3.65  0.00000000
09.12.2023 11:52:12.562  15.69000000  15689.99587   0.00  -77.0   59.0  28.0 17.30  290.4     0.0  290.45    0.00    0.00     0.0  290.45    0.00    0.00     0.0  290.45    0.00    0.00    6.5     42732.562      5.50   47.24000   39.71000  "Undefined"          0.0    -4.13  0.00000000
09.12.2023 11:52:55.219  15.69000000  15689.99526   0.00 -101.7   34.3  28.0 29.07  281.3     0.0  281.33    0.00    0.00     0.0  281.33    0.00    0.00     0.0  281.33    0.00    0.00    6.1     42775.219      5.50   47.24000   39.71000  "Undefined"          0.0    -4.74  0.00000000
09.12.2023 11:52:55.219  15.69000000  15689.99574   0.00  -71.4   64.6  28.0 17.41  289.0     0.0  289.01    0.00    0.00     0.0  289.01    0.00    0.00     0.0  289.01    0.00    0.00    4.4     42775.219      5.50   47.24000   39.71000  "Undefined"          0.0    -4.26  0.00000000
09.12.2023 11:53:37.812  15.69000000  15689.99660   0.00 -105.0   21.0  28.0 26.91  292.2     0.0  292.22    0.00    0.00     0.0  292.22    0.00    0.00     0.0  292.22    0.00    0.00    5.9     42817.812      5.50   47.24000   39.71000  "Undefined"          0.0    -3.40  0.00000000
09.12.2023 11:53:37.812  15.69000000  15689.99623   0.00 -102.5   23.5  28.0 36.70  292.8     0.0  292.79    0.00    0.00     0.0  292.79    0.00    0.00     0.0  292.79    0.00    0.00   11.2     42817.812      5.50   47.24000   39.71000  "Undefined"          0.0    -3.77  0.00000000
09.12.2023 11:53:37.812  15.69000000  15689.99574   0.00  -69.0   57.0  28.0 15.88  289.5     0.0  289.46    0.00    0.00     0.0  289.46    0.00    0.00     0.0  289.46    0.00    0.00    4.8     42817.812      5.50   47.24000   39.71000  "Undefined"          0.0    -4.26  0.00000000
09.12.2023 11:54:20.418  15.69000000  15689.99623   0.00  -96.4   37.6  28.0 16.63  292.7     0.0  292.74    0.00    0.00     0.0  292.74    0.00    0.00     0.0  292.74    0.00    0.00    3.3     42860.418      5.50   47.24000   39.71000  "Undefined"          0.0    -3.77  0.00000000
09.12.2023 11:54:20.418  15.69000000  15689.99574   0.00  -71.9   62.1  28.0 15.33  289.9     0.0  289.90    0.00    0.00     0.0  289.90    0.00    0.00     0.0  289.90    0.00    0.00    6.3     42860.418      5.50   47.24000   39.71000  "Undefined"          0.0    -4.26  0.00000000
09.12.2023 11:55:03.012  15.69000000  15689.99514   0.00 -105.4   24.6  28.0  0.04  288.7     0.0  288.68    0.00    0.00     0.0  288.68    0.00    0.00     0.0  288.68    0.00    0.00   15.5     42903.012      5.50   47.24000   39.71000  "Undefined"          0.0    -4.86  0.00000000
09.12.2023 11:55:03.012  15.69000000  15689.99574   0.00  -71.9   58.1  28.0 16.96  289.3     0.0  289.28    0.00    0.00     0.0  289.28    0.00    0.00     0.0  289.28    0.00    0.00    4.7     42903.012      5.50   47.24000   39.71000  "Undefined"          0.0    -4.26  0.00000000
09.12.2023 11:55:45.598  15.69000000  15689.99696   0.00 -107.8   26.2  28.0 24.50  277.2     0.0  277.16    0.00    0.00     0.0  277.16    0.00    0.00     0.0  277.16    0.00    0.00    3.2     42945.598      5.50   47.24000   39.71000  "Undefined"          0.0    -3.04  0.00000000
09.12.2023 11:55:45.598  15.69000000  15689.99501   0.00 -107.8   26.2  28.0 16.65  292.3     0.0  292.31    0.00    0.00     0.0  292.31    0.00    0.00     0.0  292.31    0.00    0.00   10.7     42945.598      5.50   47.24000   39.71000  "Undefined"          0.0    -4.99  0.00000000
09.12.2023 11:55:45.598  15.69000000  15689.99611   0.00  -89.6   44.4  28.0 22.13  291.2     0.0  291.15    0.00    0.00     0.0  291.15    0.00    0.00     0.0  291.15    0.00    0.00    5.4     42945.598      5.50   47.24000   39.71000  "Undefined"          0.0    -3.89  0.00000000
09.12.2023 11:55:45.598  15.69000000  15689.99574   0.00  -73.9   60.1  28.0 13.23  289.8     0.0  289.77    0.00    0.00     0.0  289.77    0.00    0.00     0.0  289.77    0.00    0.00    4.5     42945.598      5.50   47.24000   39.71000  "Undefined"          0.0    -4.26  0.00000000
09.12.2023 11:56:28.125  15.69000000  15689.99501   0.00 -108.9   25.1  28.0 22.13  289.6     0.0  289.55    0.00    0.00     0.0  289.55    0.00    0.00     0.0  289.55    0.00    0.00    5.2     42988.125      5.50   47.24000   39.71000  "Undefined"          0.0    -4.99  0.00000000
09.12.2023 11:56:28.125  15.69000000  15689.99574   0.00  -68.6   65.4  28.0 15.32  290.2     0.0  290.19    0.00    0.00     0.0  290.19    0.00    0.00     0.0  290.19    0.00    0.00    4.3     42988.125      5.50   47.24000   39.71000  "Undefined"          0.0    -4.26  0.00000000
09.12.2023 11:57:11.061  15.69000000  15689.99538   0.00  -93.6   42.4  28.0 12.81  290.9     0.0  290.87    0.00    0.00     0.0  290.87    0.00    0.00     0.0  290.87    0.00    0.00    2.2     43031.061      5.50   47.24000   39.71000  "Undefined"          0.0    -4.62  0.00000000
09.12.2023 11:57:11.061  15.69000000  15689.99574   0.00  -82.1   53.9  28.0  0.09  291.7     0.0  291.73    0.00    0.00     0.0  291.73    0.00    0.00     0.0  291.73    0.00    0.00    6.1     43031.061      5.50   47.24000   39.71000  "Undefined"          0.0    -4.26  0.00000000
09.12.2023 11:57:53.753  15.69000000  15689.99647   0.00 -107.4   28.6  28.0 24.40  290.2     0.0  290.21    0.00    0.00     0.0  290.21    0.00    0.00     0.0  290.21    0.00    0.00    5.9     43073.753      5.50   47.24000   39.71000  "Undefined"          0.0    -3.53  0.00000000
09.12.2023 11:57:53.753  15.69000000  15689.99562   0.00  -75.4   60.6  28.0 13.72  289.7     0.0  289.66    0.00    0.00     0.0  289.66    0.00    0.00     0.0  289.66    0.00    0.00    5.2     43073.753      5.50   47.24000   39.71000  "Undefined"          0.0    -4.38  0.00000000
09.12.2023 11:58:36.546  15.69000000  15689.99562   0.00  -66.5   55.5  28.0 15.60  289.6     0.0  289.56    0.00    0.00     0.0  289.56    0.00    0.00     0.0  289.56    0.00    0.00    5.0     43116.546      5.50   47.24000   39.71000  "Undefined"          0.0    -4.38  0.00000000
09.12.2023 11:59:19.220  15.69000000  15689.99526   0.00  -94.3   27.7  28.0 15.45  290.5     0.0  290.50    0.00    0.00     0.0  290.50    0.00    0.00     0.0  290.50    0.00    0.00    3.3     43159.220      5.50   47.24000   39.71000  "Undefined"          0.0    -4.74  0.00000000
09.12.2023 11:59:19.220  15.69000000  15689.99611   0.00  -81.5   40.5  28.0 22.54  290.7     0.0  290.73    0.00    0.00     0.0  290.73    0.00    0.00     0.0  290.73    0.00    0.00    6.0     43159.220      5.50   47.24000   39.71000  "Undefined"          0.0    -3.89  0.00000000
09.12.2023 11:59:19.220  15.69000000  15689.99574   0.00  -67.5   54.5  28.0 16.92  289.4     0.0  289.39    0.00    0.00     0.0  289.39    0.00    0.00     0.0  289.39    0.00    0.00    4.1     43159.220      5.50   47.24000   39.71000  "Undefined"          0.0    -4.26  0.00000000
