09.12.2023 09:00:29.604  15.69000000  15689.99562   0.00  -74.9   55.1  28.0 14.41  288.2     0.0  288.24    0.00    0.00     0.0  288.24    0.00    0.00     0.0  288.24    0.00    0.00    4.2     32429.604      5.50   47.24000   39.71000  "Undefined"          0.0    -4.38  0.00000000
09.12.2023 09:01:12.121  15.69000000  15689.99453   0.00 -112.5   23.5  28.0 23.61  275.2     0.0  275.24    0.00    0.00     0.0  275.24    0.00    0.00     0.0  275.24    0.00    0.00    3.5     32472.121      5.50   47.24000   39.71000  "Undefined"          0.0    -5.47  0.00000000
09.12.2023 09:01:12.121  15.69000000  15689.99574   0.00  -66.2   69.8  28.0 23.32  289.6     0.0  289.60    0.00    0.00     0.0  289.60    0.00    0.00     0.0  289.60    0.00    0.00    4.1     32472.121      5.50   47.24000   39.71000  "Undefined"          0.0    -4.26  0.00000000
09.12.2023 09:01:54.581  15.69000000  15689.99599   0.00  -78.2   51.8  28.0 26.09  292.5     0.0  292.49    0.00    0.00     0.0  292.49    0.00    0.00     0.0  292.49    0.00    0.00    5.9     32514.581      5.50   47.24000   39.71000  "Undefined"          0.0    -4.01  0.00000000
09.12.2023 09:01:54.581  15.69000000  15689.99562   0.00  -71.0   59.0  28.0 12.03  289.3     0.0  289.29    0.00    0.00     0.0  289.29    0.00    0.00     0.0  289.29    0.00    0.00    2.4     32514.581      5.50   47.24000   39.71000  "Undefined"          0.0    -4.38  0.00000000
09.12.2023 09:02:37.163  15.69000000  15689.99599   0.00  -70.0   56.0  28.0 25.01  291.9     0.0  291.86    0.00    0.00     0.0  291.86    0.00    0.00     0.0  291.86    0.00    0.00    4.7     32557.163      5.50   47.24000   39.71000  "Undefined"         -0.0    -4.01  0.00000000
09.12.2023 09:03:30.066  15.69000000  15689.99647   0.00 -108.8   21.2  28.0 23.12  289.2     0.0  289.20    0.00    0.00     0.0  289.20    0.00    0.00     0.0  289.20    0.00    0.00    6.7     32610.066      5.50   47.24000   39.71000  "Undefined"          0.0    -3.53  0.00000000
09.12.2023 09:03:30.066  15.69000000  15689.99514   0.00 -101.3   28.7  28.0 24.10  282.8     0.0  282.83    0.00    0.00     0.0  282.83    0.00    0.00     0.0  282.83    0.00    0.00    5.6     32610.066      5.50   47.24000   39.71000  "Undefined"          0.0    -4.86  0.00000000
09.12.2023 09:03:30.066  15.69000000  15689.99599   0.00  -79.8   50.2  28.0 23.53  291.6     0.0  291.61    0.00    0.00     0.0  291.61    0.00    0.00     0.0  291.61    0.00    0.00    4.2     32610.066      5.50   47.24000   39.71000  "Undefined"          0.0    -4.01  0.00000000
09.12.2023 09:03:30.066  15.69000000  15689.99562   0.00  -77.5   52.5  28.0 17.16  288.5     0.0  288.48    0.00    0.00     0.0  288.48    0.00    0.00     0.0  288.48    0.00    0.00    2.7     32610.066      5.50   47.24000   39.71000  "Undefined"          0.0    -4.38  0.00000000
09.12.2023 09:04:12.670  15.69000000  15689.99574   0.00  -66.7   55.3  28.0 18.48  289.2     0.0  289.23    0.00    0.00     0.0  289.23    0.00    0.00     0.0  289.23    0.00    0.00    3.0     32652.670      5.50   47.24000   39.71000  "Undefined"          0.0    -4.26  0.00000000
09.12.2023 09:04:55.069  15.69000000  15689.99526   0.00  -93.7   26.3  28.0 25.32  285.2     0.0  285.21    0.00    0.00     0.0  285.21    0.00    0.00     0.0  285.21    0.00    0.00    3.8     32695.069      5.50   47.24000   39.71000  "Undefined"          0.0    -4.74  0.00000000
09.12.2023 09:04:55.069  15.69000000  15689.99574   0.00  -60.6   59.4  28.0 17.96  288.9     0.0  288.87    0.00    0.00     0.0  288.87    0.00    0.00     0.0  288.87    0.00    0.00    4.0     32695.069      5.50   47.24000   39.71000  "Undefined"          0.0    -4.26  0.00000000
09.12.2023 09:05:37.604  15.69000000  15689.99793   0.00 -114.5   21.5  28.0 29.64  305.1     0.0  305.12    0.00    0.00     0.0  305.12    0.00    0.00     0.0  305.12    0.00    0.00    9.1     32737.604      5.50   47.24000   39.71000  "Undefined"          0.0    -2.07  0.00000000
09.12.2023 09:05:37.604  15.69000000  15689.99526   0.00  -98.3   37.7  28.0 27.18  284.9     0.0  284.86    0.00    0.00     0.0  284.86    0.00    0.00     0.0  284.86    0.00    0.00   11.5     32737.604      5.50   47.24000   39.71000  "Undefined"          0.0    -4.74  0.00000000
09.12.2023 09:05:37.604  15.69000000  15689.99611   0.00  -81.4   54.6  28.0 26.27  290.6     0.0  290.58    0.00    0.00     0.0  290.58    0.00    0.00     0.0  290.58    0.00    0.00    3.2     32737.604      5.50   47.24000   39.71000  "Undefined"          0.0    -3.89  0.00000000
09.12.2023 09:05:37.604  15.69000000  15689.99562   0.00  -72.0   64.0  28.0 17.70  288.7     0.0  288.73    0.00    0.00     0.0  288.73    0.00    0.00     0.0  288.73    0.00    0.00    5.2     32737.604      5.50   47.24000   39.71000  "Undefined"          0.0    -4.38  0.00000000
09.12.2023 09:06:20.025  15.69000000  15689.99526   0.00  -95.3   32.7  28.0 18.16   30.8     0.0   30.76    0.00    0.00     0.0   30.76    0.00    0.00     0.0   30.76    0.00    0.00    6.9     32780.025      5.50   47.24000   39.71000  "Undefined"          0.0    -4.74  0.00000000
09.12.2023 09:06:20.025  15.69000000  15689.99574   0.00  -69.8   58.2  28.0 18.59  288.5     0.0  288.53    0.00    0.00     0.0  288.53    0.00    0.00     0.0  288.53    0.00    0.00    5.1     32780.025      5.50   47.24000   39.71000  "Undefined"          0.0    -4.26  0.00000000
09.12.2023 09:07:13.026  15.69000000  15689.99514   0.00 -100.2   35.8  28.0 27.75  290.8     0.0  290.80    0.00    0.00     0.0  290.80    0.00    0.00     0.0  290.80    0.00    0.00    5.3     32833.026      5.50   47.24000   39.71000  "Undefined"          0.0    -4.86  0.00000000
09.12.2023 09:07:13.026  15.69000000  15689.99562   0.00  -77.5   58.5  28.0 20.66  289.4     0.0  289.42    0.00    0.00     0.0  289.42    0.00    0.00     0.0  289.42    0.00    0.00    6.9     32833.026      5.50   47.24000   39.71000  "Undefined"          0.0    -4.38  0.00000000
09.12.2023 09:07:13.026  15.69000000  15689.99599   0.00  -76.5   59.5  28.0 26.17  291.4     0.0  291.44    0.00    0.00     0.0  291.44    0.00    0.00     0.0  291.44    0.00    0.00    5.6     32833.026      5.50   47.24000   39.71000  "Undefined"          0.0    -4.01  0.00000000
09.12.2023 09:07:55.588  15.69000000  15689.99696   0.00 -110.4   25.6  28.0 24.27  299.7     0.0  299.73    0.00    0.00     0.0  299.73    0.00    0.00     0.0  299.73    0.00    0.00    3.1     32875.588      5.50   47.24000   39.71000  "Undefined"          0.0    -3.04  0.00000000
09.12.2023 09:07:55.588  15.69000000  15689.99574   0.00  -75.2   60.8  28.0 20.21  288.9     0.0  288.87    0.00    0.00     0.0  288.87    0.00    0.00     0.0  288.87    0.00    0.00    3.2     32875.588      5.50   47.24000   39.71000  "Undefined"          0.0    -4.26  0.00000000
09.12.2023 09:08:37.967  15.69000000  15689.99611   0.00  -78.5   41.5  28.0 24.56  290.6     0.0  290.60    0.00    0.00     0.0  290.60    0.00    0.00     0.0  290.60    0.00    0.00    4.8     32917.967      5.50   47.24000   39.71000  "Undefined"          0.0    -3.89  0.00000000
09.12.2023 09:08:37.967  15.69000000  15689.99574   0.00  -63.5   56.5  28.0 16.49  288.9     0.0  288.89    0.00    0.00     0.0  288.89    0.00    0.00     0.0  288.89    0.00    0.00    4.9     32917.967      5.50   47.24000   39.71000  "Undefined"          0.0    -4.26  0.00000000
09.12.2023 09:09:20.759  15.69000000  15689.99526   0.00  -85.9   34.1  28.0 27.69  291.3     0.0  291.30    0.00    0.00     0.0  291.30    0.00    0.00     0.0  291.30    0.00    0.00    3.1     32960.759      5.50   47.24000   39.71000  "Undefined"          0.0    -4.74  0.00000000
09.12.2023 09:09:20.759  15.69000000  15689.99574   0.00  -68.0   52.0  28.0 17.82  289.3     0.0  289.35    0.00    0.00     0.0  289.35    0.00    0.00     0.0  289.35    0.00    0.00    2.4     32960.759      5.50   47.24000   39.71000  "Undefined"          0.0    -4.26  0.00000000
09.12.2023 09:10:14.032  15.69000000  15689.99660   0.00 -107.4   28.6  28.0 23.51  294.1     0.0  294.09    0.00    0.00     0.0  294.09    0.00    0.00     0.0  294.09    0.00    0.00    5.1     33014.032      5.50   47.24000   39.71000  "Undefined"          0.0    -3.40  0.00000000
09.12.2023 09:10:14.032  15.69000000  15689.99574   0.00  -69.3   66.7  28.0 17.68  289.3     0.0  289.28    0.00    0.00     0.0  289.28    0.00    0.00     0.0  289.28    0.00    0.00    2.1     33014.032      5.50   47.24000   39.71000  "Undefined"          0.0    -4.26  0.00000000
09.12.2023 09:10:56.674  15.69000000  15689.99647   0.00 -102.7   33.3  28.0 25.38  289.7     0.0  289.66    0.00    0.00     0.0  289.66    0.00    0.00     0.0  289.66    0.00    0.00    5.4     33056.674      5.50   47.24000   39.71000  "Undefined"          0.0    -3.53  0.00000000
09.12.2023 09:10:56.674  15.69000000  15689.99526   0.00  -82.4   53.6  28.0 29.33  288.5     0.0  288.47    0.00    0.00     0.0  288.47    0.00    0.00     0.0  288.47    0.00    0.00    3.4     33056.674      5.50   47.24000   39.71000  "Undefined"          0.0    -4.74  0.00000000
09.12.2023 09:10:56.674  15.69000000  15689.99574   0.00  -69.5   66.5  28.0 18.65  289.9     0.0  289.85    0.00    0.00     0.0  289.85    0.00    0.00     0.0  289.85    0.00    0.00    2.3     33056.674      5.50   47.24000   39.71000  "Undefined"          0.0    -4.26  0.00000000
09.12.2023 09:11:49.990  15.69000000  15689.99720   0.00 -105.9   30.1  28.0 22.99  291.7     0.0  291.66    0.00    0.00     0.0  291.66    0.00    0.00     0.0  291.66    0.00    0.00    4.5     33109.990      5.50   47.24000   39.71000  "Undefined"          0.0    -2.80  0.00000000
09.12.2023 09:11:49.990  15.69000000  15689.99660   0.00  -96.5   39.5  28.0 26.78  293.1     0.0  293.14    0.00    0.00     0.0  293.14    0.00    0.00     0.0  293.14    0.00    0.00    3.3     33109.990      5.50   47.24000   39.71000  "Undefined"          0.0    -3.40  0.00000000
09.12.2023 09:11:49.990  15.69000000  15689.99550   0.00  -83.8   52.2  28.0 23.59  287.2     0.0  287.21    0.00    0.00     0.0  287.21    0.00    0.00     0.0  287.21    0.00    0.00    4.8     33109.990      5.50   47.24000   39.71000  "Undefined"          0.0    -4.50  0.00000000
09.12.2023 09:11:49.990  15.69000000  15689.99587   0.00  -68.0   68.0  28.0 17.52  290.3     0.0  290.32    0.00    0.00     0.0  290.32    0.00    0.00     0.0  290.32    0.00    0.00    3.6     33109.990      5.50   47.24000   39.71000  "Undefined"          0.0    -4.13  0.00000000
09.12.2023 09:12:32.688  15.69000000  15689.99672   0.00 -110.0   20.0  28.0 10.66  291.3     0.0  291.33    0.00    0.00     0.0  291.33    0.00    0.00     0.0  291.33    0.00    0.00    1.0     33152.688      5.50   47.24000   39.71000  "Undefined"          0.0    -3.28  0.00000000
09.12.2023 09:12:32.688  15.69000000  15689.99635   0.00  -95.4   34.6  28.0 24.36  290.6     0.0  290.62    0.00    0.00     0.0  290.62    0.00    0.00     0.0  290.62    0.00    0.00    6.1     33152.688      5.50   47.24000   39.71000  "Undefined"          0.0    -3.65  0.00000000
09.12.2023 09:12:32.688  15.69000000  15689.99587   0.00  -74.5   55.5  28.0 19.08  288.7     0.0  288.72    0.00    0.00     0.0  288.72    0.00    0.00     0.0  288.72    0.00    0.00    5.8     33152.688      5.50   47.24000   39.71000  "Undefined"          0.0    -4.13  0.00000000
09.12.2023 09:13:15.410  15.69000000  15689.99404   0.00 -113.8   20.2  28.0 26.15  255.3     0.0  255.32    0.00    0.00     0.0  255.32    0.00    0.00     0.0  255.32    0.00    0.00   24.8     33195.410      5.50   47.24000   39.71000  "Undefined"          0.0    -5.96  0.00000000
09.12.2023 09:13:15.410  15.69000000  15689.99672   0.00 -107.4   26.6  28.0 31.00  287.2     0.0  287.19    0.00    0.00     0.0  287.19    0.00    0.00     0.0  287.19    0.00    0.00    8.4     33195.410      5.50   47.24000   39.71000  "Undefined"          0.0    -3.28  0.00000000
09.12.2023 09:13:15.410  15.69000000  15689.99623   0.00  -88.6   45.4  28.0 22.98  291.5     0.0  291.48    0.00    0.00     0.0  291.48    0.00    0.00     0.0  291.48    0.00    0.00    2.2     33195.410      5.50   47.24000   39.71000  "Undefined"          0.0    -3.77  0.00000000
09.12.2023 09:13:15.410  15.69000000  15689.99574   0.00  -61.5   72.5  28.0 18.81  289.1     0.0  289.09    0.00    0.00     0.0  289.09    0.00    0.00     0.0  289.09    0.00    0.00    3.0     33195.410      5.50   47.24000   39.71000  "Undefined"          0.0    -4.26  0.00000000
09.12.2023 09:13:58.147  15.69000000  15689.99611   0.00  -89.4   34.6  28.0 26.38  294.0     0.0  293.97    0.00    0.00     0.0  293.97    0.00    0.00     0.0  293.97    0.00    0.00    4.5     33238.147      5.50   47.24000   39.71000  "Undefined"          0.0    -3.89  0.00000000
09.12.2023 09:13:58.147  15.69000000  15689.99526   0.00  -82.7   41.3  28.0 29.35  287.3     0.0  287.26    0.00    0.00     0.0  287.26    0.00    0.00     0.0  287.26    0.00    0.00    3.4     33238.147      5.50   47.24000   39.71000  "Undefined"          0.0    -4.74  0.00000000
09.12.2023 09:13:58.147  15.69000000  15689.99574   0.00  -68.7   55.3  28.0 16.28  288.1     0.0  288.13    0.00    0.00     0.0  288.13    0.00    0.00     0.0  288.13    0.00    0.00    5.0     33238.147      5.50   47.24000   39.71000  "Undefined"          0.0    -4.26  0.00000000
09.12.2023 09:15:12.348  15.69000000  15689.99526   0.00  -79.7   32.3  28.0 26.84  289.8     0.0  289.83    0.00    0.00     0.0  289.83    0.00    0.00     0.0  289.83    0.00    0.00    4.1     33312.348      5.50   47.24000   39.71000  "Undefined"          0.0    -4.74  0.00000000
09.12.2023 09:15:12.348  15.69000000  15689.99574   0.00  -60.1   51.9  28.0 17.41  289.4     0.0  289.41    0.00    0.00     0.0  289.41    0.00    0.00     0.0  289.41    0.00    0.00    3.4     33312.348      5.50   47.24000   39.71000  "Undefined"          0.0    -4.26  0.00000000
09.12.2023 09:15:54.996  15.69000000  15689.99672   0.00  -97.6   20.4  28.0 20.24  290.9     0.0  290.93    0.00    0.00     0.0  290.93    0.00    0.00     0.0  290.93    0.00    0.00    6.8     33354.996      5.50   47.24000   39.71000  "Undefined"          0.0    -3.28  0.00000000
09.12.2023 09:15:54.996  15.69000000  15689.99574   0.00  -63.7   54.3  28.0 18.59  289.0     0.0  288.98    0.00    0.00     0.0  288.98    0.00    0.00     0.0  288.98    0.00    0.00    3.4     33354.996      5.50   47.24000   39.71000  "Undefined"          0.0    -4.26  0.00000000
09.12.2023 09:16:37.680  15.69000000  15689.99660   0.00  -99.5   24.5  28.0 21.17  295.8     0.0  295.79    0.00    0.00     0.0  295.79    0.00    0.00     0.0  295.79    0.00    0.00    6.7     33397.680      5.50   47.24000   39.71000  "Undefined"          0.0    -3.40  0.00000000
09.12.2023 09:16:37.680  15.69000000  15689.99538   0.00  -86.0   38.0  28.0 23.50  292.2     0.0  292.22    0.00    0.00     0.0  292.22    0.00    0.00     0.0  292.22    0.00    0.00    7.6     33397.680      5.50   47.24000   39.71000  "Undefined"          0.0    -4.62  0.00000000
09.12.2023 09:17:20.385  15.69000000  15689.99660   0.00  -99.1   22.9  28.0 21.68  285.9     0.0  285.89    0.00    0.00     0.0  285.89    0.00    0.00     0.0  285.89    0.00    0.00    1.6     33440.385      5.50   47.24000   39.71000  "Undefined"          0.0    -3.40  0.00000000
09.12.2023 09:17:20.385  15.69000000  15689.99611   0.00  -87.1   34.9  28.0 21.79  292.9     0.0  292.91    0.00    0.00     0.0  292.91    0.00    0.00     0.0  292.91    0.00    0.00    4.2     33440.385      5.50   47.24000   39.71000  "Undefined"          0.0    -3.89  0.00000000
09.12.2023 09:17:20.385  15.69000000  15689.99574   0.00  -65.9   56.1  28.0 17.65  289.0     0.0  288.95    0.00    0.00     0.0  288.95    0.00    0.00     0.0  288.95    0.00    0.00    3.7     33440.385      5.50   47.24000   39.71000  "Undefined"          0.0    -4.26  0.00000000
09.12.2023 09:18:03.219  15.69000000  15689.99660   0.00  -94.2   25.8  28.0 20.65  292.9     0.0  292.86    0.00    0.00     0.0  292.86    0.00    0.00     0.0  292.86    0.00    0.00    5.7     33483.219      5.50   47.24000   39.71000  "Undefined"          0.0    -3.40  0.00000000
09.12.2023 09:18:03.219  15.69000000  15689.99514   0.00  -89.5   30.5  28.0 28.84  284.8     0.0  284.79    0.00    0.00     0.0  284.79    0.00    0.00     0.0  284.79    0.00    0.00    4.5     33483.219      5.50   47.24000   39.71000  "Undefined"          0.0    -4.86  0.00000000
09.12.2023 09:18:03.219  15.69000000  15689.99538   0.00  -87.7   32.3  28.0 24.78  287.8     0.0  287.77    0.00    0.00     0.0  287.77    0.00    0.00     0.0  287.77    0.00    0.00    5.7     33483.219      5.50   47.24000   39.71000  "Undefined"          0.0    -4.62  0.00000000
09.12.2023 09:18:03.219  15.69000000  15689.99574   0.00  -61.9   58.1  28.0 17.85  288.9     0.0  288.88    0.00    0.00     0.0  288.88    0.00    0.00     0.0  288.88    0.00    0.00    3.8     33483.219      5.50   47.24000   39.71000  "Undefined"          0.0    -4.26  0.00000000
09.12.2023 09:18:46.055  15.69000000  15689.99684   0.00  -97.8   22.2  28.0 23.93  292.3     0.0  292.29    0.00    0.00     0.0  292.29    0.00    0.00     0.0  292.29    0.00    0.00    4.9     33526.055      5.50   47.24000   39.71000  "Undefined"          0.0    -3.16  0.00000000
09.12.2023 09:18:46.055  15.69000000  15689.99526   0.00  -81.9   38.1  28.0 23.51  287.4     0.0  287.42    0.00    0.00     0.0  287.42    0.00    0.00     0.0  287.42    0.00    0.00   10.4     33526.055      5.50   47.24000   39.71000  "Undefined"          0.0    -4.74  0.00000000
09.12.2023 09:18:46.055  15.69000000  15689.99574   0.00  -62.6   57.4  28.0 17.23  289.0     0.0  289.05    0.00    0.00     0.0  289.05    0.00    0.00     0.0  289.05    0.00    0.00    4.4     33526.055      5.50   47.24000   39.71000  "Undefined"          0.0    -4.26  0.00000000
09.12.2023 09:19:28.888  15.69000000  15689.99526   0.00  -77.8   42.2  28.0 26.50  289.0     0.0  289.01    0.00    0.00     0.0  289.01    0.00    0.00     0.0  289.01    0.00    0.00    4.5     33568.888      5.50   47.24000   39.71000  "Undefined"          0.0    -4.74  0.00000000
09.12.2023 09:19:28.888  15.69000000  15689.99587   0.00  -63.5   56.5  28.0 17.81  289.5     0.0  289.52    0.00    0.00     0.0  289.52    0.00    0.00     0.0  289.52    0.00    0.00    4.8     33568.888      5.50   47.24000   39.71000  "Undefined"          0.0    -4.13  0.00000000
09.12.2023 09:20:11.494  15.69000000  15689.99538   0.00  -78.4   45.6  28.0 26.11  288.1     0.0  288.12    0.00    0.00     0.0  288.12    0.00    0.00     0.0  288.12    0.00    0.00    6.6     33611.494      5.50   47.24000   39.71000  "Undefined"          0.0    -4.62  0.00000000
09.12.2023 09:20:11.494  15.69000000  15689.99587   0.00  -68.5   55.5  28.0 17.96  289.4     0.0  289.41    0.00    0.00     0.0  289.41    0.00    0.00     0.0  289.41    0.00    0.00    4.8     33611.494      5.50   47.24000   39.71000  "Undefined"          0.0    -4.13  0.00000000
09.12.2023 09:20:54.325  15.69000000  15689.99538   0.00  -74.6   49.4  28.0 25.61  290.2     0.0  290.19    0.00    0.00     0.0  290.19    0.00    0.00     0.0  290.19    0.00    0.00    5.6     33654.325      5.50   47.24000   39.71000  "Undefined"          0.0    -4.62  0.00000000
09.12.2023 09:20:54.325  15.69000000  15689.99574   0.00  -62.6   61.4  28.0 18.06  289.5     0.0  289.46    0.00    0.00     0.0  289.46    0.00    0.00     0.0  289.46    0.00    0.00    4.8     33654.325      5.50   47.24000   39.71000  "Undefined"          0.0    -4.26  0.00000000
09.12.2023 09:21:36.980  15.69000000  15689.99574   0.00  -59.2   56.8  28.0 18.22  289.2     0.0  289.23    0.00    0.00     0.0  289.23    0.00    0.00     0.0  289.23    0.00    0.00    4.7     33696.980      5.50   47.24000   39.71000  "Undefined"          0.0    -4.26  0.00000000
09.12.2023 09:22:19.808  15.69000000  15689.99684   0.00 -104.6   23.4  28.0 23.86  297.5     0.0  297.48    0.00    0.00     0.0  297.48    0.00    0.00     0.0  297.48    0.00    0.00    4.0     33739.808      5.50   47.24000   39.71000  "Undefined"          0.0    -3.16  0.00000000
09.12.2023 09:22:19.808  15.69000000  15689.99538   0.00  -73.6   54.4  28.0 25.29  288.9     0.0  288.85    0.00    0.00     0.0  288.85    0.00    0.00     0.0  288.85    0.00    0.00    5.2     33739.808      5.50   47.24000   39.71000  "Undefined"          0.0    -4.62  0.00000000
09.12.2023 09:22:19.808  15.69000000  15689.99574   0.00  -68.7   59.3  28.0 17.04  290.5     0.0  290.48    0.00    0.00     0.0  290.48    0.00    0.00     0.0  290.48    0.00    0.00    5.2     33739.808      5.50   47.24000   39.71000  "Undefined"          0.0    -4.26  0.00000000
09.12.2023 09:23:02.545  15.69000000  15689.99684   0.00 -102.8   25.2  28.0 25.59  299.9     0.0  299.92    0.00    0.00     0.0  299.92    0.00    0.00     0.0  299.92    0.00    0.00    5.1     33782.545      5.50   47.24000   39.71000  "Undefined"          0.0    -3.16  0.00000000
09.12.2023 09:23:02.545  15.69000000  15689.99647   0.00  -95.4   32.6  28.0 20.84  293.1     0.0  293.07    0.00    0.00     0.0  293.07    0.00    0.00     0.0  293.07    0.00    0.00    3.6     33782.545      5.50   47.24000   39.71000  "Undefined"          0.0    -3.53  0.00000000
09.12.2023 09:23:02.545  15.69000000  15689.99501   0.00  -95.2   32.8  28.0 26.24  284.4     0.0  284.45    0.00    0.00     0.0  284.45    0.00    0.00     0.0  284.45    0.00    0.00    3.8     33782.545      5.50   47.24000   39.71000  "Undefined"          0.0    -4.99  0.00000000
09.12.2023 09:23:02.545  15.69000000  15689.99550   0.00  -82.6   45.4  28.0 27.66  290.5     0.0  290.50    0.00    0.00     0.0  290.50    0.00    0.00     0.0  290.50    0.00    0.00    9.1     33782.545      5.50   47.24000   39.71000  "Undefined"          0.0    -4.50  0.00000000
09.12.2023 09:23:02.545  15.69000000  15689.99587   0.00  -70.6   57.4  28.0 17.01  289.0     0.0  288.99    0.00    0.00     0.0  288.99    0.00    0.00     0.0  288.99    0.00    0.00    3.8     33782.545      5.50   47.24000   39.71000  "Undefined"          0.0    -4.13  0.00000000
09.12.2023 09:23:45.286  15.69000000  15689.99696   0.00 -105.9   30.1  28.0 19.68  301.9     0.0  301.91    0.00    0.00     0.0  301.91    0.00    0.00     0.0  301.91    0.00    0.00    4.0     33825.286      5.50   47.24000   39.71000  "Undefined"          0.0    -3.04  0.00000000
09.12.2023 09:23:45.286  15.69000000  15689.99623   0.00  -88.4   47.6  28.0 22.70  294.1     0.0  294.13    0.00    0.00     0.0  294.13    0.00    0.00     0.0  294.13    0.00    0.00    4.7     33825.286      5.50   47.24000   39.71000  "Undefined"          0.0    -3.77  0.00000000
09.12.2023 09:23:45.286  15.69000000  15689.99538   0.00  -78.5   57.5  28.0 25.29  286.6     0.0  286.64    0.00    0.00     0.0  286.64    0.00    0.00     0.0  286.64    0.00    0.00    3.7     33825.286      5.50   47.24000   39.71000  "Undefined"          0.0    -4.62  0.00000000
09.12.2023 09:23:45.286  15.69000000  15689.99587   0.00  -67.0   69.0  28.0 16.03  288.9     0.0  288.94    0.00    0.00     0.0  288.94    0.00    0.00     0.0  288.94    0.00    0.00    4.3     33825.286      5.50   47.24000   39.71000  "Undefined"          0.0    -4.13  0.00000000
09.12.2023 09:24:27.904  15.69000000  15689.99708   0.00 -102.1   29.9  28.0 21.25  302.4     0.0  302.41    0.00    0.00     0.0  302.41    0.00    0.00     0.0  302.41    0.00    0.00    4.8     33867.904      5.50   47.24000   39.71000  "Undefined"          0.0    -2.92  0.00000000
09.12.2023 09:24:27.904  15.69000000  15689.99647   0.00  -96.5   35.5  28.0 17.91  294.8     0.0  294.82    0.00    0.00     0.0  294.82    0.00    0.00     0.0  294.82    0.00    0.00    3.5     33867.904      5.50   47.24000   39.71000  "Undefined"          0.0    -3.53  0.00000000
09.12.2023 09:24:27.904  15.69000000  15689.99611   0.00  -85.9   46.1  28.0 23.12  290.3     0.0  290.27    0.00    0.00     0.0  290.27    0.00    0.00     0.0  290.27    0.00    0.00    3.7     33867.904      5.50   47.24000   39.71000  "Undefined"          0.0    -3.89  0.00000000
09.12.2023 09:24:27.904  15.69000000  15689.99587   0.00  -76.1   55.9  28.0 13.26  289.9     0.0  289.88    0.00    0.00     0.0  289.88    0.00    0.00     0.0  289.88    0.00    0.00    4.3     33867.904      5.50   47.24000   39.71000  "Undefined"          0.0    -4.13  0.00000000
09.12.2023 09:25:10.727  15.69000000  15689.99611   0.00  -82.8   39.2  28.0 22.73  294.2     0.0  294.15    0.00    0.00     0.0  294.15    0.00    0.00     0.0  294.15    0.00    0.00    3.7     33910.727      5.50   47.24000   39.71000  "Undefined"          0.0    -3.89  0.00000000
09.12.2023 09:25:10.727  15.69000000  15689.99574   0.00  -65.5   56.5  28.0 18.04  289.2     0.0  289.17    0.00    0.00     0.0  289.17    0.00    0.00     0.0  289.17    0.00    0.00    3.7     33910.727      5.50   47.24000   39.71000  "Undefined"          0.0    -4.26  0.00000000
09.12.2023 09:25:53.516  15.69000000  15689.99501   0.00 -105.9   20.1  28.0 29.68  279.9     0.0  279.89    0.00    0.00     0.0  279.89    0.00    0.00     0.0  279.89    0.00    0.00    6.3     33953.516      5.50   47.24000   39.71000  "Undefined"          0.0    -4.99  0.00000000
09.12.2023 09:25:53.516  15.69000000  15689.99660   0.00 -104.1   21.9  28.0 23.63  295.4     0.0  295.37    0.00    0.00     0.0  295.37    0.00    0.00     0.0  295.37    0.00    0.00    4.8     33953.516      5.50   47.24000   39.71000  "Undefined"          0.0    -3.40  0.00000000
09.12.2023 09:25:53.516  15.69000000  15689.99562   0.00  -70.6   55.4  28.0 24.59  288.7     0.0  288.75    0.00    0.00     0.0  288.75    0.00    0.00     0.0  288.75    0.00    0.00    4.4     33953.516      5.50   47.24000   39.71000  "Undefined"          0.0    -4.38  0.00000000
09.12.2023 09:26:36.334  15.69000000  15689.99635   0.00  -95.0   27.0  28.0 18.40  297.3     0.0  297.30    0.00    0.00     0.0  297.30    0.00    0.00     0.0  297.30    0.00    0.00    7.0     33996.334      5.50   47.24000   39.71000  "Undefined"          0.0    -3.65  0.00000000
09.12.2023 09:26:36.334  15.69000000  15689.99550   0.00  -74.8   47.2  28.0 26.48  286.4     0.0  286.42    0.00    0.00     0.0  286.42    0.00    0.00     0.0  286.42    0.00    0.00    3.5     33996.334      5.50   47.24000   39.71000  "Undefined"          0.0    -4.50  0.00000000
09.12.2023 09:26:36.334  15.69000000  15689.99587   0.00  -65.3   56.7  28.0 17.90  289.9     0.0  289.87    0.00    0.00     0.0  289.87    0.00    0.00     0.0  289.87    0.00    0.00    2.1     33996.334      5.50   47.24000   39.71000  "Undefined"          0.0    -4.13  0.00000000
09.12.2023 09:27:19.213  15.69000000  15689.99696   0.00 -101.9   34.1  28.0 20.68  300.0     0.0  300.00    0.00    0.00     0.0  300.00    0.00    0.00     0.0  300.00    0.00    0.00    3.6     34039.213      5.50   47.24000   39.71000  "Undefined"          0.0    -3.04  0.00000000
09.12.2023 09:27:19.213  15.69000000  15689.99574   0.00  -68.6   67.4  28.0 24.32  288.7     0.0  288.69    0.00    0.00     0.0  288.69    0.00    0.00     0.0  288.69    0.00    0.00    5.3     34039.213      5.50   47.24000   39.71000  "Undefined"          0.0    -4.26  0.00000000
09.12.2023 09:28:02.003  15.69000000  15689.99684   0.00  -97.5   30.5  28.0 21.12  300.0     0.0  300.02    0.00    0.00     0.0  300.02    0.00    0.00     0.0  300.02    0.00    0.00    5.5     34082.003      5.50   47.24000   39.71000  "Undefined"          0.0    -3.16  0.00000000
09.12.2023 09:28:02.003  15.69000000  15689.99635   0.00  -95.2   32.8  28.0 32.31  297.9     0.0  297.87    0.00    0.00     0.0  297.87    0.00    0.00     0.0  297.87    0.00    0.00    7.2     34082.003      5.50   47.24000   39.71000  "Undefined"          0.0    -3.65  0.00000000
09.12.2023 09:28:02.003  15.69000000  15689.99550   0.00  -81.9   46.1  28.0 26.97  282.9     0.0  282.87    0.00    0.00     0.0  282.87    0.00    0.00     0.0  282.87    0.00    0.00    4.3     34082.003      5.50   47.24000   39.71000  "Undefined"          0.0    -4.50  0.00000000
09.12.2023 09:28:02.003  15.69000000  15689.99587   0.00  -70.4   57.6  28.0 16.54  291.1     0.0  291.08    0.00    0.00     0.0  291.08    0.00    0.00     0.0  291.08    0.00    0.00    5.1     34082.003      5.50   47.24000   39.71000  "Undefined"          0.0    -4.13  0.00000000
09.12.2023 09:28:44.822  15.69000000  15689.99587   0.00  -69.0   63.0  28.0 20.18  290.2     0.0  290.16    0.00    0.00     0.0  290.16    0.00    0.00     0.0  290.16    0.00    0.00    6.4     34124.822      5.50   47.24000   39.71000  "Undefined"          0.0    -4.13  0.00000000
09.12.2023 09:29:37.930  15.69000000  15689.99660   0.00  -91.5   34.5  28.0 24.04  297.4     0.0  297.40    0.00    0.00     0.0  297.40    0.00    0.00     0.0  297.40    0.00    0.00    5.0     34177.930      5.50   47.24000   39.71000  "Undefined"          0.0    -3.40  0.00000000
09.12.2023 09:29:37.930  15.69000000  15689.99587   0.00  -65.2   60.8  28.0 17.48  289.2     0.0  289.21    0.00    0.00     0.0  289.21    0.00    0.00     0.0  289.21    0.00    0.00    4.9     34177.930      5.50   47.24000   39.71000  "Undefined"          0.0    -4.13  0.00000000
09.12.2023 09:30:20.322  15.69000000  15689.99623   0.00  -81.4   38.6  28.0 24.92  294.5     0.0  294.46    0.00    0.00     0.0  294.46    0.00    0.00     0.0  294.46    0.00    0.00    3.9     34220.322      5.50   47.24000   39.71000  "Undefined"          0.0    -3.77  0.00000000
09.12.2023 09:30:20.322  15.69000000  15689.99574   0.00  -67.8   52.2  28.0 17.54  288.8     0.0  288.82    0.00    0.00     0.0  288.82    0.00    0.00     0.0  288.82    0.00    0.00    3.5     34220.322      5.50   47.24000   39.71000  "Undefined"          0.0    -4.26  0.00000000
09.12.2023 09:31:02.861  15.69000000  15689.99124   0.00 -109.8   20.2  28.0 17.69  290.7     0.0  290.74    0.00    0.00     0.0  290.74    0.00    0.00     0.0  290.74    0.00    0.00    3.0     34262.861      5.50   47.24000   39.71000  "Undefined"          0.0    -8.76  0.00000000
09.12.2023 09:31:02.861  15.69000000  15689.99793   0.00 -108.6   21.4  28.0 16.57  290.1     0.0  290.09    0.00    0.00     0.0  290.09    0.00    0.00     0.0  290.09    0.00    0.00    2.4     34262.861      5.50   47.24000   39.71000  "Undefined"          0.0    -2.07  0.00000000
09.12.2023 09:31:02.861  15.69000000  15690.00049   0.00 -107.7   22.3  28.0 20.88  290.6     0.0  290.58    0.00    0.00     0.0  290.58    0.00    0.00     0.0  290.58    0.00    0.00    3.4     34262.861      5.50   47.24000   39.71000  "Undefined"          0.0     0.49  0.00000000
09.12.2023 09:31:02.861  15.69000000  15689.99416   0.00 -107.3   22.7  28.0 19.92  291.2     0.0  291.24    0.00    0.00     0.0  291.24    0.00    0.00     0.0  291.24    0.00    0.00    3.6     34262.861      5.50   47.24000   39.71000  "Undefined"          0.0    -5.84  0.00000000
09.12.2023 09:31:02.861  15.69000000  15689.99745   0.00 -106.7   23.3  28.0 20.74  289.6     0.0  289.57    0.00    0.00     0.0  289.57    0.00    0.00     0.0  289.57    0.00    0.00    2.4     34262.861      5.50   47.24000   39.71000  "Undefined"          0.0    -2.55  0.00000000
09.12.2023 09:31:02.861  15.69000000  15689.99161   0.00 -105.8   24.2  28.0 18.20  291.2     0.0  291.16    0.00    0.00     0.0  291.16    0.00    0.00     0.0  291.16    0.00    0.00    2.2     34262.861      5.50   47.24000   39.71000  "Undefined"          0.0    -8.39  0.00000000
09.12.2023 09:31:02.861  15.69000000  15689.99830   0.00 -105.7   24.3  28.0 19.53  290.5     0.0  290.47    0.00    0.00     0.0  290.47    0.00    0.00     0.0  290.47    0.00    0.00    2.3     34262.861      5.50   47.24000   39.71000  "Undefined"          0.0    -1.70  0.00000000
09.12.2023 09:31:02.861  15.69000000  15689.99380   0.00 -105.3   24.7  28.0 20.48  289.9     0.0  289.94    0.00    0.00     0.0  289.94    0.00    0.00     0.0  289.94    0.00    0.00    3.0     34262.861      5.50   47.24000   39.71000  "Undefined"          0.0    -6.20  0.00000000
09.12.2023 09:31:02.861  15.69000000  15690.00012   0.00 -105.0   25.0  28.0 20.47  290.2     0.0  290.17    0.00    0.00     0.0  290.17    0.00    0.00     0.0  290.17    0.00    0.00    2.8     34262.861      5.50   47.24000   39.71000  "Undefined"          0.0     0.12  0.00000000
09.12.2023 09:31:02.861  15.69000000  15689.99976   0.00 -104.4   25.6  28.0 21.11  290.0     0.0  289.98    0.00    0.00     0.0  289.98    0.00    0.00     0.0  289.98    0.00    0.00    3.0     34262.861      5.50   47.24000   39.71000  "Undefined"          0.0    -0.24  0.00000000
09.12.2023 09:31:02.861  15.69000000  15689.99854   0.00 -104.3   25.7  28.0 21.08  290.0     0.0  290.01    0.00    0.00     0.0  290.01    0.00    0.00     0.0  290.01    0.00    0.00    2.4     34262.861      5.50   47.24000   39.71000  "Undefined"          0.0    -1.46  0.00000000
09.12.2023 09:31:02.861  15.69000000  15689.99453   0.00 -104.1   25.9  28.0 19.85  290.4     0.0  290.37    0.00    0.00     0.0  290.37    0.00    0.00     0.0  290.37    0.00    0.00    2.7     34262.861      5.50   47.24000   39.71000  "Undefined"          0.0    -5.47  0.00000000
09.12.2023 09:31:02.861  15.69000000  15689.99185   0.00 -103.9   26.1  28.0 20.16  290.1     0.0  290.12    0.00    0.00     0.0  290.12    0.00    0.00     0.0  290.12    0.00    0.00    2.4     34262.861      5.50   47.24000   39.71000  "Undefined"          0.0    -8.15  0.00000000
09.12.2023 09:31:02.861  15.69000000  15689.99343   0.00 -103.6   26.4  28.0 20.83  289.9     0.0  289.92    0.00    0.00     0.0  289.92    0.00    0.00     0.0  289.92    0.00    0.00    2.8     34262.861      5.50   47.24000   39.71000  "Undefined"          0.0    -6.57  0.00000000
09.12.2023 09:31:02.861  15.69000000  15689.99951   0.00 -103.3   26.7  28.0 20.87  290.7     0.0  290.72    0.00    0.00     0.0  290.72    0.00    0.00     0.0  290.72    0.00    0.00    3.1     34262.861      5.50   47.24000   39.71000  "Undefined"          0.0    -0.49  0.00000000
09.12.2023 09:31:02.861  15.69000000  15689.99222   0.00 -103.3   26.7  28.0 20.93  290.1     0.0  290.08    0.00    0.00     0.0  290.08    0.00    0.00     0.0  290.08    0.00    0.00    2.8     34262.861      5.50   47.24000   39.71000  "Undefined"          0.0    -7.78  0.00000000
09.12.2023 09:31:02.861  15.69000000  15689.99891   0.00 -103.2   26.8  28.0 20.30  290.4     0.0  290.40    0.00    0.00     0.0  290.40    0.00    0.00     0.0  290.40    0.00    0.00    2.5     34262.861      5.50   47.24000   39.71000  "Undefined"          0.0    -1.09  0.00000000
09.12.2023 09:31:02.861  15.69000000  15689.99915   0.00 -102.7   27.3  28.0 20.47  290.3     0.0  290.33    0.00    0.00     0.0  290.33    0.00    0.00     0.0  290.33    0.00    0.00    3.0     34262.861      5.50   47.24000   39.71000  "Undefined"          0.0    -0.85  0.00000000
09.12.2023 09:31:02.861  15.69000000  15689.99307   0.00 -102.7   27.3  28.0 21.27  290.0     0.0  290.02    0.00    0.00     0.0  290.02    0.00    0.00     0.0  290.02    0.00    0.00    2.7     34262.861      5.50   47.24000   39.71000  "Undefined"          0.0    -6.93  0.00000000
09.12.2023 09:31:02.861  15.69000000  15689.99684   0.00 -102.4   27.6  28.0 22.85  286.5     0.0  286.50    0.00    0.00     0.0  286.50    0.00    0.00     0.0  286.50    0.00    0.00    1.5     34262.861      5.50   47.24000   39.71000  "Undefined"          0.0    -3.16  0.00000000
09.12.2023 09:31:02.861  15.69000000  15689.99708   0.00 -102.4   27.6  28.0 24.43  291.0     0.0  291.02    0.00    0.00     0.0  291.02    0.00    0.00     0.0  291.02    0.00    0.00    2.8     34262.861      5.50   47.24000   39.71000  "Undefined"          0.0    -2.92  0.00000000
09.12.2023 09:31:02.861  15.69000000  15689.99258   0.00 -102.3   27.7  28.0 20.64  290.5     0.0  290.52    0.00    0.00     0.0  290.52    0.00    0.00     0.0  290.52    0.00    0.00    2.4     34262.861      5.50   47.24000   39.71000  "Undefined"          0.0    -7.42  0.00000000
09.12.2023 09:31:02.861  15.69000000  15689.99489   0.00 -102.2   27.8  28.0 17.26  293.1     0.0  293.11    0.00    0.00     0.0  293.11    0.00    0.00     0.0  293.11    0.00    0.00    2.6     34262.861      5.50   47.24000   39.71000  "Undefined"          0.0    -5.11  0.00000000
09.12.2023 09:31:02.861  15.69000000  15689.99283   0.00 -102.2   27.8  28.0 20.85  290.3     0.0  290.32    0.00    0.00     0.0  290.32    0.00    0.00     0.0  290.32    0.00    0.00    2.8     34262.861      5.50   47.24000   39.71000  "Undefined"          0.0    -7.17  0.00000000
09.12.2023 09:31:02.861  15.69000000  15689.99526   0.00  -98.6   31.4  28.0 24.01  287.9     0.0  287.86    0.00    0.00     0.0  287.86    0.00    0.00     0.0  287.86    0.00    0.00    5.3     34262.861      5.50   47.24000   39.71000  "Undefined"          0.0    -4.74  0.00000000
09.12.2023 09:31:02.861  15.69000000  15689.99587   0.00  -69.7   60.3  28.0 19.80  289.4     0.0  289.40    0.00    0.00     0.0  289.40    0.00    0.00     0.0  289.40    0.00    0.00    2.5     34262.861      5.50   47.24000   39.71000  "Undefined"          0.0    -4.13  0.00000000
09.12.2023 09:31:45.801  15.69000000  15689.99672   0.00  -97.3   22.7  28.0 20.06  299.8     0.0  299.77    0.00    0.00     0.0  299.77    0.00    0.00     0.0  299.77    0.00    0.00    9.3     34305.801      5.50   47.24000   39.71000  "Undefined"          0.0    -3.28  0.00000000
09.12.2023 09:31:45.801  15.69000000  15689.99587   0.00  -64.5   55.5  28.0 17.57  289.4     0.0  289.43    0.00    0.00     0.0  289.43    0.00    0.00     0.0  289.43    0.00    0.00    3.2     34305.801      5.50   47.24000   39.71000  "Undefined"          0.0    -4.13  0.00000000
09.12.2023 09:32:28.346  15.69000000  15689.99623   0.00  -75.5   40.5  28.0 25.89  290.4     0.0  290.39    0.00    0.00     0.0  290.39    0.00    0.00     0.0  290.39    0.00    0.00    5.6     34348.346      5.50   47.24000   39.71000  "Undefined"          0.0    -3.77  0.00000000
09.12.2023 09:32:28.346  15.69000000  15689.99587   0.00  -62.8   53.2  28.0 18.13  289.8     0.0  289.80    0.00    0.00     0.0  289.80    0.00    0.00     0.0  289.80    0.00    0.00    2.8     34348.346      5.50   47.24000   39.71000  "Undefined"          0.0    -4.13  0.00000000
09.12.2023 09:33:10.858  15.69000000  15689.99976   0.00 -101.5   20.5  28.0 16.91  289.9     0.0  289.93    0.00    0.00     0.0  289.93    0.00    0.00     0.0  289.93    0.00    0.00    3.3     34390.858      5.50   47.24000   39.71000  "Undefined"          0.0    -0.24  0.00000000
09.12.2023 09:33:10.858  15.69000000  15689.99903   0.00 -101.2   20.8  28.0 15.92  290.1     0.0  290.05    0.00    0.00     0.0  290.05    0.00    0.00     0.0  290.05    0.00    0.00    3.9     34390.858      5.50   47.24000   39.71000  "Undefined"          0.0    -0.97  0.00000000
09.12.2023 09:33:10.858  15.69000000  15689.99781   0.00 -101.2   20.8  28.0 16.17  290.0     0.0  289.97    0.00    0.00     0.0  289.97    0.00    0.00     0.0  289.97    0.00    0.00    3.3     34390.858      5.50   47.24000   39.71000  "Undefined"          0.0    -2.19  0.00000000
09.12.2023 09:33:10.858  15.69000000  15689.99842   0.00 -100.9   21.1  28.0 16.80  289.9     0.0  289.88    0.00    0.00     0.0  289.88    0.00    0.00     0.0  289.88    0.00    0.00    3.5     34390.858      5.50   47.24000   39.71000  "Undefined"          0.0    -1.58  0.00000000
09.12.2023 09:33:10.858  15.69000000  15689.99197   0.00 -100.7   21.3  28.0 16.18  290.1     0.0  290.08    0.00    0.00     0.0  290.08    0.00    0.00     0.0  290.08    0.00    0.00    4.1     34390.858      5.50   47.24000   39.71000  "Undefined"          0.0    -8.03  0.00000000
09.12.2023 09:33:10.858  15.69000000  15689.99270   0.00 -100.4   21.6  28.0 16.17  289.8     0.0  289.83    0.00    0.00     0.0  289.83    0.00    0.00     0.0  289.83    0.00    0.00    3.8     34390.858      5.50   47.24000   39.71000  "Undefined"          0.0    -7.30  0.00000000
09.12.2023 09:33:10.858  15.69000000  15689.99720   0.00 -100.4   21.6  28.0 17.02  289.9     0.0  289.86    0.00    0.00     0.0  289.86    0.00    0.00     0.0  289.86    0.00    0.00    3.2     34390.858      5.50   47.24000   39.71000  "Undefined"          0.0    -2.80  0.00000000
09.12.2023 09:33:10.858  15.69000000  15689.99453   0.00  -99.7   22.3  28.0 16.17  289.3     0.0  289.34    0.00    0.00     0.0  289.34    0.00    0.00     0.0  289.34    0.00    0.00    3.8     34390.858      5.50   47.24000   39.71000  "Undefined"          0.0    -5.47  0.00000000
09.12.2023 09:33:10.858  15.69000000  15689.99392   0.00  -99.5   22.5  28.0 16.37  289.5     0.0  289.48    0.00    0.00     0.0  289.48    0.00    0.00     0.0  289.48    0.00    0.00    4.2     34390.858      5.50   47.24000   39.71000  "Undefined"          0.0    -6.08  0.00000000
09.12.2023 09:33:10.858  15.69000000  15689.99331   0.00  -99.2   22.8  28.0 16.74  289.9     0.0  289.86    0.00    0.00     0.0  289.86    0.00    0.00     0.0  289.86    0.00    0.00    3.9     34390.858      5.50   47.24000   39.71000  "Undefined"          0.0    -6.69  0.00000000
09.12.2023 09:33:10.858  15.69000000  15689.99514   0.00  -98.2   23.8  28.0 16.05  289.9     0.0  289.88    0.00    0.00     0.0  289.88    0.00    0.00     0.0  289.88    0.00    0.00    3.7     34390.858      5.50   47.24000   39.71000  "Undefined"          0.0    -4.86  0.00000000
09.12.2023 09:33:10.858  15.69000000  15689.99587   0.00  -62.0   60.0  28.0 15.75  289.9     0.0  289.93    0.00    0.00     0.0  289.93    0.00    0.00     0.0  289.93    0.00    0.00    3.9     34390.858      5.50   47.24000   39.71000  "Undefined"          0.0    -4.13  0.00000000
09.12.2023 09:34:04.069  15.69000000  15689.99708   0.00  -97.7   20.3  28.0 18.79  291.3     0.0  291.32    0.00    0.00     0.0  291.32    0.00    0.00     0.0  291.32    0.00    0.00    4.0     34444.069      5.50   47.24000   39.71000  "Undefined"          0.0    -2.92  0.00000000
09.12.2023 09:34:04.069  15.69000000  15689.99489   0.00  -97.4   20.6  28.0 18.06  289.2     0.0  289.15    0.00    0.00     0.0  289.15    0.00    0.00     0.0  289.15    0.00    0.00    3.7     34444.069      5.50   47.24000   39.71000  "Undefined"          0.0    -5.11  0.00000000
09.12.2023 09:34:04.069  15.69000000  15689.99732   0.00  -97.4   20.6  28.0 17.02  289.8     0.0  289.79    0.00    0.00     0.0  289.79    0.00    0.00     0.0  289.79    0.00    0.00    4.2     34444.069      5.50   47.24000   39.71000  "Undefined"          0.0    -2.68  0.00000000
09.12.2023 09:34:04.069  15.69000000  15689.99428   0.00  -97.0   21.0  28.0 17.08  289.6     0.0  289.55    0.00    0.00     0.0  289.55    0.00    0.00     0.0  289.55    0.00    0.00    4.0     34444.069      5.50   47.24000   39.71000  "Undefined"          0.0    -5.72  0.00000000
09.12.2023 09:34:04.069  15.69000000  15689.99514   0.00  -96.2   21.8  28.0 17.46  289.2     0.0  289.22    0.00    0.00     0.0  289.22    0.00    0.00     0.0  289.22    0.00    0.00    5.2     34444.069      5.50   47.24000   39.71000  "Undefined"          0.0    -4.86  0.00000000
09.12.2023 09:34:04.069  15.69000000  15689.99635   0.00  -79.8   38.2  28.0 18.69  292.6     0.0  292.63    0.00    0.00     0.0  292.63    0.00    0.00     0.0  292.63    0.00    0.00    5.4     34444.069      5.50   47.24000   39.71000  "Undefined"          0.0    -3.65  0.00000000
09.12.2023 09:34:04.069  15.69000000  15689.99587   0.00  -59.7   58.3  28.0 17.02  289.8     0.0  289.84    0.00    0.00     0.0  289.84    0.00    0.00     0.0  289.84    0.00    0.00    4.7     34444.069      5.50   47.24000   39.71000  "Undefined"          0.0    -4.13  0.00000000
09.12.2023 09:34:46.895  15.69000000  15689.99587   0.00  -60.5   57.5  28.0 16.77  290.0     0.0  289.98    0.00    0.00     0.0  289.98    0.00    0.00     0.0  289.98    0.00    0.00    4.5     34486.895      5.50   47.24000   39.71000  "Undefined"          0.0    -4.13  0.00000000
09.12.2023 09:35:29.448  15.69000000  15689.99538   0.00  -96.5   29.5  28.0 21.30  279.1     0.0  279.06    0.00    0.00     0.0  279.06    0.00    0.00     0.0  279.06    0.00    0.00    7.4     34529.448      5.50   47.24000   39.71000  "Undefined"          0.0    -4.62  0.00000000
09.12.2023 09:35:29.448  15.69000000  15689.99635   0.00  -87.2   38.8  28.0 21.02  294.7     0.0  294.70    0.00    0.00     0.0  294.70    0.00    0.00     0.0  294.70    0.00    0.00    8.0     34529.448      5.50   47.24000   39.71000  "Undefined"          0.0    -3.65  0.00000000
09.12.2023 09:35:29.448  15.69000000  15689.99587   0.00  -65.0   61.0  28.0 19.50  290.3     0.0  290.27    0.00    0.00     0.0  290.27    0.00    0.00     0.0  290.27    0.00    0.00    4.3     34529.448      5.50   47.24000   39.71000  "Undefined"          0.0    -4.13  0.00000000
09.12.2023 09:36:11.891  15.69000000  15689.99587   0.00  -64.0   58.0  28.0 18.56  289.8     0.0  289.78    0.00    0.00     0.0  289.78    0.00    0.00     0.0  289.78    0.00    0.00    2.5     34571.891      5.50   47.24000   39.71000  "Undefined"          0.0    -4.13  0.00000000
09.12.2023 09:36:54.270  15.69000000  15689.99660   0.00  -97.7   38.3  28.0 20.57  299.9     0.0  299.86    0.00    0.00     0.0  299.86    0.00    0.00     0.0  299.86    0.00    0.00    5.5     34614.270      5.50   47.24000   39.71000  "Undefined"          0.0    -3.40  0.00000000
09.12.2023 09:36:54.270  15.69000000  15689.99635   0.00  -97.4   38.6  28.0 39.00  274.0     0.0  274.03    0.00    0.00     0.0  274.03    0.00    0.00     0.0  274.03    0.00    0.00    8.7     34614.270      5.50   47.24000   39.71000  "Undefined"          0.0    -3.65  0.00000000
09.12.2023 09:36:54.270  15.69000000  15689.99587   0.00  -69.1   66.9  28.0 16.04  290.0     0.0  289.99    0.00    0.00     0.0  289.99    0.00    0.00     0.0  289.99    0.00    0.00    4.1     34614.270      5.50   47.24000   39.71000  "Undefined"          0.0    -4.13  0.00000000
09.12.2023 09:37:47.244  15.69000000  15689.99660   0.00  -96.4   27.6  28.0 22.70  297.2     0.0  297.19    0.00    0.00     0.0  297.19    0.00    0.00     0.0  297.19    0.00    0.00    5.0     34667.244      5.50   47.24000   39.71000  "Undefined"          0.0    -3.40  0.00000000
09.12.2023 09:37:47.244  15.69000000  15689.99587   0.00  -66.8   57.2  28.0 15.77  289.7     0.0  289.72    0.00    0.00     0.0  289.72    0.00    0.00     0.0  289.72    0.00    0.00    5.8     34667.244      5.50   47.24000   39.71000  "Undefined"          0.0    -4.13  0.00000000
09.12.2023 09:38:29.730  15.69000000  15689.99587   0.00  -68.4   57.6  28.0 17.26  289.6     0.0  289.57    0.00    0.00     0.0  289.57    0.00    0.00     0.0  289.57    0.00    0.00    4.3     34709.730      5.50   47.24000   39.71000  "Undefined"          0.0    -4.13  0.00000000
09.12.2023 09:39:12.647  15.69000000  15689.99477   0.00 -114.5   21.5  28.0 24.84  277.0     0.0  276.95    0.00    0.00     0.0  276.95    0.00    0.00     0.0  276.95    0.00    0.00    6.3     34752.647      5.50   47.24000   39.71000  "Undefined"          0.0    -5.23  0.00000000
09.12.2023 09:39:12.647  15.69000000  15689.99526   0.00 -106.6   29.4  28.0 29.03   26.4     0.0   26.38    0.00    0.00     0.0   26.38    0.00    0.00     0.0   26.38    0.00    0.00   11.8     34752.647      5.50   47.24000   39.71000  "Undefined"          0.0    -4.74  0.00000000
09.12.2023 09:39:12.647  15.69000000  15689.99647   0.00  -92.9   43.1  28.0 22.68  293.7     0.0  293.73    0.00    0.00     0.0  293.73    0.00    0.00     0.0  293.73    0.00    0.00    5.0     34752.647      5.50   47.24000   39.71000  "Undefined"          0.0    -3.53  0.00000000
09.12.2023 09:39:12.647  15.69000000  15689.99587   0.00  -73.9   62.1  28.0 16.99  289.6     0.0  289.60    0.00    0.00     0.0  289.60    0.00    0.00     0.0  289.60    0.00    0.00    5.1     34752.647      5.50   47.24000   39.71000  "Undefined"          0.0    -4.13  0.00000000
09.12.2023 09:39:55.484  15.69000000  15689.99501   0.00 -112.1   23.9  28.0 23.40  284.8     0.0  284.77    0.00    0.00     0.0  284.77    0.00    0.00     0.0  284.77    0.00    0.00   10.0     34795.484      5.50   47.24000   39.71000  "Undefined"          0.0    -4.99  0.00000000
09.12.2023 09:39:55.484  15.69000000  15689.99696   0.00 -106.5   29.5  28.0 21.99  299.1     0.0  299.14    0.00    0.00     0.0  299.14    0.00    0.00     0.0  299.14    0.00    0.00    5.4     34795.484      5.50   47.24000   39.71000  "Undefined"          0.0    -3.04  0.00000000
09.12.2023 09:39:55.484  15.69000000  15689.99635   0.00  -92.1   43.9  28.0 22.64  295.2     0.0  295.23    0.00    0.00     0.0  295.23    0.00    0.00     0.0  295.23    0.00    0.00    5.4     34795.484      5.50   47.24000   39.71000  "Undefined"          0.0    -3.65  0.00000000
09.12.2023 09:39:55.484  15.69000000  15689.99574   0.00  -76.5   59.5  28.0 19.23  288.4     0.0  288.36    0.00    0.00     0.0  288.36    0.00    0.00     0.0  288.36    0.00    0.00    3.0     34795.484      5.50   47.24000   39.71000  "Undefined"          0.0    -4.26  0.00000000
09.12.2023 09:40:48.598  15.69000000  15689.99501   0.00 -115.5   20.5  28.0 13.63  292.0     0.0  291.95    0.00    0.00     0.0  291.95    0.00    0.00     0.0  291.95    0.00    0.00   12.2     34848.598      5.50   47.24000   39.71000  "Undefined"          0.0    -4.99  0.00000000
09.12.2023 09:40:48.598  15.69000000  15689.99477   0.00 -114.8   21.2  28.0 20.29  274.2     0.0  274.22    0.00    0.00     0.0  274.22    0.00    0.00     0.0  274.22    0.00    0.00   11.7     34848.598      5.50   47.24000   39.71000  "Undefined"          0.0    -5.23  0.00000000
09.12.2023 09:40:48.598  15.69000000  15689.99672   0.00 -113.6   22.4  28.0 25.49  298.9     0.0  298.86    0.00    0.00     0.0  298.86    0.00    0.00     0.0  298.86    0.00    0.00   15.8     34848.598      5.50   47.24000   39.71000  "Undefined"          0.0    -3.28  0.00000000
09.12.2023 09:40:48.598  15.69000000  15689.99587   0.00  -73.8   62.2  28.0 19.71  291.0     0.0  291.04    0.00    0.00     0.0  291.04    0.00    0.00     0.0  291.04    0.00    0.00    2.5     34848.598      5.50   47.24000   39.71000  "Undefined"          0.0    -4.13  0.00000000
09.12.2023 09:41:31.196  15.69000000  15689.99587   0.00  -68.2   53.8  28.0 17.13  289.6     0.0  289.63    0.00    0.00     0.0  289.63    0.00    0.00     0.0  289.63    0.00    0.00    5.9     34891.196      5.50   47.24000   39.71000  "Undefined"          0.0    -4.13  0.00000000
09.12.2023 09:42:24.493  15.69000000  15689.99587   0.00  -70.3   57.7  28.0 14.37  289.5     0.0  289.50    0.00    0.00     0.0  289.50    0.00    0.00     0.0  289.50    0.00    0.00    1.8     34944.493      5.50   47.24000   39.71000  "Undefined"          0.0    -4.13  0.00000000
09.12.2023 09:43:07.168  15.69000000  15689.99635   0.00  -94.5   27.5  28.0 23.31  292.0     0.0  292.01    0.00    0.00     0.0  292.01    0.00    0.00     0.0  292.01    0.00    0.00    7.6     34987.168      5.50   47.24000   39.71000  "Undefined"          0.0    -3.65  0.00000000
09.12.2023 09:43:07.168  15.69000000  15689.99587   0.00  -67.4   54.6  28.0 17.20  289.9     0.0  289.91    0.00    0.00     0.0  289.91    0.00    0.00     0.0  289.91    0.00    0.00    5.2     34987.168      5.50   47.24000   39.71000  "Undefined"          0.0    -4.13  0.00000000
09.12.2023 09:43:49.872  15.69000000  15689.99587   0.00  -61.9   56.1  28.0 18.78  289.5     0.0  289.48    0.00    0.00     0.0  289.48    0.00    0.00     0.0  289.48    0.00    0.00    3.7     35029.872      5.50   47.24000   39.71000  "Undefined"          0.0    -4.13  0.00000000
09.12.2023 09:44:32.542  15.69000000  15689.99587   0.00  -69.3   58.7  28.0 22.06  290.5     0.0  290.46    0.00    0.00     0.0  290.46    0.00    0.00     0.0  290.46    0.00    0.00    3.0     35072.542      5.50   47.24000   39.71000  "Undefined"          0.0    -4.13  0.00000000
09.12.2023 09:45:46.973  15.69000000  15689.99623   0.00  -82.5   39.5  28.0 24.41  292.6     0.0  292.59    0.00    0.00     0.0  292.59    0.00    0.00     0.0  292.59    0.00    0.00    3.4     35146.973      5.50   47.24000   39.71000  "Undefined"          0.0    -3.77  0.00000000
09.12.2023 09:45:46.973  15.69000000  15689.99587   0.00  -65.1   56.9  28.0 17.61  288.8     0.0  288.77    0.00    0.00     0.0  288.77    0.00    0.00     0.0  288.77    0.00    0.00    4.3     35146.973      5.50   47.24000   39.71000  "Undefined"          0.0    -4.13  0.00000000
09.12.2023 09:46:29.651  15.69000000  15689.99587   0.00  -70.9   65.1  28.0 17.69  289.2     0.0  289.19    0.00    0.00     0.0  289.19    0.00    0.00     0.0  289.19    0.00    0.00    3.8     35189.651      5.50   47.24000   39.71000  "Undefined"          0.0    -4.13  0.00000000
09.12.2023 09:47:12.279  15.69000000  15689.99696   0.00 -113.4   22.6  28.0 19.37  293.4     0.0  293.37    0.00    0.00     0.0  293.37    0.00    0.00     0.0  293.37    0.00    0.00    1.5     35232.279      5.50   47.24000   39.71000  "Undefined"          0.0    -3.04  0.00000000
09.12.2023 09:47:12.279  15.69000000  15689.99538   0.00  -97.2   38.8  28.0 28.87  287.9     0.0  287.93    0.00    0.00     0.0  287.93    0.00    0.00     0.0  287.93    0.00    0.00    3.0     35232.279      5.50   47.24000   39.71000  "Undefined"          0.0    -4.62  0.00000000
09.12.2023 09:47:12.279  15.69000000  15689.99587   0.00  -73.8   62.2  28.0 18.73  290.6     0.0  290.56    0.00    0.00     0.0  290.56    0.00    0.00     0.0  290.56    0.00    0.00    7.9     35232.279      5.50   47.24000   39.71000  "Undefined"          0.0    -4.13  0.00000000
09.12.2023 09:47:54.963  15.69000000  15689.99599   0.00  -65.0   53.0  28.0 18.97  290.1     0.0  290.09    0.00    0.00     0.0  290.09    0.00    0.00     0.0  290.09    0.00    0.00    4.2     35274.963      5.50   47.24000   39.71000  "Undefined"          0.0    -4.01  0.00000000
09.12.2023 09:48:37.588  15.69000000  15689.99514   0.00 -115.2   20.8  28.0 27.59  280.1     0.0  280.10    0.00    0.00     0.0  280.10    0.00    0.00     0.0  280.10    0.00    0.00   15.1     35317.588      5.50   47.24000   39.71000  "Undefined"          0.0    -4.86  0.00000000
09.12.2023 09:48:37.588  15.69000000  15689.99623   0.00  -77.0   59.0  28.0 25.95  290.8     0.0  290.81    0.00    0.00     0.0  290.81    0.00    0.00     0.0  290.81    0.00    0.00    5.0     35317.588      5.50   47.24000   39.71000  "Undefined"          0.0    -3.77  0.00000000
09.12.2023 09:48:37.588  15.69000000  15689.99587   0.00  -73.8   62.2  28.0 17.45  287.8     0.0  287.77    0.00    0.00     0.0  287.77    0.00    0.00     0.0  287.77    0.00    0.00    7.7     35317.588      5.50   47.24000   39.71000  "Undefined"          0.0    -4.13  0.00000000
09.12.2023 09:49:20.345  15.69000000  15689.99647   0.00  -85.8   50.2  28.0 29.92  289.0     0.0  288.96    0.00    0.00     0.0  288.96    0.00    0.00     0.0  288.96    0.00    0.00    5.6     35360.345      5.50   47.24000   39.71000  "Undefined"          0.0    -3.53  0.00000000
09.12.2023 09:49:20.345  15.69000000  15689.99587   0.00  -85.1   50.9  28.0  8.82  287.1     0.0  287.12    0.00    0.00     0.0  287.12    0.00    0.00     0.0  287.12    0.00    0.00    5.5     35360.345      5.50   47.24000   39.71000  "Undefined"          0.0    -4.13  0.00000000
09.12.2023 09:49:20.345  15.69000000  15689.99611   0.00  -83.9   52.1  28.0 27.00  291.9     0.0  291.88    0.00    0.00     0.0  291.88    0.00    0.00     0.0  291.88    0.00    0.00    5.5     35360.345      5.50   47.24000   39.71000  "Undefined"          0.0    -3.89  0.00000000
09.12.2023 09:50:02.862  15.69000000  15689.99635   0.00  -82.8   53.2  28.0 27.63  291.8     0.0  291.84    0.00    0.00     0.0  291.84    0.00    0.00     0.0  291.84    0.00    0.00    5.2     35402.862      5.50   47.24000   39.71000  "Undefined"          0.0    -3.65  0.00000000
09.12.2023 09:50:02.862  15.69000000  15689.99599   0.00  -69.8   66.2  28.0 17.59  290.1     0.0  290.10    0.00    0.00     0.0  290.10    0.00    0.00     0.0  290.10    0.00    0.00    4.2     35402.862      5.50   47.24000   39.71000  "Undefined"          0.0    -4.01  0.00000000
09.12.2023 09:50:45.493  15.69000000  15689.99635   0.00  -85.2   42.8  28.0 24.78  291.7     0.0  291.68    0.00    0.00     0.0  291.68    0.00    0.00     0.0  291.68    0.00    0.00    7.2     35445.493      5.50   47.24000   39.71000  "Undefined"          0.0    -3.65  0.00000000
09.12.2023 09:50:45.493  15.69000000  15689.99599   0.00  -70.3   57.7  28.0 17.41  290.0     0.0  290.02    0.00    0.00     0.0  290.02    0.00    0.00     0.0  290.02    0.00    0.00    5.9     35445.493      5.50   47.24000   39.71000  "Undefined"          0.0    -4.01  0.00000000
09.12.2023 09:51:28.173  15.69000000  15689.99599   0.00  -74.9   59.1  28.0 14.16  290.8     0.0  290.80    0.00    0.00     0.0  290.80    0.00    0.00     0.0  290.80    0.00    0.00    3.0     35488.173      5.50   47.24000   39.71000  "Undefined"          0.0    -4.01  0.00000000
09.12.2023 09:52:10.835  15.69000000  15689.99526   0.00 -108.7   27.3  28.0 23.13  279.7     0.0  279.67    0.00    0.00     0.0  279.67    0.00    0.00     0.0  279.67    0.00    0.00    7.9     35530.835      5.50   47.24000   39.71000  "Undefined"          0.0    -4.74  0.00000000
09.12.2023 09:52:10.835  15.69000000  15689.99599   0.00  -83.7   52.3  28.0  7.55  291.4     0.0  291.41    0.00    0.00     0.0  291.41    0.00    0.00     0.0  291.41    0.00    0.00    6.8     35530.835      5.50   47.24000   39.71000  "Undefined"          0.0    -4.01  0.00000000
09.12.2023 09:52:10.835  15.69000000  15689.99574   0.00  -83.6   52.4  28.0 21.84  289.6     0.0  289.58    0.00    0.00     0.0  289.58    0.00    0.00     0.0  289.58    0.00    0.00    5.1     35530.835      5.50   47.24000   39.71000  "Undefined"          0.0    -4.26  0.00000000
09.12.2023 09:52:53.558  15.69000000  15689.99599   0.00  -78.4   57.6  28.0 18.75  290.0     0.0  290.00    0.00    0.00     0.0  290.00    0.00    0.00     0.0  290.00    0.00    0.00    5.3     35573.558      5.50   47.24000   39.71000  "Undefined"          0.0    -4.01  0.00000000
09.12.2023 09:53:36.265  15.69000000  15689.99635   0.00  -91.5   44.5  28.0 27.10  295.0     0.0  295.02    0.00    0.00     0.0  295.02    0.00    0.00     0.0  295.02    0.00    0.00    6.1     35616.265      5.50   47.24000   39.71000  "Undefined"          0.0    -3.65  0.00000000
09.12.2023 09:53:36.265  15.69000000  15689.99587   0.00  -80.6   55.4  28.0 20.00  290.9     0.0  290.87    0.00    0.00     0.0  290.87    0.00    0.00     0.0  290.87    0.00    0.00    6.0     35616.265      5.50   47.24000   39.71000  "Undefined"          0.0    -4.13  0.00000000
09.12.2023 09:54:18.943  15.69000000  15689.99514   0.00 -106.0   28.0  28.0 16.65  289.1     0.0  289.15    0.00    0.00     0.0  289.15    0.00    0.00     0.0  289.15    0.00    0.00    6.8     35658.943      5.50   47.24000   39.71000  "Undefined"          0.0    -4.86  0.00000000
09.12.2023 09:54:18.943  15.69000000  15689.99647   0.00  -95.4   38.6  28.0 26.46  285.8     0.0  285.78    0.00    0.00     0.0  285.78    0.00    0.00     0.0  285.78    0.00    0.00    3.4     35658.943      5.50   47.24000   39.71000  "Undefined"          0.0    -3.53  0.00000000
09.12.2023 09:54:18.943  15.69000000  15689.99587   0.00  -78.0   56.0  28.0 16.09  288.2     0.0  288.17    0.00    0.00     0.0  288.17    0.00    0.00     0.0  288.17    0.00    0.00    3.5     35658.943      5.50   47.24000   39.71000  "Undefined"          0.0    -4.13  0.00000000
09.12.2023 09:55:01.691  15.69000000  15689.99708   0.00 -114.2   21.8  28.0 27.23  300.3     0.0  300.31    0.00    0.00     0.0  300.31    0.00    0.00     0.0  300.31    0.00    0.00    2.5     35701.691      5.50   47.24000   39.71000  "Undefined"          0.0    -2.92  0.00000000
09.12.2023 09:55:01.691  15.69000000  15689.99574   0.00  -80.0   56.0  28.0 23.77  291.1     0.0  291.12    0.00    0.00     0.0  291.12    0.00    0.00     0.0  291.12    0.00    0.00    4.1     35701.691      5.50   47.24000   39.71000  "Undefined"          0.0    -4.26  0.00000000
09.12.2023 09:55:44.309  15.69000000  15689.99587   0.00  -76.5   57.5  28.0 25.04  290.8     0.0  290.76    0.00    0.00     0.0  290.76    0.00    0.00     0.0  290.76    0.00    0.00    5.4     35744.309      5.50   47.24000   39.71000  "Undefined"          0.0    -4.13  0.00000000
09.12.2023 09:56:26.913  15.69000000  15689.99501   0.00 -111.7   24.3  28.0 29.16  306.0     0.0  306.05    0.00    0.00     0.0  306.05    0.00    0.00     0.0  306.05    0.00    0.00   18.5     35786.913      5.50   47.24000   39.71000  "Undefined"          0.0    -4.99  0.00000000
09.12.2023 09:56:26.913  15.69000000  15689.99574   0.00  -78.5   57.5  28.0 24.18  289.5     0.0  289.53    0.00    0.00     0.0  289.53    0.00    0.00     0.0  289.53    0.00    0.00    6.9     35786.913      5.50   47.24000   39.71000  "Undefined"          0.0    -4.26  0.00000000
09.12.2023 09:57:09.615  15.69000000  15689.99708   0.00 -112.8   23.2  28.0 25.86  297.9     0.0  297.90    0.00    0.00     0.0  297.90    0.00    0.00     0.0  297.90    0.00    0.00    6.4     35829.615      5.50   47.24000   39.71000  "Undefined"          0.0    -2.92  0.00000000
09.12.2023 09:57:09.615  15.69000000  15689.99732   0.00 -111.1   24.9  28.0 27.00  297.7     0.0  297.71    0.00    0.00     0.0  297.71    0.00    0.00     0.0  297.71    0.00    0.00    6.0     35829.615      5.50   47.24000   39.71000  "Undefined"          0.0    -2.68  0.00000000
09.12.2023 09:57:09.615  15.69000000  15689.99562   0.00  -80.3   55.7  28.0 21.26  288.8     0.0  288.84    0.00    0.00     0.0  288.84    0.00    0.00     0.0  288.84    0.00    0.00    5.0     35829.615      5.50   47.24000   39.71000  "Undefined"          0.0    -4.38  0.00000000
09.12.2023 09:57:09.615  15.69000000  15689.99611   0.00  -80.0   56.0  28.0 24.20  290.4     0.0  290.36    0.00    0.00     0.0  290.36    0.00    0.00     0.0  290.36    0.00    0.00    5.0     35829.615      5.50   47.24000   39.71000  "Undefined"          0.0    -3.89  0.00000000
09.12.2023 09:57:52.236  15.69000000  15689.99684   0.00 -113.6   22.4  28.0 17.99  303.4     0.0  303.40    0.00    0.00     0.0  303.40    0.00    0.00     0.0  303.40    0.00    0.00    2.7     35872.236      5.50   47.24000   39.71000  "Undefined"          0.0    -3.16  0.00000000
09.12.2023 09:57:52.236  15.69000000  15689.99623   0.00  -83.3   52.7  28.0 28.16  291.3     0.0  291.32    0.00    0.00     0.0  291.32    0.00    0.00     0.0  291.32    0.00    0.00    6.3     35872.236      5.50   47.24000   39.71000  "Undefined"          0.0    -3.77  0.00000000
09.12.2023 09:57:52.236  15.69000000  15689.99574   0.00  -79.4   56.6  28.0 21.54  288.7     0.0  288.69    0.00    0.00     0.0  288.69    0.00    0.00     0.0  288.69    0.00    0.00    4.3     35872.236      5.50   47.24000   39.71000  "Undefined"          0.0    -4.26  0.00000000
09.12.2023 09:58:34.845  15.69000000  15689.99720   0.00 -109.2   28.8  28.0 24.86  289.0     0.0  289.03    0.00    0.00     0.0  289.03    0.00    0.00     0.0  289.03    0.00    0.00    5.7     35914.845      5.50   47.24000   39.71000  "Undefined"          0.0    -2.80  0.00000000
09.12.2023 09:58:34.845  15.69000000  15689.99623   0.00  -95.6   42.4  28.0 30.58  285.0     0.0  284.99    0.00    0.00     0.0  284.99    0.00    0.00     0.0  284.99    0.00    0.00    8.0     35914.845      5.50   47.24000   39.71000  "Undefined"          0.0    -3.77  0.00000000
09.12.2023 09:58:34.845  15.69000000  15689.99562   0.00  -89.8   48.2  28.0 18.93  287.9     0.0  287.93    0.00    0.00     0.0  287.93    0.00    0.00     0.0  287.93    0.00    0.00    2.8     35914.845      5.50   47.24000   39.71000  "Undefined"          0.0    -4.38  0.00000000
09.12.2023 09:59:17.467  15.69000000  15689.99720   0.00 -115.5   20.5  28.0 21.91  303.2     0.0  303.24    0.00    0.00     0.0  303.24    0.00    0.00     0.0  303.24    0.00    0.00    7.4     35957.467      5.50   47.24000   39.71000  "Undefined"          0.0    -2.80  0.00000000
09.12.2023 09:59:17.467  15.69000000  15689.99672   0.00 -110.6   25.4  28.0 29.48  297.1     0.0  297.10    0.00    0.00     0.0  297.10    0.00    0.00     0.0  297.10    0.00    0.00    9.5     35957.467      5.50   47.24000   39.71000  "Undefined"          0.0    -3.28  0.00000000
09.12.2023 09:59:17.467  15.69000000  15689.99489   0.00 -107.7   28.3  28.0  0.18  279.0     0.0  279.04    0.00    0.00     0.0  279.04    0.00    0.00     0.0  279.04    0.00    0.00    2.4     35957.467      5.50   47.24000   39.71000  "Undefined"          0.0    -5.11  0.00000000
09.12.2023 09:59:17.467  15.69000000  15689.99599   0.00  -76.2   59.8  28.0 22.97  291.1     0.0  291.06    0.00    0.00     0.0  291.06    0.00    0.00     0.0  291.06    0.00    0.00    5.1     35957.467      5.50   47.24000   39.71000  "Undefined"          0.0    -4.01  0.00000000
09.12.2023 09:59:17.467  15.69000000  15689.99562   0.00  -74.0   62.0  28.0 18.16  288.1     0.0  288.08    0.00    0.00     0.0  288.08    0.00    0.00     0.0  288.08    0.00    0.00    5.4     35957.467      5.50   47.24000   39.71000  "Undefined"          0.0    -4.38  0.00000000
