09.12.2023 07:30:08.657  15.69000000  15689.99514   0.00 -102.1   21.9  28.0 21.66  286.9     0.0  286.90    0.00    0.00     0.0  286.90    0.00    0.00     0.0  286.90    0.00    0.00    2.5     27008.657      5.50   47.24000   39.71000  "Undefined"          0.0    -4.86  0.00000000
09.12.2023 07:30:08.657  15.69000000  15689.99623   0.00  -92.9   31.1  28.0 24.68  296.6     0.0  296.58    0.00    0.00     0.0  296.58    0.00    0.00     0.0  296.58    0.00    0.00   11.0     27008.657      5.50   47.24000   39.71000  "Undefined"          0.0    -3.77  0.00000000
09.12.2023 07:30:08.657  15.69000000  15689.99574   0.00  -66.4   57.6  28.0 14.37  290.5     0.0  290.47    0.00    0.00     0.0  290.47    0.00    0.00     0.0  290.47    0.00    0.00    4.7     27008.657      5.50   47.24000   39.71000  "Undefined"          0.0    -4.26  0.00000000
09.12.2023 07:30:40.506  15.69000000  15689.99149   0.00  -94.0   20.0  28.0 19.75  289.1     0.0  289.12    0.00    0.00     0.0  289.12    0.00    0.00     0.0  289.12    0.00    0.00    3.9     27040.506      5.50   47.24000   39.71000  "Undefined"          0.0    -8.51  0.00000000
09.12.2023 07:30:40.506  15.69000000  15689.99793   0.00  -91.2   22.8  28.0 19.77  289.3     0.0  289.27    0.00    0.00     0.0  289.27    0.00    0.00     0.0  289.27    0.00    0.00    3.8     27040.506      5.50   47.24000   39.71000  "Undefined"          0.0    -2.07  0.00000000
09.12.2023 07:30:40.506  15.69000000  15689.99878   0.00  -91.2   22.8  28.0 19.70  289.1     0.0  289.12    0.00    0.00     0.0  289.12    0.00    0.00     0.0  289.12    0.00    0.00    3.8     27040.506      5.50   47.24000   39.71000  "Undefined"          0.0    -1.22  0.00000000
09.12.2023 07:30:40.506  15.69000000  15689.99343   0.00  -91.2   22.8  28.0 20.01  289.2     0.0  289.16    0.00    0.00     0.0  289.16    0.00    0.00     0.0  289.16    0.00    0.00    3.8     27040.506      5.50   47.24000   39.71000  "Undefined"          0.0    -6.57  0.00000000
09.12.2023 07:30:40.506  15.69000000  15689.99270   0.00  -90.5   23.5  28.0 19.89  289.0     0.0  289.04    0.00    0.00     0.0  289.04    0.00    0.00     0.0  289.04    0.00    0.00    3.9     27040.506      5.50   47.24000   39.71000  "Undefined"          0.0    -7.30  0.00000000
09.12.2023 07:30:40.506  15.69000000  15689.99465   0.00  -87.1   26.9  28.0 19.96  289.2     0.0  289.19    0.00    0.00     0.0  289.19    0.00    0.00     0.0  289.19    0.00    0.00    3.9     27040.506      5.50   47.24000   39.71000  "Undefined"          0.0    -5.35  0.00000000
09.12.2023 07:30:40.506  15.69000000  15689.99684   0.00  -86.9   27.1  28.0 19.69  289.2     0.0  289.18    0.00    0.00     0.0  289.18    0.00    0.00     0.0  289.18    0.00    0.00    3.8     27040.506      5.50   47.24000   39.71000  "Undefined"          0.0    -3.16  0.00000000
09.12.2023 07:30:40.506  15.69000000  15689.99623   0.00  -85.4   28.6  28.0 18.62  291.5     0.0  291.47    0.00    0.00     0.0  291.47    0.00    0.00     0.0  291.47    0.00    0.00    4.4     27040.506      5.50   47.24000   39.71000  "Undefined"          0.0    -3.77  0.00000000
09.12.2023 07:30:40.506  15.69000000  15689.99574   0.00  -54.5   59.5  28.0 19.70  289.3     0.0  289.26    0.00    0.00     0.0  289.26    0.00    0.00     0.0  289.26    0.00    0.00    3.9     27040.506      5.50   47.24000   39.71000  "Undefined"          0.0    -4.26  0.00000000
09.12.2023 07:31:23.085  15.69000000  15689.99368   0.00  -89.0   21.0  28.0 20.23  289.8     0.0  289.82    0.00    0.00     0.0  289.82    0.00    0.00     0.0  289.82    0.00    0.00    4.5     27083.085      5.50   47.24000   39.71000  "Undefined"          0.0    -6.32  0.00000000
09.12.2023 07:31:23.085  15.69000000  15689.99404   0.00  -88.7   21.3  28.0 17.10  290.0     0.0  290.04    0.00    0.00     0.0  290.04    0.00    0.00     0.0  290.04    0.00    0.00    2.1     27083.085      5.50   47.24000   39.71000  "Undefined"          0.0    -5.96  0.00000000
09.12.2023 07:31:23.085  15.69000000  15689.99769   0.00  -87.9   22.1  28.0 18.26  289.9     0.0  289.85    0.00    0.00     0.0  289.85    0.00    0.00     0.0  289.85    0.00    0.00    2.4     27083.085      5.50   47.24000   39.71000  "Undefined"          0.0    -2.31  0.00000000
09.12.2023 07:31:23.085  15.69000000  15689.99720   0.00  -87.6   22.4  28.0 19.74  290.0     0.0  289.96    0.00    0.00     0.0  289.96    0.00    0.00     0.0  289.96    0.00    0.00    3.0     27083.085      5.50   47.24000   39.71000  "Undefined"          0.0    -2.80  0.00000000
09.12.2023 07:31:23.085  15.69000000  15689.99696   0.00  -86.7   23.3  28.0 22.03  289.0     0.0  288.99    0.00    0.00     0.0  288.99    0.00    0.00     0.0  288.99    0.00    0.00    6.3     27083.085      5.50   47.24000   39.71000  "Undefined"          0.0    -3.04  0.00000000
09.12.2023 07:31:23.085  15.69000000  15689.99526   0.00  -86.6   23.4  28.0 21.69  288.8     0.0  288.83    0.00    0.00     0.0  288.83    0.00    0.00     0.0  288.83    0.00    0.00    6.1     27083.085      5.50   47.24000   39.71000  "Undefined"          0.0    -4.74  0.00000000
09.12.2023 07:31:23.085  15.69000000  15689.99453   0.00  -86.0   24.0  28.0 16.50  290.3     0.0  290.35    0.00    0.00     0.0  290.35    0.00    0.00     0.0  290.35    0.00    0.00    1.9     27083.085      5.50   47.24000   39.71000  "Undefined"          0.0    -5.47  0.00000000
09.12.2023 07:31:23.085  15.69000000  15689.99489   0.00  -85.5   24.5  28.0 19.79  289.7     0.0  289.74    0.00    0.00     0.0  289.74    0.00    0.00     0.0  289.74    0.00    0.00    3.4     27083.085      5.50   47.24000   39.71000  "Undefined"          0.0    -5.11  0.00000000
09.12.2023 07:31:23.085  15.69000000  15689.99647   0.00  -84.6   25.4  28.0 17.49  289.8     0.0  289.76    0.00    0.00     0.0  289.76    0.00    0.00     0.0  289.76    0.00    0.00    1.2     27083.085      5.50   47.24000   39.71000  "Undefined"          0.0    -3.53  0.00000000
09.12.2023 07:31:23.085  15.69000000  15689.99574   0.00  -57.3   52.7  28.0 19.23  289.6     0.0  289.58    0.00    0.00     0.0  289.58    0.00    0.00     0.0  289.58    0.00    0.00    3.2     27083.085      5.50   47.24000   39.71000  "Undefined"          0.0    -4.26  0.00000000
09.12.2023 07:31:55.065  15.69000000  15689.99574   0.00  -61.0   49.0  28.0 16.13  289.3     0.0  289.32    0.00    0.00     0.0  289.32    0.00    0.00     0.0  289.32    0.00    0.00    3.2     27115.065      5.50   47.24000   39.71000  "Undefined"          0.0    -4.26  0.00000000
09.12.2023 07:32:27.028  15.69000000  15689.99854   0.00  -91.4   22.6  28.0 18.04  289.9     0.0  289.90    0.00    0.00     0.0  289.90    0.00    0.00     0.0  289.90    0.00    0.00    3.4     27147.028      5.50   47.24000   39.71000  "Undefined"          0.0    -1.46  0.00000000
09.12.2023 07:32:27.028  15.69000000  15689.99295   0.00  -90.7   23.3  28.0 17.62  290.0     0.0  289.97    0.00    0.00     0.0  289.97    0.00    0.00     0.0  289.97    0.00    0.00    3.0     27147.028      5.50   47.24000   39.71000  "Undefined"          0.0    -7.05  0.00000000
09.12.2023 07:32:27.028  15.69000000  15689.99781   0.00  -89.8   24.2  28.0 17.13  289.9     0.0  289.91    0.00    0.00     0.0  289.91    0.00    0.00     0.0  289.91    0.00    0.00    3.2     27147.028      5.50   47.24000   39.71000  "Undefined"          0.0    -2.19  0.00000000
09.12.2023 07:32:27.028  15.69000000  15689.99745   0.00  -89.1   24.9  28.0 17.71  289.9     0.0  289.90    0.00    0.00     0.0  289.90    0.00    0.00     0.0  289.90    0.00    0.00    3.4     27147.028      5.50   47.24000   39.71000  "Undefined"          0.0    -2.55  0.00000000
09.12.2023 07:32:27.028  15.69000000  15689.99404   0.00  -88.9   25.1  28.0 17.07  289.9     0.0  289.91    0.00    0.00     0.0  289.91    0.00    0.00     0.0  289.91    0.00    0.00    3.4     27147.028      5.50   47.24000   39.71000  "Undefined"          0.0    -5.96  0.00000000
09.12.2023 07:32:27.028  15.69000000  15689.99380   0.00  -88.7   25.3  28.0 17.59  289.9     0.0  289.95    0.00    0.00     0.0  289.95    0.00    0.00     0.0  289.95    0.00    0.00    3.0     27147.028      5.50   47.24000   39.71000  "Undefined"          0.0    -6.20  0.00000000
09.12.2023 07:32:27.028  15.69000000  15689.99465   0.00  -87.6   26.4  28.0 17.67  290.0     0.0  290.01    0.00    0.00     0.0  290.01    0.00    0.00     0.0  290.01    0.00    0.00    3.3     27147.028      5.50   47.24000   39.71000  "Undefined"          0.0    -5.35  0.00000000
09.12.2023 07:32:27.028  15.69000000  15689.99660   0.00  -86.5   27.5  28.0 17.57  289.9     0.0  289.85    0.00    0.00     0.0  289.85    0.00    0.00     0.0  289.85    0.00    0.00    3.0     27147.028      5.50   47.24000   39.71000  "Undefined"          0.0    -3.40  0.00000000
09.12.2023 07:32:27.028  15.69000000  15689.99489   0.00  -86.1   27.9  28.0 17.05  289.9     0.0  289.92    0.00    0.00     0.0  289.92    0.00    0.00     0.0  289.92    0.00    0.00    3.2     27147.028      5.50   47.24000   39.71000  "Undefined"          0.0    -5.11  0.00000000
09.12.2023 07:32:27.028  15.69000000  15689.99574   0.00  -59.3   54.7  28.0 17.85  289.8     0.0  289.84    0.00    0.00     0.0  289.84    0.00    0.00     0.0  289.84    0.00    0.00    3.2     27147.028      5.50   47.24000   39.71000  "Undefined"          0.0    -4.26  0.00000000
09.12.2023 07:32:59.010  15.69000000  15689.99805   0.00 -108.5   21.5  28.0 21.47  292.7     0.0  292.66    0.00    0.00     0.0  292.66    0.00    0.00     0.0  292.66    0.00    0.00    9.4     27179.010      5.50   47.24000   39.71000  "Undefined"          0.0    -1.95  0.00000000
09.12.2023 07:32:59.010  15.69000000  15689.99343   0.00 -108.2   21.8  28.0 20.88  289.8     0.0  289.83    0.00    0.00     0.0  289.83    0.00    0.00     0.0  289.83    0.00    0.00   10.9     27179.010      5.50   47.24000   39.71000  "Undefined"          0.0    -6.57  0.00000000
09.12.2023 07:32:59.010  15.69000000  15689.99769   0.00 -107.8   22.2  28.0 22.79  292.3     0.0  292.25    0.00    0.00     0.0  292.25    0.00    0.00     0.0  292.25    0.00    0.00    8.0     27179.010      5.50   47.24000   39.71000  "Undefined"          0.0    -2.31  0.00000000
09.12.2023 07:32:59.010  15.69000000  15689.99380   0.00 -106.5   23.5  28.0 24.08  290.9     0.0  290.92    0.00    0.00     0.0  290.92    0.00    0.00     0.0  290.92    0.00    0.00    6.7     27179.010      5.50   47.24000   39.71000  "Undefined"          0.0    -6.20  0.00000000
09.12.2023 07:32:59.010  15.69000000  15689.99732   0.00 -106.3   23.7  28.0 20.30  290.9     0.0  290.88    0.00    0.00     0.0  290.88    0.00    0.00     0.0  290.88    0.00    0.00   14.1     27179.010      5.50   47.24000   39.71000  "Undefined"          0.0    -2.68  0.00000000
09.12.2023 07:32:59.010  15.69000000  15689.99416   0.00 -104.7   25.3  28.0 20.50  293.2     0.0  293.20    0.00    0.00     0.0  293.20    0.00    0.00     0.0  293.20    0.00    0.00    9.4     27179.010      5.50   47.24000   39.71000  "Undefined"          0.0    -5.84  0.00000000
09.12.2023 07:32:59.010  15.69000000  15689.99441   0.00 -104.0   26.0  28.0 17.26  293.9     0.0  293.89    0.00    0.00     0.0  293.89    0.00    0.00     0.0  293.89    0.00    0.00   10.2     27179.010      5.50   47.24000   39.71000  "Undefined"          0.0    -5.59  0.00000000
09.12.2023 07:32:59.010  15.69000000  15689.99708   0.00 -103.0   27.0  28.0 21.74  291.5     0.0  291.47    0.00    0.00     0.0  291.47    0.00    0.00     0.0  291.47    0.00    0.00    7.2     27179.010      5.50   47.24000   39.71000  "Undefined"          0.0    -2.92  0.00000000
09.12.2023 07:32:59.010  15.69000000  15689.99672   0.00 -102.7   27.3  28.0 20.71  292.4     0.0  292.38    0.00    0.00     0.0  292.38    0.00    0.00     0.0  292.38    0.00    0.00   13.8     27179.010      5.50   47.24000   39.71000  "Undefined"          0.0    -3.28  0.00000000
09.12.2023 07:32:59.010  15.69000000  15689.99514   0.00 -100.7   29.3  28.0 21.46  294.6     0.0  294.64    0.00    0.00     0.0  294.64    0.00    0.00     0.0  294.64    0.00    0.00    8.7     27179.010      5.50   47.24000   39.71000  "Undefined"          0.0    -4.86  0.00000000
09.12.2023 07:32:59.010  15.69000000  15689.99477   0.00 -100.1   29.9  28.0 21.36  290.5     0.0  290.47    0.00    0.00     0.0  290.47    0.00    0.00     0.0  290.47    0.00    0.00    7.9     27179.010      5.50   47.24000   39.71000  "Undefined"          0.0    -5.23  0.00000000
09.12.2023 07:32:59.010  15.69000000  15689.99574   0.00  -72.3   57.7  28.0 21.21  290.2     0.0  290.21    0.00    0.00     0.0  290.21    0.00    0.00     0.0  290.21    0.00    0.00    8.5     27179.010      5.50   47.24000   39.71000  "Undefined"          0.0    -4.26  0.00000000
09.12.2023 07:33:31.101  15.69000000  15689.99842   0.00  -97.5   20.5  28.0 15.50  289.6     0.0  289.57    0.00    0.00     0.0  289.57    0.00    0.00     0.0  289.57    0.00    0.00    4.5     27211.101      5.50   47.24000   39.71000  "Undefined"          0.0    -1.58  0.00000000
09.12.2023 07:33:31.101  15.69000000  15689.99307   0.00  -97.2   20.8  28.0 15.64  289.4     0.0  289.43    0.00    0.00     0.0  289.43    0.00    0.00     0.0  289.43    0.00    0.00    4.2     27211.101      5.50   47.24000   39.71000  "Undefined"          0.0    -6.93  0.00000000
09.12.2023 07:33:31.101  15.69000000  15689.99793   0.00  -96.4   21.6  28.0 15.17  289.8     0.0  289.84    0.00    0.00     0.0  289.84    0.00    0.00     0.0  289.84    0.00    0.00    4.1     27211.101      5.50   47.24000   39.71000  "Undefined"          0.0    -2.07  0.00000000
09.12.2023 07:33:31.101  15.69000000  15689.99343   0.00  -95.3   22.7  28.0 16.42  289.7     0.0  289.71    0.00    0.00     0.0  289.71    0.00    0.00     0.0  289.71    0.00    0.00    4.7     27211.101      5.50   47.24000   39.71000  "Undefined"          0.0    -6.57  0.00000000
09.12.2023 07:33:31.101  15.69000000  15689.99757   0.00  -95.0   23.0  28.0 15.50  289.4     0.0  289.43    0.00    0.00     0.0  289.43    0.00    0.00     0.0  289.43    0.00    0.00    4.5     27211.101      5.50   47.24000   39.71000  "Undefined"          0.0    -2.43  0.00000000
09.12.2023 07:33:31.101  15.69000000  15689.99392   0.00  -93.8   24.2  28.0 15.71  289.7     0.0  289.74    0.00    0.00     0.0  289.74    0.00    0.00     0.0  289.74    0.00    0.00    4.4     27211.101      5.50   47.24000   39.71000  "Undefined"          0.0    -6.08  0.00000000
09.12.2023 07:33:31.101  15.69000000  15689.99708   0.00  -93.7   24.3  28.0 14.95  289.6     0.0  289.63    0.00    0.00     0.0  289.63    0.00    0.00     0.0  289.63    0.00    0.00    4.8     27211.101      5.50   47.24000   39.71000  "Undefined"          0.0    -2.92  0.00000000
09.12.2023 07:33:31.101  15.69000000  15689.99660   0.00  -93.6   24.4  28.0 12.88  289.3     0.0  289.34    0.00    0.00     0.0  289.34    0.00    0.00     0.0  289.34    0.00    0.00    3.7     27211.101      5.50   47.24000   39.71000  "Undefined"          0.0    -3.40  0.00000000
09.12.2023 07:33:31.101  15.69000000  15689.99441   0.00  -93.4   24.6  28.0 16.18  289.6     0.0  289.62    0.00    0.00     0.0  289.62    0.00    0.00     0.0  289.62    0.00    0.00    4.8     27211.101      5.50   47.24000   39.71000  "Undefined"          0.0    -5.59  0.00000000
09.12.2023 07:33:31.101  15.69000000  15689.99477   0.00  -92.9   25.1  28.0 17.05  289.3     0.0  289.25    0.00    0.00     0.0  289.25    0.00    0.00     0.0  289.25    0.00    0.00    5.5     27211.101      5.50   47.24000   39.71000  "Undefined"          0.0    -5.23  0.00000000
09.12.2023 07:33:31.101  15.69000000  15689.99574   0.00  -64.7   53.3  28.0 16.52  289.8     0.0  289.82    0.00    0.00     0.0  289.82    0.00    0.00     0.0  289.82    0.00    0.00    4.5     27211.101      5.50   47.24000   39.71000  "Undefined"          0.0    -4.26  0.00000000
09.12.2023 07:34:03.111  15.69000000  15689.99501   0.00  -96.0   20.0  28.0 17.90  290.1     0.0  290.14    0.00    0.00     0.0  290.14    0.00    0.00     0.0  290.14    0.00    0.00    2.8     27243.111      5.50   47.24000   39.71000  "Undefined"          0.0    -4.99  0.00000000
09.12.2023 07:34:03.111  15.69000000  15689.99574   0.00  -62.8   53.2  28.0 17.13  289.8     0.0  289.80    0.00    0.00     0.0  289.80    0.00    0.00     0.0  289.80    0.00    0.00    2.5     27243.111      5.50   47.24000   39.71000  "Undefined"          0.0    -4.26  0.00000000
09.12.2023 07:34:35.078  15.69000000  15689.99574   0.00  -64.7   53.3  28.0 16.94  290.3     0.0  290.33    0.00    0.00     0.0  290.33    0.00    0.00     0.0  290.33    0.00    0.00    3.6     27275.078      5.50   47.24000   39.71000  "Undefined"          0.0    -4.26  0.00000000
09.12.2023 07:35:17.753  15.69000000  15689.99587   0.00  -69.6   64.4  28.0 21.46  289.8     0.0  289.83    0.00    0.00     0.0  289.83    0.00    0.00     0.0  289.83    0.00    0.00    3.7     27317.753      5.50   47.24000   39.71000  "Undefined"          0.0    -4.13  0.00000000
09.12.2023 07:35:49.615  15.69000000  15689.99635   0.00 -103.1   32.9  28.0 29.73  292.0     0.0  292.00    0.00    0.00     0.0  292.00    0.00    0.00     0.0  292.00    0.00    0.00    6.0     27349.615      5.50   47.24000   39.71000  "Undefined"          0.0    -3.65  0.00000000
09.12.2023 07:35:49.615  15.69000000  15689.99574   0.00  -76.5   59.5  28.0 17.52  287.9     0.0  287.93    0.00    0.00     0.0  287.93    0.00    0.00     0.0  287.93    0.00    0.00    5.3     27349.615      5.50   47.24000   39.71000  "Undefined"          0.0    -4.26  0.00000000
09.12.2023 07:36:21.582  15.69000000  15689.99574   0.00  -80.1   55.9  28.0 20.18  287.6     0.0  287.62    0.00    0.00     0.0  287.62    0.00    0.00     0.0  287.62    0.00    0.00   11.4     27381.582      5.50   47.24000   39.71000  "Undefined"          0.0    -4.26  0.00000000
09.12.2023 07:36:53.595  15.69000000  15689.99562   0.00  -80.4   47.6  28.0 20.55  288.7     0.0  288.70    0.00    0.00     0.0  288.70    0.00    0.00     0.0  288.70    0.00    0.00    2.8     27413.595      5.50   47.24000   39.71000  "Undefined"          0.0    -4.38  0.00000000
09.12.2023 07:36:53.595  15.69000000  15689.99599   0.00  -70.7   57.3  28.0 23.79  291.6     0.0  291.62    0.00    0.00     0.0  291.62    0.00    0.00     0.0  291.62    0.00    0.00    5.7     27413.595      5.50   47.24000   39.71000  "Undefined"          0.0    -4.01  0.00000000
09.12.2023 07:37:25.568  15.69000000  15689.99599   0.00  -68.3   67.7  28.0 24.02  289.8     0.0  289.83    0.00    0.00     0.0  289.83    0.00    0.00     0.0  289.83    0.00    0.00    4.2     27445.568      5.50   47.24000   39.71000  "Undefined"          0.0    -4.01  0.00000000
09.12.2023 07:38:07.918  15.69000000  15689.99660   0.00 -103.0   21.0  28.0 27.64  333.6     0.0  333.58    0.00    0.00     0.0  333.58    0.00    0.00     0.0  333.58    0.00    0.00    5.0     27487.918      5.50   47.24000   39.71000  "Undefined"          0.0    -3.40  0.00000000
09.12.2023 07:38:07.918  15.69000000  15689.99599   0.00  -69.7   54.3  28.0 24.32  290.4     0.0  290.39    0.00    0.00     0.0  290.39    0.00    0.00     0.0  290.39    0.00    0.00    6.5     27487.918      5.50   47.24000   39.71000  "Undefined"          0.0    -4.01  0.00000000
09.12.2023 07:38:39.709  15.69000000  15689.99599   0.00  -82.6   53.4  28.0 21.12  294.5     0.0  294.53    0.00    0.00     0.0  294.53    0.00    0.00     0.0  294.53    0.00    0.00   11.0     27519.709      5.50   47.24000   39.71000  "Undefined"          0.0    -4.01  0.00000000
09.12.2023 07:38:39.709  15.69000000  15689.99574   0.00  -75.4   60.6  28.0 59.03  136.1     0.0  136.14    0.00    0.00     0.0  136.14    0.00    0.00     0.0  136.14    0.00    0.00   14.6     27519.709      5.50   47.24000   39.71000  "Undefined"          0.0    -4.26  0.00000000
09.12.2023 07:39:11.969  15.69000000  15689.99587   0.00  -72.9   55.1  28.0 25.79  289.3     0.0  289.33    0.00    0.00     0.0  289.33    0.00    0.00     0.0  289.33    0.00    0.00    3.6     27551.969      5.50   47.24000   39.71000  "Undefined"          0.0    -4.13  0.00000000
09.12.2023 07:39:54.723  15.69000000  15689.99587   0.00  -76.8   59.2  28.0 26.88  291.7     0.0  291.69    0.00    0.00     0.0  291.69    0.00    0.00     0.0  291.69    0.00    0.00    4.4     27594.723      5.50   47.24000   39.71000  "Undefined"          0.0    -4.13  0.00000000
09.12.2023 07:39:54.723  15.69000000  15689.99562   0.00  -74.3   61.7  28.0 19.48  292.2     0.0  292.25    0.00    0.00     0.0  292.25    0.00    0.00     0.0  292.25    0.00    0.00    6.0     27594.723      5.50   47.24000   39.71000  "Undefined"          0.0    -4.38  0.00000000
09.12.2023 07:40:26.927  15.69000000  15689.99574   0.00  -85.1   50.9  28.0 13.27  286.8     0.0  286.81    0.00    0.00     0.0  286.81    0.00    0.00     0.0  286.81    0.00    0.00   20.0     27626.927      5.50   47.24000   39.71000  "Undefined"          0.0    -4.26  0.00000000
09.12.2023 07:40:59.055  15.69000000  15689.99635   0.00 -100.8   33.2  28.0 19.34  292.0     0.0  291.96    0.00    0.00     0.0  291.96    0.00    0.00     0.0  291.96    0.00    0.00    8.0     27659.055      5.50   47.24000   39.71000  "Undefined"          0.0    -3.65  0.00000000
09.12.2023 07:40:59.055  15.69000000  15689.99574   0.00  -76.3   57.7  28.0  7.54  291.0     0.0  290.96    0.00    0.00     0.0  290.96    0.00    0.00     0.0  290.96    0.00    0.00    4.5     27659.055      5.50   47.24000   39.71000  "Undefined"          0.0    -4.26  0.00000000
09.12.2023 07:41:31.131  15.69000000  15689.99574   0.00  -76.7   57.3  28.0 16.19  290.3     0.0  290.29    0.00    0.00     0.0  290.29    0.00    0.00     0.0  290.29    0.00    0.00   12.4     27691.131      5.50   47.24000   39.71000  "Undefined"          0.0    -4.26  0.00000000
09.12.2023 07:42:03.197  15.69000000  15689.99465   0.00 -115.5   20.5  28.0 37.16  278.0     0.0  278.05    0.00    0.00     0.0  278.05    0.00    0.00     0.0  278.05    0.00    0.00    8.5     27723.197      5.50   47.24000   39.71000  "Undefined"          0.0    -5.35  0.00000000
09.12.2023 07:42:03.197  15.69000000  15689.99635   0.00  -97.5   38.5  28.0 25.12  296.4     0.0  296.39    0.00    0.00     0.0  296.39    0.00    0.00     0.0  296.39    0.00    0.00    5.3     27723.197      5.50   47.24000   39.71000  "Undefined"          0.0    -3.65  0.00000000
09.12.2023 07:42:03.197  15.69000000  15689.99574   0.00  -72.6   63.4  28.0 17.61  289.8     0.0  289.80    0.00    0.00     0.0  289.80    0.00    0.00     0.0  289.80    0.00    0.00    4.3     27723.197      5.50   47.24000   39.71000  "Undefined"          0.0    -4.26  0.00000000
09.12.2023 07:42:35.226  15.69000000  15689.99684   0.00 -111.1   22.9  28.0 33.47   99.5     0.0   99.52    0.00    0.00     0.0   99.52    0.00    0.00     0.0   99.52    0.00    0.00    8.6     27755.226      5.50   47.24000   39.71000  "Undefined"          0.0    -3.16  0.00000000
09.12.2023 07:42:35.226  15.69000000  15689.99623   0.00  -90.0   44.0  28.0 27.11  293.7     0.0  293.65    0.00    0.00     0.0  293.65    0.00    0.00     0.0  293.65    0.00    0.00    8.0     27755.226      5.50   47.24000   39.71000  "Undefined"          0.0    -3.77  0.00000000
09.12.2023 07:42:35.226  15.69000000  15689.99574   0.00  -74.8   59.2  28.0 16.02  289.2     0.0  289.20    0.00    0.00     0.0  289.20    0.00    0.00     0.0  289.20    0.00    0.00    7.0     27755.226      5.50   47.24000   39.71000  "Undefined"          0.0    -4.26  0.00000000
09.12.2023 07:43:38.976  15.69000000  15689.99684   0.00 -109.1   24.9  28.0 33.90   90.9     0.0   90.93    0.00    0.00     0.0   90.93    0.00    0.00     0.0   90.93    0.00    0.00    3.5     27818.976      5.50   47.24000   39.71000  "Undefined"          0.0    -3.16  0.00000000
09.12.2023 07:43:38.976  15.69000000  15689.99611   0.00  -79.4   54.6  28.0 30.18  292.8     0.0  292.82    0.00    0.00     0.0  292.82    0.00    0.00     0.0  292.82    0.00    0.00    3.5     27818.976      5.50   47.24000   39.71000  "Undefined"          0.0    -3.89  0.00000000
09.12.2023 07:43:38.976  15.69000000  15689.99574   0.00  -68.8   65.2  28.0 21.82  289.7     0.0  289.75    0.00    0.00     0.0  289.75    0.00    0.00     0.0  289.75    0.00    0.00    3.8     27818.976      5.50   47.24000   39.71000  "Undefined"          0.0    -4.26  0.00000000
09.12.2023 07:44:11.111  15.69000000  15689.99441   0.00 -105.6   20.4  28.0 19.24  293.5     0.0  293.48    0.00    0.00     0.0  293.48    0.00    0.00     0.0  293.48    0.00    0.00    7.4     27851.111      5.50   47.24000   39.71000  "Undefined"          0.0    -5.59  0.00000000
09.12.2023 07:44:11.111  15.69000000  15689.99574   0.00  -68.6   57.4  28.0 21.76  289.1     0.0  289.10    0.00    0.00     0.0  289.10    0.00    0.00     0.0  289.10    0.00    0.00    2.4     27851.111      5.50   47.24000   39.71000  "Undefined"          0.0    -4.26  0.00000000
09.12.2023 07:44:43.197  15.69000000  15689.99635   0.00  -93.8   30.2  28.0 28.52  293.7     0.0  293.74    0.00    0.00     0.0  293.74    0.00    0.00     0.0  293.74    0.00    0.00    7.2     27883.197      5.50   47.24000   39.71000  "Undefined"          0.0    -3.65  0.00000000
09.12.2023 07:44:43.197  15.69000000  15689.99574   0.00  -69.6   54.4  28.0 21.97  291.0     0.0  291.01    0.00    0.00     0.0  291.01    0.00    0.00     0.0  291.01    0.00    0.00    4.3     27883.197      5.50   47.24000   39.71000  "Undefined"          0.0    -4.26  0.00000000
09.12.2023 07:45:15.216  15.69000000  15689.99562   0.00  -71.9   56.1  28.0 24.12  287.8     0.0  287.82    0.00    0.00     0.0  287.82    0.00    0.00     0.0  287.82    0.00    0.00    5.4     27915.216      5.50   47.24000   39.71000  "Undefined"          0.0    -4.38  0.00000000
09.12.2023 07:45:47.269  15.69000000  15689.99587   0.00  -69.7   56.3  28.0 24.32  288.8     0.0  288.78    0.00    0.00     0.0  288.78    0.00    0.00     0.0  288.78    0.00    0.00    4.9     27947.269      5.50   47.24000   39.71000  "Undefined"          0.0    -4.13  0.00000000
09.12.2023 07:46:19.306  15.69000000  15689.99660   0.00 -102.2   31.8  28.0 27.94  294.6     0.0  294.63    0.00    0.00     0.0  294.63    0.00    0.00     0.0  294.63    0.00    0.00    8.3     27979.306      5.50   47.24000   39.71000  "Undefined"          0.0    -3.40  0.00000000
09.12.2023 07:46:19.306  15.69000000  15689.99623   0.00  -90.3   43.7  28.0 23.88  291.4     0.0  291.45    0.00    0.00     0.0  291.45    0.00    0.00     0.0  291.45    0.00    0.00    2.1     27979.306      5.50   47.24000   39.71000  "Undefined"          0.0    -3.77  0.00000000
09.12.2023 07:46:19.306  15.69000000  15689.99562   0.00  -68.5   65.5  28.0 28.11  290.7     0.0  290.74    0.00    0.00     0.0  290.74    0.00    0.00     0.0  290.74    0.00    0.00    4.6     27979.306      5.50   47.24000   39.71000  "Undefined"          0.0    -4.38  0.00000000
09.12.2023 07:46:51.397  15.69000000  15689.99623   0.00  -86.0   36.0  28.0 26.99  293.7     0.0  293.67    0.00    0.00     0.0  293.67    0.00    0.00     0.0  293.67    0.00    0.00    6.1     28011.397      5.50   47.24000   39.71000  "Undefined"          0.0    -3.77  0.00000000
09.12.2023 07:46:51.397  15.69000000  15689.99587   0.00  -67.1   54.9  28.0 27.25  288.3     0.0  288.30    0.00    0.00     0.0  288.30    0.00    0.00     0.0  288.30    0.00    0.00    3.8     28011.397      5.50   47.24000   39.71000  "Undefined"          0.0    -4.13  0.00000000
09.12.2023 07:47:23.674  15.69000000  15689.99574   0.00  -64.4   59.6  28.0 24.26  289.6     0.0  289.58    0.00    0.00     0.0  289.58    0.00    0.00     0.0  289.58    0.00    0.00    4.5     28043.674      5.50   47.24000   39.71000  "Undefined"          0.0    -4.26  0.00000000
09.12.2023 07:47:55.878  15.69000000  15689.99660   0.00 -101.4   30.6  28.0 23.87  293.7     0.0  293.67    0.00    0.00     0.0  293.67    0.00    0.00     0.0  293.67    0.00    0.00    5.0     28075.878      5.50   47.24000   39.71000  "Undefined"          0.0    -3.40  0.00000000
09.12.2023 07:47:55.878  15.69000000  15689.99599   0.00  -76.1   55.9  28.0 31.25   26.3     0.0   26.31    0.00    0.00     0.0   26.31    0.00    0.00     0.0   26.31    0.00    0.00   19.2     28075.878      5.50   47.24000   39.71000  "Undefined"          0.0    -4.01  0.00000000
09.12.2023 07:47:55.878  15.69000000  15689.99574   0.00  -75.4   56.6  28.0 30.32  292.4     0.0  292.42    0.00    0.00     0.0  292.42    0.00    0.00     0.0  292.42    0.00    0.00    3.2     28075.878      5.50   47.24000   39.71000  "Undefined"          0.0    -4.26  0.00000000
09.12.2023 07:48:28.141  15.69000000  15689.99587   0.00  -72.3   61.7  28.0 29.54  289.5     0.0  289.55    0.00    0.00     0.0  289.55    0.00    0.00     0.0  289.55    0.00    0.00    3.4     28108.141      5.50   47.24000   39.71000  "Undefined"          0.0    -4.13  0.00000000
09.12.2023 07:49:00.214  15.69000000  15689.99562   0.00  -75.9   48.1  28.0 18.39  290.2     0.0  290.21    0.00    0.00     0.0  290.21    0.00    0.00     0.0  290.21    0.00    0.00    2.3     28140.214      5.50   47.24000   39.71000  "Undefined"          0.0    -4.38  0.00000000
09.12.2023 07:49:00.214  15.69000000  15689.99611   0.00  -73.8   50.2  28.0 27.79  292.0     0.0  291.96    0.00    0.00     0.0  291.96    0.00    0.00     0.0  291.96    0.00    0.00    4.9     28140.214      5.50   47.24000   39.71000  "Undefined"          0.0    -3.89  0.00000000
09.12.2023 07:49:32.209  15.69000000  15689.99635   0.00  -89.3   28.7  28.0 29.40  290.4     0.0  290.42    0.00    0.00     0.0  290.42    0.00    0.00     0.0  290.42    0.00    0.00    8.5     28172.209      5.50   47.24000   39.71000  "Undefined"          0.0    -3.65  0.00000000
09.12.2023 07:49:32.209  15.69000000  15689.99599   0.00  -66.3   51.7  28.0 29.46  291.7     0.0  291.70    0.00    0.00     0.0  291.70    0.00    0.00     0.0  291.70    0.00    0.00    4.5     28172.209      5.50   47.24000   39.71000  "Undefined"          0.0    -4.01  0.00000000
09.12.2023 07:49:32.209  15.69000000  15689.99562   0.00  -65.4   52.6  28.0 19.37  289.0     0.0  288.99    0.00    0.00     0.0  288.99    0.00    0.00     0.0  288.99    0.00    0.00    3.1     28172.209      5.50   47.24000   39.71000  "Undefined"          0.0    -4.38  0.00000000
09.12.2023 07:50:04.227  15.69000000  15689.99562   0.00  -62.2   59.8  28.0 20.12  288.7     0.0  288.74    0.00    0.00     0.0  288.74    0.00    0.00     0.0  288.74    0.00    0.00    3.6     28204.227      5.50   47.24000   39.71000  "Undefined"          0.0    -4.38  0.00000000
09.12.2023 07:50:36.434  15.69000000  15689.99599   0.00  -68.6   51.4  28.0 26.09  291.4     0.0  291.38    0.00    0.00     0.0  291.38    0.00    0.00     0.0  291.38    0.00    0.00    4.6     28236.434      5.50   47.24000   39.71000  "Undefined"          0.0    -4.01  0.00000000
09.12.2023 07:51:08.628  15.69000000  15689.99611   0.00  -78.5   45.5  28.0 27.25  290.6     0.0  290.62    0.00    0.00     0.0  290.62    0.00    0.00     0.0  290.62    0.00    0.00    4.3     28268.628      5.50   47.24000   39.71000  "Undefined"          0.0    -3.89  0.00000000
09.12.2023 07:51:08.628  15.69000000  15689.99562   0.00  -66.8   57.2  28.0 17.73  288.1     0.0  288.10    0.00    0.00     0.0  288.10    0.00    0.00     0.0  288.10    0.00    0.00    4.2     28268.628      5.50   47.24000   39.71000  "Undefined"          0.0    -4.38  0.00000000
09.12.2023 07:51:40.822  15.69000000  15689.99562   0.00  -66.1   51.9  28.0 19.77  288.6     0.0  288.55    0.00    0.00     0.0  288.55    0.00    0.00     0.0  288.55    0.00    0.00    3.6     28300.822      5.50   47.24000   39.71000  "Undefined"          0.0    -4.38  0.00000000
09.12.2023 07:52:12.977  15.69000000  15689.99307   0.00 -107.0   21.0  28.0 17.91  288.9     0.0  288.92    0.00    0.00     0.0  288.92    0.00    0.00     0.0  288.92    0.00    0.00    3.9     28332.977      5.50   47.24000   39.71000  "Undefined"          0.0    -6.93  0.00000000
09.12.2023 07:52:12.977  15.69000000  15689.99356   0.00 -106.9   21.1  28.0 19.34  289.8     0.0  289.83    0.00    0.00     0.0  289.83    0.00    0.00     0.0  289.83    0.00    0.00    4.6     28332.977      5.50   47.24000   39.71000  "Undefined"          0.0    -6.44  0.00000000
09.12.2023 07:52:12.977  15.69000000  15689.99416   0.00 -106.6   21.4  28.0 17.49  289.3     0.0  289.26    0.00    0.00     0.0  289.26    0.00    0.00     0.0  289.26    0.00    0.00    3.2     28332.977      5.50   47.24000   39.71000  "Undefined"          0.0    -5.84  0.00000000
09.12.2023 07:52:12.977  15.69000000  15689.99392   0.00 -106.3   21.7  28.0 15.39  288.7     0.0  288.73    0.00    0.00     0.0  288.73    0.00    0.00     0.0  288.73    0.00    0.00    3.8     28332.977      5.50   47.24000   39.71000  "Undefined"          0.0    -6.08  0.00000000
09.12.2023 07:52:12.977  15.69000000  15689.99757   0.00 -106.2   21.8  28.0 19.27  289.9     0.0  289.85    0.00    0.00     0.0  289.85    0.00    0.00     0.0  289.85    0.00    0.00    3.0     28332.977      5.50   47.24000   39.71000  "Undefined"          0.0    -2.43  0.00000000
09.12.2023 07:52:12.977  15.69000000  15689.99732   0.00 -106.1   21.9  28.0 19.06  289.3     0.0  289.30    0.00    0.00     0.0  289.30    0.00    0.00     0.0  289.30    0.00    0.00    3.2     28332.977      5.50   47.24000   39.71000  "Undefined"          0.0    -2.68  0.00000000
09.12.2023 07:52:12.977  15.69000000  15689.99842   0.00 -105.9   22.1  28.0 17.86  289.5     0.0  289.51    0.00    0.00     0.0  289.51    0.00    0.00     0.0  289.51    0.00    0.00    3.4     28332.977      5.50   47.24000   39.71000  "Undefined"          0.0    -1.58  0.00000000
09.12.2023 07:52:12.977  15.69000000  15689.99708   0.00 -105.7   22.3  28.0 20.76  289.7     0.0  289.68    0.00    0.00     0.0  289.68    0.00    0.00     0.0  289.68    0.00    0.00    3.3     28332.977      5.50   47.24000   39.71000  "Undefined"          0.0    -2.92  0.00000000
09.12.2023 07:52:12.977  15.69000000  15689.99283   0.00 -105.1   22.9  28.0 17.03  288.6     0.0  288.58    0.00    0.00     0.0  288.58    0.00    0.00     0.0  288.58    0.00    0.00    3.3     28332.977      5.50   47.24000   39.71000  "Undefined"          0.0    -7.17  0.00000000
09.12.2023 07:52:12.977  15.69000000  15689.99684   0.00 -104.2   23.8  28.0 21.04  290.1     0.0  290.07    0.00    0.00     0.0  290.07    0.00    0.00     0.0  290.07    0.00    0.00    2.4     28332.977      5.50   47.24000   39.71000  "Undefined"          0.0    -3.16  0.00000000
09.12.2023 07:52:12.977  15.69000000  15689.99465   0.00 -103.8   24.2  28.0 18.96  288.1     0.0  288.11    0.00    0.00     0.0  288.11    0.00    0.00     0.0  288.11    0.00    0.00    4.9     28332.977      5.50   47.24000   39.71000  "Undefined"          0.0    -5.35  0.00000000
09.12.2023 07:52:12.977  15.69000000  15689.99441   0.00 -103.6   24.4  28.0 18.45  288.8     0.0  288.80    0.00    0.00     0.0  288.80    0.00    0.00     0.0  288.80    0.00    0.00    2.7     28332.977      5.50   47.24000   39.71000  "Undefined"          0.0    -5.59  0.00000000
09.12.2023 07:52:12.977  15.69000000  15689.99489   0.00  -99.6   28.4  28.0 17.91  289.2     0.0  289.21    0.00    0.00     0.0  289.21    0.00    0.00     0.0  289.21    0.00    0.00    2.1     28332.977      5.50   47.24000   39.71000  "Undefined"          0.0    -5.11  0.00000000
09.12.2023 07:52:12.977  15.69000000  15689.99647   0.00  -97.8   30.2  28.0 26.72  290.2     0.0  290.25    0.00    0.00     0.0  290.25    0.00    0.00     0.0  290.25    0.00    0.00    5.1     28332.977      5.50   47.24000   39.71000  "Undefined"          0.0    -3.53  0.00000000
09.12.2023 07:52:12.977  15.69000000  15689.99514   0.00  -96.0   32.0  28.0 19.22  286.5     0.0  286.51    0.00    0.00     0.0  286.51    0.00    0.00     0.0  286.51    0.00    0.00    4.1     28332.977      5.50   47.24000   39.71000  "Undefined"          0.0    -4.86  0.00000000
09.12.2023 07:52:12.977  15.69000000  15689.99599   0.00  -80.0   48.0  28.0 26.47  294.2     0.0  294.18    0.00    0.00     0.0  294.18    0.00    0.00     0.0  294.18    0.00    0.00    4.0     28332.977      5.50   47.24000   39.71000  "Undefined"          0.0    -4.01  0.00000000
09.12.2023 07:52:12.977  15.69000000  15689.99562   0.00  -66.4   61.6  28.0 17.60  288.8     0.0  288.76    0.00    0.00     0.0  288.76    0.00    0.00     0.0  288.76    0.00    0.00    3.1     28332.977      5.50   47.24000   39.71000  "Undefined"          0.0    -4.38  0.00000000
09.12.2023 07:52:45.542  15.69000000  15689.99623   0.00  -87.6   40.4  28.0 25.88  291.4     0.0  291.36    0.00    0.00     0.0  291.36    0.00    0.00     0.0  291.36    0.00    0.00    2.5     28365.542      5.50   47.24000   39.71000  "Undefined"          0.0    -3.77  0.00000000
09.12.2023 07:52:45.542  15.69000000  15689.99574   0.00  -70.9   57.1  28.0 20.77  289.9     0.0  289.93    0.00    0.00     0.0  289.93    0.00    0.00     0.0  289.93    0.00    0.00    5.0     28365.542      5.50   47.24000   39.71000  "Undefined"          0.0    -4.26  0.00000000
09.12.2023 07:53:17.688  15.69000000  15689.99599   0.00  -77.0   53.0  28.0 23.87  290.0     0.0  290.01    0.00    0.00     0.0  290.01    0.00    0.00     0.0  290.01    0.00    0.00    3.5     28397.688      5.50   47.24000   39.71000  "Undefined"          0.0    -4.01  0.00000000
09.12.2023 07:53:17.688  15.69000000  15689.99562   0.00  -72.5   57.5  28.0 19.26  290.1     0.0  290.13    0.00    0.00     0.0  290.13    0.00    0.00     0.0  290.13    0.00    0.00    5.2     28397.688      5.50   47.24000   39.71000  "Undefined"          0.0    -4.38  0.00000000
09.12.2023 07:53:49.983  15.69000000  15689.99635   0.00  -95.7   22.3  28.0 30.70  280.8     0.0  280.85    0.00    0.00     0.0  280.85    0.00    0.00     0.0  280.85    0.00    0.00    7.0     28429.983      5.50   47.24000   39.71000  "Undefined"          0.0    -3.65  0.00000000
09.12.2023 07:53:49.983  15.69000000  15689.99562   0.00  -61.0   57.0  28.0 19.93  289.0     0.0  288.98    0.00    0.00     0.0  288.98    0.00    0.00     0.0  288.98    0.00    0.00    3.6     28429.983      5.50   47.24000   39.71000  "Undefined"          0.0    -4.38  0.00000000
09.12.2023 07:54:22.053  15.69000000  15689.99623   0.00  -85.4   44.6  28.0 30.48  291.6     0.0  291.60    0.00    0.00     0.0  291.60    0.00    0.00     0.0  291.60    0.00    0.00    7.2     28462.053      5.50   47.24000   39.71000  "Undefined"          0.0    -3.77  0.00000000
09.12.2023 07:54:22.053  15.69000000  15689.99574   0.00  -73.5   56.5  28.0 21.60  287.7     0.0  287.71    0.00    0.00     0.0  287.71    0.00    0.00     0.0  287.71    0.00    0.00    3.2     28462.053      5.50   47.24000   39.71000  "Undefined"          0.0    -4.26  0.00000000
09.12.2023 07:54:54.302  15.69000000  15689.99574   0.00  -69.8   66.2  28.0 20.70  288.5     0.0  288.46    0.00    0.00     0.0  288.46    0.00    0.00     0.0  288.46    0.00    0.00    4.0     28494.302      5.50   47.24000   39.71000  "Undefined"          0.0    -4.26  0.00000000
09.12.2023 07:55:26.490  15.69000000  15689.99635   0.00  -87.6   38.4  28.0 31.61  290.0     0.0  290.01    0.00    0.00     0.0  290.01    0.00    0.00     0.0  290.01    0.00    0.00    4.7     28526.490      5.50   47.24000   39.71000  "Undefined"          0.0    -3.65  0.00000000
09.12.2023 07:55:26.490  15.69000000  15689.99562   0.00  -71.9   54.1  28.0  6.37  287.2     0.0  287.22    0.00    0.00     0.0  287.22    0.00    0.00     0.0  287.22    0.00    0.00    4.7     28526.490      5.50   47.24000   39.71000  "Undefined"          0.0    -4.38  0.00000000
09.12.2023 07:55:58.782  15.69000000  15689.99574   0.00  -64.1   59.9  28.0 20.20  289.5     0.0  289.53    0.00    0.00     0.0  289.53    0.00    0.00     0.0  289.53    0.00    0.00    4.3     28558.782      5.50   47.24000   39.71000  "Undefined"          0.0    -4.26  0.00000000
09.12.2023 07:56:31.098  15.69000000  15689.99660   0.00  -97.6   26.4  28.0 36.40  295.6     0.0  295.65    0.00    0.00     0.0  295.65    0.00    0.00     0.0  295.65    0.00    0.00    8.2     28591.098      5.50   47.24000   39.71000  "Undefined"          0.0    -3.40  0.00000000
09.12.2023 07:56:31.098  15.69000000  15689.99623   0.00  -82.0   42.0  28.0 28.16  288.9     0.0  288.89    0.00    0.00     0.0  288.89    0.00    0.00     0.0  288.89    0.00    0.00    4.0     28591.098      5.50   47.24000   39.71000  "Undefined"          0.0    -3.77  0.00000000
09.12.2023 07:56:31.098  15.69000000  15689.99574   0.00  -62.1   61.9  28.0 21.30  289.5     0.0  289.48    0.00    0.00     0.0  289.48    0.00    0.00     0.0  289.48    0.00    0.00    3.9     28591.098      5.50   47.24000   39.71000  "Undefined"          0.0    -4.26  0.00000000
09.12.2023 07:57:03.187  15.69000000  15689.99538   0.00  -84.2   35.8  28.0 23.61  291.1     0.0  291.06    0.00    0.00     0.0  291.06    0.00    0.00     0.0  291.06    0.00    0.00    4.8     28623.187      5.50   47.24000   39.71000  "Undefined"          0.0    -4.62  0.00000000
09.12.2023 07:57:03.187  15.69000000  15689.99574   0.00  -63.0   57.0  28.0 18.34  289.3     0.0  289.27    0.00    0.00     0.0  289.27    0.00    0.00     0.0  289.27    0.00    0.00    4.5     28623.187      5.50   47.24000   39.71000  "Undefined"          0.0    -4.26  0.00000000
09.12.2023 07:57:45.907  15.69000000  15689.99672   0.00  -96.6   27.4  28.0 32.59  285.8     0.0  285.76    0.00    0.00     0.0  285.76    0.00    0.00     0.0  285.76    0.00    0.00    3.2     28665.907      5.50   47.24000   39.71000  "Undefined"          0.0    -3.28  0.00000000
09.12.2023 07:57:45.907  15.69000000  15689.99611   0.00  -81.8   42.2  28.0 31.14  290.0     0.0  289.96    0.00    0.00     0.0  289.96    0.00    0.00     0.0  289.96    0.00    0.00    6.4     28665.907      5.50   47.24000   39.71000  "Undefined"          0.0    -3.89  0.00000000
09.12.2023 07:57:45.907  15.69000000  15689.99574   0.00  -66.0   58.0  28.0 20.06  289.7     0.0  289.69    0.00    0.00     0.0  289.69    0.00    0.00     0.0  289.69    0.00    0.00    4.2     28665.907      5.50   47.24000   39.71000  "Undefined"          0.0    -4.26  0.00000000
09.12.2023 07:58:18.148  15.69000000  15689.99574   0.00  -62.3   57.7  28.0 17.53  289.9     0.0  289.91    0.00    0.00     0.0  289.91    0.00    0.00     0.0  289.91    0.00    0.00    3.1     28698.148      5.50   47.24000   39.71000  "Undefined"          0.0    -4.26  0.00000000
09.12.2023 07:58:50.398  15.69000000  15689.99672   0.00  -96.7   31.3  28.0 37.22  282.2     0.0  282.19    0.00    0.00     0.0  282.19    0.00    0.00     0.0  282.19    0.00    0.00    2.4     28730.398      5.50   47.24000   39.71000  "Undefined"          0.0    -3.28  0.00000000
09.12.2023 07:58:50.398  15.69000000  15689.99611   0.00  -72.4   55.6  28.0 32.32  292.2     0.0  292.24    0.00    0.00     0.0  292.24    0.00    0.00     0.0  292.24    0.00    0.00    4.1     28730.398      5.50   47.24000   39.71000  "Undefined"          0.0    -3.89  0.00000000
09.12.2023 07:58:50.398  15.69000000  15689.99538   0.00  -72.4   55.6  28.0 26.30  289.7     0.0  289.73    0.00    0.00     0.0  289.73    0.00    0.00     0.0  289.73    0.00    0.00    4.6     28730.398      5.50   47.24000   39.71000  "Undefined"          0.0    -4.62  0.00000000
09.12.2023 07:58:50.398  15.69000000  15689.99574   0.00  -71.3   56.7  28.0 17.50  290.7     0.0  290.66    0.00    0.00     0.0  290.66    0.00    0.00     0.0  290.66    0.00    0.00    3.3     28730.398      5.50   47.24000   39.71000  "Undefined"          0.0    -4.26  0.00000000
09.12.2023 07:59:22.680  15.69000000  15689.99660   0.00  -89.7   30.3  28.0 36.93  284.6     0.0  284.58    0.00    0.00     0.0  284.58    0.00    0.00     0.0  284.58    0.00    0.00    1.6     28762.680      5.50   47.24000   39.71000  "Undefined"          0.0    -3.40  0.00000000
09.12.2023 07:59:22.680  15.69000000  15689.99538   0.00  -78.6   41.4  28.0 26.45  288.1     0.0  288.07    0.00    0.00     0.0  288.07    0.00    0.00     0.0  288.07    0.00    0.00    3.6     28762.680      5.50   47.24000   39.71000  "Undefined"          0.0    -4.62  0.00000000
09.12.2023 07:59:22.680  15.69000000  15689.99574   0.00  -61.5   58.5  28.0 16.95  289.3     0.0  289.27    0.00    0.00     0.0  289.27    0.00    0.00     0.0  289.27    0.00    0.00    3.2     28762.680      5.50   47.24000   39.71000  "Undefined"          0.0    -4.26  0.00000000
09.12.2023 07:59:54.727  15.69000000  15689.99611   0.00  -80.1   41.9  28.0 13.01   31.4     0.0   31.42    0.00    0.00     0.0   31.42    0.00    0.00     0.0   31.42    0.00    0.00    5.2     28794.727      5.50   47.24000   39.71000  "Undefined"          0.0    -3.89  0.00000000
09.12.2023 07:59:54.727  15.69000000  15689.99538   0.00  -78.1   43.9  28.0 24.69  289.6     0.0  289.57    0.00    0.00     0.0  289.57    0.00    0.00     0.0  289.57    0.00    0.00    4.2     28794.727      5.50   47.24000   39.71000  "Undefined"          0.0    -4.62  0.00000000
09.12.2023 07:59:54.727  15.69000000  15689.99574   0.00  -65.8   56.2  28.0 11.51  289.7     0.0  289.74    0.00    0.00     0.0  289.74    0.00    0.00     0.0  289.74    0.00    0.00    4.0     28794.727      5.50   47.24000   39.71000  "Undefined"          0.0    -4.26  0.00000000
