   50.00  0.000   50.00  0.000   50.00  0.000   50.00  0.000   50.00  0.000
   53.17  0.002   53.17  0.002   53.17  0.002   53.17  0.002   53.17  0.002
   56.34  0.000   56.34  0.000   56.34  0.000   56.34  0.000   56.34  0.000
   59.50  0.010   59.50  0.010   59.50  0.010   59.50  0.010   59.50  0.010
   62.67  0.014   62.67  0.014   62.67  0.014   62.67  0.014   62.67  0.014
   65.84  0.078   65.84  0.078   65.84  0.078   65.84  0.078   65.84  0.078
   69.01  0.102   69.01  0.102   69.01  0.102   69.01  0.102   69.01  0.102
   72.17  0.128   72.17  0.128   72.17  0.128   72.17  0.128   72.17  0.128
   75.34  0.149   75.34  0.149   75.34  0.149   75.34  0.149   75.34  0.149
   78.51  0.166   78.51  0.166   78.51  0.166   78.51  0.166   78.51  0.166
   81.68  0.182   81.68  0.182   81.68  0.182   81.68  0.182   81.68  0.182
   84.84  0.240   84.84  0.240   84.84  0.240   84.84  0.240   84.84  0.240
   88.01  0.532   88.01  0.532   88.01  0.532   88.01  0.532   88.01  0.532
   91.18  0.986   91.18  0.986   91.18  0.987   91.18  0.987   91.18  0.987
   94.35  1.525   94.35  1.526   94.35  1.526   94.35  1.527   94.35  1.528
   97.51  2.031   97.51  2.032   97.51  2.034   97.51  2.036   97.51  2.037
  100.68  2.406  100.68  2.408  100.68  2.411  100.68  2.414  100.68  2.416
  103.85  2.616  103.85  2.619  103.85  2.623  103.85  2.626  103.85  2.630
  107.02  2.692  107.02  2.696  107.02  2.700  107.02  2.704  107.02  2.708
  110.18  2.701  110.18  2.705  110.18  2.709  110.18  2.713  110.18  2.717
  113.35  2.669  113.35  2.673  113.35  2.676  113.35  2.680  113.35  2.684
  116.52  2.600  116.52  2.604  116.52  2.608  116.52  2.612  116.52  2.616
  119.69  2.562  119.69  2.565  119.69  2.569  119.69  2.573  119.69  2.577
  122.85  2.588  122.85  2.592  122.85  2.596  122.85  2.601  122.85  2.605
  126.02  2.668  126.02  2.672  126.02  2.676  126.02  2.680  126.02  2.685
  129.19  2.736  129.19  2.740  129.19  2.745  129.19  2.749  129.19  2.753
  132.36  2.796  132.36  2.800  132.36  2.804  132.36  2.809  132.36  2.813
  135.53  2.860  135.53  2.865  135.53  2.869  135.53  2.873  135.53  2.877
  138.69  2.928  138.69  2.932  138.69  2.936  138.69  2.940  138.69  2.944
  141.86  3.000  141.86  3.004  141.86  3.008  141.86  3.012  141.86  3.016
  145.03  3.075  145.03  3.080  145.03  3.084  145.03  3.088  145.03  3.092
  148.20  3.156  148.20  3.160  148.20  3.165  148.20  3.169  148.20  3.173
  151.36  3.243  151.36  3.247  151.36  3.251  151.36  3.255  151.36  3.260
  154.53  3.337  154.53  3.341  154.53  3.345  154.53  3.349  154.53  3.353
  157.70  3.439  157.70  3.443  157.70  3.447  157.70  3.451  157.70  3.455
  160.87  3.552  160.87  3.556  160.87  3.560  160.87  3.564  160.87  3.568
  164.03  3.677  164.03  3.681  164.03  3.685  164.03  3.689  164.03  3.693
  167.20  3.820  167.20  3.824  167.20  3.828  167.20  3.832  167.20  3.837
  170.37  3.989  170.37  3.993  170.37  3.997  170.37  4.001  170.37  4.005
  173.54  4.201  173.54  4.205  173.54  4.210  173.54  4.214  173.54  4.219
  176.70  4.461  176.70  4.466  176.70  4.471  176.70  4.475  176.70  4.480
  179.87  4.733  179.87  4.737  179.87  4.742  179.87  4.747  179.87  4.752
  183.04  5.012  183.04  5.017  183.04  5.022  183.04  5.027  183.04  5.032
  186.21  5.299  186.21  5.304  186.21  5.309  186.21  5.314  186.21  5.319
  189.37  5.592  189.37  5.597  189.37  5.602  189.37  5.608  189.37  5.613
  192.54  5.891  192.54  5.896  192.54  5.901  192.54  5.906  192.54  5.912
  195.71  6.194  195.71  6.199  195.71  6.205  195.71  6.210  195.71  6.215
  198.88  6.501  198.88  6.506  198.88  6.512  198.88  6.517  198.88  6.522
  202.04  6.810  202.04  6.815  202.04  6.821  202.04  6.826  202.04  6.831
  205.21  7.120  205.21  7.125  205.21  7.130  205.21  7.136  205.21  7.141
  208.38  7.429  208.38  7.434  208.38  7.440  208.38  7.445  208.38  7.450
  211.55  7.736  211.55  7.741  211.55  7.747  211.55  7.752  211.55  7.757
  214.71  8.040  214.71  8.045  214.71  8.050  214.71  8.055  214.71  8.060
  217.88  8.338  217.88  8.343  217.88  8.348  217.88  8.353  217.88  8.358
  221.05  8.629  221.05  8.634  221.05  8.639  221.05  8.644  221.05  8.649
  224.22  8.911  224.22  8.916  224.22  8.921  224.22  8.925  224.22  8.930
  227.39  9.182  227.39  9.187  227.39  9.192  227.39  9.196  227.39  9.201
  230.55  9.441  230.55  9.445  230.55  9.450  230.55  9.454  230.55  9.458
  233.72  9.685  233.72  9.689  233.72  9.693  233.72  9.697  233.72  9.701
  236.89  9.913  236.89  9.916  236.89  9.920  236.89  9.924  236.89  9.928
  240.06 10.122  240.06 10.125  240.06 10.129  240.06 10.132  240.06 10.136
  243.22 10.311  243.22 10.314  243.22 10.318  243.22 10.321  243.22 10.324
  246.39 10.479  246.39 10.482  246.39 10.485  246.39 10.487  246.39 10.490
  249.56 10.623  249.56 10.626  249.56 10.628  249.56 10.630  249.56 10.632
  252.73 10.742  252.73 10.745  252.73 10.747  252.73 10.749  252.73 10.750
  255.89 10.836  255.89 10.837  255.89 10.839  255.89 10.840  255.89 10.842
  259.06 10.901  259.06 10.902  259.06 10.904  259.06 10.904  259.06 10.905
  262.23 10.938  262.23 10.938  262.23 10.939  262.23 10.940  262.23 10.940
  265.40 10.943  265.40 10.944  265.40 10.944  265.40 10.944  265.40 10.944
  268.56 10.936  268.56 10.936  268.56 10.937  268.56 10.936  268.56 10.936
  271.73 10.921  271.73 10.921  271.73 10.921  271.73 10.921  271.73 10.920
  274.90 10.898  274.90 10.898  274.90 10.898  274.90 10.898  274.90 10.897
  278.07 10.868  278.07 10.869  278.07 10.868  278.07 10.868  278.07 10.867
  281.23 10.832  281.23 10.832  281.23 10.832  281.23 10.831  281.23 10.830
  284.40 10.790  284.40 10.790  284.40 10.789  284.40 10.788  284.40 10.787
  287.57 10.741  287.57 10.741  287.57 10.741  287.57 10.740  287.57 10.739
  290.74 10.687  290.74 10.687  290.74 10.686  290.74 10.686  290.74 10.684
  293.90 10.628  293.90 10.628  293.90 10.627  293.90 10.626  293.90 10.625
  297.07 10.565  297.07 10.564  297.07 10.563  297.07 10.562  297.07 10.561
  300.24 10.496  300.24 10.496  300.24 10.495  300.24 10.494  300.24 10.493
  303.41 10.424  303.41 10.424  303.41 10.423  303.41 10.422  303.41 10.420
  306.58 10.348  306.58 10.348  306.58 10.347  306.58 10.346  306.58 10.344
  309.74 10.269  309.74 10.268  309.74 10.267  309.74 10.266  309.74 10.265
  312.91 10.187  312.91 10.186  312.91 10.185  312.91 10.184  312.91 10.182
  316.08 10.102  316.08 10.101  316.08 10.100  316.08 10.099  316.08 10.097
  319.25 10.014  319.25 10.014  319.25 10.012  319.25 10.011  319.25 10.009
  322.41  9.925  322.41  9.924  322.41  9.923  322.41  9.921  322.41  9.920
  325.58  9.833  325.58  9.832  325.58  9.831  325.58  9.830  325.58  9.828
  328.75  9.740  328.75  9.739  328.75  9.738  328.75  9.736  328.75  9.735
  331.92  9.645  331.92  9.644  331.92  9.643  331.92  9.642  331.92  9.640
  335.08  9.549  335.08  9.549  335.08  9.547  335.08  9.546  335.08  9.544
  338.25  9.453  338.25  9.452  338.25  9.450  338.25  9.449  338.25  9.447
  341.42  9.355  341.42  9.354  341.42  9.353  341.42  9.351  341.42  9.350
  344.59  9.257  344.59  9.256  344.59  9.255  344.59  9.253  344.59  9.251
  347.75  9.158  347.75  9.157  347.75  9.156  347.75  9.154  347.75  9.153
  350.92  9.059  350.92  9.058  350.92  9.057  350.92  9.055  350.92  9.054
  354.09  8.960  354.09  8.959  354.09  8.958  354.09  8.956  354.09  8.954
  357.26  8.861  357.26  8.860  357.26  8.859  357.26  8.857  357.26  8.855
  360.42  8.762  360.42  8.761  360.42  8.760  360.42  8.758  360.42  8.756
  363.59  8.663  363.59  8.662  363.59  8.661  363.59  8.659  363.59  8.658
