
delt0=     0.1  eps=   1e-05  ep=   1e-06  ep1=   0.001
Geomagnetic Field - const
fh= 1.36  i=  65.0  d=   0.0
Number TID: 1
Tid Parametres
  delt   lamb     t     b      a     fi
0.000   200.0  20.0 -45.0   45.0   0.000
delta=-0.000  r0= 200.0  lon=  39.000 lat=  55.000
Beta=  20.0  Alfa=   0.0 aX=  20.0 aY= 100.0 aZ=  20.0

+==============================================================================+
|   Medium characteristics Sunspot number=  36.3 IG=  32.2   GMT time:09:56    |
|------------------------------------------------------------------------------|
|   S   | fh |  I  |   D  | fd |  hd | fe |  he | ff1 | hf1 | ff2 | hf2 |   Hi |
|-------+----+-----+------+----+-----+----+-----+-----+-----+-----+-----+------|
|    0.0|1.31| 64.0|   5.0|0.18| 81.0|2.85|110.0| 0.00|  0.0| 6.76|232.8|  63.3|
+==============================================================================+

+==================================+
|       Es-layer parametres        |
|----------------------------------|
|   S   | hEs | fbEs | f0Es | P Es |
|-------+-----+------+------+------|
|    0.0|113.2| 2.76 | 2.88 | 43.9 |
+==================================+


Number diff. equation:22

+---+-----+-------+---+-----+-----+--------+--------+---------+------+------+-------+------+------+--------+--------+------+------+-------+-------+----------------+
|0-x| fr  |  time |hop| d0  | d1  |   fi   |  teta  |   dist  |  at  |  dev |   p   |  df  |  l   |   fot  |   tot  |  rot | lsp  |   pf  |    s  |                |
+---+-----+-------+---+-----+-----+--------+--------+---------+------+------+-------+------+------+--------+--------+------+------+-------+-------+----------------+
|  1| 4.91|    0.0|  1|42.96|41.35|  42.712|  38.460|  524.993|  23.3|  -0.5|  769.9|-0.022|  29.2|  41.098|  40.702|151.74|  57.3|  550.1|  630.3|F2              |
|   |     |       |  2|41.35|39.34|  46.508|  34.014| 1078.458|  23.1|  -0.7| 1553.9|-0.049|  55.6|  44.474|  36.297|156.34|  60.8| 1132.8| 1288.5|F2F2            |
|  1| 4.95|    0.0|  1|42.23|40.66|  43.507|  38.594|  538.535|  29.3|  -0.6|  779.1|-0.023|  28.9|  41.477|  40.753|151.64|  57.4|  562.2|  642.1|F2              |
|   |     |       |  2|40.66|38.70|  48.261|  34.342| 1105.872|  29.1|  -0.8| 1573.5|-0.052|  55.0|  45.674|  36.563|156.44|  60.8| 1157.3| 1312.6|F2F2            |
|  1| 4.99|    0.0|  1|43.94|42.44|  42.451|  38.596|  503.720|  22.2|  -0.4|  752.3|-0.024|  26.5|  40.988|  40.754|157.46|  57.5|  537.7|  616.1|F2              |
|   |     |       |  2|42.44|40.57|  45.857|  34.330| 1028.422|  22.1|  -0.5| 1509.7|-0.051|  50.6|  44.005|  36.565|161.09|  60.5| 1101.1| 1252.2|F2F2            |
|  1| 5.07|    0.0|  1|41.54|39.92|  42.337|  38.066|  555.024|  19.0|  -0.3|  790.0|-0.023|  27.0|  40.931|  40.484|153.93|  57.8|  579.6|  658.5|F2              |
|   |     |       |  2|39.92|37.85|  45.729|  33.207| 1138.034|  18.9|  -0.4| 1592.8|-0.049|  51.1|  43.878|  35.732|158.69|  60.9| 1192.5| 1344.4|F2F2            |
|  1| 5.10|    0.0|  1|44.56|43.22|  42.491|  38.807|  483.633|  23.6|  -0.4|  729.8|-0.025|  23.8|  41.003|  40.866|162.54|  57.7|  527.9|  602.3|F2              |
|   |     |       |  2|43.22|41.56|  45.865|  34.817|  980.683|  23.5|  -0.5| 1456.5|-0.052|  45.8|  44.043|  36.901|165.08|  60.3| 1074.5| 1216.8|F2F2            |
|  1| 5.14|    0.0|  1|53.49|52.64|  41.755|  40.225|  319.529|  27.4|  -0.2|  589.2|-0.027|  19.9|  40.682|  41.552|171.19|  54.7|  418.4|  478.5|F2              |
|   |     |       |  2|52.64|51.59|  44.091|  37.648|  649.179|  27.3|  -0.3| 1180.8|-0.053|  38.9|  42.859|  39.000|172.10|  58.8|  847.3|  965.4|F2F2            |
|  1| 5.18|    0.0|  1|41.67|40.16|  42.446|  38.161|  548.035|  20.1|  -0.3|  781.0|-0.024|  24.5|  40.974|  40.546|158.66|  58.2|  579.1|  655.6|F2              |
|   |     |       |  2|40.16|38.23|  45.921|  33.460| 1117.273|  20.0|  -0.4| 1567.2|-0.051|  46.6|  44.024|  35.910|162.49|  60.5| 1185.2| 1331.5|F2F2            |
|  1| 5.22|    0.0|  1|38.15|36.42|  43.303|  37.563|  632.433|  22.7|  -0.4|  847.6|-0.022|  27.3|  41.377|  40.221|149.37|  58.1|  646.9|  725.1|F2              |
|   |     |       |  2|36.42|34.14|  48.124|  32.174| 1305.007|  22.5|  -0.6| 1722.1|-0.050|  51.3|  45.466|  34.969|155.87|  61.4| 1339.7| 1490.3|F2F2            |
|  1| 5.30|    0.0|  1|40.78|39.30|  42.731|  38.082|  563.709|  21.6|  -0.3|  789.7|-0.025|  23.1|  41.106|  40.502|160.25|  58.5|  595.7|  670.3|F2              |
|   |     |       |  2|39.30|37.41|  46.561|  33.337| 1146.626|  21.5|  -0.4| 1582.5|-0.052|  44.0|  44.473|  35.801|163.93|  60.7| 1216.9| 1359.1|F2F2            |
|  1| 5.34|    0.0|  1|38.74|37.12|  43.053|  37.654|  616.177|  21.6|  -0.4|  833.3|-0.024|  24.2|  41.260|  40.270|156.01|  58.6|  638.4|  714.7|F2              |
|   |     |       |  2|37.12|35.01|  47.446|  32.427| 1261.057|  21.5|  -0.5| 1680.2|-0.052|  45.7|  45.037|  35.131|161.10|  61.1| 1312.0| 1457.5|F2F2            |
+---+-----+-------+---+-----+-----+--------+--------+---------+------+------+-------+------+------+--------+--------+------+------+-------+-------+----------------+
+---+-----+-------+---+-----+-----+--------+--------+---------+------+------+-------+------+------+--------+--------+------+------+-------+-------+----------------+
|0-x| fr  |  time |hop| d0  | d1  |   fi   |  teta  |   dist  |  at  |  dev |   p   |  df  |  l   |   fot  |   tot  |  rot | lsp  |   pf  |    s  |                |
+---+-----+-------+---+-----+-----+--------+--------+---------+------+------+-------+------+------+--------+--------+------+------+-------+-------+----------------+
|  1| 5.38|    0.0|  1|41.96|40.66|  42.490|  38.392|  525.441|  21.4|  -0.3|  750.9|-0.025|  21.1|  41.000|  40.651|164.55|  58.6|  569.2|  639.1|F2              |
|   |     |       |  2|40.66|39.02|  45.909|  34.020| 1060.737|  21.4|  -0.3| 1494.8|-0.051|  40.5|  44.057|  36.289|166.88|  59.7| 1154.7| 1286.8|F2F2            |
|  1| 5.58|    0.0|  1|46.06|45.16|  42.199|  39.344|  421.005|  24.6|  -0.2|  647.4|-0.026|  17.3|  40.882|  41.109|171.27|  55.8|  498.2|  555.5|F2              |
|   |     |       |  2|45.16|43.99|  45.164|  35.881|  855.258|  24.6|  -0.2| 1300.7|-0.052|  33.5|  43.582|  37.677|172.65|  58.9| 1011.3| 1123.1|F2F2            |
|  1| 5.58|    0.0|  1|45.76|44.85|  41.753|  39.171|  425.850|  19.7|  -0.1|  650.8|-0.026|  17.3|  40.665|  41.033|170.91|  55.9|  501.6|  559.0|F2              |
|   |     |       |  2|44.85|43.63|  44.215|  35.511|  865.238|  19.7|  -0.1| 1307.4|-0.051|  33.6|  42.898|  37.408|172.27|  58.9| 1018.5| 1130.3|F2F2            |
|  1| 5.62|    0.0|  1|42.51|41.49|  42.893|  38.921|  485.416|  27.3|  -0.2|  698.0|-0.025|  18.1|  41.194|  40.909|168.77|  57.5|  546.3|  605.8|F2              |
|   |     |       |  2|41.49|40.17|  46.736|  35.076|  984.036|  27.2|  -0.3| 1399.3|-0.051|  34.9|  44.676|  37.063|170.34|  57.8| 1109.1| 1223.8|F2F2            |
|  1| 5.66|    0.0|  1|45.02|44.12|  42.128|  39.161|  437.176|  22.9|  -0.1|  657.8|-0.026|  16.8|  40.841|  41.026|171.29|  56.0|  511.8|  568.5|F2              |
|   |     |       |  2|44.12|42.91|  45.038|  35.507|  888.238|  22.8|  -0.2| 1322.1|-0.052|  32.7|  43.485|  37.395|172.73|  58.9| 1039.3| 1149.8|F2F2            |
|  1| 5.70|    0.0|  1|46.73|45.89|  41.908|  39.361|  410.519|  22.2|  -0.1|  638.7|-0.027|  16.1|  40.746|  41.115|173.22|  55.6|  494.0|  549.7|F2              |
|   |     |       |  2|45.89|44.75|  44.529|  35.906|  833.769|  22.2|  -0.1| 1283.3|-0.053|  31.2|  43.136|  37.691|174.53|  58.8| 1002.0| 1110.8|F2F2            |
|  1| 5.74|    0.0|  1|45.61|44.75|  41.517|  39.100|  427.602|  17.2|  -0.1|  650.0|-0.027|  16.0|  40.556|  40.991|172.62|  55.8|  506.9|  562.5|F2              |
|   |     |       |  2|44.75|43.56|  43.709|  35.363|  868.466|  17.3|  -0.0| 1306.1|-0.052|  31.1|  42.535|  37.298|173.99|  58.8| 1028.7| 1137.1|F2F2            |
|  1| 5.74|    0.0|  1|40.43|39.33|  42.062|  38.240|  530.364|  17.8|  -0.1|  734.4|-0.025|  17.8|  40.799|  40.571|167.87|  58.5|  583.5|  643.8|F2              |
|   |     |       |  2|39.33|37.84|  45.004|  33.676| 1072.771|  17.8|  -0.1| 1468.8|-0.049|  34.1|  43.405|  36.042|169.67|  57.5| 1184.1| 1298.6|F2F2            |
|  1| 5.90|    0.0|  1|40.16|39.14|  42.384|  38.364|  525.473|  20.6|  -0.1|  723.3|-0.025|  16.5|  40.952|  40.627|169.36|  57.7|  583.7|  640.1|F2              |
|   |     |       |  2|39.14|37.74|  45.735|  33.905| 1067.605|  20.5|  -0.2| 1454.6|-0.050|  31.7|  43.922|  36.208|171.24|  57.9| 1187.5| 1296.1|F2F2            |
|  1| 5.94|    0.0|  1|49.61|48.88|  41.579|  39.643|  372.596|  20.8|  -0.1|  614.6|-0.030|  13.8|  40.599|  41.241|178.35|  54.9|  474.1|  527.6|F2              |
|   |     |       |  2|48.88|47.86|  43.788|  36.461|  757.307|  20.9|  -0.0| 1236.4|-0.058|  27.0|  42.628|  38.089|179.53|  59.0|  960.5| 1066.0|F2F2            |
+---+-----+-------+---+-----+-----+--------+--------+---------+------+------+-------+------+------+--------+--------+------+------+-------+-------+----------------+
+---+-----+-------+---+-----+-----+--------+--------+---------+------+------+-------+------+------+--------+--------+------+------+-------+-------+----------------+
|0-x| fr  |  time |hop| d0  | d1  |   fi   |  teta  |   dist  |  at  |  dev |   p   |  df  |  l   |   fot  |   tot  |  rot | lsp  |   pf  |    s  |                |
+---+-----+-------+---+-----+-----+--------+--------+---------+------+------+-------+------+------+--------+--------+------+------+-------+-------+----------------+
|  1| 5.98|    0.0|  1|43.62|42.77|  41.673|  38.835|  459.078|  17.4|  -0.0|  670.2|-0.027|  14.8|  40.627|  40.856|173.56|  56.1|  535.3|  589.0|F2              |
|   |     |       |  2|42.77|41.56|  44.088|  34.824|  933.077|  17.4|  -0.0| 1348.8|-0.052|  28.6|  42.800|  36.879|175.08|  58.7| 1087.3| 1191.9|F2F2            |
|  1| 6.02|    0.0|  1|44.58|43.76|  42.250|  39.132|  443.696|  23.7|  -0.1|  659.3|-0.028|  14.3|  40.902|  41.002|175.06|  55.8|  525.1|  578.3|F2              |
|   |     |       |  2|43.76|42.62|  45.318|  35.451|  902.100|  23.7|  -0.1| 1327.6|-0.055|  27.7|  43.693|  37.334|176.55|  58.8| 1066.1| 1170.3|F2F2            |
|  1| 6.06|    0.0|  1|44.53|43.72|  41.752|  38.990|  444.670|  18.8|  -0.0|  659.7|-0.028|  14.0|  40.665|  40.934|175.35|  55.8|  526.6|  579.5|F2              |
|   |     |       |  2|43.72|42.56|  44.247|  35.139|  904.256|  18.8|  -0.0| 1328.7|-0.054|  27.2|  42.919|  37.114|176.85|  58.8| 1069.4| 1172.8|F2F2            |
|  1| 6.10|    0.0|  1|47.73|46.99|  41.649|  39.402|  399.280|  20.1|  -0.0|  631.1|-0.030|  13.2|  40.622|  41.134|178.71|  55.2|  495.6|  548.3|F2              |
|   |     |       |  2|46.99|45.94|  43.972|  35.973|  811.900|  20.1|  -0.0| 1270.8|-0.058|  25.7|  42.747|  37.727|180.03|  59.0| 1004.9| 1108.7|F2F2            |
|  1| 6.14|    0.0|  1|29.35|27.28|  42.910|  34.936|  897.767|  13.2|  -0.1| 1065.1|-0.020|  23.2|  41.142|  38.926|145.77|  59.8|  901.8|  971.7|F2              |
|   |     |       |  2|27.28|24.09|  48.295|  26.407| 1893.142|  13.1|  -0.2| 2216.7|-0.049|  42.2|  45.159|  30.828|157.98|  63.6| 1910.0| 2042.4|F2F2            |
|  1| 6.18|    0.0|  1|44.54|43.75|  41.674|  38.965|  445.386|  18.0|  -0.0|  660.2|-0.028|  13.3|  40.631|  40.915|176.67|  55.7|  529.7|  581.7|F2              |
|   |     |       |  2|43.75|42.61|  44.082|  35.082|  906.103|  18.0|   0.0| 1330.6|-0.055|  25.9|  42.799|  37.073|178.24|  58.9| 1075.7| 1177.8|F2F2            |
|  1| 6.22|    0.0|  1|42.02|41.18|  43.000|  38.954|  486.008|  28.3|  -0.1|  688.7|-0.027|  13.7|  41.262|  40.897|174.89|  56.2|  560.6|  612.6|F2              |
|   |     |       |  2|41.18|40.02|  47.002|  35.128|  988.584|  28.2|  -0.2| 1388.4|-0.055|  26.5|  44.870|  37.087|176.69|  58.7| 1139.4| 1241.0|F2F2            |
|  1| 6.22|    0.0|  1|46.64|45.89|  42.026|  39.343|  415.796|  23.1|  -0.1|  642.0|-0.030|  12.7|  40.807|  41.092|179.18|  55.3|  509.6|  561.7|F2              |
|   |     |       |  2|45.89|44.84|  44.802|  35.865|  845.755|  23.1|  -0.1| 1293.6|-0.059|  24.8|  43.334|  37.647|180.68|  59.0| 1033.8| 1136.5|F2F2            |
|  1| 6.26|    0.0|  1|44.98|44.21|  41.811|  39.051|  439.780|  19.6|  -0.0|  657.0|-0.029|  12.8|  40.702|  40.946|178.00|  55.5|  527.3|  579.0|F2              |
|   |     |       |  2|44.21|43.10|  44.373|  35.261|  894.861|  19.6|  -0.0| 1324.5|-0.057|  24.9|  43.010|  37.203|179.61|  58.9| 1070.8| 1172.3|F2F2            |
|  1| 6.30|    0.0|  1|46.23|45.49|  41.887|  39.236|  422.667|  21.2|  -0.1|  646.8|-0.030|  12.4|  40.739|  41.040|179.68|  55.3|  516.0|  567.8|F2              |
|   |     |       |  2|45.49|44.42|  44.516|  35.642|  859.936|  21.3|  -0.0| 1303.8|-0.059|  24.1|  43.123|  37.484|181.23|  59.0| 1047.2| 1149.1|F2F2            |
+---+-----+-------+---+-----+-----+--------+--------+---------+------+------+-------+------+------+--------+--------+------+------+-------+-------+----------------+
+---+-----+-------+---+-----+-----+--------+--------+---------+------+------+-------+------+------+--------+--------+------+------+-------+-------+----------------+
|0-x| fr  |  time |hop| d0  | d1  |   fi   |  teta  |   dist  |  at  |  dev |   p   |  df  |  l   |   fot  |   tot  |  rot | lsp  |   pf  |    s  |                |
+---+-----+-------+---+-----+-----+--------+--------+---------+------+------+-------+------+------+--------+--------+------+------+-------+-------+----------------+
|  1| 6.34|    0.0|  1|41.94|41.12|  42.373|  38.728|  488.022|  22.3|  -0.1|  689.8|-0.028|  13.0|  40.967|  40.779|175.91|  56.1|  564.5|  615.6|F2              |
|   |     |       |  2|41.12|39.92|  45.666|  34.628|  993.500|  22.3|  -0.1| 1391.9|-0.055|  25.2|  43.906|  36.728|177.80|  58.8| 1147.9| 1247.8|F2F2            |
|  1| 6.38|    0.0|  1|49.33|48.65|  41.199|  39.451|  383.578|  15.9|   0.0|  626.0|-0.033|  11.6|  40.410|  41.156|183.35|  54.9|  491.0|  543.2|F2              |
|   |     |       |  2|48.65|47.65|  42.991|  36.058|  780.027|  16.0|   0.1| 1261.0|-0.063|  22.6|  42.044|  37.796|184.68|  59.2|  994.8| 1098.1|F2F2            |
|  1| 6.38|    0.0|  1|45.27|44.52|  42.097|  39.150|  437.402|  22.5|  -0.1|  656.5|-0.030|  12.1|  40.844|  40.986|179.66|  55.5|  528.1|  579.4|F2              |
|   |     |       |  2|44.52|43.44|  44.990|  35.473|  890.169|  22.5|  -0.1| 1324.2|-0.059|  23.6|  43.456|  37.354|181.35|  59.0| 1072.2| 1173.2|F2F2            |
|  1| 6.42|    0.0|  1|46.30|45.58|  41.336|  39.101|  423.660|  15.6|   0.0|  648.6|-0.031|  11.8|  40.478|  40.968|180.98|  55.3|  519.1|  570.5|F2              |
|   |     |       |  2|45.58|44.51|  43.325|  35.345|  862.084|  15.7|   0.1| 1307.8|-0.060|  22.9|  42.267|  37.269|182.56|  59.1| 1053.4| 1154.6|F2F2            |
|  1| 6.46|    0.0|  1|46.60|45.88|  41.790|  39.232|  420.471|  20.4|  -0.0|  647.4|-0.032|  11.6|  40.687|  41.048|181.87|  55.2|  517.7|  569.1|F2              |
|   |     |       |  2|45.88|44.83|  44.306|  35.629|  855.635|  20.4|   0.0| 1305.6|-0.061|  22.5|  42.972|  37.476|183.45|  59.1| 1050.5| 1151.9|F2F2            |
|  1| 6.50|    0.0|  1|46.29|45.57|  41.817|  39.191|  425.430|  20.4|  -0.0|  650.9|-0.032|  11.4|  40.711|  41.005|181.96|  55.3|  522.0|  573.2|F2              |
|   |     |       |  2|45.57|44.51|  44.370|  35.545|  865.834|  20.4|  -0.0| 1312.8|-0.061|  22.3|  43.019|  37.407|183.62|  59.1| 1059.3| 1160.4|F2F2            |
|  1| 6.53|    0.0|  1|46.37|45.66|  41.873|  39.208|  425.171|  21.0|  -0.0|  651.4|-0.032|  11.3|  40.735|  41.020|182.55|  55.3|  522.6|  573.8|F2              |
|   |     |       |  2|45.66|44.60|  44.493|  35.582|  865.336|  21.0|  -0.0| 1313.9|-0.062|  21.9|  43.106|  37.436|184.20|  59.1| 1060.5| 1161.6|F2F2            |
|  1| 6.57|    0.0|  1|44.03|43.28|  42.171|  38.961|  458.669|  22.0|  -0.1|  671.8|-0.031|  11.4|  40.867|  40.906|180.70|  55.6|  547.3|  597.7|F2              |
|   |     |       |  2|43.28|42.17|  45.187|  35.089|  934.049|  22.1|  -0.0| 1356.3|-0.060|  22.2|  43.581|  37.072|182.51|  59.0| 1112.0| 1211.3|F2F2            |
|  1| 6.61|    0.0|  1|46.07|45.36|  41.885|  39.156|  430.884|  20.8|  -0.0|  655.9|-0.032|  11.0|  40.750|  40.975|183.05|  55.3|  528.2|  579.2|F2              |
|   |     |       |  2|45.36|44.30|  44.528|  35.475|  877.127|  20.8|  -0.0| 1323.4|-0.063|  21.4|  43.128|  37.355|184.87|  59.2| 1072.0| 1172.7|F2F2            |
|  1| 6.65|    0.0|  1|45.34|44.62|  42.004|  39.082|  441.695|  21.4|  -0.0|  662.7|-0.032|  10.9|  40.809|  40.933|182.75|  55.4|  536.6|  587.3|F2              |
|   |     |       |  2|44.62|43.54|  44.800|  35.328|  899.334|  21.4|  -0.0| 1337.7|-0.062|  21.2|  43.316|  37.247|184.68|  59.2| 1089.5| 1189.5|F2F2            |
+---+-----+-------+---+-----+-----+--------+--------+---------+------+------+-------+------+------+--------+--------+------+------+-------+-------+----------------+
+---+-----+-------+---+-----+-----+--------+--------+---------+------+------+-------+------+------+--------+--------+------+------+-------+-------+----------------+
|0-x| fr  |  time |hop| d0  | d1  |   fi   |  teta  |   dist  |  at  |  dev |   p   |  df  |  l   |   fot  |   tot  |  rot | lsp  |   pf  |    s  |                |
+---+-----+-------+---+-----+-----+--------+--------+---------+------+------+-------+------+------+--------+--------+------+------+-------+-------+----------------+
|  1| 6.69|    0.0|  1|47.01|46.31|  41.923|  39.270|  420.219|  21.8|  -0.0|  651.6|-0.034|  10.5|  40.765|  41.040|185.01|  55.2|  522.3|  573.6|F2              |
|   |     |       |  2|46.31|45.28|  44.595|  35.709|  855.353|  21.8|  -0.0| 1314.5|-0.065|  20.5|  43.181|  37.529|186.75|  59.3| 1059.6| 1161.1|F2F2            |
|  1| 6.73|    0.0|  1|46.03|45.32|  42.196|  39.211|  434.134|  23.7|  -0.1|  660.0|-0.033|  10.5|  40.907|  40.991|184.38|  55.3|  532.8|  583.7|F2              |
|   |     |       |  2|45.32|44.27|  45.201|  35.601|  883.854|  23.8|  -0.0| 1332.0|-0.065|  20.5|  43.607|  37.450|186.37|  59.2| 1081.3| 1182.0|F2F2            |
|  1| 6.77|    0.0|  1|42.10|41.34|  42.462|  38.721|  491.347|  22.9|  -0.1|  694.9|-0.031|  10.9|  41.015|  40.765|180.77|  55.8|  575.1|  624.5|F2              |
|   |     |       |  2|41.34|40.19|  45.877|  34.610| 1001.441|  22.9|  -0.1| 1404.6|-0.060|  21.2|  44.062|  36.699|182.84|  59.0| 1169.9| 1266.9|F2F2            |
|  1| 6.97|    0.0|  1|48.62|47.95|  41.840|  39.378|  406.893|  21.7|  -0.0|  651.7|-0.037|   9.4|  40.722|  41.100|190.06|  55.1|  518.5|  570.9|F2              |
|   |     |       |  2|47.95|46.94|  44.403|  35.922|  828.567|  21.7|   0.0| 1315.2|-0.071|  18.4|  43.045|  37.694|191.80|  59.5| 1051.5| 1155.5|F2F2            |
|  1| 7.01|    0.0|  1|47.27|46.59|  41.893|  39.216|  424.919|  21.2|  -0.0|  661.4|-0.036|   9.4|  40.742|  41.025|189.13|  55.2|  531.5|  583.2|F2              |
|   |     |       |  2|46.59|45.55|  44.542|  35.593|  865.527|  21.2|   0.0| 1335.5|-0.070|  18.4|  43.135|  37.450|190.95|  59.5| 1078.5| 1181.1|F2F2            |
|  1| 7.05|    0.0|  1|47.06|46.38|  41.982|  39.203|  428.713|  21.9|  -0.0|  664.4|-0.036|   9.3|  40.788|  41.012|189.38|  55.2|  534.9|  586.5|F2              |
|   |     |       |  2|46.38|45.33|  44.739|  35.570|  873.357|  21.9|   0.0| 1341.7|-0.070|  18.2|  43.282|  37.421|191.22|  59.5| 1085.5| 1188.0|F2F2            |
|  1| 7.09|    0.0|  1|46.85|46.16|  42.023|  39.177|  432.527|  22.1|  -0.0|  667.3|-0.036|   9.2|  40.804|  41.005|189.66|  55.2|  538.2|  589.9|F2              |
|   |     |       |  2|46.16|45.12|  44.834|  35.518|  881.247|  22.1|   0.0| 1348.0|-0.070|  18.0|  43.343|  37.390|191.54|  59.5| 1092.5| 1194.9|F2F2            |
|  1| 7.17|    0.0|  1|47.18|46.50|  41.876|  39.156|  430.590|  20.7|  -0.0|  668.6|-0.037|   9.0|  40.732|  40.998|190.96|  55.2|  538.3|  590.3|F2              |
|   |     |       |  2|46.50|45.45|  44.515|  35.468|  877.502|  20.7|   0.0| 1350.8|-0.072|  17.5|  43.118|  37.348|192.83|  59.5| 1092.7| 1196.0|F2F2            |
|  1| 7.29|    0.0|  1|48.75|48.08|  41.857|  39.304|  414.866|  21.4|  -0.0|  665.6|-0.040|   8.5|  40.728|  41.065|194.22|  55.1|  529.9|  583.3|F2              |
|   |     |       |  2|48.08|47.05|  44.456|  35.767|  845.662|  21.4|   0.0| 1344.7|-0.077|  16.6|  43.076|  37.583|196.13|  59.7| 1075.0| 1181.5|F2F2            |
|  1| 7.29|    0.0|  1|47.55|46.87|  41.978|  39.193|  429.611|  21.8|  -0.0|  672.0|-0.039|   8.6|  40.780|  41.016|192.89|  55.2|  539.8|  592.5|F2              |
|   |     |       |  2|46.87|45.82|  44.736|  35.545|  875.787|  21.8|   0.0| 1358.0|-0.075|  16.8|  43.270|  37.415|194.83|  59.7| 1095.8| 1200.5|F2F2            |
+---+-----+-------+---+-----+-----+--------+--------+---------+------+------+-------+------+------+--------+--------+------+------+-------+-------+----------------+
+---+-----+-------+---+-----+-----+--------+--------+---------+------+------+-------+------+------+--------+--------+------+------+-------+-------+----------------+
|0-x| fr  |  time |hop| d0  | d1  |   fi   |  teta  |   dist  |  at  |  dev |   p   |  df  |  l   |   fot  |   tot  |  rot | lsp  |   pf  |    s  |                |
+---+-----+-------+---+-----+-----+--------+--------+---------+------+------+-------+------+------+--------+--------+------+------+-------+-------+----------------+
|  1| 7.33|    0.0|  1|47.30|46.62|  41.865|  39.120|  433.973|  20.4|  -0.0|  675.2|-0.039|   8.5|  40.736|  40.962|192.99|  55.2|  543.5|  596.1|F2              |
|   |     |       |  2|46.62|45.56|  44.499|  35.391|  884.867|  20.4|   0.0| 1364.8|-0.075|  16.6|  43.104|  37.292|195.01|  59.7| 1103.5| 1208.2|F2F2            |
|  1| 7.33|    0.0|  1|47.73|47.05|  41.904|  39.183|  428.638|  21.1|  -0.0|  672.9|-0.039|   8.5|  40.742|  41.016|193.58|  55.2|  539.9|  592.8|F2              |
|   |     |       |  2|47.05|46.00|  44.578|  35.520|  873.934|  21.1|   0.0| 1359.9|-0.075|  16.6|  43.163|  37.388|195.51|  59.7| 1095.9| 1201.2|F2F2            |
|  1| 7.37|    0.0|  1|44.67|43.97|  42.653|  39.002|  469.408|  26.0|  -0.1|  693.8|-0.037|   8.7|  41.103|  40.911|190.56|  55.4|  569.2|  620.1|F2              |
|   |     |       |  2|43.97|42.89|  46.257|  35.188|  957.281|  26.0|  -0.1| 1403.3|-0.072|  16.9|  44.346|  37.130|192.71|  59.5| 1156.9| 1257.8|F2F2            |
|  1| 7.37|    0.0|  1|49.78|49.12|  41.657|  39.346|  405.220|  19.8|   0.0|  665.0|-0.041|   8.2|  40.633|  41.086|196.40|  55.0|  524.9|  579.6|F2              |
|   |     |       |  2|49.12|48.09|  44.016|  35.843|  826.266|  19.9|   0.1| 1343.4|-0.079|  16.1|  42.763|  37.643|198.31|  59.9| 1064.9| 1173.9|F2F2            |
|  1| 7.41|    0.0|  1|46.76|46.07|  42.205|  39.122|  443.395|  23.3|  -0.0|  682.3|-0.039|   8.4|  40.885|  40.982|193.49|  55.2|  551.5|  604.0|F2              |
|   |     |       |  2|46.07|45.01|  45.250|  35.408|  904.282|  23.3|  -0.0| 1379.6|-0.075|  16.3|  43.636|  37.303|195.54|  59.7| 1120.1| 1224.6|F2F2            |
|  1| 7.49|    0.0|  1|45.06|44.37|  41.949|  38.814|  467.822|  19.5|  -0.0|  696.2|-0.038|   8.3|  40.768|  40.817|192.27|  55.4|  570.0|  621.4|F2              |
|   |     |       |  2|44.37|43.25|  44.735|  34.764|  954.730|  19.5|   0.0| 1409.0|-0.073|  16.2|  43.252|  36.829|194.49|  59.6| 1158.9| 1261.1|F2F2            |
|  1| 7.53|    0.0|  1|45.03|44.33|  42.312|  38.893|  469.606|  22.8|  -0.0|  698.5|-0.038|   8.2|  40.939|  40.858|192.80|  55.4|  572.0|  623.6|F2              |
|   |     |       |  2|44.33|43.23|  45.527|  34.942|  958.374|  22.8|  -0.0| 1413.6|-0.074|  16.0|  43.818|  36.955|195.04|  59.6| 1163.0| 1265.5|F2F2            |
|  1| 7.57|    0.0|  1|45.06|44.36|  42.082|  38.822|  470.483|  20.6|  -0.0|  700.1|-0.039|   8.1|  40.830|  40.822|193.26|  55.4|  573.2|  625.0|F2              |
|   |     |       |  2|44.36|43.25|  45.031|  34.783|  960.415|  20.6|   0.0| 1417.2|-0.074|  15.8|  43.462|  36.841|195.52|  59.7| 1165.7| 1268.6|F2F2            |
|  1| 7.61|    0.0|  1|46.08|45.39|  41.807|  38.868|  458.677|  18.6|   0.0|  696.0|-0.040|   7.9|  40.699|  40.847|195.00|  55.3|  565.5|  618.3|F2              |
|   |     |       |  2|45.39|44.28|  44.414|  34.865|  936.436|  18.7|   0.1| 1408.8|-0.077|  15.5|  43.020|  36.918|197.25|  59.8| 1149.7| 1254.8|F2F2            |
|  1| 7.65|    0.0|  1|47.49|46.80|  42.092|  39.096|  442.756|  22.2|  -0.0|  691.2|-0.042|   7.8|  40.839|  40.958|197.39|  55.2|  555.2|  609.6|F2              |
|   |     |       |  2|46.80|45.72|  45.013|  35.341|  903.917|  22.2|   0.0| 1398.7|-0.081|  15.1|  43.461|  37.262|199.60|  59.9| 1128.2| 1236.6|F2F2            |
+---+-----+-------+---+-----+-----+--------+--------+---------+------+------+-------+------+------+--------+--------+------+------+-------+-------+----------------+
+---+-----+-------+---+-----+-----+--------+--------+---------+------+------+-------+------+------+--------+--------+------+------+-------+-------+----------------+
|0-x| fr  |  time |hop| d0  | d1  |   fi   |  teta  |   dist  |  at  |  dev |   p   |  df  |  l   |   fot  |   tot  |  rot | lsp  |   pf  |    s  |                |
+---+-----+-------+---+-----+-----+--------+--------+---------+------+------+-------+------+------+--------+--------+------+------+-------+-------+----------------+
|  1| 7.69|    0.0|  1|44.17|43.46|  42.325|  38.731|  486.357|  22.0|  -0.0|  711.7|-0.039|   7.9|  40.936|  40.789|193.60|  55.5|  586.7|  638.1|F2              |
|   |     |       |  2|43.46|42.33|  45.589|  34.607|  993.338|  22.0|  -0.0| 1441.7|-0.075|  15.4|  43.846|  36.713|196.00|  59.7| 1193.8| 1296.0|F2F2            |
|  1| 7.73|    0.0|  1|46.33|45.63|  42.162|  38.945|  460.023|  21.9|  -0.0|  701.4|-0.041|   7.7|  40.869|  40.883|196.92|  55.3|  568.6|  622.2|F2              |
|   |     |       |  2|45.63|44.53|  45.191|  35.035|  939.568|  21.9|   0.0| 1420.3|-0.080|  15.0|  43.577|  37.035|199.25|  59.9| 1156.1| 1263.1|F2F2            |
|  1| 7.77|    0.0|  1|41.52|40.79|  42.772|  38.469|  525.929|  23.8|  -0.0|  734.8|-0.037|   8.0|  41.161|  40.628|190.95|  55.8|  617.3|  666.6|F2              |
|   |     |       |  2|40.79|39.61|  46.642|  34.093| 1074.847|  23.8|  -0.0| 1490.2|-0.071|  15.5|  44.568|  36.323|193.64|  59.5| 1257.9| 1355.6|F2F2            |
|  1| 7.77|    0.0|  1|46.68|45.98|  42.310|  39.015|  457.282|  23.5|  -0.0|  702.1|-0.042|   7.6|  40.954|  40.897|197.84|  55.2|  567.4|  621.6|F2              |
|   |     |       |  2|45.98|44.88|  45.509|  35.184|  934.061|  23.5|  -0.0| 1421.8|-0.081|  14.8|  43.809|  37.141|200.28|  60.0| 1153.6| 1261.9|F2F2            |
|  1| 7.81|    0.0|  1|44.32|43.63|  41.551|  38.533|  488.402|  15.1|   0.0|  716.5|-0.040|   7.7|  40.570|  40.690|195.08|  55.4|  590.0|  642.0|F2              |
|   |     |       |  2|43.63|42.45|  43.893|  34.162|  998.271|  15.2|   0.1| 1452.4|-0.076|  14.9|  42.638|  36.393|197.54|  59.8| 1201.1| 1304.7|F2F2            |
|  1| 7.81|    0.0|  1|45.41|44.71|  42.116|  38.790|  474.574|  20.7|  -0.0|  710.7|-0.041|   7.6|  40.837|  40.820|196.70|  55.3|  580.2|  633.3|F2              |
|   |     |       |  2|44.71|43.57|  45.118|  34.713|  969.766|  20.7|   0.0| 1439.9|-0.079|  14.7|  43.517|  36.794|199.11|  59.9| 1180.5| 1286.4|F2F2            |
|  1| 7.89|    0.0|  1|46.74|46.04|  41.916|  38.868|  461.343|  19.5|   0.0|  709.1|-0.043|   7.3|  40.751|  40.847|199.52|  55.2|  572.2|  627.3|F2              |
|   |     |       |  2|46.04|44.90|  44.666|  34.859|  943.236|  19.6|   0.1| 1437.0|-0.083|  14.3|  43.199|  36.910|201.95|  60.0| 1164.1| 1274.3|F2F2            |
|  1| 7.89|    0.0|  1|47.22|46.52|  41.991|  38.943|  455.627|  20.5|  -0.0|  707.2|-0.044|   7.3|  40.782|  40.893|200.23|  55.2|  568.3|  624.0|F2              |
|   |     |       |  2|46.52|45.39|  44.821|  35.014|  931.558|  20.5|   0.0| 1432.9|-0.084|  14.2|  43.312|  37.025|202.63|  60.1| 1155.9| 1267.3|F2F2            |
|  1| 7.89|    0.0|  1|48.97|48.27|  41.921|  39.122|  435.347|  20.9|  -0.0|  701.2|-0.045|   7.2|  40.753|  40.979|202.67|  55.0|  554.5|  612.3|F2              |
|   |     |       |  2|48.27|47.16|  44.643|  35.374|  890.404|  20.9|   0.0| 1420.7|-0.088|  14.1|  43.192|  37.300|205.04|  60.3| 1127.5| 1243.3|F2F2            |
|  1| 7.89|    0.0|  1|45.82|45.12|  42.051|  38.793|  472.588|  20.2|  -0.0|  713.3|-0.042|   7.4|  40.816|  40.806|198.24|  55.3|  580.1|  634.2|F2              |
|   |     |       |  2|45.12|43.97|  44.975|  34.712|  966.142|  20.2|   0.0| 1445.6|-0.081|  14.4|  43.413|  36.800|200.73|  60.0| 1180.5| 1288.4|F2F2            |
+---+-----+-------+---+-----+-----+--------+--------+---------+------+------+-------+------+------+--------+--------+------+------+-------+-------+----------------+
+---+-----+-------+---+-----+-----+--------+--------+---------+------+------+-------+------+------+--------+--------+------+------+-------+-------+----------------+
|0-x| fr  |  time |hop| d0  | d1  |   fi   |  teta  |   dist  |  at  |  dev |   p   |  df  |  l   |   fot  |   tot  |  rot | lsp  |   pf  |    s  |                |
+---+-----+-------+---+-----+-----+--------+--------+---------+------+------+-------+------+------+--------+--------+------+------+-------+-------+----------------+
|  1| 7.92|    0.0|  1|49.20|48.50|  41.638|  39.060|  434.588|  18.1|   0.0|  703.5|-0.046|   7.1|  40.615|  40.955|203.53|  55.0|  554.7|  613.2|F2              |
|   |     |       |  2|48.50|47.37|  44.028|  35.232|  889.344|  18.2|   0.1| 1425.9|-0.089|  13.9|  42.752|  37.199|205.92|  60.3| 1128.1| 1245.5|F2F2            |
|  1| 7.92|    0.0|  1|47.68|46.98|  42.013|  38.984|  451.974|  20.9|  -0.0|  708.2|-0.044|   7.2|  40.810|  40.884|201.32|  55.1|  566.5|  623.1|F2              |
|   |     |       |  2|46.98|45.85|  44.865|  35.096|  924.417|  20.9|   0.0| 1435.3|-0.086|  14.1|  43.342|  37.091|203.87|  60.2| 1152.3| 1265.6|F2F2            |
|  1| 7.92|    0.0|  1|45.72|45.01|  42.143|  38.789|  475.488|  20.9|  -0.0|  716.2|-0.042|   7.3|  40.859|  40.803|198.64|  55.3|  582.8|  637.0|F2              |
|   |     |       |  2|45.01|43.87|  45.182|  34.706|  972.257|  20.9|   0.0| 1452.0|-0.082|  14.3|  43.558|  36.795|201.17|  60.0| 1186.2| 1294.5|F2F2            |
|  1| 7.96|    0.0|  1|45.27|44.57|  41.733|  38.624|  482.588|  16.9|   0.0|  720.6|-0.042|   7.3|  40.678|  40.691|198.24|  55.3|  588.4|  642.4|F2              |
|   |     |       |  2|44.57|43.39|  44.295|  34.348|  987.174|  17.0|   0.1| 1461.5|-0.081|  14.1|  42.923|  36.533|201.00|  60.0| 1198.2| 1305.9|F2F2            |
|  1| 8.00|    0.0|  1|47.68|46.98|  41.770|  38.889|  455.585|  18.4|   0.0|  713.8|-0.045|   7.1|  40.699|  40.825|202.29|  55.1|  570.3|  627.6|F2              |
|   |     |       |  2|46.98|45.82|  44.345|  34.887|  932.534|  18.5|   0.1| 1447.7|-0.087|  13.8|  42.967|  36.942|205.03|  60.2| 1160.7| 1275.6|F2F2            |
|  1| 8.04|    0.0|  1|44.14|43.44|  41.563|  38.426|  500.061|  14.8|   0.0|  731.1|-0.041|   7.2|  40.594|  40.588|197.56|  55.4|  602.2|  655.3|F2              |
|   |     |       |  2|43.44|42.22|  43.942|  33.932| 1023.456|  14.9|   0.1| 1483.8|-0.079|  14.0|  42.662|  36.230|200.47|  59.9| 1227.4| 1333.3|F2F2            |
|  1| 8.08|    0.0|  1|41.72|41.01|  41.244|  38.063|  533.734|  11.4|   0.1|  748.0|-0.039|   7.3|  40.421|  40.457|194.63|  55.7|  627.7|  678.2|F2              |
|   |     |       |  2|41.01|39.75|  43.265|  33.173| 1092.834|  11.5|   0.2| 1519.4|-0.074|  14.2|  42.172|  35.668|197.47|  59.7| 1280.8| 1381.2|F2F2            |
|  1| 8.12|    0.0|  1|47.56|46.85|  41.719|  38.809|  462.834|  17.6|   0.0|  723.4|-0.046|   6.9|  40.673|  40.784|203.84|  55.0|  577.4|  635.7|F2              |
|   |     |       |  2|46.85|45.66|  44.249|  34.711|  948.450|  17.7|   0.1| 1468.5|-0.089|  13.4|  42.891|  36.819|206.73|  60.3| 1176.1| 1293.3|F2F2            |
|  1| 8.12|    0.0|  1|45.73|45.03|  41.323|  38.537|  483.821|  13.4|   0.1|  728.9|-0.044|   7.0|  40.466|  40.682|201.14|  55.2|  591.9|  647.6|F2              |
|   |     |       |  2|45.03|43.82|  43.394|  34.143|  990.978|  13.5|   0.2| 1479.7|-0.084|  13.5|  42.278|  36.398|203.87|  60.1| 1206.1| 1317.7|F2F2            |
|  1| 8.12|    0.0|  1|46.24|45.54|  41.439|  38.612|  477.834|  14.6|   0.1|  727.1|-0.045|   6.9|  40.518|  40.728|201.96|  55.2|  587.7|  644.1|F2              |
|   |     |       |  2|45.54|44.33|  43.646|  34.300|  978.833|  14.6|   0.1| 1476.1|-0.085|  13.5|  42.458|  36.514|204.66|  60.2| 1197.5| 1310.5|F2F2            |
+---+-----+-------+---+-----+-----+--------+--------+---------+------+------+-------+------+------+--------+--------+------+------+-------+-------+----------------+
+---+-----+-------+---+-----+-----+--------+--------+---------+------+------+-------+------+------+--------+--------+------+------+-------+-------+----------------+