 5.144  0 27.73 27.54  430.10   20.94  0.00  43.2 E               
 5.184  0 30.11 27.97  880.79   18.46  0.00  13.9 F2              
 5.224  0 32.73 30.94  790.95   25.90  0.00  26.9 F2              
 5.303  0 24.61 24.49  463.97   21.42  0.00  37.4 E               
 5.303  0 28.73 28.09  544.63   22.97  0.00  10.9 E               
 5.343  0 30.27 28.30  863.12   21.96  0.00  24.4 F2              
 5.383  0 19.75 19.69  546.51   24.41  0.00  36.0 E               
 5.542  0 26.72 26.37  500.19   20.44  0.00  25.5 E               
 5.581  0 25.98 25.72  486.15   21.53  0.00  33.2 E               
 5.621  0 27.76 25.64  958.69   20.23  0.00  21.5 F2              
 5.661  0 28.17 26.10  941.10   18.54  0.00  25.0 F2              
 5.700  0 27.03 24.83  993.45   18.03  0.00  19.4 F2              
 5.740  0 27.17 25.03  983.01   19.83  0.00  22.7 F2              
 5.820  0 26.16 23.91 1044.64   22.70  0.00  16.6 F2              
 5.899  0 29.35 27.53  892.39   19.37  0.00  28.7 F2              
 5.939  0 34.77 33.70  659.62   28.69  0.00  34.3 F2              
 5.939  0 25.71 23.44 1053.27   16.92  0.00  20.5 F2              
 5.978  0 25.80 23.61 1046.57   21.90  0.00  22.6 F2              
 6.018  0 31.54 30.14  776.24   20.00  0.00  30.8 F2              
 6.018  0 29.25 27.51  889.20   20.67  0.00  29.2 F2              
 6.058  0 25.13 22.89 1083.91   22.89  0.00  20.4 F2              
 6.098  0 31.49 30.15  763.09   12.21  0.00  31.6 F2              
 6.217  0 31.63 30.40  745.88   20.40  0.00  32.8 F2              
 6.376  0 28.90 27.39  864.79   19.18  0.00  30.4 F2              
 6.416  0 30.88 29.69  757.72   18.69  0.00  33.6 F2              
 6.455  0 16.94 16.87  645.02   21.91  0.00  37.1 E               
 6.455  0 29.62 28.30  811.46   17.99  0.00  32.0 F2              
 6.495  0 27.47 25.81  935.21   20.66  0.00  30.1 F2              
 6.495  0 30.19 28.97  779.47   17.49  0.00  33.3 F2              
 6.535  0 26.47 24.68  990.84   22.14  0.00  29.3 F2              
 6.574  0 27.68 26.13  910.47   21.66  0.00  30.3 F2              
 6.614  0 28.36 26.97  860.37   20.07  0.00  31.5 F2              
 6.614  0 29.12 27.85  819.55   21.88  0.00  32.6 F2              
 6.654  0 26.94 25.31  946.11   20.36  0.00  30.0 F2              
 6.654  0 28.34 26.97  855.27   18.98  0.00  31.8 F2              
 6.694  0 26.85 25.24  945.68   20.26  0.00  30.1 F2              
 6.694  0 28.88 27.62  822.09   19.98  0.00  33.0 F2              
 6.773  0 29.73 28.60  782.05   22.38  0.00  35.2 F2              
 6.932  0 25.16 23.40 1027.40   17.65  0.00  30.0 F2              
 7.011  0 28.05 26.85  834.98   17.38  0.00  34.6 F2              
 7.170  0 25.72 24.29  946.87   19.06  0.00  31.9 F2              
 7.250  0 23.12 21.18 1140.81   20.02  0.00  29.5 F2              
 7.289  0 21.96 19.77 1232.32   19.80  0.00  28.4 F2              
 7.329  0 22.60 20.60 1173.84   20.41  0.00  29.2 F2              
 7.369  0 24.68 23.20  991.69   18.65  0.00  31.7 F2              
 7.409  0 21.53 19.33 1257.14   20.49  0.00  28.4 F2              
 7.488  0 24.53 23.11  986.53   19.55  0.00  32.4 F2              
 7.528  0 23.87 22.35 1030.81   20.34  0.00  31.5 F2              
 7.567  0 23.54 21.97 1050.76   19.24  0.00  31.3 F2              
 7.647  0 23.64 22.18 1033.57   24.73  0.00  31.8 F2              
 7.687  0 25.05 23.79  940.17   19.55  0.00  34.9 F2              
 7.726  0 23.48 22.02 1032.72   20.54  0.00  32.3 F2              
 7.766  0 24.06 22.72  989.19   19.94  0.00  33.7 F2              
 7.806  0 26.49 25.38  876.75   17.47  0.00  36.9 F2              
 7.845  0 22.11 20.43 1132.81   21.22  0.00  30.7 F2              
 7.885  0 24.51 23.26  959.43   20.95  0.00  35.3 F2              
 7.925  0 24.17 22.90  974.66   20.45  0.00  35.1 F2              
 7.965  0 23.68 22.36  998.70   20.14  0.00  34.6 F2              
 8.004  0 23.95 22.68  982.82   19.95  0.00  35.2 F2              
 8.084  0 22.84 21.46 1041.69   20.53  0.00  33.8 F2              
 8.123  0 23.54 22.26  999.94   20.64  0.00  35.3 F2              
 8.163  0 24.01 22.79  975.93   20.94  0.00  35.9 F2              
 8.203  0 22.82 21.48 1035.80   19.84  0.00  34.7 F2              
 8.243  0 23.99 22.78  975.19   20.65  0.00  36.2 F2              
 8.283  0 22.96 21.66 1024.99   19.64  0.00  35.3 F2              
 8.322  0 24.10 22.92  969.08   21.55  0.00  36.6 F2              
 8.362  0 23.63 22.42  989.95   21.14  0.00  36.2 F2              
 8.402  0 23.21 21.96 1009.17   19.64  0.00  36.0 F2              
 8.441  0 24.17 23.02  964.64   20.55  0.00  37.0 F2              
 8.481  0 24.85 23.76  937.14   21.35  0.00  37.7 F2              
 8.521  0 27.29 26.32  855.86   20.77  0.00  39.6 F2              
 8.521  0 19.77 17.98 1253.97   19.71  0.00  30.9 F2              
 8.561  0 24.55 23.44  948.75   19.85  0.00  37.7 F2              
 8.600  0 25.29 24.24  921.56   21.55  0.00  38.4 F2              
 8.640  0 19.61 17.87 1250.96   20.01  0.00  31.4 F2              
 8.640  0 23.04 21.83 1013.69   20.54  0.00  36.6 F2              
 8.680  0 25.53 24.49  913.76   19.26  0.00  38.8 F2              
 8.759  0 25.73 24.71  908.46   21.16  0.00  39.1 F2              
 8.799  0 22.30 21.05 1047.79   19.44  0.00  36.4 F2              
 8.799  0 25.49 24.46  917.09   21.26  0.00  39.0 F2              
 8.839  0 24.62 23.55  948.09   20.15  0.00  38.5 F2              
 8.918  0 25.55 24.53  916.99   20.16  0.00  39.3 F2              
 8.958  0 23.32 22.19 1000.37   21.04  0.00  37.8 F2              
 8.998  0 26.43 25.45  891.32   20.66  0.00  40.0 F2              
 9.037  0 24.35 23.28  960.67   21.15  0.00  38.8 F2              
 9.077  0 25.17 24.15  932.65   20.76  0.00  39.4 F2              
 9.196  0 28.45 27.53  842.82   21.37  0.00  41.3 F2              
 9.236  0 27.76 26.83  861.33   20.97  0.00  41.1 F2              
 9.276  0 26.95 25.99  883.97   20.47  0.00  40.8 F2              
 9.315  0 24.59 23.55  957.13   20.75  0.00  39.5 F2              
 9.355  0 28.61 27.70  844.44   21.57  0.00  41.6 F2              
 9.395  0 25.44 24.44  931.34   20.76  0.00  40.1 F2              
 9.434  0 28.30 27.38  854.66   21.17  0.00  41.6 F2              
 9.514  0 29.00 28.09  841.39   21.07  0.00  42.0 F2              
 9.554  0 24.66 23.63  960.38   20.45  0.00  40.0 F2              
 9.593  0 26.38 25.42  909.67   21.86  0.00  40.9 F2              
 9.633  0 23.57 22.50 1000.13   20.35  0.00  39.4 F2              
 9.673  0 26.37 25.40  912.50   20.86  0.00  41.1 F2              
 9.712  0 27.51 26.57  884.17   20.87  0.00  41.6 F2              
 9.752  0 27.11 26.16  895.69   20.57  0.00  41.5 F2              
 9.792  0 29.56 28.65  841.27   21.38  0.00  42.7 F2              
 9.832  0 26.62 25.66  911.33   20.66  0.00  41.4 F2              
 9.871  0 29.86 28.95  839.08   21.38  0.00  42.9 F2              
 9.911  0 26.22 25.25  924.99   21.66  0.00  41.3 F2              
 9.951  0 29.23 28.31  855.51   22.17  0.00  42.7 F2              
 9.991  0 26.67 25.71  916.07   20.56  0.00  41.6 F2              
10.030  0 28.10 27.16  883.42   21.27  0.00  42.3 F2              
10.070  0 26.72 25.76  917.99   20.86  0.00  41.8 F2              
10.110  0 28.20 27.26  884.87   21.47  0.00  42.5 F2              
10.150  0 26.75 25.79  920.53   21.26  0.00  41.9 F2              
10.189  0 27.92 26.97  894.79   21.37  0.00  42.5 F2              
10.229  0 26.18 25.20  938.36   20.76  0.00  41.7 F2              
10.308  0 26.09 25.11  944.03   21.36  0.00  41.8 F2              
10.348  0 26.63 25.66  932.14   20.96  0.00  42.1 F2              
10.428  0 24.47 23.45  994.16   20.45  0.00  41.1 F2              
10.467  0 25.63 24.64  962.89   21.66  0.00  41.8 F2              
10.507  0 24.81 23.80  987.24   21.35  0.00  41.4 F2              
10.547  0 25.61 24.61  966.88   21.46  0.00  41.9 F2              
10.587  0 25.56 24.57  969.96   22.55  0.00  41.9 F2              
10.626  0 24.92 23.91  989.05   21.05  0.00  41.6 F2              
10.666  0 25.39 24.38  978.01   21.26  0.00  41.9 F2              
10.706  0 25.29 24.28  982.46   22.15  0.00  41.9 F2              
10.745  0 25.01 23.99  991.79   21.05  0.00  41.8 F2              
10.785  0 25.48 24.47  981.22   21.16  0.00  42.1 F2              
10.825  0 25.04 24.02  994.61   20.95  0.00  41.9 F2              
10.865  0 24.69 23.66 1005.97   19.96  0.00  41.8 F2              
10.904  0 33.71 32.17 1008.84   19.20  0.00  31.0 F2              
10.904  0 24.80 23.77 1004.79   20.16  0.00  41.9 F2              
10.944  0 25.68 24.66  984.19   20.86  0.00  42.4 F2              
10.984  0 24.07 23.02 1028.98   20.25  0.00  41.6 F2              
11.023  0 32.21 31.00  935.32   19.79  0.00  40.6 F2              
11.023  0 24.38 23.34 1021.95   20.25  0.00  41.8 F2              
11.063  0 24.73 23.69 1014.34   20.35  0.00  42.1 F2              
11.103  0 24.63 23.59 1018.98   19.96  0.00  42.1 F2              
11.143  0 24.89 23.85 1014.18   21.05  0.00  42.3 F2              
11.182  0 24.70 23.66 1021.15   21.05  0.00  42.2 F2              
11.222  0 32.26 30.76 1032.13   19.48  0.00  32.7 F2              
11.222  0 25.09 24.05 1013.45   20.46  0.00  42.5 F2              
11.262  0 32.24 30.62 1071.83   19.58  0.00  30.1 F2              
11.262  0 25.28 24.24 1011.14   20.16  0.00  42.7 F2              
11.301  0 31.77 30.35 1018.59   19.58  0.00  34.8 F2              
11.301  0 25.49 24.45 1008.62   20.16  0.00  42.9 F2              
11.341  0 31.49 30.11 1011.67   19.58  0.00  36.0 F2              
11.341  0 25.63 24.59 1007.91   20.76  0.00  43.1 F2              
11.381  0 31.28 29.92 1012.47   19.68  0.00  36.5 F2              
11.381  0 26.47 25.42  993.82   20.16  0.00  43.9 F2              
11.421  0 30.71 29.44  993.60   19.38  0.00  39.6 F2              
11.421  0 27.09 26.03  986.61   19.96  0.00  44.7 F2              
11.460  0 30.87 29.52 1016.04   19.68  0.00  37.3 F2              
11.460  0 25.87 24.82 1010.64   20.96  0.00  43.5 F2              
11.500  0 30.55 29.24 1011.13   19.78  0.00  38.6 F2              
11.500  0 26.38 25.32 1004.06   20.76  0.00  44.1 F2              
11.540  0 30.27 28.98 1010.58   19.48  0.00  39.4 F2              
11.540  0 27.40 26.32  992.71   21.16  0.00  45.9 F2              
11.579  0 30.07 28.79 1013.66   19.67  0.00  39.8 F2              
11.579  0 26.94 25.86 1002.08   20.16  0.00  45.3 F2              
11.619  0 29.84 28.56 1016.06   19.47  0.00  40.3 F2              
11.619  0 26.68 25.60 1009.06   20.06  0.00  45.0 F2              
11.659  0 29.78 28.49 1024.60   19.97  0.00  39.7 F2              
11.659  0 26.52 25.43 1014.64   20.56  0.00  45.0 F2              
11.699  0 28.94 27.73 1011.63   19.87  0.00  44.5 F2              
11.699  0 26.98 25.88 1012.68   19.86  0.00  46.3 F2              
11.738  0 27.12 26.00 1015.32   20.06  0.00  47.1 F2              
11.778  0 28.03 26.86 1017.07   19.87  0.00  52.0 F2              
11.818  0 27.93 26.76 1022.52   19.87  0.00  51.1 F2              
