 4.906  1 42.96 39.34 1078.46   23.14  0.43 -11.6 F2F2            
 4.946  1 42.23 38.70 1105.87   29.05  0.43 -11.1 F2F2            
 4.985  1 43.94 40.57 1028.42   22.07  0.43  -6.4 F2F2            
 5.065  1 41.54 37.85 1138.03   18.85  0.43  -7.3 F2F2            
 5.105  1 44.56 41.56  980.68   23.53  0.43  -1.3 F2F2            
 5.144  1 53.49 51.59  649.18   27.30  0.43   7.0 F2F2            
 5.184  1 41.67 38.23 1117.27   19.99  0.43  -2.4 F2F2            
 5.224  1 38.15 34.14 1305.01   22.52  0.43  -7.9 F2F2            
 5.303  1 40.78 37.41 1146.63   21.48  0.43  -0.0 F2F2            
 5.343  1 38.74 35.01 1261.06   21.53  0.43  -2.1 F2F2            
 5.383  1 41.96 39.02 1060.74   21.37  0.43   4.5 F2F2            
 5.581  1 46.06 43.99  855.26   24.59  0.43  12.3 F2F2            
 5.581  1 45.76 43.63  865.24   19.69  0.43  12.2 F2F2            
 5.621  1 42.51 40.17  984.04   27.18  0.43  12.0 F2F2            
 5.661  1 45.02 42.91  888.24   22.83  0.43  13.1 F2F2            
 5.700  1 46.73 44.75  833.77   22.18  0.43  14.7 F2F2            
 5.740  1 45.61 43.56  868.47   17.27  0.43  14.8 F2F2            
 5.740  1 40.43 37.84 1072.77   17.77  0.43  13.1 F2F2            
 5.899  1 40.16 37.74 1067.61   20.55  0.43  15.1 F2F2            
 5.939  1 49.61 47.86  757.31   20.87  0.43  18.7 F2F2            
 5.978  1 43.62 41.56  933.08   17.38  0.43  17.4 F2F2            
 6.018  1 44.58 42.62  902.10   23.68  0.43  18.2 F2F2            
 6.058  1 44.53 42.56  904.26   18.77  0.43  18.7 F2F2            
 6.098  1 47.73 45.94  811.90   20.09  0.43  20.0 F2F2            
 6.137  1 29.35 24.09 1893.14   13.10  0.43  -1.1 F2F2            
 6.177  1 44.54 42.61  906.10   18.00  0.43  20.0 F2F2            
 6.217  1 42.02 40.02  988.58   28.20  0.43  19.5 F2F2            
 6.217  1 46.64 44.84  845.76   23.13  0.43  20.9 F2F2            
 6.257  1 44.98 43.10  894.86   19.58  0.43  20.9 F2F2            
 6.296  1 46.23 44.42  859.94   21.27  0.43  21.6 F2F2            
 6.336  1 41.94 39.92  993.50   22.31  0.43  20.7 F2F2            
 6.376  1 49.33 47.65  780.03   16.01  0.43  23.0 F2F2            
 6.376  1 45.27 43.44  890.17   22.54  0.43  22.1 F2F2            
 6.416  1 46.30 44.51  862.08   15.68  0.43  22.7 F2F2            
 6.455  1 46.60 44.83  855.63   20.40  0.43  23.0 F2F2            
 6.495  1 46.29 44.51  865.83   20.40  0.43  23.3 F2F2            
 6.535  1 46.37 44.60  865.34   20.99  0.43  23.6 F2F2            
 6.574  1 44.03 42.17  934.05   22.06  0.43  23.4 F2F2            
 6.614  1 46.07 44.30  877.13   20.80  0.43  24.2 F2F2            
 6.654  1 45.34 43.54  899.33   21.38  0.43  24.3 F2F2            
 6.694  1 47.01 45.28  855.35   21.79  0.43  24.9 F2F2            
 6.733  1 46.03 44.27  883.85   23.75  0.43  25.0 F2F2            
 6.773  1 42.10 40.19 1001.44   22.94  0.43  24.4 F2F2            
 6.972  1 48.62 46.94  828.57   21.72  0.43  26.8 F2F2            
 7.011  1 47.27 45.55  865.53   21.22  0.43  26.9 F2F2            
 7.051  1 47.06 45.33  873.36   21.91  0.43  27.1 F2F2            
 7.091  1 46.85 45.12  881.25   22.10  0.43  27.2 F2F2            
 7.170  1 47.18 45.45  877.50   20.73  0.43  27.7 F2F2            
 7.289  1 48.75 47.05  845.66   21.43  0.43  28.3 F2F2            
 7.289  1 47.55 45.82  875.79   21.82  0.43  28.3 F2F2            
 7.329  1 47.30 45.56  884.87   20.44  0.43  28.4 F2F2            
 7.329  1 47.73 46.00  873.93   21.13  0.43  28.5 F2F2            
 7.369  1 44.67 42.89  957.28   26.03  0.43  28.3 F2F2            
 7.369  1 49.78 48.09  826.27   19.87  0.43  28.7 F2F2            
 7.409  1 46.76 45.01  904.28   23.29  0.43  28.7 F2F2            
 7.488  1 45.06 43.25  954.73   19.54  0.43  28.9 F2F2            
 7.528  1 45.03 43.23  958.37   22.79  0.43  29.1 F2F2            
 7.567  1 45.06 43.25  960.42   20.62  0.43  29.2 F2F2            
 7.607  1 46.08 44.28  936.44   18.67  0.43  29.5 F2F2            
 7.647  1 47.49 45.72  903.92   22.21  0.43  29.6 F2F2            
 7.687  1 44.17 42.33  993.34   22.00  0.43  29.6 F2F2            
 7.726  1 46.33 44.53  939.57   21.91  0.43  29.9 F2F2            
 7.766  1 41.52 39.61 1074.85   23.76  0.43  29.7 F2F2            
 7.766  1 46.68 44.88  934.06   23.48  0.43  30.0 F2F2            
 7.806  1 44.32 42.45  998.27   15.22  0.43  30.1 F2F2            
 7.806  1 45.41 43.57  969.77   20.72  0.43  30.1 F2F2            
 7.885  1 46.74 44.90  943.24   19.55  0.43  30.4 F2F2            
 7.885  1 47.22 45.39  931.56   20.54  0.43  30.4 F2F2            
 7.885  1 48.97 47.16  890.40   20.93  0.43  30.4 F2F2            
 7.885  1 45.82 43.97  966.14   20.23  0.43  30.4 F2F2            
 7.925  1 49.20 47.37  889.34   18.19  0.43  30.5 F2F2            
 7.925  1 47.68 45.85  924.42   20.93  0.43  30.5 F2F2            
 7.925  1 45.72 43.87  972.26   20.92  0.43  30.5 F2F2            
 7.965  1 45.27 43.39  987.17   16.99  0.43  30.6 F2F2            
 8.004  1 47.68 45.82  932.53   18.47  0.43  30.7 F2F2            
 8.044  1 44.14 42.22 1023.46   14.92  0.43  30.8 F2F2            
 8.084  1 41.72 39.75 1092.83   11.46  0.43  30.8 F2F2            
 8.123  1 47.56 45.66  948.45   17.69  0.43  31.0 F2F2            
 8.123  1 45.73 43.82  990.98   13.46  0.43  31.0 F2F2            
 8.123  1 46.24 44.33  978.83   14.64  0.43  31.0 F2F2            
