
[strDate]   [strTime]    [Frq_rpu]   [Frq_meg]    [Band]  [E]   [S_N] [Att]  [B]     [A]    [S0]  [aIRI0]   [Lat0]  [Lon0]   [S1]  [aIRI1]  [Lat1]  [Lon1]   [S2]  [aIRI2]  [Lat2]  [Lon2] [Sigm] [Time_sec]       [Cource] [BaseLat] [BaseLon] [TypeSignalName]    [Delay]
08.02.2017 09:56:09.142  4.82660003  4826.46911   0.01  -91.7    6.3  28.0 28.59   23.8     0.0   23.80    0.00    0.00     0.0   23.80    0.00    0.00     0.0   23.80    0.00    0.00   13.0     35769.142      5.50   47.24000   39.71000  "Undefined"           3.65
08.02.2017 09:56:09.342  4.86640001  4866.26909   0.01  -90.2    7.8  28.0 19.89   22.1     0.0   22.09    0.00    0.00     0.0   22.09    0.00    0.00     0.0   22.09    0.00    0.00   22.9     35769.342      5.50   47.24000   39.71000  "Undefined"           3.65
08.02.2017 09:56:09.539  4.90600000  4905.86908   0.01  -89.8    8.2  28.0 20.92   23.5     0.0   23.46    0.00    0.00     0.0   23.46    0.00    0.00     0.0   23.46    0.00    0.00   11.9     35769.539      5.50   47.24000   39.71000  "Undefined"           3.65
08.02.2017 09:56:09.739  4.94580002  4945.66910   0.01  -84.1    7.9  28.0 31.47   21.4     0.0   21.44    0.00    0.00     0.0   21.44    0.00    0.00     0.0   21.44    0.00    0.00   18.7     35769.739      5.50   47.24000   39.71000  "Undefined"           3.65
08.02.2017 09:56:09.937  4.98540001  4985.26909   0.01  -86.8    9.2  28.0 25.97   24.3     0.0   24.30    0.00    0.00     0.0   24.30    0.00    0.00     0.0   24.30    0.00    0.00    5.9     35769.937      5.50   47.24000   39.71000  "Undefined"           3.65
08.02.2017 09:56:10.335  5.06500001  5064.86909   0.01  -88.5   11.5  28.0 26.38   22.7     0.0   22.75    0.00    0.00     0.0   22.75    0.00    0.00     0.0   22.75    0.00    0.00    6.3     35770.335      5.50   47.24000   39.71000  "Undefined"           3.65
08.02.2017 09:56:10.532  5.10460000  5104.46908   0.01  -83.9   14.1  28.0 23.23   21.1     0.0   21.08    0.00    0.00     0.0   21.08    0.00    0.00     0.0   21.08    0.00    0.00    3.0     35770.532      5.50   47.24000   39.71000  "Undefined"           3.65
08.02.2017 09:56:10.732  5.14440003  5144.26911   0.01  -81.9   16.1  28.0 28.18   19.1     0.0   19.12    0.00    0.00     0.0   19.12    0.00    0.00     0.0   19.12    0.00    0.00    8.8     35770.732      5.50   47.24000   39.71000  "Undefined"           3.65
08.02.2017 09:56:10.930  5.18400002  5183.86910   0.01  -82.4   17.6  28.0 25.16   22.3     0.0   22.28    0.00    0.00     0.0   22.28    0.00    0.00     0.0   22.28    0.00    0.00    2.3     35770.930      5.50   47.24000   39.71000  "Undefined"           3.65
08.02.2017 09:56:11.128  5.22380000  5223.66908   0.01  -86.3   11.7  28.0 22.49   21.1     0.0   21.07    0.00    0.00     0.0   21.07    0.00    0.00     0.0   21.07    0.00    0.00    2.8     35771.128      5.50   47.24000   39.71000  "Undefined"           3.65
08.02.2017 09:56:11.526  5.30320001  5303.06909   0.01  -84.6   13.4  28.0 21.42   21.7     0.0   21.66    0.00    0.00     0.0   21.66    0.00    0.00     0.0   21.66    0.00    0.00    3.0     35771.526      5.50   47.24000   39.71000  "Undefined"           3.65
08.02.2017 09:56:11.724  5.34300003  5342.86911   0.01  -82.6   17.4  28.0 21.94   20.7     0.0   20.66    0.00    0.00     0.0   20.66    0.00    0.00     0.0   20.66    0.00    0.00    1.9     35771.724      5.50   47.24000   39.71000  "Undefined"           3.65
08.02.2017 09:56:11.923  5.38260003  5382.46911   0.01  -82.2   15.8  28.0 19.77   20.7     0.0   20.67    0.00    0.00     0.0   20.67    0.00    0.00     0.0   20.67    0.00    0.00    5.6     35771.923      5.50   47.24000   39.71000  "Undefined"           3.65
08.02.2017 09:56:12.717  5.54159999  5541.46907   0.01  -83.1   18.9  28.0 22.21   21.4     0.0   21.40    0.00    0.00     0.0   21.40    0.00    0.00     0.0   21.40    0.00    0.00    1.4     35772.717      5.50   47.24000   39.71000  "Undefined"           3.65
08.02.2017 09:56:12.915  5.58120003  5581.06911   0.01  -82.3   19.7  28.0 19.72   21.2     0.0   21.21    0.00    0.00     0.0   21.21    0.00    0.00     0.0   21.21    0.00    0.00    2.5     35772.915      5.50   47.24000   39.71000  "Undefined"           3.65
08.02.2017 09:56:13.115  5.62100001  5620.86909   0.01  -85.6   16.4  28.0 19.43   20.3     0.0   20.31    0.00    0.00     0.0   20.31    0.00    0.00     0.0   20.31    0.00    0.00    4.2     35773.115      5.50   47.24000   39.71000  "Undefined"           3.65
08.02.2017 09:56:13.312  5.66060000  5660.46908   0.01  -84.5   17.5  28.0 16.72   21.7     0.0   21.69    0.00    0.00     0.0   21.69    0.00    0.00     0.0   21.69    0.00    0.00    2.9     35773.312      5.50   47.24000   39.71000  "Undefined"           3.65
08.02.2017 09:56:13.512  5.70040002  5700.26407   0.01  -87.9   12.1  28.0 21.51   18.1     0.0   18.08    0.00    0.00     0.0   18.08    0.00    0.00     0.0   18.08    0.00    0.00   14.8     35773.512      5.50   47.24000   39.71000  "Undefined"           3.68
08.02.2017 09:56:13.710  5.74020000  5740.06908   0.01  -86.6   11.4  28.0 21.06   19.4     0.0   19.39    0.00    0.00     0.0   19.39    0.00    0.00     0.0   19.39    0.00    0.00   15.9     35773.710      5.50   47.24000   39.71000  "Undefined"           3.65
08.02.2017 09:56:13.908  5.77980004  5779.66912   0.01  -81.6   10.4  28.0 21.07   20.9     0.0   20.91    0.00    0.00     0.0   20.91    0.00    0.00     0.0   20.91    0.00    0.00    9.1     35773.908      5.50   47.24000   39.71000  "Undefined"           3.65
08.02.2017 09:56:14.108  5.81960001  5819.46909   0.01  -85.4   12.6  28.0 20.06   19.2     0.0   19.20    0.00    0.00     0.0   19.20    0.00    0.00     0.0   19.20    0.00    0.00    1.6     35774.108      5.50   47.24000   39.71000  "Undefined"           3.65
08.02.2017 09:56:14.305  5.85920000  5859.06908   0.01  -81.1    6.9  28.0 22.80   19.8     0.0   19.85    0.00    0.00     0.0   19.85    0.00    0.00     0.0   19.85    0.00    0.00    9.5     35774.305      5.50   47.24000   39.71000  "Undefined"           3.65
08.02.2017 09:56:14.505  5.89900003  5898.86911   0.01  -80.9   17.1  28.0 20.58   21.1     0.0   21.07    0.00    0.00     0.0   21.07    0.00    0.00     0.0   21.07    0.00    0.00    2.6     35774.505      5.50   47.24000   39.71000  "Undefined"           3.65
08.02.2017 09:56:14.703  5.93880001  5938.66908   0.01  -81.9   18.1  28.0 19.94   20.7     0.0   20.66    0.00    0.00     0.0   20.66    0.00    0.00     0.0   20.66    0.00    0.00    5.3     35774.703      5.50   47.24000   39.71000  "Undefined"           3.65
08.02.2017 09:56:14.901  5.97840000  5978.26908   0.01  -80.4   17.6  28.0 23.53   22.8     0.0   22.78    0.00    0.00     0.0   22.78    0.00    0.00     0.0   22.78    0.00    0.00    3.6     35774.901      5.50   47.24000   39.71000  "Undefined"           3.65
08.02.2017 09:56:15.101  6.01820002  6018.06406   0.01  -76.0   22.0  28.0 20.29   20.7     0.0   20.65    0.00    0.00     0.0   20.65    0.00    0.00     0.0   20.65    0.00    0.00    4.2     35775.101      5.50   47.24000   39.71000  "Undefined"           3.68
08.02.2017 09:56:15.299  6.05780001  6057.66909   0.01  -78.3   21.7  28.0 19.59   21.0     0.0   21.00    0.00    0.00     0.0   21.00    0.00    0.00     0.0   21.00    0.00    0.00    3.7     35775.299      5.50   47.24000   39.71000  "Undefined"           3.65
08.02.2017 09:56:15.497  6.09760004  6097.46911   0.01  -80.4   21.6  28.0 20.62   21.2     0.0   21.16    0.00    0.00     0.0   21.16    0.00    0.00     0.0   21.16    0.00    0.00    4.1     35775.497      5.50   47.24000   39.71000  "Undefined"           3.65
08.02.2017 09:56:15.697  6.13740001  6137.27413   0.01  -90.4   11.6  28.0 16.88   20.9     0.0   20.90    0.00    0.00     0.0   20.90    0.00    0.00     0.0   20.90    0.00    0.00   18.7     35775.697      5.50   47.24000   39.71000  "Undefined"           3.63
08.02.2017 09:56:15.697  6.13740001  6137.26406   0.01  -85.0   17.0  28.0 23.01   21.0     0.0   21.00    0.00    0.00     0.0   21.00    0.00    0.00     0.0   21.00    0.00    0.00    3.6     35775.697      5.50   47.24000   39.71000  "Undefined"           3.68
08.02.2017 09:56:15.894  6.17700000  6176.86908   0.01  -83.6   18.4  28.0 26.62   19.6     0.0   19.61    0.00    0.00     0.0   19.61    0.00    0.00     0.0   19.61    0.00    0.00    9.0     35775.894      5.50   47.24000   39.71000  "Undefined"           3.65
08.02.2017 09:56:16.094  6.21680003  6216.66407   0.01  -75.0   25.0  28.0 20.72   20.7     0.0   20.74    0.00    0.00     0.0   20.74    0.00    0.00     0.0   20.74    0.00    0.00    2.8     35776.094      5.50   47.24000   39.71000  "Undefined"           3.68
08.02.2017 09:56:16.292  6.25660000  6256.46908   0.01  -76.4   21.6  28.0 21.97   20.7     0.0   20.71    0.00    0.00     0.0   20.71    0.00    0.00     0.0   20.71    0.00    0.00    4.0     35776.292      5.50   47.24000   39.71000  "Undefined"           3.65
08.02.2017 09:56:16.492  6.29640003  6296.27414   0.01  -86.9   11.1  28.0 23.18   19.5     0.0   19.49    0.00    0.00     0.0   19.49    0.00    0.00     0.0   19.49    0.00    0.00    3.9     35776.492      5.50   47.24000   39.71000  "Undefined"           3.63
08.02.2017 09:56:16.492  6.29640003  6296.26407   0.01  -84.3   13.7  28.0 20.60   20.1     0.0   20.10    0.00    0.00     0.0   20.10    0.00    0.00     0.0   20.10    0.00    0.00    3.2     35776.492      5.50   47.24000   39.71000  "Undefined"           3.68
08.02.2017 09:56:16.690  6.33620000  6336.06908   0.01  -80.7   17.3  28.0 22.75   20.0     0.0   20.02    0.00    0.00     0.0   20.02    0.00    0.00     0.0   20.02    0.00    0.00    5.8     35776.690      5.50   47.24000   39.71000  "Undefined"           3.65
08.02.2017 09:56:16.888  6.37579999  6375.66404   0.01  -85.6   14.4  28.0 23.65   19.4     0.0   19.38    0.00    0.00     0.0   19.38    0.00    0.00     0.0   19.38    0.00    0.00    6.4     35776.888      5.50   47.24000   39.71000  "Undefined"           3.68
08.02.2017 09:56:17.088  6.41560002  6415.46910   0.01  -82.6   17.4  28.0 21.94   22.0     0.0   22.03    0.00    0.00     0.0   22.03    0.00    0.00     0.0   22.03    0.00    0.00    4.6     35777.088      5.50   47.24000   39.71000  "Undefined"           3.65
08.02.2017 09:56:17.286  6.45520001  6455.06909   0.01  -81.4   18.6  28.0 20.86   20.0     0.0   20.05    0.00    0.00     0.0   20.05    0.00    0.00     0.0   20.05    0.00    0.00    3.9     35777.286      5.50   47.24000   39.71000  "Undefined"           3.65
08.02.2017 09:56:17.484  6.49500003  6494.86408   0.01  -86.5   11.5  28.0 17.37   21.8     0.0   21.82    0.00    0.00     0.0   21.82    0.00    0.00     0.0   21.82    0.00    0.00    4.7     35777.484      5.50   47.24000   39.71000  "Undefined"           3.68
08.02.2017 09:56:17.684  6.53480001  6534.66909   0.01  -82.2   17.8  28.0 20.53   20.3     0.0   20.27    0.00    0.00     0.0   20.27    0.00    0.00     0.0   20.27    0.00    0.00    2.6     35777.684      5.50   47.24000   39.71000  "Undefined"           3.65
08.02.2017 09:56:17.881  6.57440000  6574.26908   0.01  -87.2   12.8  28.0 20.23   20.2     0.0   20.24    0.00    0.00     0.0   20.24    0.00    0.00     0.0   20.24    0.00    0.00    3.1     35777.881      5.50   47.24000   39.71000  "Undefined"           3.65
08.02.2017 09:56:18.081  6.61420002  6614.06407   0.01  -87.1   14.9  28.0 17.34   19.4     0.0   19.42    0.00    0.00     0.0   19.42    0.00    0.00     0.0   19.42    0.00    0.00    6.0     35778.081      5.50   47.24000   39.71000  "Undefined"           3.68
08.02.2017 09:56:18.279  6.65380001  6653.66909   0.01  -83.2   18.8  28.0 17.98   20.9     0.0   20.89    0.00    0.00     0.0   20.89    0.00    0.00     0.0   20.89    0.00    0.00    2.0     35778.279      5.50   47.24000   39.71000  "Undefined"           3.65
08.02.2017 09:56:18.477  6.69360004  6693.46912   0.01  -83.5   16.5  28.0 18.49   20.9     0.0   20.95    0.00    0.00     0.0   20.95    0.00    0.00     0.0   20.95    0.00    0.00    3.3     35778.477      5.50   47.24000   39.71000  "Undefined"           3.65
08.02.2017 09:56:18.677  6.73340002  6733.26406   0.01  -85.8   10.2  28.0 20.94   21.4     0.0   21.45    0.00    0.00     0.0   21.45    0.00    0.00     0.0   21.45    0.00    0.00    7.5     35778.677      5.50   47.24000   39.71000  "Undefined"           3.68
08.02.2017 09:56:18.875  6.77300001  6772.86909   0.01  -79.8   20.2  28.0 20.82   20.2     0.0   20.23    0.00    0.00     0.0   20.23    0.00    0.00     0.0   20.23    0.00    0.00    2.1     35778.875      5.50   47.24000   39.71000  "Undefined"           3.65
08.02.2017 09:56:19.272  6.85240002  6852.26910   0.01  -81.1   10.9  28.0 21.60   20.1     0.0   20.11    0.00    0.00     0.0   20.11    0.00    0.00     0.0   20.11    0.00    0.00    2.0     35779.272      5.50   47.24000   39.71000  "Undefined"           3.65
08.02.2017 09:56:19.670  6.93200002  6931.86407   0.01  -80.8   15.2  28.0 20.11   20.8     0.0   20.78    0.00    0.00     0.0   20.78    0.00    0.00     0.0   20.78    0.00    0.00    3.1     35779.670      5.50   47.24000   39.71000  "Undefined"           3.68
08.02.2017 09:56:19.868  6.97160001  6971.46406   0.01  -75.6   20.4  28.0 21.49   19.9     0.0   19.92    0.00    0.00     0.0   19.92    0.00    0.00     0.0   19.92    0.00    0.00    2.8     35779.868      5.50   47.24000   39.71000  "Undefined"           3.68
08.02.2017 09:56:20.066  7.01140004  7011.26912   0.01  -87.7    6.3  28.0 16.73   17.8     0.0   17.83    0.00    0.00     0.0   17.83    0.00    0.00     0.0   17.83    0.00    0.00    6.3     35780.066      5.50   47.24000   39.71000  "Undefined"           3.65
08.02.2017 09:56:20.463  7.09080000  7090.66908   0.01  -87.2   12.8  28.0 18.82   21.2     0.0   21.22    0.00    0.00     0.0   21.22    0.00    0.00     0.0   21.22    0.00    0.00    4.9     35780.463      5.50   47.24000   39.71000  "Undefined"           3.65
08.02.2017 09:56:20.861  7.17020002  7170.06910   0.01  -85.9   14.1  28.0 18.48   20.7     0.0   20.73    0.00    0.00     0.0   20.73    0.00    0.00     0.0   20.73    0.00    0.00    3.0     35780.861      5.50   47.24000   39.71000  "Undefined"           3.65
08.02.2017 09:56:21.257  7.24960003  7249.46408   0.01  -84.8   15.2  28.0 18.93   21.0     0.0   21.00    0.00    0.00     0.0   21.00    0.00    0.00     0.0   21.00    0.00    0.00    6.7     35781.257      5.50   47.24000   39.71000  "Undefined"           3.68
08.02.2017 09:56:21.457  7.28940001  7289.26405   0.01  -82.8   15.2  28.0 18.57   20.7     0.0   20.71    0.00    0.00     0.0   20.71    0.00    0.00     0.0   20.71    0.00    0.00    5.5     35781.457      5.50   47.24000   39.71000  "Undefined"           3.68
08.02.2017 09:56:21.655  7.32920003  7329.06408   0.01  -86.4   15.6  28.0 18.45   20.8     0.0   20.81    0.00    0.00     0.0   20.81    0.00    0.00     0.0   20.81    0.00    0.00    4.6     35781.655      5.50   47.24000   39.71000  "Undefined"           3.68
08.02.2017 09:56:21.854  7.36880002  7368.66910   0.01  -82.8   19.2  28.0 17.62   19.8     0.0   19.80    0.00    0.00     0.0   19.80    0.00    0.00     0.0   19.80    0.00    0.00    4.5     35781.854      5.50   47.24000   39.71000  "Undefined"           3.65
08.02.2017 09:56:22.052  7.40860000  7408.46908   0.01  -82.5   17.5  28.0 15.38   20.1     0.0   20.14    0.00    0.00     0.0   20.14    0.00    0.00     0.0   20.14    0.00    0.00    8.4     35782.052      5.50   47.24000   39.71000  "Undefined"           3.65
08.02.2017 09:56:22.450  7.48800002  7487.86406   0.01  -80.4   17.6  28.0 17.79   21.8     0.0   21.79    0.00    0.00     0.0   21.79    0.00    0.00     0.0   21.79    0.00    0.00    7.8     35782.450      5.50   47.24000   39.71000  "Undefined"           3.68
08.02.2017 09:56:22.648  7.52779999  7527.66404   0.01  -80.4   19.6  28.0 17.32   21.4     0.0   21.44    0.00    0.00     0.0   21.44    0.00    0.00     0.0   21.44    0.00    0.00    6.1     35782.648      5.50   47.24000   39.71000  "Undefined"           3.68
08.02.2017 09:56:22.846  7.56740003  7567.26911   0.01  -87.8   12.2  28.0 20.68   20.1     0.0   20.06    0.00    0.00     0.0   20.06    0.00    0.00     0.0   20.06    0.00    0.00   17.9     35782.846      5.50   47.24000   39.71000  "Undefined"           3.65
08.02.2017 09:56:23.046  7.60720001  7607.06909   0.01  -87.1   12.9  28.0 21.21   20.3     0.0   20.31    0.00    0.00     0.0   20.31    0.00    0.00     0.0   20.31    0.00    0.00   10.4     35783.046      5.50   47.24000   39.71000  "Undefined"           3.65
08.02.2017 09:56:23.443  7.68660002  7686.46407   0.01  -84.0   16.0  28.0 15.20   19.8     0.0   19.75    0.00    0.00     0.0   19.75    0.00    0.00     0.0   19.75    0.00    0.00   10.3     35783.443      5.50   47.24000   39.71000  "Undefined"           3.68
08.02.2017 09:56:23.641  7.72640000  7726.26404   0.01  -83.2   16.8  28.0 17.98   21.2     0.0   21.17    0.00    0.00     0.0   21.17    0.00    0.00     0.0   21.17    0.00    0.00    4.7     35783.641      5.50   47.24000   39.71000  "Undefined"           3.68
08.02.2017 09:56:23.839  7.76600004  7765.86408   0.01  -82.5   19.5  28.0 14.04   18.6     0.0   18.58    0.00    0.00     0.0   18.58    0.00    0.00     0.0   18.58    0.00    0.00    4.8     35783.839      5.50   47.24000   39.71000  "Undefined"           3.68
08.02.2017 09:56:24.039  7.80580001  7805.66406   0.01  -89.4    8.6  28.0 18.17   20.3     0.0   20.33    0.00    0.00     0.0   20.33    0.00    0.00     0.0   20.33    0.00    0.00    9.0     35784.039      5.50   47.24000   39.71000  "Undefined"           3.68
08.02.2017 09:56:24.436  7.88520003  7885.06911   0.01  -86.0   16.0  28.0 15.73   19.9     0.0   19.93    0.00    0.00     0.0   19.93    0.00    0.00     0.0   19.93    0.00    0.00    5.9     35784.436      5.50   47.24000   39.71000  "Undefined"           3.65
08.02.2017 09:56:24.634  7.92500000  7924.86405   0.01  -82.1   19.9  28.0 17.32   20.7     0.0   20.72    0.00    0.00     0.0   20.72    0.00    0.00     0.0   20.72    0.00    0.00    5.2     35784.634      5.50   47.24000   39.71000  "Undefined"           3.68
08.02.2017 09:56:24.832  7.96460000  7964.46404   0.01  -82.1   13.9  28.0 15.02   20.4     0.0   20.43    0.00    0.00     0.0   20.43    0.00    0.00     0.0   20.43    0.00    0.00    4.6     35784.832      5.50   47.24000   39.71000  "Undefined"           3.68
08.02.2017 09:56:25.032  8.00440002  8004.26910   0.01  -79.1   16.9  28.0 14.86   19.6     0.0   19.58    0.00    0.00     0.0   19.58    0.00    0.00     0.0   19.58    0.00    0.00    3.7     35785.032      5.50   47.24000   39.71000  "Undefined"           3.65
08.02.2017 09:56:25.428  8.08380003  8083.66911   0.01  -86.4   11.6  28.0  8.25   21.7     0.0   21.70    0.00    0.00     0.0   21.70    0.00    0.00     0.0   21.70    0.00    0.00    7.1     35785.428      5.50   47.24000   39.71000  "Undefined"           3.65
08.02.2017 09:56:25.627  8.12340002  8123.26407   0.01  -84.8   19.2  28.0 15.85   20.3     0.0   20.33    0.00    0.00     0.0   20.33    0.00    0.00     0.0   20.33    0.00    0.00    3.5     35785.627      5.50   47.24000   39.71000  "Undefined"           3.68
08.02.2017 09:56:25.826  8.16340003  8163.26408   0.01  -82.8   19.2  28.0 18.36   19.7     0.0   19.72    0.00    0.00     0.0   19.72    0.00    0.00     0.0   19.72    0.00    0.00    5.1     35785.826      5.50   47.24000   39.71000  "Undefined"           3.68
08.02.2017 09:56:26.026  8.20320001  8203.06405   0.01  -84.2   15.8  28.0 15.70   20.9     0.0   20.88    0.00    0.00     0.0   20.88    0.00    0.00     0.0   20.88    0.00    0.00    3.9     35786.026      5.50   47.24000   39.71000  "Undefined"           3.68
08.02.2017 09:56:26.223  8.24280000  8242.66405   0.01  -86.9    9.1  28.0 17.59   19.4     0.0   19.41    0.00    0.00     0.0   19.41    0.00    0.00     0.0   19.41    0.00    0.00    3.5     35786.223      5.50   47.24000   39.71000  "Undefined"           3.68
08.02.2017 09:56:26.423  8.28260003  8282.46911   0.01  -95.4    6.6  28.0 17.40   27.3     0.0   27.32    0.00    0.00     0.0   27.32    0.00    0.00     0.0   27.32    0.00    0.00   14.3     35786.423      5.50   47.24000   39.71000  "Undefined"           3.65
08.02.2017 09:56:27.217  8.44140001  8441.26909   0.01  -86.7   13.3  28.0 23.80   20.7     0.0   20.69    0.00    0.00     0.0   20.69    0.00    0.00     0.0   20.69    0.00    0.00   18.8     35787.217      5.50   47.24000   39.71000  "Undefined"           3.65
08.02.2017 09:56:27.415  8.48120003  8481.06408   0.01  -78.8   17.2  28.0 16.13   20.0     0.0   20.04    0.00    0.00     0.0   20.04    0.00    0.00     0.0   20.04    0.00    0.00    3.8     35787.415      5.50   47.24000   39.71000  "Undefined"           3.68
08.02.2017 09:56:27.614  8.52080002  8520.66407   0.01  -83.7   14.3  28.0 11.82   19.2     0.0   19.23    0.00    0.00     0.0   19.23    0.00    0.00     0.0   19.23    0.00    0.00    9.4     35787.614      5.50   47.24000   39.71000  "Undefined"           3.68
08.02.2017 09:56:27.812  8.56060000  8560.46908   0.01  -89.1   12.9  28.0 21.34   20.3     0.0   20.26    0.00    0.00     0.0   20.26    0.00    0.00     0.0   20.26    0.00    0.00   27.0     35787.812      5.50   47.24000   39.71000  "Undefined"           3.65
08.02.2017 09:56:28.012  8.60040002  8600.26407   0.01  -88.4   13.6  28.0 22.21   19.6     0.0   19.62    0.00    0.00     0.0   19.62    0.00    0.00     0.0   19.62    0.00    0.00   16.7     35788.012      5.50   47.24000   39.71000  "Undefined"           3.68
08.02.2017 09:56:28.210  8.64000001  8639.86406   0.01  -85.7   14.3  28.0 19.86   21.6     0.0   21.59    0.00    0.00     0.0   21.59    0.00    0.00     0.0   21.59    0.00    0.00    3.6     35788.210      5.50   47.24000   39.71000  "Undefined"           3.68
08.02.2017 09:56:28.408  8.67980004  8679.66408   0.01  -82.8   19.2  28.0 17.95   19.8     0.0   19.83    0.00    0.00     0.0   19.83    0.00    0.00     0.0   19.83    0.00    0.00   11.9     35788.408      5.50   47.24000   39.71000  "Undefined"           3.68
08.02.2017 09:56:28.805  8.75920000  8759.06405   0.01  -79.0   21.0  28.0 17.82   19.9     0.0   19.87    0.00    0.00     0.0   19.87    0.00    0.00     0.0   19.87    0.00    0.00    7.2     35788.805      5.50   47.24000   39.71000  "Undefined"           3.68
08.02.2017 09:56:29.005  8.79900003  8798.86407   0.01  -77.4   22.6  28.0 17.13   20.0     0.0   19.97    0.00    0.00     0.0   19.97    0.00    0.00     0.0   19.97    0.00    0.00    7.0     35789.005      5.50   47.24000   39.71000  "Undefined"           3.68
08.02.2017 09:56:29.203  8.83860002  8838.46406   0.01  -76.5   25.5  28.0 16.65   20.1     0.0   20.07    0.00    0.00     0.0   20.07    0.00    0.00     0.0   20.07    0.00    0.00    6.0     35789.203      5.50   47.24000   39.71000  "Undefined"           3.68
08.02.2017 09:56:29.401  8.87840000  8878.26404   0.01  -77.9   22.1  28.0 16.26   19.8     0.0   19.76    0.00    0.00     0.0   19.76    0.00    0.00     0.0   19.76    0.00    0.00    7.5     35789.401      5.50   47.24000   39.71000  "Undefined"           3.68
08.02.2017 09:56:29.599  8.91800003  8917.86408   0.01  -76.4   25.6  28.0 16.83   20.4     0.0   20.42    0.00    0.00     0.0   20.42    0.00    0.00     0.0   20.42    0.00    0.00    3.5     35789.599      5.50   47.24000   39.71000  "Undefined"           3.68
08.02.2017 09:56:29.799  8.95780001  8957.66406   0.01  -77.2   10.8  28.0 14.74   20.2     0.0   20.18    0.00    0.00     0.0   20.18    0.00    0.00     0.0   20.18    0.00    0.00    4.3     35789.799      5.50   47.24000   39.71000  "Undefined"           3.68
08.02.2017 09:56:29.997  8.99760004  8997.46408   0.01  -74.8   21.2  28.0 17.42   20.6     0.0   20.61    0.00    0.00     0.0   20.61    0.00    0.00     0.0   20.61    0.00    0.00    3.5     35789.997      5.50   47.24000   39.71000  "Undefined"           3.68
08.02.2017 09:56:30.196  9.03720003  9037.06911   0.01  -82.2   19.8  28.0 17.77   20.1     0.0   20.08    0.00    0.00     0.0   20.08    0.00    0.00     0.0   20.08    0.00    0.00    4.4     35790.196      5.50   47.24000   39.71000  "Undefined"           3.65
08.02.2017 09:56:30.394  9.07700000  9076.86405   0.01  -80.4   19.6  28.0 18.23   20.0     0.0   20.05    0.00    0.00     0.0   20.05    0.00    0.00     0.0   20.05    0.00    0.00    3.9     35790.394      5.50   47.24000   39.71000  "Undefined"           3.68
08.02.2017 09:56:30.990  9.19619999  9196.06404   0.01  -77.0   23.0  28.0 18.39   20.7     0.0   20.72    0.00    0.00     0.0   20.72    0.00    0.00     0.0   20.72    0.00    0.00    2.0     35790.990      5.50   47.24000   39.71000  "Undefined"           3.68
08.02.2017 09:56:31.188  9.23580003  9235.66408   0.01  -77.5   20.5  28.0 16.55   20.1     0.0   20.15    0.00    0.00     0.0   20.15    0.00    0.00     0.0   20.15    0.00    0.00    3.9     35791.188      5.50   47.24000   39.71000  "Undefined"           3.68
08.02.2017 09:56:31.388  9.27560001  9275.46405   0.01  -78.1   21.9  28.0 17.55   20.4     0.0   20.38    0.00    0.00     0.0   20.38    0.00    0.00     0.0   20.38    0.00    0.00    3.0     35791.388      5.50   47.24000   39.71000  "Undefined"           3.68
08.02.2017 09:56:31.585  9.31520000  9315.06404   0.01  -81.0   21.0  28.0 16.98   20.9     0.0   20.86    0.00    0.00     0.0   20.86    0.00    0.00     0.0   20.86    0.00    0.00    4.5     35791.585      5.50   47.24000   39.71000  "Undefined"           3.68
08.02.2017 09:56:31.785  9.35500002  9354.86407   0.01  -81.9   20.1  28.0 17.50   22.1     0.0   22.05    0.00    0.00     0.0   22.05    0.00    0.00     0.0   22.05    0.00    0.00    3.9     35791.785      5.50   47.24000   39.71000  "Undefined"           3.68
08.02.2017 09:56:31.983  9.39480000  9394.66404   0.01  -84.8   15.2  28.0 13.26   22.4     0.0   22.41    0.00    0.00     0.0   22.41    0.00    0.00     0.0   22.41    0.00    0.00   12.4     35791.983      5.50   47.24000   39.71000  "Undefined"           3.68
08.02.2017 09:56:32.181  9.43440004  9434.26408   0.01  -82.0   16.0  28.0 19.61   21.6     0.0   21.57    0.00    0.00     0.0   21.57    0.00    0.00     0.0   21.57    0.00    0.00    6.3     35792.181      5.50   47.24000   39.71000  "Undefined"           3.68
08.02.2017 09:56:32.578  9.51380001  9513.67412   0.01  -83.4   12.6  28.0 22.49   21.2     0.0   21.23    0.00    0.00     0.0   21.23    0.00    0.00     0.0   21.23    0.00    0.00    8.3     35792.578      5.50   47.24000   39.71000  "Undefined"           3.63
08.02.2017 09:56:32.778  9.55360003  9553.46407   0.01  -75.4   22.6  28.0 22.23   21.1     0.0   21.09    0.00    0.00     0.0   21.09    0.00    0.00     0.0   21.09    0.00    0.00    3.2     35792.778      5.50   47.24000   39.71000  "Undefined"           3.68
08.02.2017 09:56:33.174  9.63300000  9632.86404   0.01  -79.0   23.0  28.0 22.90   21.2     0.0   21.24    0.00    0.00     0.0   21.24    0.00    0.00     0.0   21.24    0.00    0.00    5.1     35793.174      5.50   47.24000   39.71000  "Undefined"           3.68
08.02.2017 09:56:33.374  9.67280002  9672.66406   0.01  -75.5   24.5  28.0 21.28   21.1     0.0   21.06    0.00    0.00     0.0   21.06    0.00    0.00     0.0   21.06    0.00    0.00    2.9     35793.374      5.50   47.24000   39.71000  "Undefined"           3.68
08.02.2017 09:56:33.572  9.71240001  9712.26406   0.01  -76.3   15.7  28.0 21.38   19.5     0.0   19.50    0.00    0.00     0.0   19.50    0.00    0.00     0.0   19.50    0.00    0.00    7.7     35793.572      5.50   47.24000   39.71000  "Undefined"           3.68
08.02.2017 09:56:33.770  9.75220004  9752.06408   0.01  -73.6   28.4  28.0 20.64   20.8     0.0   20.79    0.00    0.00     0.0   20.79    0.00    0.00     0.0   20.79    0.00    0.00    2.4     35793.770      5.50   47.24000   39.71000  "Undefined"           3.68
08.02.2017 09:56:33.970  9.79200001  9791.86406   0.01  -73.3   26.7  28.0 19.53   20.2     0.0   20.23    0.00    0.00     0.0   20.23    0.00    0.00     0.0   20.23    0.00    0.00    2.1     35793.970      5.50   47.24000   39.71000  "Undefined"           3.68
08.02.2017 09:56:34.167  9.83160000  9831.46405   0.01  -74.4   23.6  28.0 20.45   20.4     0.0   20.43    0.00    0.00     0.0   20.43    0.00    0.00     0.0   20.43    0.00    0.00    2.7     35794.167      5.50   47.24000   39.71000  "Undefined"           3.68
08.02.2017 09:56:34.367  9.87140003  9871.26407   0.01  -73.3   28.7  28.0 20.09   20.5     0.0   20.49    0.00    0.00     0.0   20.49    0.00    0.00     0.0   20.49    0.00    0.00    2.7     35794.367      5.50   47.24000   39.71000  "Undefined"           3.68
08.02.2017 09:56:34.763  9.95079999  9950.66404   0.01  -74.3   13.7  28.0 20.66   21.0     0.0   21.03    0.00    0.00     0.0   21.03    0.00    0.00     0.0   21.03    0.00    0.00    4.2     35794.763      5.50   47.24000   39.71000  "Undefined"           3.68
08.02.2017 09:56:34.963  9.99060002  9990.46406   0.01  -73.9   24.1  28.0 20.13   20.2     0.0   20.23    0.00    0.00     0.0   20.23    0.00    0.00     0.0   20.23    0.00    0.00    3.6     35794.963      5.50   47.24000   39.71000  "Undefined"           3.68
08.02.2017 09:56:35.161 10.03039999 10030.26404   0.01  -78.1   23.9  28.0 19.82   20.3     0.0   20.32    0.00    0.00     0.0   20.32    0.00    0.00     0.0   20.32    0.00    0.00    4.0     35795.161      5.50   47.24000   39.71000  "Undefined"           3.68
08.02.2017 09:56:35.361 10.07020002 10070.06406   0.01  -79.0   25.0  28.0 19.62   21.2     0.0   21.24    0.00    0.00     0.0   21.24    0.00    0.00     0.0   21.24    0.00    0.00    4.2     35795.361      5.50   47.24000   39.71000  "Undefined"           3.68
08.02.2017 09:56:35.559 10.10980001 10109.66405   0.01  -78.3   15.7  28.0 19.52   20.7     0.0   20.72    0.00    0.00     0.0   20.72    0.00    0.00     0.0   20.72    0.00    0.00    3.9     35795.559      5.50   47.24000   39.71000  "Undefined"           3.68
08.02.2017 09:56:35.757 10.14960003 10149.46408   0.01  -80.8   21.2  28.0 19.61   20.8     0.0   20.76    0.00    0.00     0.0   20.76    0.00    0.00     0.0   20.76    0.00    0.00    3.2     35795.757      5.50   47.24000   39.71000  "Undefined"           3.68
08.02.2017 09:56:35.957 10.18940001 10189.26405   0.01  -76.0   22.0  28.0 19.19   20.7     0.0   20.69    0.00    0.00     0.0   20.69    0.00    0.00     0.0   20.69    0.00    0.00    4.1     35795.957      5.50   47.24000   39.71000  "Undefined"           3.68
08.02.2017 09:56:36.154 10.22900000 10228.86404   0.01  -78.1    9.9  28.0 17.41   20.5     0.0   20.53    0.00    0.00     0.0   20.53    0.00    0.00     0.0   20.53    0.00    0.00    3.7     35796.154      5.50   47.24000   39.71000  "Undefined"           3.68
08.02.2017 09:56:36.552 10.30840002 10308.26406   0.01  -91.6   10.4  28.0 20.75   17.7     0.0   17.73    0.00    0.00     0.0   17.73    0.00    0.00     0.0   17.73    0.00    0.00    7.5     35796.552      5.50   47.24000   39.71000  "Undefined"           3.68
08.02.2017 09:56:36.750 10.34819999 10348.06404   0.01  -78.7   23.3  28.0 18.49   21.0     0.0   20.99    0.00    0.00     0.0   20.99    0.00    0.00     0.0   20.99    0.00    0.00    3.6     35796.750      5.50   47.24000   39.71000  "Undefined"           3.68
08.02.2017 09:56:37.346 10.46740003 10467.26407   0.01  -76.8   11.2  28.0 16.35   20.9     0.0   20.88    0.00    0.00     0.0   20.88    0.00    0.00     0.0   20.88    0.00    0.00    4.8     35797.346      5.50   47.24000   39.71000  "Undefined"           3.68
08.02.2017 09:56:37.545 10.50700002 10506.86407   0.01  -77.7   22.3  28.0 17.59   20.7     0.0   20.70    0.00    0.00     0.0   20.70    0.00    0.00     0.0   20.70    0.00    0.00    2.1     35797.545      5.50   47.24000   39.71000  "Undefined"           3.68
08.02.2017 09:56:37.743 10.54680000 10546.66404   0.01  -90.0   12.0  28.0 12.85   19.6     0.0   19.60    0.00    0.00     0.0   19.60    0.00    0.00     0.0   19.60    0.00    0.00    5.1     35797.743      5.50   47.24000   39.71000  "Undefined"           3.68
08.02.2017 09:56:37.943 10.58660002 10586.46407   0.01  -84.0   12.0  28.0 16.93   21.0     0.0   21.03    0.00    0.00     0.0   21.03    0.00    0.00     0.0   21.03    0.00    0.00    2.8     35797.943      5.50   47.24000   39.71000  "Undefined"           3.68
08.02.2017 09:56:38.141 10.62620001 10626.06406   0.01  -86.3   17.7  28.0 17.14   20.1     0.0   20.13    0.00    0.00     0.0   20.13    0.00    0.00     0.0   20.13    0.00    0.00    2.6     35798.141      5.50   47.24000   39.71000  "Undefined"           3.68
08.02.2017 09:56:38.339 10.66600004 10665.86408   0.01  -89.9   14.1  28.0 14.30   19.6     0.0   19.56    0.00    0.00     0.0   19.56    0.00    0.00     0.0   19.56    0.00    0.00    3.7     35798.339      5.50   47.24000   39.71000  "Undefined"           3.68
08.02.2017 09:56:38.538 10.70560003 10705.46407   0.01  -87.0   15.0  28.0 15.84   20.6     0.0   20.55    0.00    0.00     0.0   20.55    0.00    0.00     0.0   20.55    0.00    0.00    1.6     35798.538      5.50   47.24000   39.71000  "Undefined"           3.68
08.02.2017 09:56:38.936 10.78520003 10785.06407   0.01  -90.2    9.8  28.0 17.06   20.3     0.0   20.31    0.00    0.00     0.0   20.31    0.00    0.00     0.0   20.31    0.00    0.00    5.7     35798.936      5.50   47.24000   39.71000  "Undefined"           3.68
08.02.2017 09:56:39.134 10.82480002 10824.66406   0.01  -92.7    7.3  28.0 18.70   19.2     0.0   19.17    0.00    0.00     0.0   19.17    0.00    0.00     0.0   19.17    0.00    0.00    7.9     35799.134      5.50   47.24000   39.71000  "Undefined"           3.68
08.02.2017 09:56:39.530 10.90420003 10904.06408   0.01  -88.7    9.3  28.0 18.84   21.8     0.0   21.83    0.00    0.00     0.0   21.83    0.00    0.00     0.0   21.83    0.00    0.00    4.1     35799.530      5.50   47.24000   39.71000  "Undefined"           3.68
08.02.2017 09:56:39.927 10.98360000 10983.46404   0.01  -85.0   11.0  28.0 16.86   21.0     0.0   21.00    0.00    0.00     0.0   21.00    0.00    0.00     0.0   21.00    0.00    0.00    9.0     35799.927      5.50   47.24000   39.71000  "Undefined"           3.68
08.02.2017 09:56:40.723 11.14260002 11142.46406   0.01  -92.0    8.0  28.0 22.40   17.7     0.0   17.68    0.00    0.00     0.0   17.68    0.00    0.00     0.0   17.68    0.00    0.00   29.8     35800.723      5.50   47.24000   39.71000  "Undefined"           3.68
