   4388
  59.510   151.090
  61.946   144.731
  61.996   144.578
  62.098   144.270
  62.198   143.960
  62.248   143.804
  62.273   143.726
  62.298   143.648
  62.322   143.570
  62.347   143.491
  62.359   143.452
  62.372   143.413
  62.396   143.334
  62.445   143.177
  62.494   143.019
  62.592   142.702
  62.688   142.383
  62.736   142.223
  62.783   142.063
  62.831   141.902
  62.878   141.740
  62.925   141.579
  62.972   141.416
  63.019   141.254
  63.042   141.172
  63.065   141.091
  63.088   141.009
  63.111   140.927
  63.134   140.845
  63.157   140.763
  63.180   140.681
  63.203   140.599
  63.226   140.517
  63.248   140.434
  63.260   140.393
  63.271   140.352
  63.282   140.310
  63.294   140.269
  63.305   140.228
  63.316   140.186
  63.328   140.145
  63.339   140.103
  63.350   140.062
  63.361   140.020
  63.373   139.979
  63.384   139.937
  63.395   139.896
  63.406   139.854
  63.417   139.813
  63.428   139.771
  63.440   139.729
  63.451   139.687
  63.462   139.646
  63.473   139.604
  63.484   139.562
  63.495   139.520
  63.506   139.478
  63.517   139.437
  63.528   139.395
  63.534   139.374
  63.539   139.353
  63.545   139.332
  63.550   139.311
  63.556   139.290
  63.561   139.269
  63.567   139.248
  63.572   139.227
  63.578   139.206
  63.583   139.185
  63.589   139.164
  63.594   139.143
  63.600   139.122
  63.605   139.101
  63.611   139.079
  63.616   139.058
  63.621   139.037
  63.627   139.016
  63.632   138.995
  63.638   138.974
  63.643   138.953
  63.649   138.932
  63.654   138.911
  63.660   138.890
  63.665   138.869
  63.670   138.847
  63.676   138.826
  63.681   138.805
  63.687   138.784
  63.692   138.763
  63.698   138.742
  63.703   138.721
  63.708   138.699
  63.714   138.678
  63.719   138.657
  63.725   138.636
  63.727   138.625
  63.730   138.615
  63.733   138.604
  63.735   138.593
  63.738   138.583
  63.741   138.572
  63.743   138.562
  63.746   138.551
  63.749   138.540
  63.751   138.530
  63.754   138.519
  63.757   138.508
  63.759   138.498
  63.762   138.487
  63.765   138.477
  63.768   138.466
  63.773   138.445
  63.778   138.423
  63.784   138.402
  63.789   138.381
  63.794   138.360
  63.800   138.338
  63.802   138.328
  63.805   138.317
  63.808   138.306
  63.810   138.296
  63.813   138.285
  63.816   138.274
  63.818   138.264
  63.821   138.253
  63.824   138.242
  63.826   138.232
  63.829   138.221
  63.832   138.210
  63.834   138.200
  63.837   138.189
  63.840   138.178
  63.842   138.168
  63.845   138.157
  63.850   138.136
  63.856   138.114
  63.861   138.093
  63.866   138.072
  63.871   138.050
  63.874   138.040
  63.877   138.029
  63.879   138.018
  63.882   138.007
  63.885   137.997
  63.887   137.986
  63.890   137.975
  63.893   137.965
  63.895   137.954
  63.898   137.943
  63.901   137.933
  63.903   137.922
  63.906   137.911
  63.908   137.900
  63.911   137.890
  63.914   137.879
  63.916   137.868
  63.919   137.858
  63.922   137.847
  63.924   137.836
  63.927   137.825
  63.930   137.815
  63.932   137.804
  63.935   137.793
  63.937   137.782
  63.940   137.772
  63.943   137.761
  63.945   137.750
  63.948   137.739
  63.951   137.729
  63.953   137.718
  63.956   137.707
  63.958   137.697
  63.961   137.686
  63.964   137.675
  63.966   137.664
  63.969   137.654
  63.972   137.643
  63.974   137.632
  63.977   137.621
  63.979   137.610
  63.982   137.600
  63.985   137.589
  63.987   137.578
  63.990   137.567
  63.992   137.557
  63.995   137.546
  63.998   137.535
  64.000   137.524
  64.003   137.514
  64.005   137.503
  64.008   137.492
  64.011   137.481
  64.013   137.470
  64.016   137.460
  64.018   137.449
  64.021   137.438
  64.024   137.427
  64.026   137.417
  64.029   137.406
  64.031   137.395
  64.034   137.384
  64.037   137.373
  64.039   137.363
  64.042   137.352
  64.044   137.341
  64.047   137.330
  64.050   137.319
  64.052   137.309
  64.055   137.298
  64.057   137.287
  64.060   137.276
  64.063   137.265
  64.065   137.255
  64.068   137.244
  64.070   137.233
  64.073   137.222
  64.075   137.211
  64.078   137.200
  64.081   137.190
  64.083   137.179
  64.086   137.168
  64.088   137.157
  64.091   137.146
  64.093   137.136
  64.096   137.125
  64.099   137.114
  64.101   137.103
  64.104   137.092
  64.106   137.081
  64.109   137.071
  64.111   137.060
  64.114   137.049
  64.117   137.038
  64.119   137.027
  64.122   137.016
  64.124   137.005
  64.127   136.995
  64.129   136.984
  64.132   136.973
  64.135   136.962
  64.137   136.951
  64.140   136.940
  64.142   136.929
  64.145   136.919
  64.147   136.908
  64.150   136.897
  64.152   136.886
  64.155   136.875
  64.158   136.864
  64.160   136.853
  64.163   136.843
  64.165   136.832
  64.168   136.821
  64.170   136.810
  64.173   136.799
  64.175   136.788
  64.178   136.777
  64.180   136.766
  64.183   136.756
  64.186   136.745
  64.188   136.734
  64.191   136.723
  64.193   136.712
  64.196   136.701
  64.198   136.690
  64.201   136.679
  64.203   136.668
  64.206   136.657
  64.208   136.647
  64.211   136.636
  64.213   136.625
  64.216   136.614
  64.219   136.603
  64.221   136.592
  64.224   136.581
  64.226   136.570
  64.229   136.559
  64.231   136.548
  64.234   136.538
  64.236   136.527
  64.239   136.516
  64.241   136.505
  64.244   136.494
  64.246   136.483
  64.249   136.472
  64.251   136.461
  64.254   136.450
  64.256   136.439
  64.259   136.428
  64.261   136.417
  64.264   136.406
  64.266   136.395
  64.269   136.385
  64.271   136.374
  64.274   136.363
  64.277   136.352
  64.279   136.341
  64.282   136.330
  64.284   136.319
  64.287   136.308
  64.289   136.297
  64.292   136.286
  64.294   136.275
  64.297   136.264
  64.299   136.253
  64.302   136.242
  64.304   136.231
  64.307   136.220
  64.309   136.209
  64.312   136.198
  64.314   136.187
  64.317   136.176
  64.319   136.165
  64.322   136.154
  64.324   136.143
  64.327   136.133
  64.329   136.122
  64.332   136.111
  64.334   136.100
  64.337   136.089
  64.339   136.078
  64.341   136.067
  64.344   136.056
  64.346   136.045
  64.349   136.034
  64.351   136.023
  64.354   136.012
  64.356   136.001
  64.359   135.990
  64.361   135.979
  64.364   135.968
  64.366   135.957
  64.369   135.946
  64.371   135.935
  64.374   135.924
  64.376   135.913
  64.379   135.902
  64.381   135.891
  64.384   135.880
  64.386   135.869
  64.389   135.858
  64.391   135.847
  64.394   135.836
  64.396   135.825
  64.398   135.814
  64.401   135.803
  64.403   135.792
  64.406   135.781
  64.408   135.769
  64.411   135.758
  64.413   135.747
  64.416   135.736
  64.418   135.725
  64.421   135.714
  64.423   135.703
  64.426   135.692
  64.428   135.681
  64.430   135.670
  64.433   135.659
  64.435   135.648
  64.438   135.637
  64.440   135.626
  64.443   135.615
  64.445   135.604
  64.448   135.593
  64.450   135.582
  64.453   135.571
  64.455   135.560
  64.457   135.549
  64.460   135.538
  64.462   135.527
  64.465   135.515
  64.467   135.504
  64.470   135.493
  64.472   135.482
  64.474   135.471
  64.477   135.460
  64.479   135.449
  64.482   135.438
  64.484   135.427
  64.487   135.416
  64.489   135.405
  64.492   135.394
  64.494   135.383
  64.496   135.372
  64.499   135.360
  64.501   135.349
  64.504   135.338
  64.506   135.327
  64.509   135.316
  64.511   135.305
  64.513   135.294
  64.516   135.283
  64.518   135.272
  64.521   135.261
  64.523   135.250
  64.526   135.238
  64.528   135.227
  64.530   135.216
  64.533   135.205
  64.535   135.194
  64.538   135.183
  64.540   135.172
  64.542   135.161
  64.545   135.150
  64.547   135.139
  64.550   135.127
  64.552   135.116
  64.554   135.105
  64.557   135.094
  64.559   135.083
  64.562   135.072
  64.564   135.061
  64.567   135.050
  64.569   135.038
  64.571   135.027
  64.574   135.016
  64.576   135.005
  64.579   134.994
  64.581   134.983
  64.583   134.972
  64.586   134.960
  64.588   134.949
  64.591   134.938
  64.593   134.927
  64.595   134.916
  64.598   134.905
  64.600   134.894
  64.602   134.882
  64.605   134.871
  64.607   134.860
  64.610   134.849
  64.612   134.838
  64.614   134.827
  64.617   134.816
  64.619   134.804
  64.622   134.793
  64.624   134.782
  64.626   134.771
  64.629   134.760
  64.631   134.749
  64.633   134.737
  64.636   134.726
  64.638   134.715
  64.641   134.704
  64.643   134.693
  64.645   134.682
  64.648   134.670
  64.650   134.659
  64.652   134.648
  64.655   134.637
  64.657   134.626
  64.660   134.614
  64.662   134.603
  64.664   134.592
  64.667   134.581
  64.669   134.570
  64.671   134.559
  64.674   134.547
  64.676   134.536
  64.679   134.525
  64.681   134.514
  64.683   134.503
  64.686   134.491
  64.688   134.480
  64.690   134.469
  64.693   134.458
  64.695   134.447
  64.697   134.435
  64.700   134.424
  64.702   134.413
  64.704   134.402
  64.707   134.390
  64.709   134.379
  64.711   134.368
  64.714   134.357
  64.716   134.346
  64.719   134.334
  64.721   134.323
  64.723   134.312
  64.726   134.301
  64.728   134.289
  64.730   134.278
  64.733   134.267
  64.735   134.256
  64.737   134.245
  64.740   134.233
  64.742   134.222
  64.744   134.211
  64.747   134.200
  64.749   134.188
  64.751   134.177
  64.754   134.166
  64.756   134.155
  64.758   134.143
  64.761   134.132
  64.763   134.121
  64.765   134.110
  64.768   134.098
  64.770   134.087
  64.772   134.076
  64.775   134.065
  64.777   134.053
  64.779   134.042
  64.782   134.031
  64.784   134.020
  64.786   134.008
  64.788   133.997
  64.791   133.986
  64.793   133.974
  64.795   133.963
  64.798   133.952
  64.800   133.941
  64.802   133.929
  64.805   133.918
  64.807   133.907
  64.809   133.896
  64.812   133.884
  64.814   133.873
  64.816   133.862
  64.819   133.850
  64.821   133.839
  64.823   133.828
  64.825   133.817
  64.828   133.805
  64.830   133.794
  64.832   133.783
  64.835   133.771
  64.837   133.760
  64.839   133.749
  64.842   133.737
  64.844   133.726
  64.846   133.715
  64.848   133.704
  64.851   133.692
  64.853   133.681
  64.855   133.670
  64.858   133.658
  64.860   133.647
  64.862   133.636
  64.864   133.624
  64.867   133.613
  64.869   133.602
  64.871   133.590
  64.874   133.579
  64.876   133.568
  64.878   133.556
  64.880   133.545
  64.883   133.534
  64.885   133.523
  64.887   133.511
  64.890   133.500
  64.892   133.489
  64.894   133.477
  64.896   133.466
  64.899   133.455
  64.901   133.443
  64.903   133.432
  64.906   133.420
  64.908   133.409
  64.910   133.398
  64.912   133.386
  64.915   133.375
  64.917   133.364
  64.919   133.352
  64.921   133.341
  64.924   133.330
  64.926   133.318
  64.928   133.307
  64.930   133.296
  64.933   133.284
  64.935   133.273
  64.937   133.262
  64.939   133.250
  64.942   133.239
  64.944   133.227
  64.946   133.216
  64.948   133.205
  64.951   133.193
  64.953   133.182
  64.955   133.171
  64.958   133.159
  64.960   133.148
  64.962   133.136
  64.964   133.125
  64.966   133.114
  64.969   133.102
  64.971   133.091
  64.973   133.080
  64.975   133.068
  64.978   133.057
  64.980   133.045
  64.982   133.034
  64.984   133.023
  64.987   133.011
  64.989   133.000
  64.991   132.988
  64.993   132.977
  64.996   132.966
  64.998   132.954
  65.000   132.943
  65.002   132.931
  65.005   132.920
  65.007   132.909
  65.009   132.897
  65.011   132.886
  65.013   132.874
  65.016   132.863
  65.018   132.852
  65.020   132.840
  65.022   132.829
  65.025   132.817
  65.027   132.806
  65.029   132.794
  65.031   132.783
  65.033   132.772
  65.036   132.760
  65.038   132.749
  65.040   132.737
  65.042   132.726
  65.045   132.714
  65.047   132.703
  65.049   132.692
  65.051   132.680
  65.053   132.669
  65.056   132.657
  65.058   132.646
  65.060   132.634
  65.062   132.623
  65.064   132.612
  65.067   132.600
  65.069   132.589
  65.071   132.577
  65.073   132.566
  65.075   132.554
  65.078   132.543
  65.080   132.531
  65.082   132.520
  65.084   132.508
  65.086   132.497
  65.089   132.486
  65.091   132.474
  65.093   132.463
  65.095   132.451
  65.097   132.440
  65.100   132.428
  65.102   132.417
  65.104   132.405
  65.106   132.394
  65.108   132.382
  65.111   132.371
  65.113   132.359
  65.115   132.348
  65.117   132.336
  65.119   132.325
  65.121   132.313
  65.124   132.302
  65.126   132.291
  65.128   132.279
  65.130   132.268
  65.132   132.256
  65.135   132.245
  65.137   132.233
  65.139   132.222
  65.141   132.210
  65.143   132.199
  65.145   132.187
  65.148   132.176
  65.150   132.164
  65.152   132.153
  65.154   132.141
  65.156   132.130
  65.158   132.118
  65.161   132.107
  65.163   132.095
  65.165   132.084
  65.167   132.072
  65.169   132.061
  65.171   132.049
  65.174   132.038
  65.176   132.026
  65.178   132.014
  65.180   132.003
  65.182   131.991
  65.184   131.980
  65.186   131.968
  65.189   131.957
  65.191   131.945
  65.193   131.934
  65.195   131.922
  65.197   131.911
  65.199   131.899
  65.202   131.888
  65.204   131.876
  65.206   131.865
  65.208   131.853
  65.210   131.842
  65.212   131.830
  65.214   131.818
  65.217   131.807
  65.219   131.795
  65.221   131.784
  65.223   131.772
  65.225   131.761
  65.227   131.749
  65.229   131.738
  65.231   131.726
  65.234   131.715
  65.236   131.703
  65.238   131.691
  65.240   131.680
  65.242   131.668
  65.244   131.657
  65.246   131.645
  65.249   131.634
  65.251   131.622
  65.253   131.610
  65.255   131.599
  65.257   131.587
  65.259   131.576
  65.261   131.564
  65.263   131.553
  65.266   131.541
  65.268   131.529
  65.270   131.518
  65.272   131.506
  65.274   131.495
  65.276   131.483
  65.278   131.472
  65.280   131.460
  65.282   131.448
  65.285   131.437
  65.287   131.425
  65.289   131.414
  65.291   131.402
  65.293   131.390
  65.295   131.379
  65.297   131.367
  65.299   131.356
  65.301   131.344
  65.304   131.332
  65.306   131.321
  65.308   131.309
  65.310   131.298
  65.312   131.286
  65.314   131.274
  65.316   131.263
  65.318   131.251
  65.320   131.240
  65.322   131.228
  65.325   131.216
  65.327   131.205
  65.329   131.193
  65.331   131.182
  65.333   131.170
  65.335   131.158
  65.337   131.147
  65.339   131.135
  65.341   131.123
  65.343   131.112
  65.345   131.100
  65.347   131.089
  65.350   131.077
  65.352   131.065
  65.354   131.054
  65.356   131.042
  65.358   131.030
  65.360   131.019
  65.362   131.007
  65.364   130.995
  65.366   130.984
  65.368   130.972
  65.370   130.960
  65.372   130.949
  65.375   130.937
  65.377   130.926
  65.379   130.914
  65.381   130.902
  65.383   130.891
  65.385   130.879
  65.387   130.867
  65.389   130.856
  65.391   130.844
  65.393   130.832
  65.395   130.821
  65.397   130.809
  65.399   130.797
  65.401   130.786
  65.403   130.774
  65.405   130.762
  65.408   130.751
  65.410   130.739
  65.412   130.727
  65.414   130.716
  65.416   130.704
  65.418   130.692
  65.420   130.681
  65.422   130.669
  65.424   130.657
  65.426   130.646
  65.428   130.634
  65.430   130.622
  65.432   130.610
  65.434   130.599
  65.436   130.587
  65.438   130.575
  65.440   130.564
  65.442   130.552
  65.444   130.540
  65.446   130.529
  65.449   130.517
  65.451   130.505
  65.453   130.494
  65.455   130.482
  65.457   130.470
  65.459   130.458
  65.461   130.447
  65.463   130.435
  65.465   130.423
  65.467   130.412
  65.469   130.400
  65.471   130.388
  65.473   130.376
  65.475   130.365
  65.477   130.353
  65.479   130.341
  65.481   130.330
  65.483   130.318
  65.485   130.306
  65.487   130.294
  65.489   130.283
  65.491   130.271
  65.493   130.259
  65.495   130.247
  65.497   130.236
  65.499   130.224
  65.501   130.212
  65.503   130.201
  65.505   130.189
  65.507   130.177
  65.509   130.165
  65.511   130.154
  65.513   130.142
  65.515   130.130
  65.517   130.118
  65.519   130.107
  65.521   130.095
  65.523   130.083
  65.525   130.071
  65.527   130.060
  65.529   130.048
  65.531   130.036
  65.533   130.024
  65.535   130.013
  65.537   130.001
  65.539   129.989
  65.541   129.977
  65.543   129.965
  65.545   129.954
  65.547   129.942
  65.549   129.930
  65.551   129.918
  65.553   129.907
  65.555   129.895
  65.557   129.883
  65.559   129.871
  65.561   129.860
  65.563   129.848
  65.565   129.836
  65.567   129.824
  65.569   129.812
  65.571   129.801
  65.573   129.789
  65.575   129.777
  65.577   129.765
  65.579   129.753
  65.581   129.742
  65.583   129.730
  65.585   129.718
  65.587   129.706
  65.589   129.695
  65.591   129.683
  65.593   129.671
  65.595   129.659
  65.597   129.647
  65.599   129.636
  65.601   129.624
  65.603   129.612
  65.605   129.600
  65.607   129.588
  65.609   129.576
  65.611   129.565
  65.613   129.553
  65.615   129.541
  65.617   129.529
  65.619   129.517
  65.621   129.506
  65.622   129.494
  65.624   129.482
  65.626   129.470
  65.628   129.458
  65.630   129.446
  65.632   129.435
  65.634   129.423
  65.636   129.411
  65.638   129.399
  65.640   129.387
  65.642   129.375
  65.644   129.364
  65.646   129.352
  65.648   129.340
  65.650   129.328
  65.652   129.316
  65.654   129.304
  65.656   129.293
  65.658   129.281
  65.660   129.269
  65.661   129.257
  65.663   129.245
  65.665   129.233
  65.667   129.221
  65.669   129.210
  65.671   129.198
  65.673   129.186
  65.675   129.174
  65.677   129.162
  65.679   129.150
  65.681   129.138
  65.683   129.127
  65.685   129.115
  65.687   129.103
  65.689   129.091
  65.690   129.079
  65.692   129.067
  65.694   129.055
  65.696   129.043
  65.698   129.032
  65.700   129.020
  65.702   129.008
  65.704   128.996
  65.706   128.984
  65.708   128.972
  65.710   128.960
  65.712   128.948
  65.714   128.936
  65.715   128.925
  65.717   128.913
  65.719   128.901
  65.721   128.889
  65.723   128.877
  65.725   128.865
  65.727   128.853
  65.729   128.841
  65.731   128.829
  65.733   128.818
  65.735   128.806
  65.736   128.794
  65.738   128.782
  65.740   128.770
  65.742   128.758
  65.744   128.746
  65.746   128.734
  65.748   128.722
  65.750   128.710
  65.752   128.698
  65.754   128.686
  65.755   128.675
  65.757   128.663
  65.759   128.651
  65.761   128.639
  65.763   128.627
  65.765   128.615
  65.767   128.603
  65.769   128.591
  65.771   128.579
  65.772   128.567
  65.774   128.555
  65.776   128.543
  65.778   128.531
  65.780   128.519
  65.782   128.508
  65.784   128.496
  65.786   128.484
  65.788   128.472
  65.789   128.460
  65.791   128.448
  65.793   128.436
  65.795   128.424
  65.797   128.412
  65.799   128.400
  65.801   128.388
  65.803   128.376
  65.804   128.364
  65.806   128.352
  65.808   128.340
  65.810   128.328
  65.812   128.316
  65.814   128.304
  65.816   128.292
  65.818   128.280
  65.819   128.268
  65.821   128.256
  65.823   128.244
  65.825   128.232
  65.827   128.220
  65.829   128.208
  65.831   128.197
  65.832   128.185
  65.834   128.173
  65.836   128.161
  65.838   128.149
  65.840   128.137
  65.842   128.125
  65.844   128.113
  65.845   128.101
  65.847   128.089
  65.849   128.077
  65.851   128.065
  65.853   128.053
  65.855   128.041
  65.856   128.029
  65.858   128.017
  65.860   128.005
  65.862   127.993
  65.864   127.981
  65.866   127.969
  65.868   127.957
  65.869   127.945
  65.871   127.933
  65.873   127.921
  65.875   127.909
  65.877   127.896
  65.879   127.884
  65.880   127.872
  65.882   127.860
  65.884   127.848
  65.886   127.836
  65.888   127.824
  65.890   127.812
  65.891   127.800
  65.893   127.788
  65.895   127.776
  65.897   127.764
  65.899   127.752
  65.901   127.740
  65.902   127.728
  65.904   127.716
  65.906   127.704
  65.908   127.692
  65.910   127.680
  65.911   127.668
  65.913   127.656
  65.915   127.644
  65.917   127.632
  65.919   127.620
  65.921   127.608
  65.922   127.596
  65.924   127.583
  65.926   127.571
  65.928   127.559
  65.930   127.547
  65.931   127.535
  65.933   127.523
  65.935   127.511
  65.937   127.499
  65.939   127.487
  65.940   127.475
  65.942   127.463
  65.944   127.451
  65.946   127.439
  65.948   127.427
  65.949   127.415
  65.951   127.402
  65.953   127.390
  65.955   127.378
  65.957   127.366
  65.958   127.354
  65.960   127.342
  65.962   127.330
  65.964   127.318
  65.966   127.306
  65.967   127.294
  65.969   127.282
  65.971   127.269
  65.973   127.257
  65.975   127.245
  65.976   127.233
  65.978   127.221
  65.980   127.209
  65.982   127.197
  65.983   127.185
  65.985   127.173
  65.987   127.160
  65.989   127.148
  65.991   127.136
  65.992   127.124
  65.994   127.112
  65.996   127.100
  65.998   127.088
  65.999   127.076
  66.001   127.064
  66.003   127.051
  66.005   127.039
  66.007   127.027
  66.008   127.015
  66.010   127.003
  66.012   126.991
  66.014   126.979
  66.015   126.966
  66.017   126.954
  66.019   126.942
  66.021   126.930
  66.022   126.918
  66.024   126.906
  66.028   126.881
  66.031   126.857
  66.035   126.833
  66.038   126.809
  66.042   126.784
  66.049   126.736
  66.056   126.687
  66.070   126.589
  66.084   126.492
  66.097   126.394
  66.111   126.296
  66.125   126.199
  66.132   126.150
  66.139   126.101
  66.145   126.052
  66.152   126.003
  66.159   125.953
  66.166   125.904
  66.173   125.855
  66.179   125.806
  66.186   125.757
  66.193   125.708
  66.196   125.683
  66.199   125.658
  66.203   125.634
  66.206   125.609
  66.209   125.585
  66.213   125.560
  66.216   125.535
  66.219   125.511
  66.223   125.486
  66.226   125.461
  66.229   125.437
  66.233   125.412
  66.236   125.387
  66.239   125.363
  66.243   125.338
  66.246   125.313
  66.249   125.288
  66.252   125.264
  66.256   125.239
  66.259   125.214
  66.262   125.189
  66.266   125.165
  66.269   125.140
  66.272   125.115
  66.275   125.090
  66.279   125.066
  66.282   125.041
  66.285   125.016
  66.288   124.991
  66.292   124.966
  66.295   124.942
  66.298   124.917
  66.301   124.892
  66.305   124.867
  66.308   124.842
  66.311   124.817
  66.314   124.793
  66.317   124.768
  66.321   124.743
  66.324   124.718
  66.327   124.693
  66.330   124.668
  66.334   124.643
  66.337   124.618
  66.340   124.594
  66.343   124.569
  66.346   124.544
  66.349   124.519
  66.353   124.494
  66.354   124.481
  66.356   124.469
  66.357   124.456
  66.359   124.444
  66.361   124.431
  66.362   124.419
  66.364   124.406
  66.365   124.394
  66.367   124.382
  66.368   124.369
  66.370   124.357
  66.372   124.344
  66.373   124.332
  66.375   124.319
  66.376   124.307
  66.378   124.294
  66.380   124.282
  66.381   124.269
  66.383   124.257
  66.384   124.244
  66.386   124.232
  66.387   124.219
  66.389   124.207
  66.391   124.194
  66.392   124.182
  66.394   124.169
  66.395   124.156
  66.397   124.144
  66.398   124.131
  66.400   124.119
  66.401   124.106
  66.403   124.094
  66.405   124.081
  66.406   124.069
  66.408   124.056
  66.409   124.044
  66.411   124.031
  66.412   124.019
  66.414   124.006
  66.415   123.994
  66.417   123.981
  66.419   123.969
  66.420   123.956
  66.422   123.943
  66.423   123.931
  66.425   123.918
  66.426   123.906
  66.428   123.893
  66.429   123.881
  66.431   123.868
  66.433   123.856
  66.434   123.843
  66.436   123.830
  66.437   123.818
  66.439   123.805
  66.440   123.793
  66.442   123.780
  66.443   123.768
  66.445   123.755
  66.446   123.743
  66.448   123.730
  66.449   123.717
  66.451   123.705
  66.453   123.692
  66.454   123.680
  66.456   123.667
  66.457   123.654
  66.459   123.642
  66.460   123.629
  66.462   123.617
  66.463   123.604
  66.465   123.592
  66.466   123.579
  66.468   123.566
  66.469   123.554
  66.471   123.541
  66.472   123.529
  66.474   123.516
  66.475   123.503
  66.477   123.491
  66.478   123.478
  66.480   123.465
  66.481   123.453
  66.483   123.440
  66.484   123.428
  66.486   123.415
  66.487   123.402
  66.489   123.390
  66.491   123.377
  66.492   123.365
  66.494   123.352
  66.495   123.339
  66.497   123.327
  66.498   123.314
  66.500   123.301
  66.501   123.289
  66.503   123.276
  66.504   123.263
  66.506   123.251
  66.507   123.238
  66.509   123.226
  66.510   123.213
  66.512   123.200
  66.513   123.188
  66.515   123.175
  66.516   123.162
  66.518   123.150
  66.519   123.137
  66.521   123.124
  66.522   123.112
  66.523   123.099
  66.525   123.086
  66.526   123.074
  66.528   123.061
  66.529   123.048
  66.531   123.036
  66.532   123.023
  66.534   123.010
  66.535   122.998
  66.537   122.985
  66.538   122.972
  66.540   122.960
  66.541   122.947
  66.543   122.934
  66.544   122.922
  66.546   122.909
  66.547   122.896
  66.549   122.884
  66.550   122.871
  66.552   122.858
  66.553   122.845
  66.555   122.833
  66.556   122.820
  66.557   122.807
  66.559   122.795
  66.560   122.782
  66.562   122.769
  66.563   122.756
  66.565   122.744
  66.566   122.731
  66.568   122.718
  66.569   122.706
  66.571   122.693
  66.572   122.680
  66.574   122.667
  66.575   122.655
  66.576   122.642
  66.578   122.629
  66.579   122.617
  66.581   122.604
  66.582   122.591
  66.584   122.578
  66.585   122.566
  66.587   122.553
  66.588   122.540
  66.590   122.527
  66.591   122.515
  66.592   122.502
  66.594   122.489
  66.595   122.476
  66.597   122.464
  66.598   122.451
  66.600   122.438
  66.601   122.425
  66.603   122.413
  66.604   122.400
  66.605   122.387
  66.607   122.374
  66.608   122.362
  66.610   122.349
  66.611   122.336
  66.613   122.323
  66.614   122.311
  66.615   122.298
  66.617   122.285
  66.618   122.272
  66.620   122.259
  66.621   122.247
  66.623   122.234
  66.624   122.221
  66.625   122.208
  66.627   122.196
  66.628   122.183
  66.630   122.170
  66.631   122.157
  66.633   122.144
  66.634   122.132
  66.635   122.119
  66.637   122.106
  66.638   122.093
  66.640   122.080
  66.641   122.068
  66.642   122.055
  66.644   122.042
  66.645   122.029
  66.647   122.016
  66.648   122.003
  66.650   121.991
  66.651   121.978
  66.652   121.965
  66.654   121.952
  66.655   121.939
  66.657   121.927
  66.658   121.914
  66.659   121.901
  66.661   121.888
  66.662   121.875
  66.664   121.862
  66.665   121.850
  66.666   121.837
  66.668   121.824
  66.669   121.811
  66.671   121.798
  66.672   121.785
  66.673   121.772
  66.675   121.760
  66.676   121.747
  66.678   121.734
  66.679   121.721
  66.680   121.708
  66.682   121.695
  66.683   121.683
  66.684   121.670
  66.686   121.657
  66.687   121.644
  66.689   121.631
  66.690   121.618
  66.691   121.605
  66.693   121.592
  66.694   121.580
  66.696   121.567
  66.697   121.554
  66.698   121.541
  66.700   121.528
  66.701   121.515
  66.702   121.502
  66.704   121.489
  66.705   121.477
  66.706   121.464
  66.708   121.451
  66.709   121.438
  66.711   121.425
  66.712   121.412
  66.713   121.399
  66.715   121.386
  66.716   121.373
  66.717   121.360
  66.719   121.348
  66.720   121.335
  66.722   121.322
  66.723   121.309
  66.724   121.296
  66.726   121.283
  66.727   121.270
  66.728   121.257
  66.730   121.244
  66.731   121.231
  66.732   121.218
  66.734   121.205
  66.735   121.192
  66.736   121.180
  66.738   121.167
  66.739   121.154
  66.740   121.141
  66.742   121.128
  66.743   121.115
  66.744   121.102
  66.746   121.089
  66.747   121.076
  66.748   121.063
  66.750   121.050
  66.751   121.037
  66.753   121.024
  66.754   121.011
  66.755   120.998
  66.757   120.985
  66.758   120.972
  66.759   120.959
  66.761   120.947
  66.762   120.934
  66.763   120.921
  66.765   120.908
  66.766   120.895
  66.767   120.882
  66.768   120.869
  66.770   120.856
  66.771   120.843
  66.772   120.830
  66.774   120.817
  66.775   120.804
  66.776   120.791
  66.778   120.778
  66.779   120.765
  66.780   120.752
  66.782   120.739
  66.783   120.726
  66.784   120.713
  66.786   120.700
  66.787   120.687
  66.788   120.674
  66.790   120.661
  66.791   120.648
  66.792   120.635
  66.793   120.622
  66.795   120.609
  66.796   120.596
  66.797   120.583
  66.799   120.570
  66.800   120.557
  66.801   120.544
  66.803   120.531
  66.804   120.518
  66.805   120.505
  66.807   120.492
  66.808   120.479
  66.809   120.466
  66.810   120.453
  66.812   120.440
  66.813   120.426
  66.814   120.413
  66.816   120.400
  66.817   120.387
  66.818   120.374
  66.819   120.361
  66.821   120.348
  66.822   120.335
  66.823   120.322
  66.825   120.309
  66.826   120.296
  66.827   120.283
  66.828   120.270
  66.830   120.257
  66.831   120.244
  66.832   120.231
  66.834   120.218
  66.835   120.205
  66.836   120.192
  66.837   120.178
  66.839   120.165
  66.840   120.152
  66.841   120.139
  66.842   120.126
  66.844   120.113
  66.845   120.100
  66.846   120.087
  66.847   120.074
  66.849   120.061
  66.850   120.048
  66.851   120.035
  66.853   120.021
  66.854   120.008
  66.855   119.995
  66.856   119.982
  66.858   119.969
  66.859   119.956
  66.860   119.943
  66.861   119.930
  66.863   119.917
  66.864   119.904
  66.865   119.890
  66.866   119.877
  66.868   119.864
  66.869   119.851
  66.870   119.838
  66.871   119.825
  66.873   119.812
  66.874   119.799
  66.875   119.785
  66.876   119.772
  66.878   119.759
  66.879   119.746
  66.880   119.733
  66.881   119.720
  66.883   119.707
  66.884   119.694
  66.885   119.680
  66.886   119.667
  66.887   119.654
  66.889   119.641
  66.890   119.628
  66.891   119.615
  66.892   119.601
  66.894   119.588
  66.895   119.575
  66.896   119.562
  66.897   119.549
  66.898   119.536
  66.900   119.523
  66.901   119.509
  66.902   119.496
  66.903   119.483
  66.905   119.470
  66.906   119.457
  66.907   119.444
  66.908   119.430
  66.909   119.417
  66.911   119.404
  66.912   119.391
  66.913   119.378
  66.914   119.364
  66.916   119.351
  66.917   119.338
  66.918   119.325
  66.919   119.312
  66.920   119.299
  66.922   119.285
  66.923   119.272
  66.924   119.259
  66.925   119.246
  66.926   119.233
  66.928   119.219
  66.929   119.206
  66.930   119.193
  66.931   119.180
  66.932   119.167
  66.934   119.153
  66.935   119.140
  66.936   119.127
  66.937   119.114
  66.938   119.100
  66.939   119.087
  66.941   119.074
  66.942   119.061
  66.943   119.048
  66.944   119.034
  66.945   119.021
  66.947   119.008
  66.948   118.995
  66.949   118.981
  66.950   118.968
  66.951   118.955
  66.952   118.942
  66.954   118.928
  66.955   118.915
  66.956   118.902
  66.957   118.889
  66.958   118.875
  66.960   118.862
  66.961   118.849
  66.962   118.836
  66.963   118.822
  66.964   118.809
  66.965   118.796
  66.967   118.783
  66.968   118.769
  66.969   118.756
  66.970   118.743
  66.971   118.730
  66.972   118.716
  66.974   118.703
  66.975   118.690
  66.976   118.677
  66.977   118.663
  66.978   118.650
  66.979   118.637
  66.980   118.623
  66.982   118.610
  66.983   118.597
  66.984   118.584
  66.985   118.570
  66.986   118.557
  66.987   118.544
  66.988   118.530
  66.990   118.517
  66.991   118.504
  66.992   118.491
  66.993   118.477
  66.994   118.464
  66.995   118.451
  66.996   118.437
  66.998   118.424
  66.999   118.411
  67.000   118.397
  67.001   118.384
  67.002   118.371
  67.003   118.357
  67.004   118.344
  67.006   118.331
  67.007   118.317
  67.008   118.304
  67.009   118.291
  67.010   118.278
  67.011   118.264
  67.012   118.251
  67.013   118.238
  67.015   118.224
  67.016   118.211
  67.017   118.198
  67.018   118.184
  67.019   118.171
  67.020   118.158
  67.021   118.144
  67.022   118.131
  67.023   118.117
  67.025   118.104
  67.026   118.091
  67.027   118.077
  67.028   118.064
  67.029   118.051
  67.030   118.037
  67.031   118.024
  67.032   118.011
  67.033   117.997
  67.035   117.984
  67.036   117.971
  67.037   117.957
  67.038   117.944
  67.039   117.930
  67.040   117.917
  67.041   117.904
  67.042   117.890
  67.043   117.877
  67.044   117.864
  67.046   117.850
  67.047   117.837
  67.048   117.823
  67.049   117.810
  67.050   117.797
  67.051   117.783
  67.052   117.770
  67.053   117.756
  67.054   117.743
  67.055   117.730
  67.056   117.716
  67.057   117.703
  67.059   117.689
  67.060   117.676
  67.061   117.663
  67.062   117.649
  67.063   117.636
  67.064   117.622
  67.065   117.609
  67.066   117.596
  67.067   117.582
  67.068   117.569
  67.069   117.555
  67.070   117.542
  67.071   117.529
  67.072   117.515
  67.074   117.502
  67.075   117.488
  67.076   117.475
  67.077   117.461
  67.078   117.448
  67.079   117.435
  67.080   117.421
  67.081   117.408
  67.082   117.394
  67.083   117.381
  67.084   117.367
  67.085   117.354
  67.086   117.341
  67.087   117.327
  67.088   117.314
  67.089   117.300
  67.090   117.287
  67.091   117.273
  67.092   117.260
  67.094   117.246
  67.095   117.233
  67.096   117.219
  67.097   117.206
  67.098   117.193
  67.099   117.179
  67.100   117.166
  67.101   117.152
  67.102   117.139
  67.103   117.125
  67.104   117.112
  67.105   117.098
  67.106   117.085
  67.107   117.071
  67.108   117.058
  67.109   117.044
  67.110   117.031
  67.111   117.017
  67.112   117.004
  67.113   116.990
  67.114   116.977
  67.115   116.963
  67.116   116.950
  67.117   116.936
  67.118   116.923
  67.119   116.909
  67.120   116.896
  67.121   116.882
  67.122   116.869
  67.123   116.855
  67.124   116.842
  67.125   116.828
  67.126   116.815
  67.127   116.801
  67.128   116.788
  67.129   116.774
  67.130   116.761
  67.131   116.747
  67.132   116.734
  67.133   116.720
  67.134   116.707
  67.135   116.693
  67.136   116.680
  67.137   116.666
  67.138   116.653
  67.139   116.639
  67.140   116.626
  67.141   116.612
  67.142   116.599
  67.143   116.585
  67.144   116.572
  67.145   116.558
  67.146   116.544
  67.147   116.531
  67.148   116.517
  67.149   116.504
  67.150   116.490
  67.151   116.477
  67.152   116.463
  67.153   116.450
  67.154   116.436
  67.155   116.423
  67.156   116.409
  67.157   116.395
  67.158   116.382
  67.159   116.368
  67.160   116.355
  67.161   116.341
  67.162   116.328
  67.163   116.314
  67.164   116.301
  67.165   116.287
  67.166   116.273
  67.167   116.260
  67.168   116.246
  67.169   116.233
  67.170   116.219
  67.171   116.206
  67.172   116.192
  67.173   116.178
  67.174   116.165
  67.174   116.151
  67.175   116.138
  67.176   116.124
  67.177   116.110
  67.178   116.097
  67.179   116.083
  67.180   116.070
  67.181   116.056
  67.182   116.042
  67.183   116.029
  67.184   116.015
  67.185   116.002
  67.186   115.988
  67.187   115.974
  67.188   115.961
  67.189   115.947
  67.190   115.934
  67.191   115.920
  67.192   115.906
  67.192   115.893
  67.193   115.879
  67.194   115.866
  67.195   115.852
  67.196   115.838
  67.197   115.825
  67.198   115.811
  67.199   115.797
  67.200   115.784
  67.201   115.770
  67.202   115.757
  67.203   115.743
  67.204   115.729
  67.204   115.716
  67.205   115.702
  67.206   115.688
  67.207   115.675
  67.208   115.661
  67.209   115.648
  67.210   115.634
  67.211   115.620
  67.212   115.607
  67.213   115.593
  67.214   115.579
  67.215   115.566
  67.215   115.552
  67.216   115.538
  67.217   115.525
  67.218   115.511
  67.219   115.497
  67.220   115.484
  67.221   115.470
  67.222   115.456
  67.223   115.443
  67.224   115.429
  67.224   115.415
  67.225   115.402
  67.226   115.388
  67.227   115.374
  67.228   115.361
  67.229   115.347
  67.230   115.333
  67.231   115.320
  67.232   115.306
  67.232   115.292
  67.233   115.279
  67.234   115.265
  67.235   115.251
  67.236   115.238
  67.237   115.224
  67.238   115.210
  67.239   115.197
  67.240   115.183
  67.240   115.169
  67.241   115.155
  67.242   115.142
  67.243   115.128
  67.244   115.114
  67.245   115.101
  67.246   115.087
  67.247   115.073
  67.247   115.060
  67.248   115.046
  67.249   115.032
  67.250   115.018
  67.251   115.005
  67.252   114.991
  67.253   114.977
  67.253   114.964
  67.254   114.950
  67.255   114.936
  67.256   114.922
  67.257   114.909
  67.258   114.895
  67.259   114.881
  67.259   114.868
  67.260   114.854
  67.261   114.840
  67.262   114.826
  67.263   114.813
  67.264   114.799
  67.264   114.785
  67.265   114.771
  67.266   114.758
  67.267   114.744
  67.268   114.730
  67.269   114.717
  67.270   114.703
  67.270   114.689
  67.271   114.675
  67.272   114.662
  67.273   114.648
  67.274   114.634
  67.275   114.620
  67.275   114.607
  67.276   114.593
  67.277   114.579
  67.278   114.565
  67.279   114.552
  67.279   114.538
  67.280   114.524
  67.281   114.510
  67.282   114.497
  67.283   114.483
  67.284   114.469
  67.284   114.455
  67.285   114.441
  67.286   114.428
  67.287   114.414
  67.288   114.400
  67.288   114.386
  67.289   114.373
  67.290   114.359
  67.291   114.345
  67.292   114.331
  67.293   114.317
  67.293   114.304
  67.294   114.290
  67.295   114.276
  67.296   114.262
  67.297   114.249
  67.297   114.235
  67.298   114.221
  67.299   114.207
  67.300   114.193
  67.301   114.180
  67.301   114.166
  67.302   114.152
  67.303   114.138
  67.304   114.124
  67.304   114.111
  67.305   114.097
  67.306   114.083
  67.307   114.069
  67.308   114.055
  67.308   114.042
  67.309   114.028
  67.310   114.014
  67.311   114.000
  67.312   113.986
  67.312   113.972
  67.313   113.959
  67.314   113.945
  67.315   113.931
  67.315   113.917
  67.316   113.903
  67.317   113.890
  67.318   113.876
  67.319   113.862
  67.319   113.848
  67.320   113.834
  67.321   113.820
  67.322   113.807
  67.322   113.793
  67.323   113.779
  67.324   113.765
  67.325   113.751
  67.325   113.737
  67.326   113.724
  67.327   113.710
  67.328   113.696
  67.328   113.682
  67.329   113.668
  67.330   113.654
  67.331   113.640
  67.331   113.627
  67.332   113.613
  67.333   113.599
  67.334   113.585
  67.334   113.571
  67.335   113.557
  67.336   113.544
  67.337   113.530
  67.337   113.516
  67.338   113.502
  67.339   113.488
  67.340   113.474
  67.340   113.460
  67.341   113.446
  67.342   113.433
  67.342   113.419
  67.343   113.405
  67.344   113.391
  67.345   113.377
  67.345   113.363
  67.346   113.349
  67.347   113.336
  67.348   113.322
  67.348   113.308
  67.349   113.294
  67.350   113.280
  67.350   113.266
  67.351   113.252
  67.352   113.238
  67.353   113.224
  67.353   113.211
  67.354   113.197
  67.355   113.183
  67.355   113.169
  67.356   113.155
  67.357   113.141
  67.358   113.127
  67.358   113.113
  67.359   113.099
  67.360   113.086
  67.360   113.072
  67.361   113.058
  67.362   113.044
  67.362   113.030
  67.363   113.016
  67.364   113.002
  67.365   112.988
  67.365   112.974
  67.366   112.960
  67.367   112.947
  67.367   112.933
  67.368   112.919
  67.369   112.905
  67.369   112.891
  67.370   112.877
  67.371   112.863
  67.371   112.849
  67.372   112.835
  67.373   112.821
  67.373   112.807
  67.374   112.793
  67.375   112.780
  67.376   112.766
  67.376   112.752
  67.377   112.738
  67.378   112.724
  67.378   112.710
  67.379   112.696
  67.380   112.682
  67.380   112.668
  67.381   112.654
  67.382   112.640
  67.382   112.626
  67.383   112.612
  67.384   112.598
  67.384   112.585
  67.385   112.571
  67.386   112.557
  67.386   112.543
  67.387   112.529
  67.388   112.515
  67.388   112.501
  67.389   112.487
  67.389   112.473
  67.390   112.459
  67.391   112.445
  67.391   112.431
  67.392   112.417
  67.393   112.403
  67.393   112.389
  67.394   112.375
  67.395   112.361
  67.395   112.347
  67.396   112.333
  67.397   112.319
  67.397   112.305
  67.398   112.292
  67.398   112.278
  67.399   112.264
  67.400   112.250
  67.400   112.236
  67.401   112.222
  67.402   112.208
  67.402   112.194
  67.403   112.180
  67.404   112.166
  67.404   112.152
  67.405   112.138
  67.405   112.124
  67.406   112.110
  67.407   112.096
  67.407   112.082
  67.408   112.068
  67.408   112.054
  67.409   112.040
  67.410   112.026
  67.410   112.012
  67.411   111.998
  67.412   111.984
  67.412   111.970
  67.413   111.956
  67.413   111.942
  67.414   111.928
  67.415   111.914
  67.415   111.900
  67.416   111.886
  67.416   111.872
  67.417   111.858
  67.418   111.844
  67.418   111.830
  67.419   111.816
  67.419   111.802
  67.420   111.788
  67.421   111.774
  67.421   111.760
  67.422   111.746
  67.422   111.732
  67.423   111.718
  67.424   111.704
  67.424   111.690
  67.425   111.676
  67.425   111.662
  67.426   111.648
  67.426   111.634
  67.427   111.620
  67.428   111.606
  67.428   111.592
  67.429   111.578
  67.429   111.564
  67.430   111.550
  67.431   111.536
  67.431   111.522
  67.432   111.508
  67.432   111.494
  67.433   111.480
  67.433   111.466
  67.434   111.451
  67.434   111.437
  67.435   111.423
  67.436   111.409
  67.436   111.395
  67.437   111.381
  67.437   111.367
  67.438   111.353
  67.438   111.339
  67.439   111.325
  67.440   111.311
  67.440   111.297
  67.441   111.283
  67.441   111.269
  67.442   111.255
  67.442   111.241
  67.443   111.227
  67.443   111.213
  67.444   111.199
  67.444   111.185
  67.445   111.171
  67.446   111.157
  67.446   111.142
  67.447   111.128
  67.447   111.114
  67.448   111.100
  67.448   111.086
  67.449   111.072
  67.450   111.044
  67.451   111.016
  67.452   110.988
  67.453   110.960
  67.454   110.931
  67.455   110.903
  67.456   110.875
  67.457   110.847
  67.459   110.791
  67.461   110.734
  67.463   110.678
  67.465   110.622
  67.469   110.509
  67.473   110.396
  67.481   110.170
  67.482   110.113
  67.484   110.057
  67.488   109.944
  67.491   109.830
  67.495   109.717
  67.501   109.490
  67.507   109.263
  67.519   108.808
  67.529   108.352
  67.534   108.124
  67.538   107.895
  67.540   107.781
  67.542   107.667
  67.544   107.552
  67.545   107.495
  67.546   107.438
  67.547   107.381
  67.548   107.266
  67.551   107.037
  67.554   106.807
  67.557   106.578
  67.561   106.118
  67.562   105.888
  67.562   105.859
  67.562   105.855
  67.562   105.854
  67.562   105.853
  67.562   105.852
  67.562   105.852
  67.562   105.852
  67.562   105.852
  66.905    90.458
  66.884    90.240
  66.842    89.806
  66.799    89.374
  66.789    89.267
  66.778    89.159
  66.766    89.052
  66.761    88.998
  66.758    88.971
  66.755    88.944
  66.753    88.917
  66.747    88.864
  66.736    88.757
  66.724    88.650
  66.713    88.543
  66.690    88.330
  66.667    88.117
  66.620    87.693
  66.571    87.271
  66.547    87.061
  66.522    86.852
  66.509    86.747
  66.497    86.643
  66.484    86.538
  66.478    86.486
  66.471    86.434
  66.459    86.330
  66.446    86.226
  66.433    86.123
  66.420    86.019
  66.413    85.967
  66.407    85.916
  66.394    85.812
  66.380    85.709
  66.367    85.606
  66.354    85.503
  66.341    85.400
  66.327    85.298
  66.314    85.195
  66.300    85.093
  66.287    84.991
  66.273    84.888
  66.259    84.786
  66.252    84.736
  66.245    84.685
  66.238    84.634
  66.231    84.583
  66.224    84.532
  66.218    84.481
  66.211    84.431
  66.204    84.380
  66.197    84.329
  66.189    84.279
  66.182    84.228
  66.175    84.177
  66.168    84.127
  66.161    84.076
  66.154    84.026
  66.147    83.976
  66.140    83.925
  66.133    83.875
  66.129    83.850
  66.126    83.824
  66.122    83.799
  66.118    83.774
  66.115    83.749
  66.111    83.724
  66.108    83.699
  66.104    83.674
  66.100    83.649
  66.097    83.624
  66.093    83.598
  66.089    83.573
  66.086    83.548
  66.084    83.536
  66.082    83.523
  66.080    83.511
  66.079    83.498
  66.077    83.486
  66.075    83.473
  66.073    83.461
  66.071    83.448
  66.069    83.436
  66.068    83.423
  66.066    83.411
  66.064    83.398
  66.062    83.386
  66.060    83.373
  66.059    83.361
  66.057    83.348
  66.055    83.336
  66.053    83.323
  66.051    83.311
  66.049    83.298
  66.048    83.286
  66.046    83.273
  66.044    83.261
  66.042    83.248
  66.040    83.236
  66.038    83.223
  66.037    83.211
  66.035    83.198
  66.033    83.186
  66.031    83.173
  66.029    83.161
  66.027    83.149
  66.025    83.136
  66.024    83.124
  66.022    83.111
  66.020    83.099
  66.018    83.086
  66.016    83.074
  66.013    83.049
  66.009    83.024
  66.005    82.999
  66.001    82.974
  65.998    82.949
  65.990    82.900
  65.987    82.875
  65.985    82.863
  65.983    82.850
  65.979    82.825
  65.972    82.776
  65.968    82.751
  65.964    82.726
  65.960    82.701
  65.957    82.677
  65.953    82.652
  65.949    82.627
  65.945    82.602
  65.941    82.578
  65.938    82.553
  65.934    82.528
  65.932    82.516
  65.930    82.504
  65.928    82.491
  65.926    82.479
  65.924    82.467
  65.923    82.454
  65.921    82.442
  65.919    82.430
  65.917    82.417
  65.915    82.405
  65.913    82.393
  65.911    82.380
  65.909    82.368
  65.907    82.356
  65.905    82.343
  65.904    82.331
  65.902    82.319
  65.900    82.306
  65.898    82.294
  65.896    82.282
  65.894    82.269
  65.892    82.257
  65.890    82.245
  65.888    82.232
  65.886    82.220
  65.884    82.208
  65.883    82.196
  65.881    82.183
  65.879    82.171
  65.877    82.159
  65.875    82.146
  65.873    82.134
  65.871    82.122
  65.869    82.110
  65.867    82.097
  65.865    82.085
  65.863    82.073
  65.861    82.061
  65.859    82.048
  65.858    82.036
  65.856    82.024
  65.854    82.012
  65.852    81.999
  65.850    81.987
  65.848    81.975
  65.846    81.963
  65.844    81.950
  65.842    81.938
  65.840    81.926
  65.838    81.914
  65.836    81.901
  65.834    81.889
  65.832    81.877
  65.830    81.865
  65.829    81.852
  65.827    81.840
  65.825    81.828
  65.823    81.816
  65.821    81.803
  65.819    81.791
  65.817    81.779
  65.815    81.767
  65.813    81.755
  65.811    81.742
  65.809    81.730
  65.807    81.718
  65.805    81.706
  65.803    81.694
  65.801    81.681
  65.799    81.669
  65.797    81.657
  65.795    81.645
  65.793    81.633
  65.792    81.620
  65.790    81.608
  65.788    81.596
  65.786    81.584
  65.784    81.572
  65.782    81.560
  65.780    81.547
  65.778    81.535
  65.776    81.523
  65.774    81.511
  65.772    81.499
  65.770    81.487
  65.768    81.474
  65.766    81.462
  65.764    81.450
  65.762    81.438
  65.760    81.426
  65.758    81.414
  65.756    81.402
  65.754    81.389
  65.752    81.377
  65.750    81.365
  65.748    81.353
  65.746    81.341
  65.744    81.329
  65.742    81.317
  65.740    81.304
  65.738    81.292
  65.736    81.280
  65.734    81.268
  65.732    81.256
  65.730    81.244
  65.728    81.232
  65.726    81.220
  65.724    81.208
  65.722    81.195
  65.720    81.183
  65.718    81.171
  65.716    81.159
  65.714    81.147
  65.712    81.135
  65.711    81.123
  65.709    81.111
  65.707    81.099
  65.705    81.087
  65.703    81.074
  65.701    81.062
  65.699    81.050
  65.697    81.038
  65.695    81.026
  65.693    81.014
  65.691    81.002
  65.689    80.990
  65.687    80.978
  65.685    80.966
  65.683    80.954
  65.681    80.942
  65.678    80.930
  65.676    80.918
  65.674    80.906
  65.672    80.894
  65.670    80.881
  65.668    80.869
  65.666    80.857
  65.664    80.845
  65.662    80.833
  65.660    80.821
  65.658    80.809
  65.656    80.797
  65.654    80.785
  65.652    80.773
  65.650    80.761
  65.648    80.749
  65.646    80.737
  65.644    80.725
  65.642    80.713
  65.640    80.701
  65.638    80.689
  65.636    80.677
  65.634    80.665
  65.632    80.653
  65.630    80.641
  65.628    80.629
  65.626    80.617
  65.624    80.605
  65.622    80.593
  65.620    80.581
  65.618    80.569
  65.616    80.557
  65.614    80.545
  65.612    80.533
  65.610    80.521
  65.608    80.509
  65.606    80.497
  65.604    80.485
  65.602    80.473
  65.600    80.461
  65.598    80.449
  65.595    80.437
  65.593    80.425
  65.591    80.413
  65.589    80.401
  65.587    80.390
  65.585    80.378
  65.583    80.366
  65.581    80.354
  65.579    80.342
  65.577    80.330
  65.575    80.318
  65.573    80.306
  65.571    80.294
  65.569    80.282
  65.567    80.270
  65.565    80.258
  65.563    80.246
  65.561    80.234
  65.559    80.222
  65.557    80.210
  65.554    80.199
  65.552    80.187
  65.550    80.175
  65.548    80.163
  65.546    80.151
  65.544    80.139
  65.542    80.127
  65.540    80.115
  65.538    80.103
  65.536    80.091
  65.534    80.080
  65.532    80.068
  65.530    80.056
  65.528    80.044
  65.526    80.032
  65.523    80.020
  65.521    80.008
  65.519    79.996
  65.517    79.984
  65.515    79.973
  65.513    79.961
  65.511    79.949
  65.509    79.937
  65.507    79.925
  65.505    79.913
  65.503    79.901
  65.501    79.890
  65.499    79.878
  65.496    79.866
  65.494    79.854
  65.492    79.842
  65.490    79.830
  65.488    79.818
  65.486    79.807
  65.484    79.795
  65.482    79.783
  65.480    79.771
  65.478    79.759
  65.476    79.747
  65.474    79.736
  65.471    79.724
  65.469    79.712
  65.467    79.700
  65.465    79.688
  65.463    79.676
  65.461    79.665
  65.459    79.653
  65.457    79.641
  65.455    79.629
  65.453    79.617
  65.450    79.606
  65.448    79.594
  65.446    79.582
  65.444    79.570
  65.442    79.558
  65.440    79.547
  65.438    79.535
  65.436    79.523
  65.434    79.511
  65.432    79.500
  65.429    79.488
  65.427    79.476
  65.425    79.464
  65.423    79.452
  65.421    79.441
  65.419    79.429
  65.417    79.417
  65.415    79.405
  65.413    79.394
  65.410    79.382
  65.408    79.370
  65.406    79.358
  65.404    79.347
  65.402    79.335
  65.400    79.323
  65.398    79.311
  65.396    79.300
  65.393    79.288
  65.391    79.276
  65.389    79.264
  65.387    79.253
  65.385    79.241
  65.383    79.229
  65.381    79.217
  65.379    79.206
  65.376    79.194
  65.374    79.182
  65.372    79.171
  65.370    79.159
  65.368    79.147
  65.366    79.135
  65.364    79.124
  65.362    79.112
  65.359    79.100
  65.357    79.089
  65.355    79.077
  65.353    79.065
  65.351    79.053
  65.349    79.042
  65.347    79.030
  65.344    79.018
  65.342    79.007
  65.340    78.995
  65.338    78.983
  65.336    78.972
  65.334    78.960
  65.332    78.948
  65.329    78.937
  65.327    78.925
  65.325    78.913
  65.323    78.902
  65.321    78.890
  65.319    78.878
  65.317    78.867
  65.314    78.855
  65.312    78.843
  65.310    78.832
  65.308    78.820
  65.306    78.808
  65.304    78.797
  65.301    78.785
  65.299    78.774
  65.297    78.762
  65.295    78.750
  65.293    78.739
  65.291    78.727
  65.288    78.715
  65.286    78.704
  65.284    78.692
  65.282    78.680
  65.280    78.669
  65.278    78.657
  65.275    78.646
  65.273    78.634
  65.271    78.622
  65.269    78.611
  65.267    78.599
  65.265    78.588
  65.262    78.576
  65.260    78.564
  65.258    78.553
  65.256    78.541
  65.254    78.530
  65.252    78.518
  65.249    78.506
  65.247    78.495
  65.245    78.483
  65.243    78.472
  65.241    78.460
  65.239    78.449
  65.236    78.437
  65.234    78.425
  65.232    78.414
  65.230    78.402
  65.228    78.391
  65.225    78.379
  65.223    78.368
  65.221    78.356
  65.219    78.344
  65.217    78.333
  65.215    78.321
  65.212    78.310
  65.210    78.298
  65.208    78.287
  65.206    78.275
  65.204    78.264
  65.201    78.252
  65.199    78.241
  65.197    78.229
  65.195    78.218
  65.193    78.206
  65.190    78.195
  65.188    78.183
  65.186    78.171
  65.184    78.160
  65.182    78.148
  65.179    78.137
  65.177    78.125
  65.175    78.114
  65.173    78.102
  65.171    78.091
  65.168    78.079
  65.166    78.068
  65.164    78.056
  65.162    78.045
  65.160    78.033
  65.157    78.022
  65.155    78.010
  65.153    77.999
  65.151    77.987
  65.149    77.976
  65.146    77.965
  65.144    77.953
  65.142    77.942
  65.140    77.930
  65.137    77.919
  65.135    77.907
  65.133    77.896
  65.131    77.884
  65.129    77.873
  65.126    77.861
  65.124    77.850
  65.122    77.838
  65.120    77.827
  65.117    77.816
  65.115    77.804
  65.113    77.793
  65.111    77.781
  65.109    77.770
  65.106    77.758
  65.104    77.747
  65.102    77.735
  65.100    77.724
  65.097    77.713
  65.095    77.701
  65.093    77.690
  65.091    77.678
  65.089    77.667
  65.086    77.655
  65.084    77.644
  65.082    77.633
  65.080    77.621
  65.077    77.610
  65.075    77.598
  65.073    77.587
  65.071    77.576
  65.068    77.564
  65.066    77.553
  65.064    77.541
  65.062    77.530
  65.059    77.519
  65.057    77.507
  65.055    77.496
  65.053    77.485
  65.050    77.473
  65.048    77.462
  65.046    77.450
  65.044    77.439
  65.041    77.428
  65.039    77.416
  65.037    77.405
  65.035    77.394
  65.032    77.382
  65.030    77.371
  65.028    77.359
  65.026    77.348
  65.023    77.337
  65.021    77.325
  65.019    77.314
  65.017    77.303
  65.014    77.291
  65.012    77.280
  65.010    77.269
  65.008    77.257
  65.005    77.246
  65.003    77.235
  65.001    77.223
  64.999    77.212
  64.996    77.201
  64.994    77.189
  64.992    77.178
  64.990    77.167
  64.987    77.155
  64.985    77.144
  64.983    77.133
  64.981    77.122
  64.978    77.110
  64.976    77.099
  64.974    77.088
  64.971    77.076
  64.969    77.065
  64.967    77.054
  64.965    77.042
  64.962    77.031
  64.960    77.020
  64.958    77.009
  64.956    76.997
  64.953    76.986
  64.951    76.975
  64.949    76.963
  64.946    76.952
  64.944    76.941
  64.942    76.930
  64.940    76.918
  64.937    76.907
  64.935    76.896
  64.933    76.885
  64.930    76.873
  64.928    76.862
  64.926    76.851
  64.924    76.840
  64.921    76.828
  64.919    76.817
  64.917    76.806
  64.914    76.795
  64.912    76.783
  64.910    76.772
  64.908    76.761
  64.905    76.750
  64.903    76.738
  64.901    76.727
  64.898    76.716
  64.896    76.705
  64.894    76.694
  64.891    76.682
  64.889    76.671
  64.887    76.660
  64.885    76.649
  64.882    76.637
  64.880    76.626
  64.878    76.615
  64.875    76.604
  64.873    76.593
  64.871    76.581
  64.868    76.570
  64.866    76.559
  64.864    76.548
  64.862    76.537
  64.859    76.526
  64.857    76.514
  64.855    76.503
  64.852    76.492
  64.850    76.481
  64.848    76.470
  64.845    76.458
  64.843    76.447
  64.841    76.436
  64.838    76.425
  64.836    76.414
  64.834    76.403
  64.832    76.391
  64.829    76.380
  64.827    76.369
  64.825    76.358
  64.822    76.347
  64.820    76.336
  64.818    76.325
  64.815    76.313
  64.813    76.302
  64.811    76.291
  64.808    76.280
  64.806    76.269
  64.804    76.258
  64.801    76.247
  64.799    76.235
  64.797    76.224
  64.794    76.213
  64.792    76.202
  64.790    76.191
  64.787    76.180
  64.785    76.169
  64.783    76.158
  64.780    76.147
  64.778    76.135
  64.776    76.124
  64.773    76.113
  64.771    76.102
  64.769    76.091
  64.766    76.080
  64.764    76.069
  64.762    76.058
  64.759    76.047
  64.757    76.036
  64.755    76.024
  64.752    76.013
  64.750    76.002
  64.748    75.991
  64.745    75.980
  64.743    75.969
  64.741    75.958
  64.738    75.947
  64.736    75.936
  64.734    75.925
  64.731    75.914
  64.729    75.903
  64.727    75.892
  64.724    75.881
  64.722    75.869
  64.720    75.858
  64.717    75.847
  64.715    75.836
  64.713    75.825
  64.710    75.814
  64.708    75.803
  64.705    75.792
  64.703    75.781
  64.701    75.770
  64.698    75.759
  64.696    75.748
  64.694    75.737
  64.691    75.726
  64.689    75.715
  64.687    75.704
  64.684    75.693
  64.682    75.682
  64.680    75.671
  64.677    75.660
  64.675    75.649
  64.672    75.638
  64.670    75.627
  64.668    75.616
  64.665    75.605
  64.663    75.594
  64.661    75.583
  64.658    75.572
  64.656    75.561
  64.654    75.550
  64.651    75.539
  64.649    75.528
  64.646    75.517
  64.644    75.506
  64.642    75.495
  64.639    75.484
  64.637    75.473
  64.635    75.462
  64.632    75.451
  64.630    75.440
  64.627    75.429
  64.625    75.418
  64.623    75.407
  64.620    75.396
  64.618    75.385
  64.616    75.374
  64.613    75.363
  64.611    75.352
  64.608    75.341
  64.606    75.331
  64.604    75.320
  64.601    75.309
  64.599    75.298
  64.597    75.287
  64.594    75.276
  64.592    75.265
  64.589    75.254
  64.587    75.243
  64.585    75.232
  64.582    75.221
  64.580    75.210
  64.577    75.199
  64.575    75.188
  64.573    75.178
  64.570    75.167
  64.568    75.156
  64.566    75.145
  64.563    75.134
  64.561    75.123
  64.558    75.112
  64.556    75.101
  64.554    75.090
  64.551    75.079
  64.549    75.068
  64.546    75.058
  64.544    75.047
  64.542    75.036
  64.539    75.025
  64.537    75.014
  64.534    75.003
  64.532    74.992
  64.530    74.981
  64.527    74.971
  64.525    74.960
  64.522    74.949
  64.520    74.938
  64.518    74.927
  64.515    74.916
  64.513    74.905
  64.510    74.894
  64.508    74.884
  64.506    74.873
  64.503    74.862
  64.501    74.851
  64.498    74.840
  64.496    74.829
  64.493    74.818
  64.491    74.808
  64.489    74.797
  64.486    74.786
  64.484    74.775
  64.481    74.764
  64.479    74.753
  64.477    74.743
  64.474    74.732
  64.472    74.721
  64.469    74.710
  64.467    74.699
  64.465    74.689
  64.462    74.678
  64.460    74.667
  64.457    74.656
  64.455    74.645
  64.452    74.634
  64.450    74.624
  64.448    74.613
  64.445    74.602
  64.443    74.591
  64.440    74.580
  64.438    74.570
  64.435    74.559
  64.433    74.548
  64.431    74.537
  64.428    74.526
  64.426    74.516
  64.423    74.505
  64.421    74.494
  64.418    74.483
  64.416    74.473
  64.414    74.462
  64.411    74.451
  64.409    74.440
  64.406    74.429
  64.404    74.419
  64.401    74.408
  64.399    74.397
  64.397    74.386
  64.394    74.376
  64.392    74.365
  64.389    74.354
  64.387    74.343
  64.384    74.333
  64.382    74.322
  64.379    74.311
  64.377    74.300
  64.375    74.290
  64.372    74.279
  64.370    74.268
  64.367    74.257
  64.365    74.247
  64.362    74.236
  64.360    74.225
  64.357    74.215
  64.355    74.204
  64.353    74.193
  64.350    74.182
  64.348    74.172
  64.345    74.161
  64.343    74.150
  64.340    74.139
  64.338    74.129
  64.335    74.118
  64.333    74.107
  64.330    74.097
  64.328    74.086
  64.326    74.075
  64.323    74.065
  64.321    74.054
  64.318    74.043
  64.316    74.032
  64.313    74.022
  64.311    74.011
  64.308    74.000
  64.306    73.990
  64.303    73.979
  64.301    73.968
  64.299    73.958
  64.296    73.947
  64.294    73.936
  64.291    73.926
  64.289    73.915
  64.286    73.904
  64.284    73.894
  64.281    73.883
  64.279    73.872
  64.276    73.862
  64.274    73.851
  64.271    73.840
  64.269    73.830
  64.266    73.819
  64.264    73.808
  64.261    73.798
  64.259    73.787
  64.257    73.776
  64.254    73.766
  64.252    73.755
  64.249    73.745
  64.247    73.734
  64.244    73.723
  64.242    73.713
  64.239    73.702
  64.237    73.691
  64.234    73.681
  64.232    73.670
  64.229    73.660
  64.227    73.649
  64.224    73.638
  64.222    73.628
  64.219    73.617
  64.217    73.606
  64.214    73.596
  64.212    73.585
  64.209    73.575
  64.207    73.564
  64.204    73.553
  64.202    73.543
  64.199    73.532
  64.197    73.522
  64.195    73.511
  64.192    73.500
  64.190    73.490
  64.187    73.479
  64.185    73.469
  64.182    73.458
  64.180    73.448
  64.177    73.437
  64.175    73.426
  64.172    73.416
  64.170    73.405
  64.167    73.395
  64.165    73.384
  64.162    73.374
  64.160    73.363
  64.157    73.352
  64.155    73.342
  64.152    73.331
  64.150    73.321
  64.147    73.310
  64.145    73.300
  64.142    73.289
  64.140    73.279
  64.137    73.268
  64.135    73.257
  64.130    73.236
  64.125    73.215
  64.120    73.194
  64.114    73.173
  64.109    73.152
  64.104    73.131
  64.094    73.089
  64.084    73.047
  64.064    72.963
  64.024    72.795
  64.003    72.712
  63.983    72.628
  63.963    72.545
  63.952    72.503
  63.942    72.462
  63.932    72.420
  63.922    72.379
  63.912    72.337
  63.901    72.296
  63.891    72.254
  63.881    72.213
  63.870    72.171
  63.860    72.130
  63.850    72.089
  63.840    72.047
  63.829    72.006
  63.824    71.985
  63.819    71.965
  63.814    71.944
  63.809    71.924
  63.803    71.903
  63.798    71.882
  63.793    71.862
  63.788    71.841
  63.783    71.821
  63.777    71.800
  63.772    71.779
  63.767    71.759
  63.762    71.738
  63.757    71.718
  63.751    71.697
  63.746    71.677
  63.741    71.656
  63.736    71.636
  63.730    71.615
  63.725    71.595
  63.720    71.574
  63.715    71.554
  63.710    71.533
  63.704    71.513
  63.699    71.492
  63.694    71.472
  63.689    71.451
  63.683    71.431
  63.678    71.411
  63.673    71.390
  63.668    71.370
  63.662    71.349
  63.657    71.329
  63.652    71.309
  63.647    71.288
  63.641    71.268
  63.636    71.247
  63.631    71.227
  63.625    71.207
  63.620    71.186
  63.615    71.166
  63.610    71.146
  63.604    71.125
  63.599    71.105
  63.594    71.085
  63.588    71.064
  63.583    71.044
  63.578    71.024
  63.573    71.003
  63.567    70.983
  63.562    70.963
  63.557    70.942
  63.551    70.922
  63.546    70.902
  63.541    70.882
  63.535    70.861
  63.530    70.841
  63.525    70.821
  63.519    70.801
  63.514    70.780
  63.509    70.760
  63.503    70.740
  63.498    70.720
  63.493    70.700
  63.487    70.679
  63.482    70.659
  63.476    70.639
  63.471    70.619
  63.466    70.599
  63.460    70.579
  63.455    70.558
  63.450    70.538
  63.444    70.518
  63.439    70.498
  63.433    70.478
  63.428    70.458
  63.423    70.438
  63.417    70.418
  63.412    70.397
  63.406    70.377
  63.401    70.357
  63.396    70.337
  63.390    70.317
  63.385    70.297
  63.379    70.277
  63.374    70.257
  63.369    70.237
  63.363    70.217
  63.358    70.197
  63.352    70.177
  63.347    70.157
  63.341    70.137
  63.336    70.117
  63.331    70.097
  63.325    70.077
  63.320    70.057
  63.314    70.037
  63.309    70.017
  63.303    69.997
  63.298    69.977
  63.292    69.957
  63.287    69.937
  63.281    69.917
  63.276    69.897
  63.271    69.877
  63.265    69.857
  63.260    69.837
  63.254    69.817
  63.249    69.797
  63.243    69.777
  63.238    69.757
  63.232    69.737
  63.227    69.718
  63.221    69.698
  63.216    69.678
  63.210    69.658
  63.205    69.638
  63.199    69.618
  63.194    69.598
  63.188    69.578
  63.183    69.559
  63.177    69.539
  63.172    69.519
  63.166    69.499
  63.160    69.479
  63.155    69.460
  63.149    69.440
  63.144    69.420
  63.138    69.400
  63.133    69.380
  63.127    69.361
  63.122    69.341
  63.116    69.321
  63.111    69.301
  63.105    69.281
  63.099    69.262
  63.094    69.242
  63.088    69.222
  63.083    69.202
  63.077    69.183
  63.072    69.163
  63.066    69.143
  63.060    69.124
  63.055    69.104
  63.049    69.084
  63.044    69.065
  63.038    69.045
  63.032    69.025
  63.027    69.005
  63.021    68.986
  63.016    68.966
  63.010    68.946
  63.004    68.927
  62.999    68.907
  62.993    68.888
  62.987    68.868
  62.982    68.848
  62.976    68.829
  62.971    68.809
  62.965    68.789
  62.959    68.770
  62.954    68.750
  62.948    68.731
  62.942    68.711
  62.937    68.692
  62.931    68.672
  62.925    68.652
  62.920    68.633
  62.914    68.613
  62.908    68.594
  62.903    68.574
  62.897    68.555
  62.891    68.535
  62.886    68.516
  62.880    68.496
  62.874    68.477
  62.869    68.457
  62.863    68.438
  62.857    68.418
  62.852    68.399
  62.846    68.379
  62.840    68.360
  62.834    68.340
  62.829    68.321
  62.823    68.301
  62.817    68.282
  62.812    68.262
  62.806    68.243
  62.800    68.223
  62.794    68.204
  62.789    68.185
  62.783    68.165
  62.777    68.146
  62.772    68.126
  62.766    68.107
  62.760    68.088
  62.754    68.068
  62.749    68.049
  62.743    68.029
  62.737    68.010
  62.731    67.991
  62.725    67.971
  62.720    67.952
  62.714    67.933
  62.708    67.913
  62.702    67.894
  62.697    67.875
  62.691    67.855
  62.685    67.836
  62.679    67.817
  62.674    67.798
  62.668    67.778
  62.662    67.759
  62.656    67.740
  62.650    67.720
  62.645    67.701
  62.639    67.682
  62.633    67.663
  62.627    67.643
  62.621    67.624
  62.615    67.605
  62.610    67.586
  62.604    67.566
  62.598    67.547
  62.592    67.528
  62.586    67.509
  62.580    67.490
  62.575    67.470
  62.569    67.451
  62.563    67.432
  62.557    67.413
  62.551    67.394
  62.545    67.374
  62.540    67.355
  62.534    67.336
  62.528    67.317
  62.522    67.298
  62.516    67.279
  62.510    67.260
  62.504    67.240
  62.498    67.221
  62.493    67.202
  62.487    67.183
  62.481    67.164
  62.475    67.145
  62.469    67.126
  62.463    67.107
  62.457    67.088
  62.451    67.069
  62.445    67.050
  62.440    67.031
  62.434    67.011
  62.428    66.992
  62.422    66.973
  62.416    66.954
  62.410    66.935
  62.404    66.916
  62.398    66.897
  62.392    66.878
  62.386    66.859
  62.380    66.840
  62.374    66.821
  62.368    66.802
  62.362    66.783
  62.357    66.764
  62.351    66.745
  62.345    66.726
  62.339    66.707
  62.333    66.689
  62.327    66.670
  62.321    66.651
  62.315    66.632
  62.309    66.613
  62.303    66.594
  62.297    66.575
  62.291    66.556
  62.285    66.537
  62.279    66.518
  62.273    66.499
  62.267    66.481
  62.261    66.462
  62.255    66.443
  62.249    66.424
  62.243    66.405
  62.237    66.386
  62.231    66.367
  62.225    66.349
  62.219    66.330
  62.213    66.311
  62.207    66.292
  62.201    66.273
  62.195    66.254
  62.189    66.236
  62.183    66.217
  62.177    66.198
  62.171    66.179
  62.165    66.160
  62.159    66.142
  62.153    66.123
  62.147    66.104
  62.140    66.085
  62.134    66.067
  62.128    66.048
  62.122    66.029
  62.116    66.010
  62.110    65.992
  62.104    65.973
  62.098    65.954
  62.092    65.936
  62.086    65.917
  62.080    65.898
  62.074    65.880
  62.068    65.861
  62.062    65.842
  62.055    65.824
  62.049    65.805
  62.043    65.786
  62.037    65.768
  62.031    65.749
  62.025    65.730
  62.019    65.712
  62.013    65.693
  62.007    65.674
  62.000    65.656
  61.994    65.637
  61.988    65.619
  61.982    65.600
  61.976    65.581
  61.970    65.563
  61.964    65.544
  61.958    65.526
  61.951    65.507
  61.945    65.489
  61.939    65.470
  61.933    65.451
  61.930    65.442
  61.927    65.433
  61.924    65.424
  61.921    65.414
  61.918    65.405
  61.914    65.396
  61.911    65.387
  61.908    65.377
  61.905    65.368
  61.902    65.359
  61.899    65.350
  61.896    65.340
  61.893    65.331
  61.890    65.322
  61.887    65.313
  61.884    65.303
  61.881    65.294
  61.877    65.285
  61.874    65.276
  61.871    65.266
  61.868    65.257
  61.865    65.248
  61.862    65.239
  61.859    65.229
  61.856    65.220
  61.853    65.211
  61.850    65.202
  61.847    65.192
  61.843    65.183
  61.840    65.174
  61.837    65.165
  61.834    65.156
  61.831    65.146
  61.828    65.137
  61.825    65.128
  61.822    65.119
  61.819    65.109
  61.816    65.100
  61.812    65.091
  61.809    65.082
  61.806    65.073
  61.803    65.063
  61.800    65.054
  61.797    65.045
  61.794    65.036
  61.791    65.027
  61.788    65.017
  61.785    65.008
  61.781    64.999
  61.778    64.990
  61.775    64.981
  61.772    64.971
  61.769    64.962
  61.766    64.953
  61.763    64.944
  61.760    64.935
  61.753    64.916
  61.741    64.879
  61.728    64.843
  61.716    64.806
  61.703    64.769
  61.691    64.733
  61.678    64.696
  61.666    64.660
  61.660    64.641
  61.653    64.623
  61.647    64.605
  61.641    64.587
  61.634    64.568
  61.628    64.550
  61.622    64.532
  61.616    64.514
  61.609    64.495
  61.603    64.477
  61.597    64.459
  61.590    64.441
  61.584    64.423
  61.578    64.404
  61.571    64.386
  61.565    64.368
  61.559    64.350
  61.552    64.332
  61.546    64.313
  61.540    64.295
  61.533    64.277
  61.527    64.259
  61.521    64.241
  61.514    64.223
  61.508    64.205
  61.502    64.186
  61.495    64.168
  61.489    64.150
  61.483    64.132
  61.476    64.114
  61.470    64.096
  61.464    64.078
  61.457    64.060
  61.451    64.042
  61.445    64.024
  61.438    64.006
  61.432    63.988
  61.425    63.969
  61.419    63.951
  61.413    63.933
  61.406    63.915
  61.400    63.897
  61.394    63.879
  61.387    63.861
  61.381    63.843
  61.374    63.825
  61.368    63.807
  61.362    63.789
  61.355    63.771
  61.349    63.753
  61.342    63.735
  61.336    63.717
  61.329    63.699
  61.323    63.681
  61.317    63.664
  61.310    63.646
  61.304    63.628
  61.297    63.610
  61.291    63.592
  61.284    63.574
  61.278    63.556
  61.272    63.538
  61.265    63.520
  61.259    63.502
  61.252    63.484
  61.246    63.466
  61.239    63.449
  61.233    63.431
  61.220    63.395
  61.207    63.359
  61.194    63.324
  61.181    63.288
  61.168    63.252
  61.142    63.181
  61.129    63.146
  61.116    63.110
  61.090    63.039
  61.064    62.968
  61.038    62.897
  61.012    62.827
  60.985    62.756
  60.959    62.685
  60.933    62.615
  60.880    62.474
  60.827    62.334
  60.774    62.194
  60.667    61.915
  60.613    61.777
  60.559    61.638
  60.532    61.569
  60.505    61.500
  60.491    61.466
  60.484    61.448
  60.478    61.431
  60.464    61.397
  60.437    61.328
  60.423    61.294
  60.410    61.259
  60.382    61.191
  60.355    61.122
  60.328    61.054
  60.273    60.917
  60.218    60.781
  60.190    60.713
  60.176    60.679
  60.169    60.662
  60.169    60.660
  60.168    60.659
  60.168    60.659
  60.168    60.659
  60.168    60.659
  57.080    54.110
  57.018    53.996
  56.895    53.771
  56.833    53.659
  56.802    53.603
  56.771    53.547
  56.740    53.491
  56.678    53.380
  56.647    53.325
  56.616    53.270
  56.585    53.215
  56.554    53.160
  56.492    53.050
  56.430    52.941
  56.305    52.724
  56.243    52.616
  56.180    52.508
  56.165    52.482
  56.149    52.455
  56.118    52.401
  56.087    52.348
  56.056    52.295
  56.024    52.241
  55.993    52.188
  55.962    52.135
  55.930    52.083
  55.899    52.030
  55.868    51.977
  55.836    51.925
  55.805    51.872
  55.774    51.820
  55.742    51.768
  55.711    51.715
  55.680    51.663
  55.664    51.637
  55.648    51.611
  55.632    51.585
  55.617    51.559
  55.601    51.533
  55.585    51.508
  55.570    51.482
  55.554    51.456
  55.538    51.430
  55.522    51.404
  55.507    51.378
  55.491    51.353
  55.483    51.340
  55.475    51.327
  55.467    51.314
  55.459    51.301
  55.452    51.288
  55.444    51.276
  55.436    51.263
  55.428    51.250
  55.420    51.237
  55.412    51.224
  55.404    51.212
  55.396    51.199
  55.389    51.186
  55.381    51.173
  55.373    51.160
  55.365    51.148
  55.357    51.135
  55.349    51.122
  55.341    51.109
  55.333    51.097
  55.325    51.084
  55.318    51.071
  55.310    51.058
  55.302    51.046
  55.298    51.039
  55.294    51.033
  55.290    51.026
  55.282    51.014
  55.274    51.001
  55.266    50.988
  55.250    50.963
  55.235    50.938
  55.219    50.912
  55.203    50.887
  55.199    50.881
  55.195    50.874
  55.187    50.862
  55.179    50.849
  55.164    50.824
  55.148    50.798
  55.132    50.773
  55.116    50.748
  55.108    50.735
  55.104    50.729
  55.100    50.723
  55.096    50.717
  55.092    50.710
  55.089    50.704
  55.085    50.698
  55.081    50.691
  55.077    50.685
  55.073    50.679
  55.069    50.673
  55.065    50.666
  55.061    50.660
  55.057    50.654
  55.053    50.648
  55.049    50.641
  55.045    50.635
  55.041    50.629
  55.037    50.622
  55.033    50.616
  55.029    50.610
  55.025    50.604
  55.021    50.597
  55.017    50.591
  55.013    50.585
  55.009    50.579
  55.005    50.572
  54.997    50.560
  54.990    50.547
  54.982    50.535
  54.974    50.522
  54.966    50.510
  54.958    50.497
  54.950    50.485
  54.942    50.472
  54.934    50.460
  54.926    50.448
  54.918    50.435
  54.910    50.423
  54.902    50.410
  54.895    50.398
  54.887    50.385
  54.879    50.373
  54.871    50.361
  54.863    50.348
  54.855    50.336
  54.847    50.323
  54.839    50.311
  54.831    50.299
  54.823    50.286
  54.815    50.274
  54.807    50.261
  54.799    50.249
  54.791    50.237
  54.784    50.224
  54.776    50.212
  54.768    50.200
  54.760    50.187
  54.752    50.175
  54.744    50.163
  54.736    50.150
  54.728    50.138
  54.720    50.126
  54.712    50.113
  54.704    50.101
  54.696    50.089
  54.688    50.077
  54.680    50.064
  54.672    50.052
  54.664    50.040
  54.656    50.027
  54.649    50.015
  54.641    50.003
  54.633    49.991
  54.625    49.978
  54.617    49.966
  54.609    49.954
  54.601    49.942
  54.593    49.930
  54.585    49.917
  54.577    49.905
  54.569    49.893
  54.561    49.881
  54.553    49.869
  54.545    49.856
  54.537    49.844
  54.529    49.832
  54.521    49.820
  54.513    49.808
  54.505    49.796
  54.497    49.783
  54.490    49.771
  54.482    49.759
  54.474    49.747
  54.466    49.735
  54.458    49.723
  54.450    49.711
  54.442    49.698
  54.434    49.686
  54.426    49.674
  54.418    49.662
  54.410    49.650
  54.402    49.638
  54.394    49.626
  54.386    49.614
  54.378    49.602
  54.370    49.590
  54.362    49.578
  54.354    49.566
  54.346    49.553
  54.338    49.541
  54.330    49.529
  54.322    49.517
  54.314    49.505
  54.306    49.493
  54.298    49.481
  54.290    49.469
  54.282    49.457
  54.274    49.445
  54.266    49.433
  54.259    49.421
  54.251    49.409
  54.243    49.397
  54.235    49.385
  54.227    49.373
  54.219    49.361
  54.211    49.349
  54.203    49.338
  54.195    49.326
  54.187    49.314
  54.179    49.302
  54.171    49.290
  54.163    49.278
  54.155    49.266
  54.147    49.254
  54.139    49.242
  54.131    49.230
  54.123    49.218
  54.115    49.206
  54.107    49.195
  54.099    49.183
  54.091    49.171
  54.083    49.159
  54.075    49.147
  54.067    49.135
  54.059    49.123
  54.051    49.111
  54.043    49.100
  54.035    49.088
  54.027    49.076
  54.019    49.064
  54.011    49.052
  54.003    49.040
  53.995    49.029
  53.987    49.017
  53.979    49.005
  53.971    48.993
  53.963    48.981
  53.955    48.970
  53.947    48.958
  53.939    48.946
  53.931    48.934
  53.923    48.923
  53.915    48.911
  53.907    48.899
  53.899    48.887
  53.891    48.876
  53.883    48.864
  53.875    48.852
  53.867    48.840
  53.859    48.829
  53.851    48.817
  53.843    48.805
  53.835    48.793
  53.827    48.782
  53.819    48.770
  53.811    48.758
  53.803    48.747
  53.795    48.735
  53.787    48.723
  53.779    48.712
  53.771    48.700
  53.763    48.688
  53.755    48.677
  53.747    48.665
  53.739    48.653
  53.731    48.642
  53.723    48.630
  53.715    48.618
  53.707    48.607
  53.699    48.595
  53.691    48.584
  53.683    48.572
  53.675    48.560
  53.667    48.549
  53.659    48.537
  53.651    48.526
  53.643    48.514
  53.635    48.502
  53.627    48.491
  53.619    48.479
  53.611    48.468
  53.603    48.456
  53.595    48.445
  53.587    48.433
  53.579    48.421
  53.571    48.410
  53.563    48.398
  53.555    48.387
  53.547    48.375
  53.539    48.364
  53.531    48.352
  53.523    48.341
  53.515    48.329
  53.507    48.318
  53.499    48.306
  53.491    48.295
  53.483    48.283
  53.475    48.272
  53.467    48.260
  53.459    48.249
  53.451    48.237
  53.443    48.226
  53.434    48.214
  53.426    48.203
  53.418    48.191
  53.410    48.180
  53.402    48.169
  53.394    48.157
  53.386    48.146
  53.378    48.134
  53.370    48.123
  53.362    48.111
  53.354    48.100
  53.346    48.089
  53.338    48.077
  53.330    48.066
  53.322    48.054
  53.314    48.043
  53.306    48.032
  53.298    48.020
  53.290    48.009
  53.282    47.998
  53.274    47.986
  53.266    47.975
  53.258    47.964
  53.250    47.952
  53.242    47.941
  53.234    47.929
  53.226    47.918
  53.218    47.907
  53.210    47.895
  53.202    47.884
  53.194    47.873
  53.186    47.862
  53.177    47.850
  53.169    47.839
  53.161    47.828
  53.153    47.816
  53.145    47.805
  53.137    47.794
  53.129    47.783
  53.121    47.771
  53.113    47.760
  53.105    47.749
  53.097    47.737
  53.089    47.726
  53.081    47.715
  53.073    47.704
  53.065    47.692
  53.057    47.681
  53.049    47.670
  53.041    47.659
  53.033    47.648
  53.025    47.636
  53.017    47.625
  53.009    47.614
  53.001    47.603
  52.993    47.591
  52.984    47.580
  52.976    47.569
  52.968    47.558
  52.960    47.547
  52.952    47.536
  52.944    47.524
  52.936    47.513
  52.928    47.502
  52.920    47.491
  52.912    47.480
  52.904    47.469
  52.896    47.457
  52.880    47.435
  52.864    47.413
  52.848    47.391
  52.831    47.368
  52.815    47.346
  52.799    47.324
  52.783    47.302
  52.767    47.280
  52.751    47.258
  52.735    47.235
  52.719    47.213
  52.703    47.191
  52.686    47.169
  52.670    47.147
  52.654    47.125
  52.622    47.081
  52.590    47.037
  52.557    46.993
  52.525    46.949
  52.460    46.862
  52.331    46.688
  52.266    46.601
  52.202    46.515
  52.137    46.428
  52.072    46.343
  52.007    46.257
  51.942    46.171
  51.877    46.086
  51.844    46.044
  51.812    46.001
  51.779    45.959
  51.747    45.916
  51.714    45.874
  51.681    45.832
  51.649    45.789
  51.616    45.747
  51.600    45.726
  51.583    45.705
  51.567    45.684
  51.551    45.663
  51.534    45.642
  51.518    45.621
  51.501    45.600
  51.485    45.579
  51.469    45.558
  51.452    45.537
  51.436    45.516
  51.419    45.495
  51.403    45.474
  51.387    45.453
  51.370    45.433
  51.354    45.412
  51.337    45.391
  51.321    45.370
  51.304    45.349
  51.288    45.328
  51.272    45.307
  51.255    45.287
  51.239    45.266
  51.222    45.245
  51.206    45.224
  51.189    45.203
  51.173    45.183
  51.156    45.162
  51.140    45.141
  51.123    45.121
  51.107    45.100
  51.090    45.079
  51.074    45.058
  51.057    45.038
  51.041    45.017
  51.024    44.996
  51.008    44.976
  50.991    44.955
  50.974    44.935
  50.958    44.914
  50.941    44.893
  50.925    44.873
  50.908    44.852
  50.892    44.832
  50.875    44.811
  50.858    44.791
  50.842    44.770
  50.825    44.750
  50.809    44.729
  50.792    44.709
  50.775    44.688
  50.759    44.668
  50.742    44.647
  50.725    44.627
  50.709    44.606
  50.692    44.586
  50.675    44.565
  50.659    44.545
  50.642    44.525
  50.625    44.504
  50.609    44.484
  50.592    44.464
  50.575    44.443
  50.559    44.423
  50.542    44.403
  50.525    44.382
  50.508    44.362
  50.492    44.342
  50.475    44.321
  50.458    44.301
  50.442    44.281
  50.425    44.261
  50.408    44.240
  50.391    44.220
  50.375    44.200
  50.358    44.180
  50.341    44.160
  50.324    44.139
  50.307    44.119
  50.291    44.099
  50.282    44.089
  50.274    44.079
  50.265    44.069
  50.257    44.059
  50.249    44.049
  50.240    44.039
  50.232    44.029
  50.223    44.019
  50.215    44.008
  50.207    43.998
  50.198    43.988
  50.190    43.978
  50.181    43.968
  50.173    43.958
  50.164    43.948
  50.156    43.938
  50.148    43.928
  50.139    43.918
  50.131    43.908
  50.122    43.898
  50.114    43.888
  50.105    43.878
  50.097    43.868
  50.089    43.858
  50.080    43.848
  50.072    43.838
  50.063    43.828
  50.055    43.818
  50.046    43.808
  50.038    43.798
  50.030    43.788
  50.021    43.778
  50.013    43.768
  50.004    43.758
  49.996    43.748
  49.987    43.738
  49.979    43.728
  49.970    43.718
  49.962    43.708
  49.953    43.698
  49.945    43.688
  49.937    43.678
  49.928    43.668
  49.920    43.658
  49.911    43.648
  49.903    43.638
  49.894    43.628
  49.877    43.609
  49.873    43.604
  49.869    43.599
  49.865    43.594
  49.856    43.584
  49.848    43.574
  49.839    43.564
  49.831    43.554
  49.822    43.544
  49.814    43.534
  49.805    43.524
  49.797    43.514
  49.788    43.504
  49.780    43.494
  49.776    43.489
  49.771    43.484
  49.767    43.479
  49.763    43.474
  49.759    43.470
  49.754    43.465
  49.750    43.460
  49.746    43.455
  49.742    43.450
  49.737    43.445
  49.733    43.440
  49.729    43.435
  49.725    43.430
  49.720    43.425
  49.716    43.420
  49.712    43.415
  49.708    43.410
  49.703    43.405
  49.699    43.400
  49.695    43.395
  49.691    43.390
  49.686    43.385
  49.682    43.380
  49.678    43.376
  49.674    43.371
  49.669    43.366
  49.665    43.361
  49.661    43.356
  49.657    43.351
  49.652    43.346
  49.648    43.341
  49.644    43.336
  49.640    43.331
  49.635    43.326
  49.631    43.321
  49.627    43.316
  49.623    43.311
  49.618    43.306
  49.614    43.302
  49.610    43.297
  49.606    43.292
  49.601    43.287
  49.597    43.282
  49.589    43.272
  49.580    43.262
  49.571    43.252
  49.563    43.242
  49.546    43.223
  49.512    43.183
  49.503    43.174
  49.495    43.164
  49.486    43.154
  49.478    43.144
  49.461    43.124
  49.444    43.105
  49.426    43.085
  49.409    43.066
  49.392    43.046
  49.375    43.026
  49.358    43.007
  49.341    42.987
  49.324    42.968
  49.307    42.948
  49.290    42.929
  49.272    42.909
  49.255    42.890
  49.238    42.870
  49.221    42.851
  49.204    42.831
  49.187    42.812
  49.169    42.792
  49.152    42.773
  49.135    42.753
  49.101    42.715
  49.066    42.676
  49.032    42.637
  48.997    42.598
  48.963    42.560
  48.928    42.521
  48.894    42.482
  48.859    42.444
  48.825    42.405
  48.790    42.367
  48.755    42.328
  48.721    42.290
  48.651    42.213
  48.582    42.137
  48.512    42.060
  48.442    41.984
  48.407    41.946
  48.372    41.908
  48.337    41.870
  48.302    41.832
  48.285    41.813
  48.267    41.794
  48.250    41.775
  48.215    41.737
  48.197    41.718
  48.180    41.699
  48.145    41.661
  48.074    41.586
  48.004    41.511
  47.933    41.435
  47.916    41.417
  47.907    41.407
  47.906    41.406
  47.905    41.405
  47.905    41.405
  47.905    41.405
  47.905    41.405
  47.905    41.405
  47.905    41.405
  47.905    41.405
  47.905    41.405
