   3784
  59.510   151.090
  61.846   145.167
  61.898   145.016
  62.002   144.713
  62.105   144.408
  62.156   144.255
  62.181   144.178
  62.207   144.101
  62.232   144.024
  62.245   143.986
  62.257   143.947
  62.270   143.908
  62.295   143.831
  62.345   143.676
  62.396   143.521
  62.495   143.209
  62.594   142.895
  62.692   142.580
  62.741   142.422
  62.765   142.342
  62.790   142.263
  62.814   142.183
  62.826   142.143
  62.838   142.104
  62.862   142.024
  62.910   141.864
  62.958   141.704
  63.006   141.543
  63.029   141.462
  63.053   141.382
  63.077   141.301
  63.100   141.220
  63.124   141.139
  63.147   141.058
  63.159   141.017
  63.170   140.977
  63.182   140.936
  63.194   140.895
  63.205   140.855
  63.217   140.814
  63.229   140.773
  63.240   140.733
  63.252   140.692
  63.264   140.651
  63.275   140.610
  63.287   140.569
  63.298   140.528
  63.310   140.487
  63.321   140.446
  63.333   140.405
  63.344   140.364
  63.356   140.323
  63.367   140.282
  63.379   140.241
  63.390   140.200
  63.402   140.159
  63.413   140.118
  63.425   140.077
  63.436   140.035
  63.447   139.994
  63.459   139.953
  63.470   139.911
  63.481   139.870
  63.493   139.829
  63.504   139.787
  63.515   139.746
  63.527   139.704
  63.538   139.663
  63.549   139.621
  63.560   139.580
  63.566   139.559
  63.569   139.549
  63.572   139.538
  63.575   139.528
  63.577   139.518
  63.580   139.507
  63.583   139.497
  63.586   139.486
  63.589   139.476
  63.591   139.466
  63.594   139.455
  63.597   139.445
  63.600   139.434
  63.603   139.424
  63.605   139.414
  63.608   139.403
  63.611   139.393
  63.614   139.382
  63.617   139.372
  63.619   139.361
  63.622   139.351
  63.625   139.341
  63.628   139.330
  63.631   139.320
  63.633   139.309
  63.636   139.299
  63.639   139.288
  63.642   139.278
  63.644   139.268
  63.647   139.257
  63.650   139.247
  63.653   139.236
  63.656   139.226
  63.658   139.215
  63.661   139.205
  63.664   139.195
  63.667   139.184
  63.670   139.174
  63.672   139.163
  63.678   139.142
  63.683   139.121
  63.689   139.100
  63.694   139.079
  63.700   139.059
  63.706   139.038
  63.711   139.017
  63.717   138.996
  63.722   138.975
  63.728   138.954
  63.733   138.933
  63.739   138.912
  63.744   138.891
  63.750   138.870
  63.755   138.849
  63.761   138.828
  63.766   138.807
  63.772   138.786
  63.777   138.765
  63.783   138.744
  63.788   138.723
  63.794   138.702
  63.799   138.680
  63.805   138.659
  63.810   138.638
  63.816   138.617
  63.821   138.596
  63.827   138.575
  63.832   138.554
  63.837   138.533
  63.843   138.512
  63.848   138.491
  63.854   138.470
  63.859   138.448
  63.865   138.427
  63.870   138.406
  63.876   138.385
  63.881   138.364
  63.886   138.343
  63.892   138.321
  63.897   138.300
  63.903   138.279
  63.908   138.258
  63.914   138.237
  63.919   138.215
  63.924   138.194
  63.930   138.173
  63.935   138.152
  63.941   138.131
  63.946   138.109
  63.951   138.088
  63.957   138.067
  63.962   138.046
  63.967   138.024
  63.973   138.003
  63.978   137.982
  63.984   137.960
  63.989   137.939
  63.994   137.918
  64.000   137.897
  64.005   137.875
  64.010   137.854
  64.016   137.833
  64.021   137.811
  64.026   137.790
  64.032   137.769
  64.037   137.747
  64.042   137.726
  64.048   137.705
  64.053   137.683
  64.058   137.662
  64.064   137.640
  64.069   137.619
  64.074   137.598
  64.080   137.576
  64.085   137.555
  64.090   137.533
  64.095   137.512
  64.101   137.491
  64.106   137.469
  64.111   137.448
  64.117   137.426
  64.122   137.405
  64.127   137.383
  64.132   137.362
  64.138   137.340
  64.143   137.319
  64.148   137.297
  64.153   137.276
  64.159   137.254
  64.164   137.233
  64.169   137.211
  64.174   137.190
  64.180   137.168
  64.185   137.147
  64.190   137.125
  64.195   137.104
  64.201   137.082
  64.206   137.061
  64.211   137.039
  64.216   137.018
  64.221   136.996
  64.227   136.974
  64.232   136.953
  64.237   136.931
  64.242   136.910
  64.247   136.888
  64.253   136.866
  64.258   136.845
  64.263   136.823
  64.268   136.802
  64.273   136.780
  64.278   136.758
  64.284   136.737
  64.289   136.715
  64.294   136.693
  64.299   136.672
  64.304   136.650
  64.309   136.628
  64.315   136.607
  64.320   136.585
  64.325   136.563
  64.330   136.541
  64.335   136.520
  64.340   136.498
  64.345   136.476
  64.350   136.454
  64.356   136.433
  64.361   136.411
  64.366   136.389
  64.371   136.367
  64.376   136.346
  64.381   136.324
  64.386   136.302
  64.391   136.280
  64.396   136.259
  64.401   136.237
  64.407   136.215
  64.412   136.193
  64.417   136.171
  64.422   136.150
  64.427   136.128
  64.432   136.106
  64.437   136.084
  64.442   136.062
  64.447   136.040
  64.452   136.018
  64.457   135.997
  64.462   135.975
  64.467   135.953
  64.472   135.931
  64.477   135.909
  64.482   135.887
  64.487   135.865
  64.492   135.843
  64.497   135.821
  64.502   135.799
  64.507   135.778
  64.512   135.756
  64.517   135.734
  64.522   135.712
  64.527   135.690
  64.532   135.668
  64.537   135.646
  64.542   135.624
  64.547   135.602
  64.552   135.580
  64.557   135.558
  64.562   135.536
  64.567   135.514
  64.572   135.492
  64.577   135.470
  64.582   135.448
  64.587   135.426
  64.592   135.404
  64.597   135.382
  64.602   135.360
  64.607   135.338
  64.612   135.316
  64.617   135.293
  64.622   135.271
  64.627   135.249
  64.631   135.227
  64.636   135.205
  64.641   135.183
  64.646   135.161
  64.651   135.139
  64.656   135.117
  64.661   135.095
  64.666   135.072
  64.671   135.050
  64.676   135.028
  64.681   135.006
  64.685   134.984
  64.690   134.962
  64.695   134.940
  64.700   134.917
  64.705   134.895
  64.710   134.873
  64.715   134.851
  64.719   134.829
  64.724   134.806
  64.729   134.784
  64.734   134.762
  64.739   134.740
  64.744   134.718
  64.749   134.695
  64.753   134.673
  64.758   134.651
  64.763   134.629
  64.768   134.606
  64.773   134.584
  64.777   134.562
  64.782   134.539
  64.787   134.517
  64.792   134.495
  64.797   134.473
  64.801   134.450
  64.806   134.428
  64.811   134.406
  64.816   134.383
  64.821   134.361
  64.825   134.339
  64.830   134.316
  64.835   134.294
  64.840   134.272
  64.844   134.249
  64.849   134.227
  64.854   134.205
  64.859   134.182
  64.863   134.160
  64.868   134.137
  64.873   134.115
  64.878   134.093
  64.882   134.070
  64.887   134.048
  64.892   134.025
  64.897   134.003
  64.901   133.981
  64.906   133.958
  64.911   133.936
  64.915   133.913
  64.920   133.891
  64.925   133.868
  64.930   133.846
  64.934   133.823
  64.939   133.801
  64.944   133.778
  64.948   133.756
  64.953   133.733
  64.958   133.711
  64.962   133.688
  64.967   133.666
  64.972   133.643
  64.976   133.621
  64.981   133.598
  64.986   133.576
  64.990   133.553
  64.995   133.531
  65.000   133.508
  65.004   133.486
  65.009   133.463
  65.013   133.440
  65.018   133.418
  65.023   133.395
  65.027   133.373
  65.032   133.350
  65.037   133.328
  65.041   133.305
  65.046   133.282
  65.050   133.260
  65.055   133.237
  65.060   133.214
  65.064   133.192
  65.069   133.169
  65.073   133.147
  65.078   133.124
  65.082   133.101
  65.087   133.079
  65.092   133.056
  65.096   133.033
  65.101   133.010
  65.105   132.988
  65.110   132.965
  65.114   132.942
  65.119   132.920
  65.123   132.897
  65.128   132.874
  65.133   132.852
  65.137   132.829
  65.142   132.806
  65.146   132.783
  65.151   132.761
  65.155   132.738
  65.160   132.715
  65.164   132.692
  65.169   132.670
  65.171   132.658
  65.173   132.647
  65.175   132.635
  65.178   132.624
  65.180   132.613
  65.182   132.601
  65.184   132.590
  65.187   132.578
  65.189   132.567
  65.191   132.556
  65.193   132.544
  65.196   132.533
  65.198   132.521
  65.200   132.510
  65.202   132.499
  65.205   132.487
  65.207   132.476
  65.209   132.464
  65.211   132.453
  65.214   132.441
  65.216   132.430
  65.218   132.419
  65.220   132.407
  65.223   132.396
  65.225   132.384
  65.227   132.373
  65.229   132.361
  65.231   132.350
  65.234   132.339
  65.236   132.327
  65.238   132.316
  65.240   132.304
  65.243   132.293
  65.245   132.281
  65.247   132.270
  65.249   132.259
  65.251   132.247
  65.254   132.236
  65.256   132.224
  65.258   132.213
  65.260   132.201
  65.263   132.190
  65.265   132.178
  65.267   132.167
  65.269   132.156
  65.271   132.144
  65.274   132.133
  65.276   132.121
  65.278   132.110
  65.280   132.098
  65.282   132.087
  65.285   132.075
  65.287   132.064
  65.289   132.052
  65.291   132.041
  65.293   132.029
  65.296   132.018
  65.298   132.007
  65.300   131.995
  65.302   131.984
  65.304   131.972
  65.307   131.961
  65.309   131.949
  65.311   131.938
  65.313   131.926
  65.315   131.915
  65.318   131.903
  65.320   131.892
  65.322   131.880
  65.324   131.869
  65.326   131.857
  65.329   131.846
  65.331   131.834
  65.333   131.823
  65.335   131.811
  65.337   131.800
  65.340   131.788
  65.342   131.777
  65.344   131.765
  65.346   131.754
  65.348   131.742
  65.350   131.731
  65.353   131.719
  65.355   131.708
  65.357   131.696
  65.359   131.685
  65.361   131.673
  65.363   131.662
  65.366   131.650
  65.368   131.639
  65.370   131.627
  65.372   131.616
  65.374   131.604
  65.377   131.593
  65.379   131.581
  65.381   131.569
  65.383   131.558
  65.385   131.546
  65.387   131.535
  65.390   131.523
  65.392   131.512
  65.394   131.500
  65.396   131.489
  65.398   131.477
  65.400   131.466
  65.402   131.454
  65.405   131.443
  65.407   131.431
  65.409   131.419
  65.411   131.408
  65.413   131.396
  65.415   131.385
  65.418   131.373
  65.420   131.362
  65.422   131.350
  65.424   131.339
  65.426   131.327
  65.428   131.315
  65.430   131.304
  65.433   131.292
  65.435   131.281
  65.437   131.269
  65.439   131.258
  65.441   131.246
  65.443   131.234
  65.445   131.223
  65.448   131.211
  65.450   131.200
  65.452   131.188
  65.454   131.177
  65.456   131.165
  65.458   131.153
  65.460   131.142
  65.463   131.130
  65.465   131.119
  65.467   131.107
  65.469   131.096
  65.471   131.084
  65.473   131.072
  65.475   131.061
  65.477   131.049
  65.480   131.038
  65.482   131.026
  65.484   131.014
  65.486   131.003
  65.488   130.991
  65.490   130.980
  65.492   130.968
  65.494   130.956
  65.497   130.945
  65.499   130.933
  65.501   130.921
  65.503   130.910
  65.505   130.898
  65.507   130.887
  65.509   130.875
  65.511   130.863
  65.513   130.852
  65.516   130.840
  65.518   130.829
  65.520   130.817
  65.522   130.805
  65.524   130.794
  65.526   130.782
  65.528   130.770
  65.530   130.759
  65.532   130.747
  65.535   130.736
  65.537   130.724
  65.539   130.712
  65.541   130.701
  65.543   130.689
  65.545   130.677
  65.547   130.666
  65.549   130.654
  65.551   130.642
  65.553   130.631
  65.556   130.619
  65.558   130.607
  65.560   130.596
  65.562   130.584
  65.564   130.572
  65.566   130.561
  65.568   130.549
  65.570   130.537
  65.572   130.526
  65.574   130.514
  65.576   130.502
  65.578   130.491
  65.581   130.479
  65.583   130.467
  65.585   130.456
  65.587   130.444
  65.589   130.432
  65.591   130.421
  65.593   130.409
  65.595   130.397
  65.597   130.386
  65.599   130.374
  65.601   130.362
  65.603   130.351
  65.605   130.339
  65.608   130.327
  65.610   130.316
  65.612   130.304
  65.614   130.292
  65.616   130.281
  65.618   130.269
  65.620   130.257
  65.622   130.245
  65.624   130.234
  65.626   130.222
  65.628   130.210
  65.630   130.199
  65.632   130.187
  65.634   130.175
  65.636   130.164
  65.639   130.152
  65.641   130.140
  65.643   130.128
  65.645   130.117
  65.647   130.105
  65.649   130.093
  65.651   130.082
  65.653   130.070
  65.655   130.058
  65.657   130.046
  65.659   130.035
  65.661   130.023
  65.663   130.011
  65.665   129.999
  65.667   129.988
  65.669   129.976
  65.671   129.964
  65.673   129.953
  65.675   129.941
  65.677   129.929
  65.679   129.917
  65.682   129.906
  65.684   129.894
  65.686   129.882
  65.688   129.870
  65.690   129.859
  65.692   129.847
  65.694   129.835
  65.696   129.823
  65.698   129.812
  65.700   129.800
  65.702   129.788
  65.704   129.776
  65.706   129.765
  65.708   129.753
  65.710   129.741
  65.712   129.729
  65.714   129.717
  65.716   129.706
  65.718   129.694
  65.720   129.682
  65.722   129.670
  65.724   129.659
  65.726   129.647
  65.728   129.635
  65.730   129.623
  65.732   129.612
  65.734   129.600
  65.736   129.588
  65.738   129.576
  65.740   129.564
  65.742   129.553
  65.744   129.541
  65.746   129.529
  65.748   129.517
  65.750   129.505
  65.752   129.494
  65.754   129.482
  65.756   129.470
  65.758   129.458
  65.760   129.446
  65.762   129.435
  65.764   129.423
  65.766   129.411
  65.768   129.399
  65.770   129.387
  65.772   129.376
  65.774   129.364
  65.776   129.352
  65.778   129.340
  65.780   129.328
  65.782   129.316
  65.784   129.305
  65.786   129.293
  65.788   129.281
  65.790   129.269
  65.792   129.257
  65.794   129.246
  65.796   129.234
  65.798   129.222
  65.800   129.210
  65.802   129.198
  65.804   129.186
  65.806   129.175
  65.808   129.163
  65.810   129.151
  65.812   129.139
  65.814   129.127
  65.816   129.115
  65.818   129.103
  65.820   129.092
  65.822   129.080
  65.824   129.068
  65.826   129.056
  65.828   129.044
  65.830   129.032
  65.832   129.020
  65.834   129.009
  65.836   128.997
  65.838   128.985
  65.840   128.973
  65.842   128.961
  65.844   128.949
  65.846   128.937
  65.848   128.926
  65.849   128.914
  65.851   128.902
  65.853   128.890
  65.855   128.878
  65.857   128.866
  65.859   128.854
  65.861   128.842
  65.863   128.831
  65.865   128.819
  65.867   128.807
  65.869   128.795
  65.871   128.783
  65.873   128.771
  65.875   128.759
  65.877   128.747
  65.879   128.735
  65.881   128.724
  65.883   128.712
  65.885   128.700
  65.887   128.688
  65.889   128.676
  65.890   128.664
  65.892   128.652
  65.894   128.640
  65.896   128.628
  65.898   128.616
  65.900   128.604
  65.902   128.593
  65.904   128.581
  65.906   128.569
  65.908   128.557
  65.910   128.545
  65.912   128.533
  65.914   128.521
  65.916   128.509
  65.918   128.497
  65.920   128.485
  65.921   128.473
  65.923   128.461
  65.925   128.449
  65.927   128.437
  65.929   128.426
  65.931   128.414
  65.933   128.402
  65.935   128.390
  65.937   128.378
  65.939   128.366
  65.941   128.354
  65.943   128.342
  65.945   128.330
  65.946   128.318
  65.948   128.306
  65.950   128.294
  65.952   128.282
  65.954   128.270
  65.956   128.258
  65.958   128.246
  65.960   128.234
  65.962   128.222
  65.964   128.210
  65.966   128.198
  65.968   128.186
  65.969   128.174
  65.971   128.162
  65.973   128.150
  65.975   128.138
  65.977   128.126
  65.979   128.114
  65.981   128.103
  65.983   128.091
  65.985   128.079
  65.987   128.067
  65.988   128.055
  65.990   128.043
  65.992   128.031
  65.994   128.019
  65.996   128.007
  65.998   127.995
  66.000   127.983
  66.002   127.971
  66.004   127.959
  66.005   127.947
  66.007   127.935
  66.009   127.923
  66.011   127.911
  66.013   127.899
  66.015   127.887
  66.017   127.875
  66.019   127.862
  66.021   127.850
  66.022   127.838
  66.024   127.826
  66.026   127.814
  66.028   127.802
  66.030   127.790
  66.034   127.766
  66.038   127.742
  66.041   127.718
  66.045   127.694
  66.049   127.670
  66.052   127.646
  66.060   127.598
  66.067   127.549
  66.082   127.453
  66.097   127.356
  66.112   127.259
  66.127   127.163
  66.141   127.066
  66.148   127.017
  66.156   126.969
  66.163   126.920
  66.170   126.871
  66.178   126.823
  66.185   126.774
  66.192   126.725
  66.199   126.677
  66.206   126.628
  66.214   126.579
  66.217   126.555
  66.221   126.530
  66.224   126.506
  66.228   126.481
  66.231   126.457
  66.235   126.433
  66.239   126.408
  66.242   126.384
  66.246   126.359
  66.249   126.335
  66.253   126.310
  66.256   126.286
  66.260   126.261
  66.263   126.237
  66.267   126.212
  66.271   126.188
  66.274   126.163
  66.278   126.139
  66.281   126.114
  66.285   126.090
  66.288   126.065
  66.292   126.041
  66.295   126.016
  66.299   125.991
  66.302   125.967
  66.306   125.942
  66.309   125.918
  66.313   125.893
  66.316   125.869
  66.320   125.844
  66.323   125.819
  66.327   125.795
  66.330   125.770
  66.334   125.745
  66.337   125.721
  66.340   125.696
  66.344   125.671
  66.347   125.647
  66.351   125.622
  66.354   125.597
  66.358   125.573
  66.361   125.548
  66.365   125.523
  66.368   125.499
  66.371   125.474
  66.375   125.449
  66.377   125.437
  66.378   125.424
  66.380   125.412
  66.382   125.400
  66.383   125.387
  66.385   125.375
  66.387   125.363
  66.389   125.350
  66.390   125.338
  66.392   125.326
  66.394   125.313
  66.395   125.301
  66.397   125.288
  66.399   125.276
  66.400   125.264
  66.402   125.251
  66.404   125.239
  66.406   125.226
  66.407   125.214
  66.409   125.202
  66.411   125.189
  66.412   125.177
  66.414   125.164
  66.416   125.152
  66.417   125.140
  66.419   125.127
  66.421   125.115
  66.422   125.102
  66.424   125.090
  66.426   125.078
  66.428   125.065
  66.429   125.053
  66.431   125.040
  66.433   125.028
  66.434   125.015
  66.436   125.003
  66.438   124.991
  66.439   124.978
  66.441   124.966
  66.443   124.953
  66.444   124.941
  66.446   124.928
  66.448   124.916
  66.449   124.903
  66.451   124.891
  66.453   124.879
  66.454   124.866
  66.456   124.854
  66.458   124.841
  66.459   124.829
  66.461   124.816
  66.463   124.804
  66.464   124.791
  66.466   124.779
  66.468   124.767
  66.469   124.754
  66.471   124.742
  66.473   124.729
  66.474   124.717
  66.476   124.704
  66.478   124.692
  66.479   124.679
  66.481   124.667
  66.483   124.654
  66.484   124.642
  66.486   124.629
  66.488   124.617
  66.489   124.604
  66.491   124.592
  66.493   124.579
  66.494   124.567
  66.496   124.554
  66.498   124.542
  66.499   124.529
  66.501   124.517
  66.503   124.504
  66.504   124.492
  66.506   124.479
  66.507   124.467
  66.509   124.454
  66.511   124.442
  66.512   124.429
  66.514   124.417
  66.516   124.404
  66.517   124.392
  66.519   124.379
  66.521   124.367
  66.522   124.354
  66.524   124.342
  66.526   124.329
  66.527   124.317
  66.529   124.304
  66.530   124.292
  66.532   124.279
  66.534   124.266
  66.535   124.254
  66.537   124.241
  66.539   124.229
  66.540   124.216
  66.542   124.204
  66.543   124.191
  66.545   124.179
  66.547   124.166
  66.548   124.154
  66.550   124.141
  66.552   124.128
  66.553   124.116
  66.555   124.103
  66.556   124.091
  66.558   124.078
  66.560   124.066
  66.561   124.053
  66.563   124.040
  66.564   124.028
  66.566   124.015
  66.568   124.003
  66.569   123.990
  66.571   123.978
  66.573   123.965
  66.574   123.952
  66.576   123.940
  66.577   123.927
  66.579   123.915
  66.581   123.902
  66.582   123.890
  66.584   123.877
  66.585   123.864
  66.587   123.852
  66.589   123.839
  66.590   123.827
  66.592   123.814
  66.593   123.801
  66.595   123.789
  66.597   123.776
  66.598   123.763
  66.600   123.751
  66.601   123.738
  66.603   123.726
  66.605   123.713
  66.606   123.700
  66.608   123.688
  66.609   123.675
  66.611   123.663
  66.612   123.650
  66.614   123.637
  66.616   123.625
  66.617   123.612
  66.619   123.599
  66.620   123.587
  66.622   123.574
  66.624   123.561
  66.625   123.549
  66.627   123.536
  66.628   123.523
  66.630   123.511
  66.631   123.498
  66.633   123.486
  66.635   123.473
  66.636   123.460
  66.638   123.448
  66.639   123.435
  66.641   123.422
  66.642   123.410
  66.644   123.397
  66.646   123.384
  66.647   123.372
  66.649   123.359
  66.650   123.346
  66.652   123.334
  66.653   123.321
  66.655   123.308
  66.657   123.296
  66.658   123.283
  66.660   123.270
  66.661   123.257
  66.663   123.245
  66.664   123.232
  66.666   123.219
  66.667   123.207
  66.669   123.194
  66.671   123.181
  66.672   123.169
  66.674   123.156
  66.675   123.143
  66.677   123.130
  66.678   123.118
  66.680   123.105
  66.681   123.092
  66.683   123.080
  66.684   123.067
  66.686   123.054
  66.688   123.041
  66.689   123.029
  66.691   123.016
  66.692   123.003
  66.694   122.991
  66.695   122.978
  66.697   122.965
  66.698   122.952
  66.700   122.940
  66.701   122.927
  66.703   122.914
  66.704   122.901
  66.706   122.889
  66.708   122.876
  66.709   122.863
  66.711   122.850
  66.712   122.838
  66.714   122.825
  66.715   122.812
  66.717   122.799
  66.718   122.787
  66.720   122.774
  66.721   122.761
  66.723   122.748
  66.724   122.736
  66.726   122.723
  66.727   122.710
  66.729   122.697
  66.730   122.685
  66.732   122.672
  66.733   122.659
  66.735   122.646
  66.736   122.633
  66.738   122.621
  66.739   122.608
  66.741   122.595
  66.742   122.582
  66.744   122.569
  66.746   122.557
  66.747   122.544
  66.749   122.531
  66.750   122.518
  66.752   122.505
  66.753   122.493
  66.755   122.480
  66.756   122.467
  66.758   122.454
  66.759   122.441
  66.761   122.429
  66.762   122.416
  66.764   122.403
  66.765   122.390
  66.767   122.377
  66.768   122.365
  66.770   122.352
  66.771   122.339
  66.772   122.326
  66.774   122.313
  66.775   122.300
  66.777   122.288
  66.778   122.275
  66.780   122.262
  66.781   122.249
  66.783   122.236
  66.784   122.223
  66.786   122.211
  66.787   122.198
  66.789   122.185
  66.790   122.172
  66.792   122.159
  66.793   122.146
  66.795   122.133
  66.796   122.121
  66.798   122.108
  66.799   122.095
  66.801   122.082
  66.802   122.069
  66.804   122.056
  66.805   122.043
  66.807   122.031
  66.808   122.018
  66.809   122.005
  66.811   121.992
  66.812   121.979
  66.814   121.966
  66.815   121.953
  66.817   121.940
  66.818   121.927
  66.820   121.915
  66.821   121.902
  66.823   121.889
  66.824   121.876
  66.826   121.863
  66.827   121.850
  66.828   121.837
  66.830   121.824
  66.831   121.811
  66.833   121.798
  66.834   121.786
  66.836   121.773
  66.837   121.760
  66.839   121.747
  66.840   121.734
  66.842   121.721
  66.843   121.708
  66.844   121.695
  66.846   121.682
  66.847   121.669
  66.849   121.656
  66.850   121.643
  66.852   121.631
  66.853   121.618
  66.854   121.605
  66.856   121.592
  66.857   121.579
  66.859   121.566
  66.860   121.553
  66.862   121.540
  66.863   121.527
  66.865   121.514
  66.866   121.501
  66.867   121.488
  66.869   121.475
  66.870   121.462
  66.872   121.449
  66.873   121.436
  66.875   121.423
  66.876   121.410
  66.877   121.397
  66.879   121.384
  66.880   121.371
  66.882   121.358
  66.883   121.345
  66.884   121.333
  66.886   121.320
  66.887   121.307
  66.889   121.294
  66.890   121.281
  66.892   121.268
  66.893   121.255
  66.894   121.242
  66.896   121.229
  66.897   121.216
  66.899   121.203
  66.900   121.190
  66.901   121.177
  66.903   121.164
  66.904   121.151
  66.906   121.138
  66.907   121.125
  66.908   121.112
  66.910   121.099
  66.911   121.086
  66.913   121.073
  66.914   121.060
  66.915   121.047
  66.917   121.033
  66.918   121.020
  66.920   121.007
  66.921   120.994
  66.922   120.981
  66.924   120.968
  66.925   120.955
  66.927   120.942
  66.928   120.929
  66.929   120.916
  66.931   120.903
  66.932   120.890
  66.933   120.877
  66.935   120.864
  66.936   120.851
  66.938   120.838
  66.939   120.825
  66.940   120.812
  66.942   120.799
  66.943   120.786
  66.944   120.773
  66.946   120.760
  66.947   120.746
  66.949   120.733
  66.950   120.720
  66.951   120.707
  66.953   120.694
  66.954   120.681
  66.955   120.668
  66.957   120.655
  66.958   120.642
  66.960   120.629
  66.961   120.616
  66.962   120.603
  66.964   120.590
  66.965   120.576
  66.966   120.563
  66.968   120.550
  66.969   120.537
  66.970   120.524
  66.972   120.511
  66.973   120.498
  66.974   120.485
  66.976   120.472
  66.977   120.459
  66.979   120.445
  66.980   120.432
  66.981   120.419
  66.983   120.406
  66.984   120.393
  66.985   120.380
  66.987   120.367
  66.988   120.354
  66.989   120.340
  66.991   120.327
  66.992   120.314
  66.993   120.301
  66.995   120.288
  66.996   120.275
  66.997   120.262
  66.999   120.249
  67.000   120.235
  67.001   120.222
  67.003   120.209
  67.004   120.196
  67.005   120.183
  67.007   120.170
  67.008   120.157
  67.009   120.143
  67.011   120.130
  67.012   120.117
  67.013   120.104
  67.015   120.091
  67.016   120.078
  67.017   120.064
  67.019   120.051
  67.020   120.038
  67.021   120.025
  67.023   120.012
  67.024   119.999
  67.025   119.985
  67.026   119.972
  67.028   119.959
  67.029   119.946
  67.030   119.933
  67.032   119.919
  67.033   119.906
  67.034   119.893
  67.036   119.880
  67.037   119.867
  67.038   119.853
  67.040   119.840
  67.041   119.827
  67.042   119.814
  67.043   119.801
  67.045   119.787
  67.046   119.774
  67.047   119.761
  67.049   119.748
  67.050   119.735
  67.051   119.721
  67.053   119.708
  67.054   119.695
  67.055   119.682
  67.056   119.669
  67.058   119.655
  67.059   119.642
  67.060   119.629
  67.062   119.616
  67.063   119.602
  67.064   119.589
  67.065   119.576
  67.067   119.563
  67.068   119.549
  67.069   119.536
  67.071   119.523
  67.072   119.510
  67.073   119.496
  67.074   119.483
  67.076   119.470
  67.077   119.457
  67.078   119.443
  67.079   119.430
  67.081   119.417
  67.082   119.404
  67.083   119.390
  67.085   119.377
  67.086   119.364
  67.087   119.351
  67.088   119.337
  67.090   119.324
  67.091   119.311
  67.092   119.298
  67.093   119.284
  67.095   119.271
  67.096   119.258
  67.097   119.244
  67.098   119.231
  67.100   119.218
  67.101   119.205
  67.102   119.191
  67.103   119.178
  67.105   119.165
  67.106   119.151
  67.107   119.138
  67.108   119.125
  67.110   119.111
  67.111   119.098
  67.112   119.085
  67.113   119.072
  67.115   119.058
  67.116   119.045
  67.117   119.032
  67.118   119.018
  67.120   119.005
  67.121   118.992
  67.122   118.978
  67.123   118.965
  67.125   118.952
  67.126   118.938
  67.127   118.925
  67.128   118.912
  67.129   118.898
  67.131   118.885
  67.132   118.872
  67.133   118.858
  67.134   118.845
  67.136   118.832
  67.137   118.818
  67.138   118.805
  67.139   118.792
  67.141   118.778
  67.142   118.765
  67.143   118.752
  67.144   118.738
  67.145   118.725
  67.147   118.712
  67.148   118.698
  67.149   118.685
  67.150   118.671
  67.151   118.658
  67.153   118.645
  67.154   118.631
  67.155   118.618
  67.156   118.605
  67.158   118.591
  67.159   118.578
  67.160   118.564
  67.161   118.551
  67.162   118.538
  67.164   118.524
  67.165   118.511
  67.166   118.498
  67.167   118.484
  67.168   118.471
  67.170   118.457
  67.171   118.444
  67.172   118.431
  67.173   118.417
  67.174   118.404
  67.175   118.390
  67.177   118.377
  67.178   118.364
  67.179   118.350
  67.180   118.337
  67.181   118.323
  67.183   118.310
  67.184   118.297
  67.185   118.283
  67.186   118.270
  67.187   118.256
  67.189   118.243
  67.190   118.229
  67.191   118.216
  67.192   118.203
  67.193   118.189
  67.194   118.176
  67.196   118.162
  67.197   118.149
  67.198   118.135
  67.199   118.122
  67.200   118.109
  67.201   118.095
  67.203   118.082
  67.204   118.068
  67.205   118.055
  67.206   118.041
  67.207   118.028
  67.208   118.014
  67.210   118.001
  67.211   117.988
  67.212   117.974
  67.213   117.961
  67.214   117.947
  67.215   117.934
  67.216   117.920
  67.218   117.907
  67.219   117.893
  67.220   117.880
  67.221   117.866
  67.222   117.853
  67.223   117.839
  67.225   117.826
  67.226   117.813
  67.227   117.799
  67.228   117.786
  67.229   117.772
  67.230   117.759
  67.231   117.745
  67.233   117.732
  67.234   117.718
  67.235   117.705
  67.236   117.691
  67.237   117.678
  67.238   117.664
  67.239   117.651
  67.240   117.637
  67.242   117.624
  67.243   117.610
  67.244   117.597
  67.245   117.583
  67.246   117.570
  67.247   117.556
  67.248   117.543
  67.249   117.529
  67.251   117.516
  67.252   117.502
  67.253   117.489
  67.254   117.475
  67.255   117.461
  67.256   117.448
  67.257   117.434
  67.258   117.421
  67.260   117.407
  67.261   117.394
  67.262   117.380
  67.263   117.367
  67.264   117.353
  67.265   117.340
  67.266   117.326
  67.267   117.313
  67.268   117.299
  67.269   117.286
  67.271   117.272
  67.272   117.258
  67.273   117.245
  67.274   117.231
  67.275   117.218
  67.276   117.204
  67.277   117.191
  67.278   117.177
  67.279   117.164
  67.280   117.150
  67.282   117.136
  67.283   117.123
  67.284   117.109
  67.285   117.096
  67.286   117.082
  67.287   117.069
  67.288   117.055
  67.289   117.041
  67.290   117.028
  67.291   117.014
  67.292   117.001
  67.293   116.987
  67.295   116.974
  67.296   116.960
  67.297   116.946
  67.298   116.933
  67.299   116.919
  67.300   116.906
  67.301   116.892
  67.302   116.878
  67.303   116.865
  67.304   116.851
  67.305   116.838
  67.306   116.824
  67.307   116.810
  67.308   116.797
  67.310   116.783
  67.311   116.770
  67.312   116.756
  67.313   116.742
  67.314   116.729
  67.315   116.715
  67.316   116.701
  67.317   116.688
  67.318   116.674
  67.319   116.661
  67.320   116.647
  67.321   116.633
  67.322   116.620
  67.323   116.606
  67.324   116.592
  67.325   116.579
  67.326   116.565
  67.327   116.552
  67.329   116.538
  67.330   116.524
  67.331   116.511
  67.332   116.497
  67.333   116.483
  67.334   116.470
  67.335   116.456
  67.336   116.442
  67.337   116.429
  67.338   116.415
  67.339   116.401
  67.340   116.388
  67.341   116.374
  67.342   116.360
  67.343   116.347
  67.344   116.333
  67.345   116.319
  67.346   116.306
  67.347   116.292
  67.348   116.278
  67.349   116.265
  67.350   116.251
  67.351   116.237
  67.352   116.224
  67.353   116.210
  67.354   116.196
  67.355   116.183
  67.356   116.169
  67.357   116.155
  67.358   116.142
  67.359   116.128
  67.360   116.114
  67.361   116.101
  67.362   116.087
  67.363   116.073
  67.364   116.059
  67.365   116.046
  67.366   116.032
  67.367   116.018
  67.368   116.005
  67.369   115.991
  67.370   115.977
  67.371   115.964
  67.372   115.950
  67.373   115.936
  67.374   115.922
  67.375   115.909
  67.376   115.895
  67.377   115.881
  67.378   115.868
  67.379   115.854
  67.380   115.840
  67.381   115.826
  67.382   115.813
  67.383   115.799
  67.384   115.785
  67.385   115.772
  67.386   115.758
  67.387   115.744
  67.388   115.730
  67.389   115.717
  67.390   115.703
  67.391   115.689
  67.392   115.675
  67.393   115.662
  67.394   115.648
  67.395   115.634
  67.396   115.620
  67.397   115.607
  67.398   115.593
  67.399   115.579
  67.400   115.565
  67.401   115.552
  67.402   115.538
  67.403   115.524
  67.404   115.510
  67.405   115.497
  67.406   115.483
  67.406   115.469
  67.407   115.455
  67.408   115.441
  67.409   115.428
  67.410   115.414
  67.411   115.400
  67.412   115.386
  67.413   115.373
  67.414   115.359
  67.415   115.345
  67.416   115.331
  67.417   115.318
  67.418   115.304
  67.419   115.290
  67.420   115.276
  67.421   115.262
  67.422   115.249
  67.423   115.235
  67.424   115.221
  67.424   115.207
  67.425   115.193
  67.426   115.180
  67.427   115.166
  67.428   115.152
  67.429   115.138
  67.430   115.124
  67.431   115.111
  67.432   115.097
  67.433   115.083
  67.434   115.069
  67.435   115.055
  67.436   115.042
  67.437   115.028
  67.437   115.014
  67.438   115.000
  67.439   114.986
  67.440   114.972
  67.441   114.959
  67.442   114.945
  67.443   114.931
  67.444   114.917
  67.445   114.903
  67.446   114.889
  67.447   114.876
  67.447   114.862
  67.448   114.848
  67.449   114.834
  67.450   114.820
  67.451   114.806
  67.452   114.793
  67.453   114.779
  67.454   114.765
  67.455   114.751
  67.456   114.737
  67.456   114.723
  67.457   114.710
  67.458   114.696
  67.459   114.682
  67.460   114.668
  67.461   114.654
  67.462   114.640
  67.463   114.626
  67.464   114.612
  67.464   114.599
  67.465   114.585
  67.466   114.571
  67.467   114.557
  67.468   114.543
  67.469   114.529
  67.470   114.515
  67.471   114.502
  67.472   114.488
  67.472   114.474
  67.473   114.460
  67.474   114.446
  67.475   114.432
  67.476   114.418
  67.477   114.404
  67.478   114.390
  67.478   114.377
  67.479   114.363
  67.480   114.349
  67.481   114.335
  67.482   114.321
  67.483   114.307
  67.484   114.293
  67.485   114.279
  67.485   114.265
  67.486   114.252
  67.487   114.238
  67.488   114.224
  67.489   114.210
  67.490   114.196
  67.490   114.182
  67.491   114.168
  67.492   114.154
  67.493   114.140
  67.494   114.126
  67.494   114.119
  67.495   114.113
  67.495   114.106
  67.496   114.099
  67.496   114.092
  67.496   114.085
  67.497   114.078
  67.497   114.071
  67.498   114.064
  67.498   114.057
  67.498   114.050
  67.499   114.043
  67.499   114.036
  67.500   114.029
  67.500   114.022
  67.501   114.015
  67.501   114.008
  67.501   114.001
  67.502   113.994
  67.502   113.987
  67.503   113.980
  67.503   113.973
  67.504   113.966
  67.504   113.959
  67.504   113.952
  67.505   113.945
  67.505   113.939
  67.506   113.932
  67.506   113.925
  67.506   113.918
  67.507   113.911
  67.507   113.904
  67.508   113.897
  67.508   113.890
  67.508   113.883
  67.509   113.876
  67.509   113.869
  67.510   113.862
  67.510   113.855
  67.511   113.848
  67.511   113.841
  67.511   113.834
  67.512   113.827
  67.512   113.820
  67.513   113.813
  67.513   113.806
  67.513   113.799
  67.514   113.792
  67.514   113.785
  67.515   113.778
  67.515   113.771
  67.515   113.764
  67.516   113.757
  67.516   113.750
  67.517   113.743
  67.517   113.736
  67.517   113.729
  67.518   113.722
  67.518   113.715
  67.519   113.708
  67.519   113.702
  67.520   113.695
  67.520   113.688
  67.520   113.681
  67.521   113.674
  67.521   113.667
  67.522   113.660
  67.522   113.653
  67.522   113.646
  67.523   113.639
  67.523   113.632
  67.524   113.625
  67.524   113.618
  67.524   113.611
  67.525   113.604
  67.525   113.597
  67.526   113.590
  67.526   113.583
  67.526   113.576
  67.527   113.569
  67.527   113.562
  67.528   113.555
  67.528   113.548
  67.528   113.541
  67.529   113.534
  67.529   113.527
  67.530   113.520
  67.530   113.513
  67.530   113.506
  67.531   113.499
  67.531   113.492
  67.532   113.485
  67.532   113.478
  67.532   113.471
  67.533   113.464
  67.533   113.457
  67.534   113.450
  67.534   113.443
  67.534   113.436
  67.535   113.429
  67.535   113.422
  67.535   113.415
  67.536   113.408
  67.536   113.401
  67.537   113.394
  67.537   113.387
  67.537   113.380
  67.538   113.373
  67.538   113.366
  67.539   113.359
  67.539   113.352
  67.539   113.345
  67.540   113.338
  67.540   113.331
  67.541   113.324
  67.541   113.317
  67.541   113.310
  67.542   113.303
  67.542   113.296
  67.543   113.289
  67.543   113.282
  67.543   113.275
  67.544   113.268
  67.544   113.261
  67.544   113.254
  67.545   113.247
  67.545   113.240
  67.546   113.233
  67.546   113.226
  67.546   113.219
  67.547   113.212
  67.547   113.205
  67.548   113.198
  67.548   113.191
  67.548   113.184
  67.549   113.177
  67.549   113.170
  67.549   113.163
  67.550   113.156
  67.550   113.149
  67.551   113.142
  67.551   113.135
  67.551   113.128
  67.552   113.121
  67.552   113.114
  67.552   113.107
  67.553   113.100
  67.553   113.093
  67.554   113.086
  67.554   113.079
  67.554   113.072
  67.555   113.065
  67.555   113.058
  67.556   113.051
  67.556   113.044
  67.556   113.037
  67.557   113.030
  67.557   113.023
  67.557   113.016
  67.558   113.009
  67.558   113.002
  67.559   112.995
  67.559   112.988
  67.559   112.981
  67.560   112.974
  67.560   112.967
  67.560   112.960
  67.561   112.953
  67.561   112.946
  67.562   112.939
  67.562   112.932
  67.562   112.925
  67.563   112.918
  67.563   112.911
  67.563   112.904
  67.564   112.897
  67.564   112.890
  67.565   112.883
  67.565   112.876
  67.565   112.869
  67.566   112.862
  67.566   112.855
  67.566   112.848
  67.567   112.841
  67.567   112.834
  67.567   112.827
  67.568   112.820
  67.568   112.813
  67.569   112.806
  67.569   112.799
  67.569   112.792
  67.570   112.785
  67.570   112.778
  67.570   112.771
  67.571   112.764
  67.571   112.757
  67.572   112.750
  67.572   112.742
  67.572   112.735
  67.573   112.728
  67.573   112.721
  67.573   112.714
  67.574   112.707
  67.574   112.700
  67.574   112.693
  67.575   112.686
  67.575   112.679
  67.576   112.672
  67.576   112.665
  67.576   112.658
  67.577   112.651
  67.577   112.644
  67.577   112.637
  67.578   112.630
  67.578   112.623
  67.578   112.616
  67.579   112.609
  67.579   112.602
  67.579   112.595
  67.580   112.588
  67.580   112.581
  67.581   112.574
  67.581   112.567
  67.581   112.560
  67.582   112.553
  67.582   112.546
  67.582   112.539
  67.583   112.532
  67.583   112.525
  67.583   112.518
  67.584   112.511
  67.584   112.504
  67.584   112.496
  67.585   112.489
  67.585   112.482
  67.586   112.475
  67.586   112.468
  67.586   112.461
  67.587   112.454
  67.587   112.447
  67.587   112.440
  67.588   112.433
  67.588   112.426
  67.588   112.419
  67.589   112.412
  67.589   112.405
  67.589   112.398
  67.590   112.384
  67.591   112.370
  67.592   112.356
  67.592   112.342
  67.593   112.328
  67.594   112.313
  67.594   112.299
  67.595   112.285
  67.596   112.271
  67.596   112.257
  67.597   112.243
  67.598   112.229
  67.598   112.215
  67.599   112.201
  67.600   112.187
  67.601   112.173
  67.601   112.158
  67.602   112.144
  67.603   112.130
  67.603   112.116
  67.604   112.102
  67.605   112.088
  67.605   112.074
  67.606   112.060
  67.607   112.046
  67.608   112.017
  67.609   111.989
  67.611   111.961
  67.612   111.933
  67.613   111.904
  67.615   111.876
  67.616   111.848
  67.617   111.820
  67.620   111.763
  67.622   111.707
  67.625   111.650
  67.628   111.593
  67.633   111.480
  67.638   111.367
  67.642   111.253
  67.647   111.140
  67.652   111.026
  67.657   110.913
  67.661   110.799
  67.666   110.685
  67.674   110.457
  67.683   110.229
  67.699   109.772
  67.713   109.313
  67.720   109.084
  67.727   108.854
  67.730   108.739
  67.733   108.624
  67.739   108.393
  67.742   108.278
  67.744   108.163
  67.747   108.047
  67.752   107.816
  67.757   107.585
  67.766   107.122
  67.767   107.006
  67.768   106.948
  67.769   106.919
  67.769   106.905
  67.769   106.897
  67.769   106.894
  67.769   106.892
  67.769   106.891
  67.769   106.891
  67.769   106.891
  67.769   106.891
  67.289    91.643
  67.271    91.420
  67.234    90.976
  67.196    90.535
  67.186    90.424
  67.181    90.369
  67.176    90.314
  67.166    90.205
  67.161    90.150
  67.159    90.122
  67.156    90.095
  67.151    90.040
  67.141    89.930
  67.131    89.821
  67.121    89.711
  67.101    89.493
  67.080    89.275
  67.037    88.841
  66.993    88.409
  66.971    88.194
  66.949    87.979
  66.937    87.872
  66.926    87.765
  66.914    87.658
  66.903    87.551
  66.891    87.445
  66.879    87.338
  66.868    87.232
  66.856    87.126
  66.844    87.020
  66.832    86.914
  66.820    86.808
  66.808    86.702
  66.796    86.597
  66.789    86.544
  66.783    86.491
  66.777    86.438
  66.771    86.386
  66.765    86.333
  66.759    86.281
  66.752    86.228
  66.746    86.176
  66.740    86.123
  66.734    86.071
  66.727    86.018
  66.721    85.966
  66.715    85.914
  66.708    85.861
  66.702    85.809
  66.696    85.757
  66.689    85.705
  66.683    85.652
  66.677    85.600
  66.670    85.548
  66.664    85.496
  66.657    85.444
  66.651    85.392
  66.644    85.340
  66.638    85.288
  66.631    85.236
  66.625    85.184
  66.618    85.133
  66.612    85.081
  66.605    85.029
  66.602    85.003
  66.598    84.977
  66.595    84.951
  66.592    84.926
  66.589    84.900
  66.585    84.874
  66.582    84.848
  66.579    84.822
  66.575    84.796
  66.572    84.771
  66.569    84.745
  66.565    84.719
  66.562    84.693
  66.560    84.680
  66.559    84.668
  66.557    84.655
  66.555    84.642
  66.553    84.629
  66.552    84.616
  66.550    84.603
  66.548    84.590
  66.547    84.578
  66.545    84.565
  66.543    84.552
  66.542    84.539
  66.540    84.526
  66.538    84.513
  66.537    84.500
  66.535    84.488
  66.533    84.475
  66.532    84.462
  66.530    84.449
  66.528    84.436
  66.527    84.423
  66.525    84.411
  66.523    84.398
  66.521    84.385
  66.520    84.372
  66.518    84.359
  66.516    84.346
  66.515    84.334
  66.513    84.321
  66.511    84.308
  66.510    84.295
  66.508    84.282
  66.506    84.269
  66.504    84.257
  66.503    84.244
  66.501    84.231
  66.499    84.218
  66.498    84.205
  66.494    84.180
  66.491    84.154
  66.487    84.129
  66.484    84.103
  66.480    84.078
  66.474    84.026
  66.472    84.014
  66.470    84.001
  66.467    83.975
  66.460    83.924
  66.456    83.899
  66.453    83.873
  66.449    83.848
  66.446    83.822
  66.442    83.797
  66.439    83.771
  66.435    83.746
  66.432    83.720
  66.428    83.695
  66.425    83.670
  66.421    83.644
  66.418    83.619
  66.414    83.593
  66.411    83.568
  66.407    83.543
  66.404    83.517
  66.400    83.492
  66.397    83.467
  66.393    83.441
  66.390    83.416
  66.386    83.391
  66.383    83.365
  66.379    83.340
  66.375    83.315
  66.372    83.289
  66.368    83.264
  66.365    83.239
  66.361    83.214
  66.358    83.188
  66.354    83.163
  66.350    83.138
  66.347    83.113
  66.343    83.087
  66.340    83.062
  66.336    83.037
  66.332    83.012
  66.329    82.987
  66.325    82.961
  66.322    82.936
  66.318    82.911
  66.314    82.886
  66.311    82.861
  66.307    82.836
  66.304    82.811
  66.300    82.785
  66.296    82.760
  66.293    82.735
  66.289    82.710
  66.285    82.685
  66.282    82.660
  66.278    82.635
  66.274    82.610
  66.271    82.585
  66.267    82.560
  66.263    82.535
  66.260    82.510
  66.256    82.485
  66.252    82.460
  66.249    82.435
  66.245    82.410
  66.241    82.385
  66.238    82.360
  66.234    82.335
  66.230    82.310
  66.226    82.285
  66.223    82.260
  66.219    82.235
  66.215    82.210
  66.212    82.185
  66.208    82.161
  66.204    82.136
  66.200    82.111
  66.197    82.086
  66.193    82.061
  66.189    82.036
  66.185    82.011
  66.182    81.987
  66.178    81.962
  66.174    81.937
  66.170    81.912
  66.167    81.887
  66.163    81.863
  66.159    81.838
  66.155    81.813
  66.152    81.788
  66.148    81.764
  66.144    81.739
  66.140    81.714
  66.136    81.689
  66.133    81.665
  66.129    81.640
  66.125    81.615
  66.121    81.591
  66.117    81.566
  66.114    81.541
  66.110    81.517
  66.106    81.492
  66.102    81.467
  66.098    81.443
  66.094    81.418
  66.091    81.394
  66.087    81.369
  66.083    81.344
  66.079    81.320
  66.075    81.295
  66.071    81.271
  66.067    81.246
  66.064    81.222
  66.060    81.197
  66.056    81.173
  66.052    81.148
  66.048    81.124
  66.044    81.099
  66.040    81.075
  66.036    81.050
  66.033    81.026
  66.029    81.001
  66.025    80.977
  66.021    80.952
  66.017    80.928
  66.013    80.903
  66.009    80.879
  66.005    80.855
  66.001    80.830
  65.997    80.806
  65.993    80.781
  65.990    80.757
  65.986    80.733
  65.982    80.708
  65.978    80.684
  65.974    80.660
  65.970    80.635
  65.966    80.611
  65.962    80.587
  65.958    80.562
  65.954    80.538
  65.950    80.514
  65.946    80.490
  65.942    80.465
  65.938    80.441
  65.934    80.417
  65.930    80.393
  65.926    80.368
  65.922    80.344
  65.918    80.320
  65.914    80.296
  65.910    80.272
  65.906    80.248
  65.902    80.223
  65.898    80.199
  65.894    80.175
  65.890    80.151
  65.886    80.127
  65.882    80.103
  65.878    80.079
  65.874    80.054
  65.870    80.030
  65.866    80.006
  65.862    79.982
  65.858    79.958
  65.854    79.934
  65.850    79.910
  65.846    79.886
  65.842    79.862
  65.838    79.838
  65.834    79.814
  65.830    79.790
  65.825    79.766
  65.821    79.742
  65.817    79.718
  65.813    79.694
  65.809    79.670
  65.805    79.646
  65.801    79.622
  65.797    79.598
  65.793    79.574
  65.789    79.551
  65.785    79.527
  65.781    79.503
  65.776    79.479
  65.772    79.455
  65.768    79.431
  65.764    79.407
  65.760    79.384
  65.756    79.360
  65.752    79.336
  65.748    79.312
  65.743    79.288
  65.739    79.264
  65.735    79.241
  65.731    79.217
  65.727    79.193
  65.723    79.169
  65.719    79.146
  65.714    79.122
  65.710    79.098
  65.706    79.074
  65.702    79.051
  65.698    79.027
  65.694    79.003
  65.689    78.980
  65.685    78.956
  65.681    78.932
  65.677    78.909
  65.673    78.885
  65.668    78.861
  65.664    78.838
  65.660    78.814
  65.656    78.791
  65.652    78.767
  65.647    78.743
  65.643    78.720
  65.639    78.696
  65.635    78.673
  65.631    78.649
  65.626    78.626
  65.622    78.602
  65.618    78.579
  65.614    78.555
  65.609    78.532
  65.605    78.508
  65.601    78.485
  65.597    78.461
  65.592    78.438
  65.588    78.414
  65.584    78.391
  65.580    78.367
  65.575    78.344
  65.571    78.320
  65.567    78.297
  65.563    78.274
  65.558    78.250
  65.554    78.227
  65.550    78.204
  65.545    78.180
  65.541    78.157
  65.537    78.133
  65.533    78.110
  65.528    78.087
  65.524    78.063
  65.520    78.040
  65.515    78.017
  65.511    77.994
  65.507    77.970
  65.502    77.947
  65.498    77.924
  65.494    77.901
  65.489    77.877
  65.485    77.854
  65.481    77.831
  65.476    77.808
  65.472    77.784
  65.468    77.761
  65.463    77.738
  65.459    77.715
  65.455    77.692
  65.450    77.669
  65.446    77.645
  65.442    77.622
  65.437    77.599
  65.433    77.576
  65.429    77.553
  65.424    77.530
  65.420    77.507
  65.415    77.484
  65.411    77.460
  65.407    77.437
  65.402    77.414
  65.398    77.391
  65.394    77.368
  65.389    77.345
  65.385    77.322
  65.380    77.299
  65.376    77.276
  65.372    77.253
  65.367    77.230
  65.363    77.207
  65.358    77.184
  65.354    77.161
  65.349    77.138
  65.345    77.115
  65.341    77.093
  65.336    77.070
  65.332    77.047
  65.327    77.024
  65.323    77.001
  65.318    76.978
  65.314    76.955
  65.309    76.932
  65.305    76.909
  65.301    76.887
  65.296    76.864
  65.292    76.841
  65.287    76.818
  65.283    76.795
  65.278    76.772
  65.274    76.750
  65.269    76.727
  65.265    76.704
  65.260    76.681
  65.256    76.659
  65.251    76.636
  65.247    76.613
  65.242    76.590
  65.238    76.568
  65.233    76.545
  65.229    76.522
  65.224    76.499
  65.220    76.477
  65.215    76.454
  65.211    76.431
  65.206    76.409
  65.202    76.386
  65.197    76.363
  65.193    76.341
  65.188    76.318
  65.184    76.296
  65.179    76.273
  65.175    76.250
  65.170    76.228
  65.166    76.205
  65.161    76.183
  65.157    76.160
  65.152    76.138
  65.147    76.115
  65.143    76.092
  65.138    76.070
  65.134    76.047
  65.129    76.025
  65.125    76.002
  65.120    75.980
  65.116    75.957
  65.111    75.935
  65.106    75.912
  65.102    75.890
  65.097    75.868
  65.093    75.845
  65.088    75.823
  65.083    75.800
  65.079    75.778
  65.074    75.755
  65.070    75.733
  65.065    75.711
  65.060    75.688
  65.056    75.666
  65.051    75.644
  65.047    75.621
  65.042    75.599
  65.037    75.576
  65.033    75.554
  65.028    75.532
  65.024    75.510
  65.019    75.487
  65.014    75.465
  65.010    75.443
  65.005    75.420
  65.000    75.398
  64.996    75.376
  64.991    75.354
  64.986    75.331
  64.982    75.309
  64.977    75.287
  64.973    75.265
  64.968    75.242
  64.963    75.220
  64.959    75.198
  64.954    75.176
  64.949    75.154
  64.945    75.132
  64.940    75.109
  64.935    75.087
  64.930    75.065
  64.926    75.043
  64.921    75.021
  64.916    74.999
  64.912    74.977
  64.907    74.954
  64.902    74.932
  64.898    74.910
  64.893    74.888
  64.888    74.866
  64.884    74.844
  64.879    74.822
  64.874    74.800
  64.869    74.778
  64.865    74.756
  64.860    74.734
  64.855    74.712
  64.851    74.690
  64.846    74.668
  64.841    74.646
  64.836    74.624
  64.832    74.602
  64.827    74.580
  64.822    74.558
  64.817    74.536
  64.813    74.514
  64.808    74.492
  64.803    74.470
  64.798    74.448
  64.794    74.427
  64.789    74.405
  64.784    74.383
  64.779    74.361
  64.775    74.339
  64.770    74.317
  64.765    74.295
  64.760    74.273
  64.755    74.252
  64.751    74.230
  64.746    74.208
  64.741    74.186
  64.736    74.164
  64.732    74.143
  64.727    74.121
  64.722    74.099
  64.717    74.077
  64.712    74.056
  64.708    74.034
  64.703    74.012
  64.698    73.990
  64.693    73.969
  64.688    73.947
  64.683    73.925
  64.674    73.882
  64.664    73.838
  64.645    73.752
  64.625    73.665
  64.606    73.579
  64.586    73.492
  64.567    73.406
  64.557    73.363
  64.547    73.320
  64.538    73.277
  64.528    73.234
  64.518    73.191
  64.508    73.149
  64.498    73.106
  64.488    73.063
  64.478    73.020
  64.469    72.977
  64.459    72.935
  64.449    72.892
  64.444    72.871
  64.439    72.849
  64.434    72.828
  64.429    72.807
  64.424    72.785
  64.419    72.764
  64.414    72.743
  64.409    72.721
  64.404    72.700
  64.399    72.679
  64.394    72.658
  64.389    72.636
  64.384    72.615
  64.379    72.594
  64.374    72.573
  64.369    72.551
  64.364    72.530
  64.359    72.509
  64.354    72.488
  64.349    72.467
  64.344    72.445
  64.339    72.424
  64.334    72.403
  64.329    72.382
  64.324    72.361
  64.319    72.339
  64.314    72.318
  64.309    72.297
  64.304    72.276
  64.299    72.255
  64.294    72.234
  64.289    72.213
  64.284    72.192
  64.279    72.170
  64.274    72.149
  64.269    72.128
  64.263    72.107
  64.258    72.086
  64.253    72.065
  64.248    72.044
  64.243    72.023
  64.238    72.002
  64.233    71.981
  64.228    71.960
  64.223    71.939
  64.218    71.918
  64.213    71.897
  64.208    71.876
  64.202    71.855
  64.197    71.834
  64.192    71.813
  64.187    71.792
  64.182    71.771
  64.177    71.750
  64.172    71.729
  64.167    71.708
  64.162    71.687
  64.156    71.666
  64.151    71.645
  64.146    71.624
  64.141    71.603
  64.136    71.582
  64.131    71.562
  64.126    71.541
  64.120    71.520
  64.115    71.499
  64.110    71.478
  64.105    71.457
  64.100    71.436
  64.095    71.415
  64.089    71.395
  64.084    71.374
  64.079    71.353
  64.074    71.332
  64.069    71.311
  64.064    71.290
  64.058    71.270
  64.053    71.249
  64.048    71.228
  64.043    71.207
  64.038    71.186
  64.032    71.166
  64.027    71.145
  64.022    71.124
  64.017    71.103
  64.012    71.083
  64.006    71.062
  64.001    71.041
  63.996    71.020
  63.991    71.000
  63.985    70.979
  63.980    70.958
  63.975    70.937
  63.970    70.917
  63.965    70.896
  63.959    70.875
  63.954    70.855
  63.949    70.834
  63.944    70.813
  63.938    70.793
  63.933    70.772
  63.928    70.751
  63.923    70.731
  63.917    70.710
  63.912    70.689
  63.907    70.669
  63.901    70.648
  63.896    70.628
  63.891    70.607
  63.886    70.586
  63.880    70.566
  63.875    70.545
  63.870    70.525
  63.864    70.504
  63.859    70.484
  63.854    70.463
  63.848    70.442
  63.843    70.422
  63.838    70.401
  63.833    70.381
  63.827    70.360
  63.822    70.340
  63.817    70.319
  63.811    70.299
  63.806    70.278
  63.801    70.258
  63.795    70.237
  63.790    70.217
  63.785    70.196
  63.779    70.176
  63.774    70.155
  63.768    70.135
  63.763    70.114
  63.758    70.094
  63.752    70.073
  63.747    70.053
  63.742    70.033
  63.736    70.012
  63.731    69.992
  63.726    69.971
  63.720    69.951
  63.715    69.931
  63.709    69.910
  63.704    69.890
  63.699    69.869
  63.693    69.849
  63.688    69.829
  63.682    69.808
  63.677    69.788
  63.672    69.768
  63.666    69.747
  63.661    69.727
  63.655    69.707
  63.650    69.686
  63.644    69.666
  63.639    69.646
  63.634    69.625
  63.628    69.605
  63.623    69.585
  63.617    69.564
  63.612    69.544
  63.606    69.524
  63.601    69.504
  63.596    69.483
  63.590    69.463
  63.585    69.443
  63.579    69.422
  63.574    69.402
  63.568    69.382
  63.563    69.362
  63.557    69.342
  63.552    69.321
  63.546    69.301
  63.541    69.281
  63.535    69.261
  63.530    69.241
  63.524    69.220
  63.519    69.200
  63.513    69.180
  63.508    69.160
  63.502    69.140
  63.497    69.120
  63.491    69.099
  63.486    69.079
  63.480    69.059
  63.475    69.039
  63.469    69.019
  63.464    68.999
  63.458    68.979
  63.453    68.959
  63.447    68.938
  63.442    68.918
  63.436    68.898
  63.430    68.878
  63.425    68.858
  63.419    68.838
  63.414    68.818
  63.408    68.798
  63.403    68.778
  63.397    68.758
  63.392    68.738
  63.386    68.718
  63.380    68.698
  63.375    68.678
  63.369    68.658
  63.364    68.638
  63.358    68.618
  63.352    68.598
  63.347    68.578
  63.341    68.558
  63.336    68.538
  63.330    68.518
  63.324    68.498
  63.319    68.478
  63.313    68.458
  63.308    68.438
  63.302    68.418
  63.296    68.398
  63.291    68.378
  63.285    68.358
  63.280    68.338
  63.274    68.318
  63.268    68.299
  63.263    68.279
  63.257    68.259
  63.251    68.239
  63.246    68.219
  63.240    68.199
  63.234    68.179
  63.229    68.159
  63.223    68.140
  63.217    68.120
  63.212    68.100
  63.206    68.080
  63.200    68.060
  63.195    68.040
  63.189    68.021
  63.183    68.001
  63.178    67.981
  63.172    67.961
  63.166    67.941
  63.161    67.922
  63.155    67.902
  63.149    67.882
  63.143    67.862
  63.138    67.843
  63.132    67.823
  63.126    67.803
  63.121    67.783
  63.115    67.764
  63.109    67.744
  63.103    67.724
  63.098    67.704
  63.092    67.685
  63.086    67.665
  63.081    67.645
  63.075    67.626
  63.069    67.606
  63.063    67.586
  63.058    67.567
  63.052    67.547
  63.046    67.527
  63.040    67.508
  63.035    67.488
  63.029    67.468
  63.023    67.449
  63.017    67.429
  63.011    67.410
  63.006    67.390
  63.000    67.370
  62.994    67.351
  62.988    67.331
  62.983    67.312
  62.977    67.292
  62.971    67.272
  62.965    67.253
  62.959    67.233
  62.954    67.214
  62.948    67.194
  62.942    67.175
  62.936    67.155
  62.930    67.136
  62.924    67.116
  62.919    67.096
  62.913    67.077
  62.907    67.057
  62.901    67.038
  62.895    67.018
  62.889    66.999
  62.884    66.979
  62.878    66.960
  62.872    66.941
  62.866    66.921
  62.860    66.902
  62.854    66.882
  62.848    66.863
  62.843    66.843
  62.837    66.824
  62.831    66.804
  62.825    66.785
  62.819    66.766
  62.813    66.746
  62.807    66.727
  62.802    66.707
  62.796    66.688
  62.790    66.669
  62.784    66.649
  62.778    66.630
  62.772    66.610
  62.766    66.591
  62.760    66.572
  62.754    66.552
  62.748    66.533
  62.742    66.514
  62.737    66.494
  62.731    66.475
  62.725    66.456
  62.719    66.436
  62.713    66.417
  62.707    66.398
  62.701    66.379
  62.695    66.359
  62.689    66.340
  62.683    66.321
  62.677    66.301
  62.671    66.282
  62.665    66.263
  62.659    66.244
  62.653    66.224
  62.647    66.205
  62.641    66.186
  62.636    66.167
  62.630    66.148
  62.624    66.128
  62.618    66.109
  62.612    66.090
  62.606    66.071
  62.600    66.052
  62.594    66.032
  62.588    66.013
  62.582    65.994
  62.576    65.975
  62.570    65.956
  62.564    65.937
  62.558    65.918
  62.552    65.898
  62.546    65.879
  62.540    65.860
  62.534    65.841
  62.528    65.822
  62.522    65.803
  62.516    65.784
  62.509    65.765
  62.503    65.746
  62.497    65.726
  62.491    65.707
  62.485    65.688
  62.479    65.669
  62.473    65.650
  62.467    65.631
  62.461    65.612
  62.455    65.593
  62.449    65.574
  62.443    65.555
  62.437    65.536
  62.431    65.517
  62.425    65.498
  62.419    65.479
  62.413    65.460
  62.407    65.441
  62.400    65.422
  62.394    65.403
  62.382    65.365
  62.370    65.327
  62.358    65.289
  62.346    65.252
  62.333    65.214
  62.321    65.176
  62.309    65.138
  62.303    65.119
  62.297    65.100
  62.290    65.082
  62.284    65.063
  62.278    65.044
  62.272    65.025
  62.266    65.006
  62.260    64.987
  62.254    64.969
  62.247    64.950
  62.241    64.931
  62.235    64.912
  62.229    64.893
  62.223    64.875
  62.217    64.856
  62.210    64.837
  62.204    64.818
  62.198    64.799
  62.192    64.781
  62.186    64.762
  62.179    64.743
  62.173    64.724
  62.167    64.706
  62.161    64.687
  62.155    64.668
  62.148    64.650
  62.142    64.631
  62.136    64.612
  62.130    64.593
  62.124    64.575
  62.117    64.556
  62.111    64.537
  62.105    64.519
  62.099    64.500
  62.093    64.481
  62.086    64.463
  62.080    64.444
  62.074    64.425
  62.068    64.407
  62.061    64.388
  62.055    64.370
  62.049    64.351
  62.043    64.332
  62.036    64.314
  62.030    64.295
  62.024    64.277
  62.018    64.258
  62.011    64.239
  62.005    64.221
  61.999    64.202
  61.992    64.184
  61.986    64.165
  61.980    64.147
  61.974    64.128
  61.967    64.110
  61.961    64.091
  61.955    64.072
  61.948    64.054
  61.942    64.035
  61.936    64.017
  61.930    63.998
  61.923    63.980
  61.917    63.961
  61.911    63.943
  61.904    63.925
  61.898    63.906
  61.892    63.888
  61.879    63.851
  61.866    63.814
  61.854    63.777
  61.841    63.740
  61.828    63.703
  61.803    63.630
  61.790    63.593
  61.777    63.556
  61.752    63.483
  61.726    63.410
  61.701    63.337
  61.688    63.300
  61.675    63.264
  61.649    63.191
  61.636    63.154
  61.623    63.118
  61.611    63.081
  61.585    63.009
  61.533    62.863
  61.481    62.719
  61.429    62.574
  61.324    62.287
  61.297    62.215
  61.271    62.143
  61.244    62.072
  61.218    62.000
  61.191    61.929
  61.178    61.893
  61.171    61.876
  61.165    61.858
  61.151    61.822
  61.125    61.751
  61.111    61.716
  61.098    61.680
  61.071    61.609
  61.045    61.539
  61.018    61.468
  60.964    61.327
  60.910    61.186
  60.883    61.116
  60.869    61.081
  60.866    61.072
  60.864    61.068
  60.863    61.066
  60.863    61.066
  60.863    61.066
  60.863    61.066
  57.861    54.385
  57.800    54.268
  57.678    54.035
  57.648    53.977
  57.617    53.919
  57.587    53.862
  57.556    53.804
  57.526    53.747
  57.518    53.732
  57.510    53.718
  57.503    53.704
  57.487    53.675
  57.457    53.618
  57.426    53.561
  57.395    53.504
  57.365    53.447
  57.334    53.390
  57.273    53.277
  57.211    53.164
  57.088    52.940
  57.026    52.829
  56.996    52.773
  56.965    52.718
  56.934    52.663
  56.903    52.607
  56.872    52.552
  56.841    52.497
  56.810    52.442
  56.779    52.388
  56.764    52.360
  56.748    52.333
  56.717    52.279
  56.702    52.251
  56.686    52.224
  56.655    52.170
  56.624    52.116
  56.593    52.062
  56.562    52.008
  56.531    51.954
  56.500    51.900
  56.485    51.873
  56.469    51.846
  56.454    51.819
  56.438    51.793
  56.423    51.766
  56.407    51.739
  56.391    51.712
  56.376    51.686
  56.360    51.659
  56.345    51.632
  56.329    51.606
  56.314    51.579
  56.298    51.552
  56.282    51.526
  56.267    51.499
  56.251    51.473
  56.236    51.446
  56.220    51.420
  56.212    51.407
  56.205    51.394
  56.197    51.380
  56.189    51.367
  56.181    51.354
  56.173    51.341
  56.166    51.328
  56.158    51.314
  56.150    51.301
  56.142    51.288
  56.134    51.275
  56.127    51.262
  56.123    51.255
  56.119    51.249
  56.115    51.242
  56.111    51.236
  56.103    51.222
  56.095    51.209
  56.087    51.196
  56.072    51.170
  56.056    51.144
  56.041    51.118
  56.033    51.105
  56.029    51.098
  56.025    51.092
  56.017    51.078
  56.001    51.052
  55.986    51.026
  55.970    51.000
  55.955    50.974
  55.939    50.948
  55.923    50.922
  55.908    50.896
  55.892    50.870
  55.876    50.844
  55.861    50.819
  55.853    50.806
  55.845    50.793
  55.837    50.780
  55.829    50.767
  55.821    50.754
  55.814    50.741
  55.806    50.728
  55.798    50.715
  55.790    50.702
  55.782    50.690
  55.774    50.677
  55.767    50.664
  55.759    50.651
  55.751    50.638
  55.743    50.625
  55.735    50.612
  55.727    50.600
  55.719    50.587
  55.712    50.574
  55.704    50.561
  55.696    50.548
  55.688    50.535
  55.680    50.523
  55.672    50.510
  55.664    50.497
  55.657    50.484
  55.649    50.472
  55.641    50.459
  55.633    50.446
  55.625    50.433
  55.617    50.421
  55.610    50.408
  55.602    50.395
  55.594    50.382
  55.586    50.370
  55.578    50.357
  55.570    50.344
  55.562    50.331
  55.554    50.319
  55.547    50.306
  55.539    50.293
  55.531    50.281
  55.523    50.268
  55.515    50.255
  55.507    50.243
  55.499    50.230
  55.492    50.217
  55.484    50.205
  55.476    50.192
  55.468    50.179
  55.460    50.167
  55.452    50.154
  55.444    50.142
  55.436    50.129
  55.429    50.116
  55.421    50.104
  55.413    50.091
  55.405    50.079
  55.397    50.066
  55.389    50.053
  55.381    50.041
  55.373    50.028
  55.366    50.016
  55.358    50.003
  55.350    49.991
  55.342    49.978
  55.334    49.965
  55.326    49.953
  55.318    49.940
  55.310    49.928
  55.303    49.915
  55.295    49.903
  55.287    49.890
  55.279    49.878
  55.271    49.865
  55.263    49.853
  55.255    49.840
  55.247    49.828
  55.239    49.815
  55.232    49.803
  55.224    49.791
  55.216    49.778
  55.208    49.766
  55.200    49.753
  55.192    49.741
  55.184    49.728
  55.176    49.716
  55.168    49.703
  55.161    49.691
  55.153    49.679
  55.145    49.666
  55.137    49.654
  55.129    49.641
  55.121    49.629
  55.113    49.617
  55.105    49.604
  55.097    49.592
  55.090    49.580
  55.082    49.567
  55.074    49.555
  55.066    49.543
  55.058    49.530
  55.050    49.518
  55.042    49.506
  55.034    49.493
  55.026    49.481
  55.018    49.469
  55.010    49.456
  55.003    49.444
  54.995    49.432
  54.987    49.419
  54.979    49.407
  54.971    49.395
  54.963    49.383
  54.955    49.370
  54.947    49.358
  54.939    49.346
  54.931    49.334
  54.923    49.321
  54.916    49.309
  54.908    49.297
  54.900    49.285
  54.892    49.272
  54.884    49.260
  54.876    49.248
  54.868    49.236
  54.860    49.224
  54.852    49.211
  54.844    49.199
  54.836    49.187
  54.828    49.175
  54.821    49.163
  54.813    49.151
  54.805    49.138
  54.797    49.126
  54.789    49.114
  54.781    49.102
  54.773    49.090
  54.765    49.078
  54.757    49.066
  54.749    49.053
  54.741    49.041
  54.733    49.029
  54.725    49.017
  54.718    49.005
  54.710    48.993
  54.702    48.981
  54.694    48.969
  54.686    48.957
  54.678    48.945
  54.670    48.933
  54.662    48.920
  54.654    48.908
  54.646    48.896
  54.638    48.884
  54.630    48.872
  54.622    48.860
  54.614    48.848
  54.607    48.836
  54.599    48.824
  54.591    48.812
  54.583    48.800
  54.575    48.788
  54.567    48.776
  54.559    48.764
  54.551    48.752
  54.543    48.740
  54.535    48.728
  54.527    48.716
  54.519    48.704
  54.511    48.692
  54.503    48.680
  54.495    48.668
  54.487    48.656
  54.480    48.645
  54.472    48.633
  54.464    48.621
  54.456    48.609
  54.448    48.597
  54.440    48.585
  54.432    48.573
  54.424    48.561
  54.416    48.549
  54.408    48.537
  54.400    48.525
  54.392    48.514
  54.384    48.502
  54.376    48.490
  54.368    48.478
  54.360    48.466
  54.352    48.454
  54.344    48.442
  54.336    48.431
  54.329    48.419
  54.321    48.407
  54.313    48.395
  54.305    48.383
  54.297    48.371
  54.289    48.360
  54.281    48.348
  54.273    48.336
  54.265    48.324
  54.257    48.312
  54.249    48.301
  54.241    48.289
  54.233    48.277
  54.225    48.265
  54.217    48.254
  54.209    48.242
  54.201    48.230
  54.193    48.218
  54.185    48.207
  54.177    48.195
  54.169    48.183
  54.161    48.171
  54.153    48.160
  54.146    48.148
  54.138    48.136
  54.130    48.124
  54.122    48.113
  54.114    48.101
  54.106    48.089
  54.098    48.078
  54.090    48.066
  54.082    48.054
  54.074    48.043
  54.066    48.031
  54.058    48.019
  54.050    48.008
  54.042    47.996
  54.034    47.984
  54.026    47.973
  54.018    47.961
  54.010    47.949
  54.002    47.938
  53.994    47.926
  53.986    47.915
  53.978    47.903
  53.970    47.891
  53.962    47.880
  53.954    47.868
  53.946    47.856
  53.938    47.845
  53.930    47.833
  53.922    47.822
  53.914    47.810
  53.906    47.799
  53.898    47.787
  53.890    47.775
  53.883    47.764
  53.875    47.752
  53.867    47.741
  53.859    47.729
  53.851    47.718
  53.843    47.706
  53.835    47.695
  53.827    47.683
  53.819    47.672
  53.811    47.660
  53.803    47.649
  53.795    47.637
  53.787    47.626
  53.779    47.614
  53.771    47.603
  53.763    47.591
  53.755    47.580
  53.747    47.568
  53.739    47.557
  53.731    47.545
  53.723    47.534
  53.715    47.522
  53.707    47.511
  53.699    47.499
  53.691    47.488
  53.683    47.476
  53.675    47.465
  53.667    47.454
  53.659    47.442
  53.651    47.431
  53.643    47.419
  53.635    47.408
  53.627    47.397
  53.619    47.385
  53.611    47.374
  53.603    47.362
  53.595    47.351
  53.587    47.340
  53.579    47.328
  53.571    47.317
  53.563    47.305
  53.555    47.294
  53.547    47.283
  53.539    47.271
  53.531    47.260
  53.515    47.237
  53.499    47.215
  53.483    47.192
  53.467    47.169
  53.451    47.147
  53.435    47.124
  53.419    47.101
  53.403    47.079
  53.387    47.056
  53.355    47.011
  53.323    46.966
  53.259    46.877
  53.130    46.698
  53.066    46.609
  53.002    46.520
  52.938    46.432
  52.873    46.343
  52.841    46.299
  52.809    46.255
  52.776    46.212
  52.744    46.168
  52.712    46.124
  52.680    46.080
  52.647    46.037
  52.615    45.993
  52.583    45.949
  52.550    45.906
  52.518    45.863
  52.485    45.819
  52.453    45.776
  52.421    45.733
  52.388    45.689
  52.356    45.646
  52.339    45.625
  52.323    45.603
  52.307    45.582
  52.291    45.560
  52.274    45.539
  52.258    45.517
  52.242    45.496
  52.225    45.474
  52.209    45.453
  52.193    45.431
  52.177    45.410
  52.160    45.388
  52.144    45.367
  52.128    45.346
  52.111    45.324
  52.095    45.303
  52.079    45.281
  52.062    45.260
  52.046    45.239
  52.029    45.217
  52.013    45.196
  51.997    45.175
  51.980    45.153
  51.964    45.132
  51.948    45.111
  51.931    45.090
  51.915    45.068
  51.898    45.047
  51.882    45.026
  51.866    45.005
  51.849    44.984
  51.833    44.962
  51.816    44.941
  51.800    44.920
  51.783    44.899
  51.767    44.878
  51.750    44.857
  51.734    44.836
  51.717    44.815
  51.701    44.793
  51.685    44.772
  51.668    44.751
  51.652    44.730
  51.635    44.709
  51.618    44.688
  51.602    44.667
  51.585    44.646
  51.569    44.625
  51.552    44.604
  51.536    44.583
  51.519    44.562
  51.503    44.541
  51.486    44.520
  51.470    44.500
  51.453    44.479
  51.436    44.458
  51.420    44.437
  51.403    44.416
  51.387    44.395
  51.370    44.374
  51.354    44.353
  51.337    44.333
  51.320    44.312
  51.304    44.291
  51.287    44.270
  51.270    44.249
  51.254    44.229
  51.237    44.208
  51.220    44.187
  51.204    44.166
  51.187    44.146
  51.170    44.125
  51.154    44.104
  51.137    44.084
  51.120    44.063
  51.104    44.042
  51.087    44.022
  51.079    44.011
  51.070    44.001
  51.062    43.991
  51.054    43.980
  51.045    43.970
  51.037    43.960
  51.028    43.949
  51.020    43.939
  51.012    43.929
  51.003    43.919
  50.995    43.908
  50.987    43.898
  50.978    43.888
  50.970    43.877
  50.962    43.867
  50.953    43.857
  50.945    43.847
  50.936    43.836
  50.928    43.826
  50.920    43.816
  50.911    43.805
  50.903    43.795
  50.894    43.785
  50.886    43.775
  50.878    43.764
  50.869    43.754
  50.861    43.744
  50.853    43.734
  50.844    43.723
  50.836    43.713
  50.827    43.703
  50.819    43.693
  50.811    43.683
  50.802    43.672
  50.794    43.662
  50.785    43.652
  50.777    43.642
  50.768    43.631
  50.760    43.621
  50.752    43.611
  50.743    43.601
  50.735    43.591
  50.726    43.580
  50.718    43.570
  50.710    43.560
  50.701    43.550
  50.693    43.540
  50.684    43.529
  50.680    43.524
  50.676    43.519
  50.667    43.509
  50.659    43.499
  50.651    43.489
  50.642    43.478
  50.634    43.468
  50.625    43.458
  50.617    43.448
  50.608    43.438
  50.592    43.417
  50.575    43.397
  50.558    43.377
  50.549    43.367
  50.541    43.357
  50.532    43.346
  50.524    43.336
  50.516    43.326
  50.507    43.316
  50.499    43.306
  50.490    43.296
  50.482    43.286
  50.473    43.276
  50.465    43.265
  50.456    43.255
  50.448    43.245
  50.439    43.235
  50.431    43.225
  50.422    43.215
  50.414    43.205
  50.405    43.195
  50.397    43.185
  50.389    43.175
  50.380    43.164
  50.372    43.154
  50.355    43.134
  50.338    43.114
  50.329    43.104
  50.321    43.094
  50.312    43.084
  50.295    43.064
  50.278    43.044
  50.261    43.023
  50.244    43.003
  50.236    42.993
  50.227    42.983
  50.219    42.973
  50.210    42.963
  50.202    42.953
  50.193    42.943
  50.185    42.933
  50.176    42.923
  50.168    42.913
  50.159    42.903
  50.151    42.893
  50.142    42.883
  50.134    42.873
  50.125    42.863
  50.117    42.853
  50.108    42.843
  50.100    42.833
  50.091    42.823
  50.082    42.813
  50.074    42.803
  50.057    42.783
  50.040    42.763
  50.023    42.743
  50.006    42.723
  49.989    42.703
  49.971    42.683
  49.937    42.644
  49.920    42.624
  49.903    42.604
  49.869    42.564
  49.834    42.524
  49.800    42.485
  49.766    42.445
  49.731    42.406
  49.697    42.366
  49.663    42.327
  49.628    42.287
  49.594    42.248
  49.559    42.209
  49.490    42.130
  49.421    42.051
  49.351    41.973
  49.282    41.895
  49.247    41.856
  49.213    41.817
  49.178    41.778
  49.143    41.739
  49.108    41.700
  49.073    41.662
  49.038    41.623
  49.003    41.584
  48.968    41.545
  48.933    41.507
  48.863    41.430
  48.793    41.353
  48.776    41.333
  48.767    41.324
  48.762    41.319
  48.760    41.317
  48.760    41.316
  48.760    41.316
  48.760    41.316
  48.760    41.316
