   4525
  59.510   151.090
  61.695   145.472
  61.747   145.322
  61.849   145.019
  61.951   144.714
  62.002   144.561
  62.052   144.408
  62.078   144.331
  62.090   144.293
  62.103   144.254
  62.128   144.177
  62.178   144.023
  62.227   143.868
  62.326   143.557
  62.424   143.244
  62.522   142.930
  62.570   142.772
  62.618   142.614
  62.642   142.535
  62.666   142.455
  62.714   142.296
  62.761   142.137
  62.773   142.097
  62.785   142.057
  62.809   141.977
  62.832   141.897
  62.856   141.817
  62.879   141.736
  62.903   141.656
  62.926   141.575
  62.949   141.495
  62.973   141.414
  62.996   141.333
  63.019   141.252
  63.031   141.211
  63.042   141.171
  63.054   141.130
  63.065   141.090
  63.077   141.049
  63.088   141.008
  63.100   140.968
  63.111   140.927
  63.123   140.886
  63.134   140.846
  63.146   140.805
  63.157   140.764
  63.168   140.723
  63.180   140.682
  63.191   140.641
  63.203   140.600
  63.214   140.560
  63.225   140.519
  63.231   140.498
  63.237   140.478
  63.242   140.457
  63.248   140.437
  63.254   140.416
  63.259   140.396
  63.265   140.375
  63.271   140.354
  63.276   140.334
  63.282   140.313
  63.287   140.293
  63.293   140.272
  63.299   140.252
  63.304   140.231
  63.310   140.210
  63.316   140.190
  63.321   140.169
  63.327   140.149
  63.332   140.128
  63.338   140.107
  63.344   140.087
  63.349   140.066
  63.355   140.046
  63.360   140.025
  63.366   140.004
  63.372   139.984
  63.377   139.963
  63.383   139.942
  63.388   139.922
  63.394   139.901
  63.399   139.880
  63.405   139.859
  63.411   139.839
  63.416   139.818
  63.422   139.797
  63.424   139.787
  63.427   139.777
  63.430   139.766
  63.433   139.756
  63.435   139.746
  63.438   139.735
  63.441   139.725
  63.444   139.714
  63.447   139.704
  63.449   139.694
  63.452   139.683
  63.455   139.673
  63.458   139.663
  63.460   139.652
  63.463   139.642
  63.469   139.621
  63.474   139.600
  63.480   139.579
  63.485   139.559
  63.491   139.538
  63.494   139.527
  63.496   139.517
  63.499   139.507
  63.502   139.496
  63.505   139.486
  63.507   139.475
  63.510   139.465
  63.513   139.455
  63.516   139.444
  63.518   139.434
  63.521   139.423
  63.524   139.413
  63.527   139.402
  63.529   139.392
  63.532   139.382
  63.537   139.361
  63.543   139.340
  63.548   139.319
  63.554   139.298
  63.559   139.277
  63.562   139.267
  63.565   139.256
  63.568   139.246
  63.570   139.235
  63.573   139.225
  63.576   139.215
  63.578   139.204
  63.581   139.194
  63.584   139.183
  63.587   139.173
  63.589   139.162
  63.592   139.152
  63.595   139.141
  63.598   139.131
  63.600   139.120
  63.603   139.110
  63.606   139.099
  63.608   139.089
  63.611   139.079
  63.614   139.068
  63.617   139.058
  63.619   139.047
  63.622   139.037
  63.625   139.026
  63.627   139.016
  63.630   139.005
  63.633   138.995
  63.636   138.984
  63.638   138.974
  63.641   138.963
  63.644   138.953
  63.646   138.942
  63.649   138.932
  63.652   138.921
  63.655   138.911
  63.657   138.900
  63.660   138.890
  63.663   138.879
  63.665   138.869
  63.668   138.858
  63.671   138.848
  63.673   138.837
  63.676   138.827
  63.679   138.816
  63.682   138.806
  63.684   138.795
  63.687   138.785
  63.690   138.774
  63.692   138.764
  63.695   138.753
  63.698   138.743
  63.700   138.732
  63.703   138.721
  63.706   138.711
  63.708   138.700
  63.711   138.690
  63.714   138.679
  63.717   138.669
  63.719   138.658
  63.722   138.648
  63.725   138.637
  63.727   138.627
  63.730   138.616
  63.733   138.606
  63.735   138.595
  63.738   138.584
  63.741   138.574
  63.743   138.563
  63.746   138.553
  63.749   138.542
  63.751   138.532
  63.754   138.521
  63.757   138.511
  63.759   138.500
  63.762   138.489
  63.765   138.479
  63.767   138.468
  63.770   138.458
  63.773   138.447
  63.775   138.437
  63.778   138.426
  63.781   138.415
  63.783   138.405
  63.786   138.394
  63.789   138.384
  63.791   138.373
  63.794   138.363
  63.797   138.352
  63.799   138.341
  63.802   138.331
  63.805   138.320
  63.807   138.310
  63.810   138.299
  63.813   138.288
  63.815   138.278
  63.818   138.267
  63.821   138.257
  63.823   138.246
  63.826   138.235
  63.829   138.225
  63.831   138.214
  63.834   138.204
  63.837   138.193
  63.839   138.182
  63.842   138.172
  63.844   138.161
  63.847   138.151
  63.850   138.140
  63.852   138.129
  63.855   138.119
  63.858   138.108
  63.860   138.098
  63.863   138.087
  63.866   138.076
  63.868   138.066
  63.871   138.055
  63.873   138.044
  63.876   138.034
  63.879   138.023
  63.881   138.012
  63.884   138.002
  63.887   137.991
  63.889   137.981
  63.892   137.970
  63.895   137.959
  63.897   137.949
  63.900   137.938
  63.902   137.927
  63.905   137.917
  63.908   137.906
  63.910   137.895
  63.913   137.885
  63.916   137.874
  63.918   137.863
  63.921   137.853
  63.923   137.842
  63.926   137.831
  63.929   137.821
  63.931   137.810
  63.934   137.799
  63.936   137.789
  63.939   137.778
  63.942   137.767
  63.944   137.757
  63.947   137.746
  63.950   137.735
  63.952   137.725
  63.955   137.714
  63.957   137.703
  63.960   137.693
  63.963   137.682
  63.965   137.671
  63.968   137.661
  63.970   137.650
  63.973   137.639
  63.976   137.629
  63.978   137.618
  63.981   137.607
  63.983   137.597
  63.986   137.586
  63.989   137.575
  63.991   137.564
  63.994   137.554
  63.996   137.543
  63.999   137.532
  64.002   137.522
  64.004   137.511
  64.007   137.500
  64.009   137.490
  64.012   137.479
  64.014   137.468
  64.017   137.457
  64.020   137.447
  64.022   137.436
  64.025   137.425
  64.027   137.415
  64.030   137.404
  64.033   137.393
  64.035   137.382
  64.038   137.372
  64.040   137.361
  64.043   137.350
  64.045   137.339
  64.048   137.329
  64.051   137.318
  64.053   137.307
  64.056   137.296
  64.058   137.286
  64.061   137.275
  64.063   137.264
  64.066   137.254
  64.069   137.243
  64.071   137.232
  64.074   137.221
  64.076   137.211
  64.079   137.200
  64.081   137.189
  64.084   137.178
  64.087   137.167
  64.089   137.157
  64.092   137.146
  64.094   137.135
  64.097   137.124
  64.099   137.114
  64.102   137.103
  64.104   137.092
  64.107   137.081
  64.110   137.071
  64.112   137.060
  64.115   137.049
  64.117   137.038
  64.120   137.028
  64.122   137.017
  64.125   137.006
  64.127   136.995
  64.130   136.984
  64.133   136.974
  64.135   136.963
  64.138   136.952
  64.140   136.941
  64.143   136.930
  64.145   136.920
  64.148   136.909
  64.150   136.898
  64.153   136.887
  64.155   136.876
  64.158   136.866
  64.161   136.855
  64.163   136.844
  64.166   136.833
  64.168   136.822
  64.171   136.812
  64.173   136.801
  64.176   136.790
  64.178   136.779
  64.181   136.768
  64.183   136.758
  64.186   136.747
  64.188   136.736
  64.191   136.725
  64.193   136.714
  64.196   136.703
  64.199   136.693
  64.201   136.682
  64.204   136.671
  64.206   136.660
  64.209   136.649
  64.211   136.639
  64.214   136.628
  64.216   136.617
  64.219   136.606
  64.221   136.595
  64.224   136.584
  64.226   136.573
  64.229   136.563
  64.231   136.552
  64.234   136.541
  64.236   136.530
  64.239   136.519
  64.241   136.508
  64.244   136.498
  64.246   136.487
  64.249   136.476
  64.251   136.465
  64.254   136.454
  64.256   136.443
  64.259   136.432
  64.261   136.422
  64.264   136.411
  64.266   136.400
  64.269   136.389
  64.271   136.378
  64.274   136.367
  64.276   136.356
  64.279   136.345
  64.281   136.335
  64.284   136.324
  64.286   136.313
  64.289   136.302
  64.291   136.291
  64.294   136.280
  64.296   136.269
  64.299   136.258
  64.301   136.248
  64.304   136.237
  64.306   136.226
  64.309   136.215
  64.311   136.204
  64.314   136.193
  64.316   136.182
  64.319   136.171
  64.321   136.160
  64.324   136.149
  64.326   136.139
  64.329   136.128
  64.331   136.117
  64.334   136.106
  64.336   136.095
  64.338   136.084
  64.341   136.073
  64.343   136.062
  64.346   136.051
  64.348   136.040
  64.351   136.029
  64.353   136.019
  64.356   136.008
  64.358   135.997
  64.361   135.986
  64.363   135.975
  64.366   135.964
  64.368   135.953
  64.371   135.942
  64.373   135.931
  64.376   135.920
  64.378   135.909
  64.380   135.898
  64.383   135.887
  64.385   135.876
  64.388   135.866
  64.390   135.855
  64.393   135.844
  64.395   135.833
  64.398   135.822
  64.400   135.811
  64.403   135.800
  64.405   135.789
  64.407   135.778
  64.410   135.767
  64.412   135.756
  64.415   135.745
  64.417   135.734
  64.420   135.723
  64.422   135.712
  64.425   135.701
  64.427   135.690
  64.429   135.679
  64.432   135.668
  64.434   135.657
  64.437   135.646
  64.439   135.635
  64.442   135.625
  64.444   135.614
  64.447   135.603
  64.449   135.592
  64.451   135.581
  64.454   135.570
  64.456   135.559
  64.459   135.548
  64.461   135.537
  64.464   135.526
  64.466   135.515
  64.468   135.504
  64.471   135.493
  64.473   135.482
  64.476   135.471
  64.478   135.460
  64.481   135.449
  64.483   135.438
  64.485   135.427
  64.488   135.416
  64.490   135.405
  64.493   135.394
  64.495   135.383
  64.497   135.372
  64.500   135.361
  64.502   135.350
  64.505   135.339
  64.507   135.328
  64.510   135.317
  64.512   135.306
  64.514   135.295
  64.517   135.284
  64.519   135.273
  64.522   135.262
  64.524   135.251
  64.526   135.240
  64.529   135.228
  64.531   135.217
  64.534   135.206
  64.536   135.195
  64.538   135.184
  64.541   135.173
  64.543   135.162
  64.546   135.151
  64.548   135.140
  64.550   135.129
  64.553   135.118
  64.555   135.107
  64.558   135.096
  64.560   135.085
  64.562   135.074
  64.565   135.063
  64.567   135.052
  64.570   135.041
  64.572   135.030
  64.574   135.019
  64.577   135.008
  64.579   134.997
  64.582   134.986
  64.584   134.974
  64.586   134.963
  64.589   134.952
  64.591   134.941
  64.593   134.930
  64.596   134.919
  64.598   134.908
  64.601   134.897
  64.603   134.886
  64.605   134.875
  64.608   134.864
  64.610   134.853
  64.612   134.842
  64.615   134.831
  64.617   134.819
  64.620   134.808
  64.622   134.797
  64.624   134.786
  64.627   134.775
  64.629   134.764
  64.631   134.753
  64.634   134.742
  64.636   134.731
  64.639   134.720
  64.641   134.709
  64.643   134.698
  64.646   134.686
  64.648   134.675
  64.650   134.664
  64.653   134.653
  64.655   134.642
  64.657   134.631
  64.660   134.620
  64.662   134.609
  64.664   134.598
  64.667   134.586
  64.669   134.575
  64.672   134.564
  64.674   134.553
  64.676   134.542
  64.679   134.531
  64.681   134.520
  64.683   134.509
  64.686   134.498
  64.688   134.486
  64.690   134.475
  64.693   134.464
  64.695   134.453
  64.697   134.442
  64.700   134.431
  64.702   134.420
  64.704   134.408
  64.707   134.397
  64.709   134.386
  64.711   134.375
  64.714   134.364
  64.716   134.353
  64.718   134.342
  64.721   134.330
  64.723   134.319
  64.725   134.308
  64.728   134.297
  64.730   134.286
  64.732   134.275
  64.735   134.264
  64.737   134.252
  64.739   134.241
  64.742   134.230
  64.744   134.219
  64.746   134.208
  64.749   134.197
  64.751   134.185
  64.753   134.174
  64.756   134.163
  64.758   134.152
  64.760   134.141
  64.763   134.130
  64.765   134.118
  64.767   134.107
  64.769   134.096
  64.772   134.085
  64.774   134.074
  64.776   134.063
  64.779   134.051
  64.781   134.040
  64.783   134.029
  64.786   134.018
  64.788   134.007
  64.790   133.995
  64.793   133.984
  64.795   133.973
  64.797   133.962
  64.799   133.951
  64.802   133.940
  64.804   133.928
  64.806   133.917
  64.809   133.906
  64.811   133.895
  64.813   133.884
  64.816   133.872
  64.818   133.861
  64.820   133.850
  64.822   133.839
  64.825   133.827
  64.827   133.816
  64.829   133.805
  64.832   133.794
  64.834   133.783
  64.836   133.771
  64.838   133.760
  64.841   133.749
  64.843   133.738
  64.845   133.727
  64.848   133.715
  64.850   133.704
  64.852   133.693
  64.854   133.682
  64.857   133.670
  64.859   133.659
  64.861   133.648
  64.864   133.637
  64.866   133.625
  64.868   133.614
  64.870   133.603
  64.873   133.592
  64.875   133.580
  64.877   133.569
  64.880   133.558
  64.882   133.547
  64.884   133.536
  64.886   133.524
  64.889   133.513
  64.891   133.502
  64.893   133.491
  64.895   133.479
  64.898   133.468
  64.900   133.457
  64.902   133.445
  64.904   133.434
  64.907   133.423
  64.909   133.412
  64.911   133.400
  64.913   133.389
  64.916   133.378
  64.918   133.367
  64.920   133.355
  64.922   133.344
  64.925   133.333
  64.927   133.322
  64.929   133.310
  64.931   133.299
  64.934   133.288
  64.936   133.276
  64.938   133.265
  64.940   133.254
  64.943   133.243
  64.945   133.231
  64.947   133.220
  64.949   133.209
  64.952   133.197
  64.954   133.186
  64.956   133.175
  64.958   133.164
  64.961   133.152
  64.963   133.141
  64.965   133.130
  64.967   133.118
  64.970   133.107
  64.972   133.096
  64.974   133.084
  64.976   133.073
  64.979   133.062
  64.981   133.051
  64.983   133.039
  64.985   133.028
  64.987   133.017
  64.990   133.005
  64.992   132.994
  64.994   132.983
  64.996   132.971
  64.999   132.960
  65.001   132.949
  65.003   132.937
  65.005   132.926
  65.007   132.915
  65.010   132.903
  65.012   132.892
  65.014   132.881
  65.016   132.869
  65.019   132.858
  65.021   132.847
  65.023   132.835
  65.025   132.824
  65.027   132.813
  65.030   132.801
  65.032   132.790
  65.034   132.779
  65.036   132.767
  65.038   132.756
  65.041   132.745
  65.043   132.733
  65.045   132.722
  65.047   132.711
  65.049   132.699
  65.052   132.688
  65.054   132.677
  65.056   132.665
  65.058   132.654
  65.060   132.642
  65.063   132.631
  65.065   132.620
  65.067   132.608
  65.069   132.597
  65.071   132.586
  65.074   132.574
  65.076   132.563
  65.078   132.552
  65.080   132.540
  65.082   132.529
  65.085   132.517
  65.087   132.506
  65.089   132.495
  65.091   132.483
  65.093   132.472
  65.096   132.461
  65.098   132.449
  65.100   132.438
  65.102   132.426
  65.104   132.415
  65.106   132.404
  65.109   132.392
  65.111   132.381
  65.113   132.369
  65.115   132.358
  65.117   132.347
  65.120   132.335
  65.122   132.324
  65.124   132.312
  65.126   132.301
  65.128   132.290
  65.130   132.278
  65.133   132.267
  65.135   132.255
  65.137   132.244
  65.139   132.233
  65.141   132.221
  65.143   132.210
  65.146   132.198
  65.148   132.187
  65.150   132.176
  65.152   132.164
  65.154   132.153
  65.156   132.141
  65.159   132.130
  65.161   132.118
  65.163   132.107
  65.165   132.096
  65.167   132.084
  65.169   132.073
  65.171   132.061
  65.174   132.050
  65.176   132.038
  65.178   132.027
  65.180   132.016
  65.182   132.004
  65.184   131.993
  65.187   131.981
  65.189   131.970
  65.191   131.958
  65.193   131.947
  65.195   131.935
  65.197   131.924
  65.199   131.912
  65.202   131.901
  65.204   131.890
  65.206   131.878
  65.208   131.867
  65.210   131.855
  65.212   131.844
  65.214   131.832
  65.216   131.821
  65.219   131.809
  65.221   131.798
  65.223   131.786
  65.225   131.775
  65.227   131.763
  65.229   131.752
  65.231   131.741
  65.234   131.729
  65.236   131.718
  65.238   131.706
  65.240   131.695
  65.242   131.683
  65.244   131.672
  65.246   131.660
  65.248   131.649
  65.251   131.637
  65.253   131.626
  65.255   131.614
  65.257   131.603
  65.259   131.591
  65.261   131.580
  65.263   131.568
  65.265   131.557
  65.267   131.545
  65.270   131.534
  65.272   131.522
  65.274   131.511
  65.276   131.499
  65.278   131.488
  65.280   131.476
  65.282   131.465
  65.284   131.453
  65.286   131.442
  65.289   131.430
  65.291   131.419
  65.293   131.407
  65.295   131.396
  65.297   131.384
  65.299   131.373
  65.301   131.361
  65.303   131.350
  65.305   131.338
  65.307   131.327
  65.310   131.315
  65.312   131.304
  65.314   131.292
  65.316   131.280
  65.318   131.269
  65.320   131.257
  65.322   131.246
  65.324   131.234
  65.326   131.223
  65.328   131.211
  65.330   131.200
  65.333   131.188
  65.335   131.177
  65.337   131.165
  65.339   131.154
  65.341   131.142
  65.343   131.130
  65.345   131.119
  65.347   131.107
  65.349   131.096
  65.351   131.084
  65.353   131.073
  65.355   131.061
  65.358   131.050
  65.360   131.038
  65.362   131.026
  65.364   131.015
  65.366   131.003
  65.368   130.992
  65.370   130.980
  65.372   130.969
  65.374   130.957
  65.376   130.945
  65.378   130.934
  65.380   130.922
  65.382   130.911
  65.384   130.899
  65.386   130.888
  65.389   130.876
  65.391   130.864
  65.393   130.853
  65.395   130.841
  65.397   130.830
  65.399   130.818
  65.401   130.806
  65.403   130.795
  65.405   130.783
  65.407   130.772
  65.409   130.760
  65.411   130.748
  65.413   130.737
  65.415   130.725
  65.417   130.714
  65.419   130.702
  65.421   130.690
  65.423   130.679
  65.426   130.667
  65.428   130.656
  65.430   130.644
  65.432   130.632
  65.434   130.621
  65.436   130.609
  65.438   130.598
  65.440   130.586
  65.442   130.574
  65.444   130.563
  65.446   130.551
  65.448   130.539
  65.450   130.528
  65.452   130.516
  65.454   130.505
  65.456   130.493
  65.458   130.481
  65.460   130.470
  65.462   130.458
  65.464   130.446
  65.466   130.435
  65.468   130.423
  65.470   130.412
  65.472   130.400
  65.474   130.388
  65.476   130.377
  65.478   130.365
  65.480   130.353
  65.482   130.342
  65.484   130.330
  65.486   130.318
  65.489   130.307
  65.491   130.295
  65.493   130.283
  65.495   130.272
  65.497   130.260
  65.499   130.248
  65.501   130.237
  65.503   130.225
  65.505   130.213
  65.507   130.202
  65.509   130.190
  65.511   130.178
  65.513   130.167
  65.515   130.155
  65.517   130.143
  65.519   130.132
  65.521   130.120
  65.523   130.108
  65.525   130.097
  65.527   130.085
  65.529   130.073
  65.531   130.062
  65.533   130.050
  65.535   130.038
  65.537   130.027
  65.539   130.015
  65.541   130.003
  65.543   129.991
  65.545   129.980
  65.547   129.968
  65.549   129.956
  65.551   129.945
  65.553   129.933
  65.555   129.921
  65.557   129.910
  65.559   129.898
  65.561   129.886
  65.563   129.874
  65.565   129.863
  65.567   129.851
  65.568   129.839
  65.570   129.828
  65.572   129.816
  65.574   129.804
  65.576   129.792
  65.578   129.781
  65.580   129.769
  65.582   129.757
  65.584   129.745
  65.586   129.734
  65.588   129.722
  65.590   129.710
  65.592   129.699
  65.594   129.687
  65.596   129.675
  65.598   129.663
  65.600   129.652
  65.602   129.640
  65.604   129.628
  65.606   129.616
  65.608   129.605
  65.610   129.593
  65.612   129.581
  65.614   129.569
  65.616   129.558
  65.618   129.546
  65.620   129.534
  65.622   129.522
  65.624   129.511
  65.626   129.499
  65.628   129.487
  65.630   129.475
  65.631   129.464
  65.633   129.452
  65.635   129.440
  65.637   129.428
  65.639   129.416
  65.641   129.405
  65.643   129.393
  65.645   129.381
  65.647   129.369
  65.649   129.358
  65.651   129.346
  65.653   129.334
  65.655   129.322
  65.657   129.310
  65.659   129.299
  65.661   129.287
  65.663   129.275
  65.665   129.263
  65.666   129.252
  65.668   129.240
  65.670   129.228
  65.672   129.216
  65.674   129.204
  65.676   129.193
  65.678   129.181
  65.680   129.169
  65.682   129.157
  65.684   129.145
  65.686   129.134
  65.688   129.122
  65.690   129.110
  65.692   129.098
  65.694   129.086
  65.695   129.074
  65.697   129.063
  65.699   129.051
  65.701   129.039
  65.703   129.027
  65.705   129.015
  65.707   129.003
  65.709   128.992
  65.711   128.980
  65.713   128.968
  65.715   128.956
  65.717   128.944
  65.719   128.933
  65.720   128.921
  65.722   128.909
  65.724   128.897
  65.726   128.885
  65.728   128.873
  65.730   128.861
  65.732   128.850
  65.734   128.838
  65.736   128.826
  65.738   128.814
  65.740   128.802
  65.741   128.790
  65.743   128.778
  65.745   128.767
  65.747   128.755
  65.749   128.743
  65.751   128.731
  65.753   128.719
  65.755   128.707
  65.757   128.695
  65.759   128.684
  65.760   128.672
  65.762   128.660
  65.764   128.648
  65.766   128.636
  65.768   128.624
  65.770   128.612
  65.772   128.600
  65.774   128.589
  65.776   128.577
  65.777   128.565
  65.779   128.553
  65.781   128.541
  65.783   128.529
  65.785   128.517
  65.787   128.505
  65.789   128.493
  65.791   128.482
  65.793   128.470
  65.794   128.458
  65.798   128.434
  65.802   128.410
  65.806   128.386
  65.809   128.362
  65.813   128.339
  65.821   128.291
  65.828   128.243
  65.843   128.148
  65.858   128.052
  65.873   127.956
  65.887   127.861
  65.902   127.765
  65.909   127.717
  65.917   127.669
  65.924   127.621
  65.931   127.572
  65.938   127.524
  65.946   127.476
  65.953   127.428
  65.960   127.380
  65.967   127.332
  65.975   127.283
  65.978   127.259
  65.982   127.235
  65.985   127.211
  65.989   127.187
  65.992   127.163
  65.996   127.138
  66.000   127.114
  66.003   127.090
  66.007   127.066
  66.010   127.042
  66.014   127.018
  66.017   126.993
  66.021   126.969
  66.025   126.945
  66.028   126.921
  66.032   126.896
  66.035   126.872
  66.039   126.848
  66.042   126.824
  66.046   126.799
  66.049   126.775
  66.053   126.751
  66.056   126.727
  66.060   126.702
  66.063   126.678
  66.067   126.654
  66.070   126.629
  66.074   126.605
  66.077   126.581
  66.081   126.556
  66.084   126.532
  66.088   126.508
  66.091   126.483
  66.095   126.459
  66.098   126.435
  66.102   126.410
  66.105   126.386
  66.109   126.361
  66.112   126.337
  66.116   126.313
  66.119   126.288
  66.122   126.264
  66.126   126.239
  66.129   126.215
  66.133   126.190
  66.135   126.178
  66.136   126.166
  66.138   126.154
  66.140   126.142
  66.141   126.129
  66.143   126.117
  66.145   126.105
  66.147   126.093
  66.148   126.080
  66.150   126.068
  66.152   126.056
  66.153   126.044
  66.155   126.031
  66.157   126.019
  66.159   126.007
  66.160   125.995
  66.162   125.982
  66.164   125.970
  66.165   125.958
  66.167   125.946
  66.169   125.933
  66.170   125.921
  66.172   125.909
  66.174   125.897
  66.176   125.884
  66.177   125.872
  66.179   125.860
  66.181   125.847
  66.182   125.835
  66.184   125.823
  66.186   125.811
  66.187   125.798
  66.189   125.786
  66.191   125.774
  66.193   125.762
  66.194   125.749
  66.196   125.737
  66.198   125.725
  66.199   125.712
  66.201   125.700
  66.203   125.688
  66.204   125.675
  66.206   125.663
  66.208   125.651
  66.209   125.639
  66.211   125.626
  66.213   125.614
  66.214   125.602
  66.216   125.589
  66.218   125.577
  66.219   125.565
  66.221   125.552
  66.223   125.540
  66.224   125.528
  66.226   125.515
  66.228   125.503
  66.229   125.491
  66.231   125.478
  66.233   125.466
  66.234   125.454
  66.236   125.441
  66.238   125.429
  66.239   125.417
  66.241   125.404
  66.243   125.392
  66.244   125.380
  66.246   125.367
  66.248   125.355
  66.249   125.343
  66.251   125.330
  66.253   125.318
  66.254   125.306
  66.256   125.293
  66.258   125.281
  66.259   125.269
  66.261   125.256
  66.263   125.244
  66.264   125.232
  66.266   125.219
  66.268   125.207
  66.269   125.194
  66.271   125.182
  66.273   125.170
  66.274   125.157
  66.276   125.145
  66.278   125.133
  66.279   125.120
  66.281   125.108
  66.283   125.095
  66.284   125.083
  66.286   125.071
  66.287   125.058
  66.289   125.046
  66.291   125.034
  66.292   125.021
  66.294   125.009
  66.296   124.996
  66.297   124.984
  66.299   124.972
  66.301   124.959
  66.302   124.947
  66.304   124.934
  66.305   124.922
  66.307   124.910
  66.309   124.897
  66.310   124.885
  66.312   124.872
  66.314   124.860
  66.315   124.847
  66.317   124.835
  66.318   124.823
  66.320   124.810
  66.322   124.798
  66.323   124.785
  66.325   124.773
  66.327   124.760
  66.328   124.748
  66.330   124.736
  66.331   124.723
  66.333   124.711
  66.335   124.698
  66.336   124.686
  66.338   124.673
  66.340   124.661
  66.341   124.648
  66.343   124.636
  66.344   124.624
  66.346   124.611
  66.348   124.599
  66.349   124.586
  66.351   124.574
  66.352   124.561
  66.354   124.549
  66.356   124.536
  66.357   124.524
  66.359   124.511
  66.360   124.499
  66.362   124.486
  66.364   124.474
  66.365   124.462
  66.367   124.449
  66.368   124.437
  66.370   124.424
  66.372   124.412
  66.373   124.399
  66.375   124.387
  66.376   124.374
  66.378   124.362
  66.380   124.349
  66.381   124.337
  66.383   124.324
  66.384   124.312
  66.386   124.299
  66.388   124.287
  66.389   124.274
  66.391   124.262
  66.392   124.249
  66.394   124.237
  66.395   124.224
  66.397   124.212
  66.399   124.199
  66.400   124.187
  66.402   124.174
  66.403   124.162
  66.405   124.149
  66.406   124.137
  66.408   124.124
  66.410   124.111
  66.411   124.099
  66.413   124.086
  66.414   124.074
  66.416   124.061
  66.418   124.049
  66.419   124.036
  66.421   124.024
  66.422   124.011
  66.424   123.999
  66.425   123.986
  66.427   123.974
  66.428   123.961
  66.430   123.948
  66.432   123.936
  66.433   123.923
  66.435   123.911
  66.436   123.898
  66.438   123.886
  66.439   123.873
  66.441   123.861
  66.443   123.848
  66.444   123.835
  66.446   123.823
  66.447   123.810
  66.449   123.798
  66.450   123.785
  66.452   123.772
  66.453   123.760
  66.455   123.747
  66.456   123.735
  66.458   123.722
  66.460   123.710
  66.461   123.697
  66.463   123.684
  66.464   123.672
  66.466   123.659
  66.467   123.647
  66.469   123.634
  66.470   123.621
  66.472   123.609
  66.473   123.596
  66.475   123.584
  66.477   123.571
  66.478   123.558
  66.480   123.546
  66.481   123.533
  66.483   123.521
  66.484   123.508
  66.486   123.495
  66.487   123.483
  66.489   123.470
  66.490   123.457
  66.492   123.445
  66.493   123.432
  66.495   123.420
  66.496   123.407
  66.498   123.394
  66.499   123.382
  66.501   123.369
  66.502   123.356
  66.504   123.344
  66.506   123.331
  66.507   123.318
  66.509   123.306
  66.510   123.293
  66.512   123.280
  66.513   123.268
  66.515   123.255
  66.516   123.242
  66.518   123.230
  66.519   123.217
  66.521   123.204
  66.522   123.192
  66.524   123.179
  66.525   123.166
  66.527   123.154
  66.528   123.141
  66.530   123.128
  66.531   123.116
  66.533   123.103
  66.534   123.090
  66.536   123.078
  66.537   123.065
  66.539   123.052
  66.540   123.040
  66.542   123.027
  66.543   123.014
  66.545   123.002
  66.546   122.989
  66.548   122.976
  66.549   122.964
  66.551   122.951
  66.552   122.938
  66.554   122.925
  66.555   122.913
  66.557   122.900
  66.558   122.887
  66.560   122.875
  66.561   122.862
  66.563   122.849
  66.564   122.836
  66.566   122.824
  66.567   122.811
  66.568   122.798
  66.570   122.786
  66.571   122.773
  66.573   122.760
  66.574   122.747
  66.576   122.735
  66.577   122.722
  66.579   122.709
  66.580   122.696
  66.582   122.684
  66.583   122.671
  66.585   122.658
  66.586   122.645
  66.588   122.633
  66.589   122.620
  66.591   122.607
  66.592   122.594
  66.593   122.582
  66.595   122.569
  66.596   122.556
  66.598   122.543
  66.599   122.531
  66.601   122.518
  66.602   122.505
  66.604   122.492
  66.605   122.479
  66.607   122.467
  66.608   122.454
  66.610   122.441
  66.611   122.428
  66.612   122.416
  66.614   122.403
  66.615   122.390
  66.617   122.377
  66.618   122.364
  66.620   122.352
  66.621   122.339
  66.623   122.326
  66.624   122.313
  66.625   122.300
  66.627   122.288
  66.628   122.275
  66.630   122.262
  66.631   122.249
  66.633   122.236
  66.634   122.224
  66.636   122.211
  66.637   122.198
  66.638   122.185
  66.640   122.172
  66.641   122.160
  66.643   122.147
  66.644   122.134
  66.646   122.121
  66.647   122.108
  66.648   122.095
  66.650   122.083
  66.651   122.070
  66.653   122.057
  66.654   122.044
  66.656   122.031
  66.657   122.018
  66.658   122.006
  66.660   121.993
  66.661   121.980
  66.663   121.967
  66.664   121.954
  66.666   121.941
  66.667   121.928
  66.668   121.916
  66.670   121.903
  66.671   121.890
  66.673   121.877
  66.674   121.864
  66.675   121.851
  66.677   121.838
  66.678   121.825
  66.680   121.813
  66.681   121.800
  66.682   121.787
  66.684   121.774
  66.685   121.761
  66.687   121.748
  66.688   121.735
  66.689   121.722
  66.691   121.710
  66.692   121.697
  66.694   121.684
  66.695   121.671
  66.696   121.658
  66.698   121.645
  66.699   121.632
  66.701   121.619
  66.702   121.606
  66.703   121.593
  66.705   121.581
  66.706   121.568
  66.708   121.555
  66.709   121.542
  66.710   121.529
  66.712   121.516
  66.713   121.503
  66.714   121.490
  66.716   121.477
  66.717   121.464
  66.719   121.451
  66.720   121.438
  66.721   121.425
  66.723   121.413
  66.724   121.400
  66.726   121.387
  66.727   121.374
  66.728   121.361
  66.730   121.348
  66.731   121.335
  66.732   121.322
  66.734   121.309
  66.735   121.296
  66.736   121.283
  66.738   121.270
  66.739   121.257
  66.741   121.244
  66.742   121.231
  66.743   121.218
  66.745   121.205
  66.746   121.192
  66.747   121.179
  66.749   121.166
  66.750   121.153
  66.751   121.141
  66.753   121.128
  66.754   121.115
  66.756   121.102
  66.757   121.089
  66.758   121.076
  66.760   121.063
  66.761   121.050
  66.762   121.037
  66.764   121.024
  66.765   121.011
  66.766   120.998
  66.768   120.985
  66.769   120.972
  66.770   120.959
  66.772   120.946
  66.773   120.933
  66.774   120.920
  66.776   120.907
  66.777   120.894
  66.778   120.881
  66.780   120.868
  66.781   120.855
  66.782   120.842
  66.784   120.829
  66.785   120.816
  66.786   120.803
  66.788   120.789
  66.789   120.776
  66.790   120.763
  66.792   120.750
  66.793   120.737
  66.794   120.724
  66.796   120.711
  66.797   120.698
  66.798   120.685
  66.800   120.672
  66.801   120.659
  66.802   120.646
  66.804   120.633
  66.805   120.620
  66.806   120.607
  66.808   120.594
  66.809   120.581
  66.810   120.568
  66.811   120.555
  66.813   120.542
  66.814   120.529
  66.815   120.516
  66.817   120.502
  66.818   120.489
  66.819   120.476
  66.821   120.463
  66.822   120.450
  66.823   120.437
  66.825   120.424
  66.826   120.411
  66.827   120.398
  66.828   120.385
  66.830   120.372
  66.831   120.359
  66.832   120.346
  66.834   120.332
  66.835   120.319
  66.836   120.306
  66.837   120.293
  66.839   120.280
  66.840   120.267
  66.841   120.254
  66.843   120.241
  66.844   120.228
  66.845   120.215
  66.846   120.201
  66.848   120.188
  66.849   120.175
  66.850   120.162
  66.852   120.149
  66.853   120.136
  66.854   120.123
  66.855   120.110
  66.857   120.096
  66.858   120.083
  66.859   120.070
  66.861   120.057
  66.862   120.044
  66.863   120.031
  66.864   120.018
  66.866   120.005
  66.867   119.991
  66.868   119.978
  66.869   119.965
  66.871   119.952
  66.872   119.939
  66.873   119.926
  66.874   119.913
  66.876   119.899
  66.877   119.886
  66.878   119.873
  66.880   119.860
  66.881   119.847
  66.882   119.834
  66.883   119.820
  66.885   119.807
  66.886   119.794
  66.887   119.781
  66.888   119.768
  66.890   119.755
  66.891   119.741
  66.892   119.728
  66.893   119.715
  66.895   119.702
  66.896   119.689
  66.897   119.675
  66.898   119.662
  66.900   119.649
  66.901   119.636
  66.902   119.623
  66.903   119.610
  66.904   119.596
  66.906   119.583
  66.907   119.570
  66.908   119.557
  66.909   119.544
  66.911   119.530
  66.912   119.517
  66.913   119.504
  66.914   119.491
  66.916   119.478
  66.917   119.464
  66.918   119.451
  66.919   119.438
  66.920   119.425
  66.922   119.411
  66.923   119.398
  66.924   119.385
  66.925   119.372
  66.927   119.359
  66.928   119.345
  66.929   119.332
  66.930   119.319
  66.931   119.306
  66.933   119.292
  66.934   119.279
  66.935   119.266
  66.936   119.253
  66.937   119.239
  66.939   119.226
  66.940   119.213
  66.941   119.200
  66.942   119.186
  66.944   119.173
  66.945   119.160
  66.946   119.147
  66.947   119.133
  66.948   119.120
  66.950   119.107
  66.951   119.094
  66.952   119.080
  66.953   119.067
  66.954   119.054
  66.955   119.041
  66.957   119.027
  66.958   119.014
  66.959   119.001
  66.960   118.987
  66.961   118.974
  66.963   118.961
  66.964   118.948
  66.965   118.934
  66.966   118.921
  66.967   118.908
  66.969   118.894
  66.970   118.881
  66.971   118.868
  66.972   118.855
  66.973   118.841
  66.974   118.828
  66.976   118.815
  66.977   118.801
  66.978   118.788
  66.979   118.775
  66.980   118.761
  66.982   118.748
  66.983   118.735
  66.984   118.722
  66.985   118.708
  66.986   118.695
  66.987   118.682
  66.989   118.668
  66.990   118.655
  66.991   118.642
  66.992   118.628
  66.993   118.615
  66.994   118.602
  66.995   118.588
  66.997   118.575
  66.998   118.562
  66.999   118.548
  67.000   118.535
  67.001   118.522
  67.002   118.508
  67.004   118.495
  67.005   118.482
  67.006   118.468
  67.007   118.455
  67.008   118.442
  67.009   118.428
  67.010   118.415
  67.012   118.401
  67.013   118.388
  67.014   118.375
  67.015   118.361
  67.016   118.348
  67.017   118.335
  67.018   118.321
  67.020   118.308
  67.021   118.295
  67.022   118.281
  67.023   118.268
  67.024   118.254
  67.025   118.241
  67.026   118.228
  67.027   118.214
  67.029   118.201
  67.030   118.188
  67.031   118.174
  67.032   118.161
  67.033   118.147
  67.034   118.134
  67.035   118.121
  67.036   118.107
  67.038   118.094
  67.039   118.080
  67.040   118.067
  67.041   118.054
  67.042   118.040
  67.043   118.027
  67.044   118.013
  67.045   118.000
  67.047   117.987
  67.048   117.973
  67.049   117.960
  67.050   117.946
  67.051   117.933
  67.052   117.920
  67.053   117.906
  67.054   117.893
  67.055   117.879
  67.056   117.866
  67.058   117.852
  67.059   117.839
  67.060   117.826
  67.061   117.812
  67.062   117.799
  67.063   117.785
  67.064   117.772
  67.065   117.758
  67.066   117.745
  67.067   117.732
  67.069   117.718
  67.070   117.705
  67.071   117.691
  67.072   117.678
  67.073   117.664
  67.074   117.651
  67.075   117.637
  67.076   117.624
  67.077   117.610
  67.078   117.597
  67.079   117.584
  67.080   117.570
  67.081   117.557
  67.083   117.543
  67.084   117.530
  67.085   117.516
  67.086   117.503
  67.087   117.489
  67.088   117.476
  67.089   117.462
  67.090   117.449
  67.091   117.435
  67.092   117.422
  67.093   117.408
  67.094   117.395
  67.095   117.381
  67.096   117.368
  67.098   117.354
  67.099   117.341
  67.100   117.328
  67.101   117.314
  67.102   117.301
  67.103   117.287
  67.104   117.274
  67.105   117.260
  67.106   117.247
  67.107   117.233
  67.108   117.220
  67.109   117.206
  67.110   117.193
  67.111   117.179
  67.112   117.165
  67.113   117.152
  67.114   117.138
  67.115   117.125
  67.116   117.111
  67.117   117.098
  67.118   117.084
  67.120   117.071
  67.121   117.057
  67.122   117.044
  67.123   117.030
  67.124   117.017
  67.125   117.003
  67.126   116.990
  67.127   116.976
  67.128   116.963
  67.129   116.949
  67.130   116.936
  67.131   116.922
  67.132   116.908
  67.133   116.895
  67.134   116.881
  67.135   116.868
  67.136   116.854
  67.137   116.841
  67.138   116.827
  67.139   116.814
  67.140   116.800
  67.141   116.787
  67.142   116.773
  67.143   116.759
  67.144   116.746
  67.145   116.732
  67.146   116.719
  67.147   116.705
  67.148   116.692
  67.149   116.678
  67.150   116.664
  67.151   116.651
  67.152   116.637
  67.153   116.624
  67.154   116.610
  67.155   116.597
  67.156   116.583
  67.157   116.569
  67.158   116.556
  67.159   116.542
  67.160   116.529
  67.161   116.515
  67.162   116.501
  67.163   116.488
  67.164   116.474
  67.165   116.461
  67.166   116.447
  67.167   116.433
  67.168   116.420
  67.169   116.406
  67.170   116.393
  67.171   116.379
  67.172   116.365
  67.173   116.352
  67.174   116.338
  67.175   116.325
  67.176   116.311
  67.177   116.297
  67.178   116.284
  67.179   116.270
  67.180   116.257
  67.181   116.243
  67.182   116.229
  67.183   116.216
  67.184   116.202
  67.185   116.188
  67.186   116.175
  67.187   116.161
  67.188   116.148
  67.188   116.134
  67.189   116.120
  67.190   116.107
  67.191   116.093
  67.192   116.079
  67.193   116.066
  67.194   116.052
  67.195   116.038
  67.196   116.025
  67.197   116.011
  67.198   115.997
  67.199   115.984
  67.200   115.970
  67.201   115.957
  67.202   115.943
  67.203   115.929
  67.204   115.916
  67.205   115.902
  67.206   115.888
  67.207   115.875
  67.208   115.861
  67.208   115.847
  67.209   115.834
  67.210   115.820
  67.211   115.806
  67.212   115.793
  67.213   115.779
  67.214   115.765
  67.215   115.752
  67.216   115.738
  67.217   115.724
  67.218   115.710
  67.219   115.697
  67.220   115.683
  67.221   115.669
  67.221   115.656
  67.222   115.642
  67.223   115.628
  67.224   115.615
  67.225   115.601
  67.226   115.587
  67.227   115.574
  67.228   115.560
  67.229   115.546
  67.230   115.532
  67.231   115.519
  67.232   115.505
  67.232   115.491
  67.233   115.478
  67.234   115.464
  67.235   115.450
  67.236   115.436
  67.237   115.423
  67.238   115.409
  67.239   115.395
  67.240   115.382
  67.241   115.368
  67.241   115.354
  67.242   115.340
  67.243   115.327
  67.244   115.313
  67.245   115.299
  67.246   115.286
  67.247   115.272
  67.248   115.258
  67.249   115.244
  67.249   115.231
  67.250   115.217
  67.251   115.203
  67.252   115.189
  67.253   115.176
  67.254   115.162
  67.255   115.148
  67.256   115.134
  67.257   115.121
  67.257   115.107
  67.258   115.093
  67.259   115.079
  67.260   115.066
  67.261   115.052
  67.262   115.038
  67.263   115.024
  67.264   115.011
  67.264   114.997
  67.265   114.983
  67.266   114.969
  67.267   114.956
  67.268   114.942
  67.269   114.928
  67.270   114.914
  67.270   114.901
  67.271   114.887
  67.272   114.873
  67.273   114.859
  67.274   114.846
  67.275   114.832
  67.276   114.818
  67.276   114.804
  67.277   114.790
  67.278   114.777
  67.279   114.763
  67.280   114.749
  67.281   114.735
  67.282   114.721
  67.282   114.708
  67.283   114.694
  67.284   114.680
  67.285   114.666
  67.286   114.653
  67.287   114.639
  67.287   114.625
  67.288   114.611
  67.289   114.597
  67.290   114.584
  67.291   114.570
  67.292   114.556
  67.292   114.542
  67.293   114.528
  67.294   114.515
  67.295   114.501
  67.296   114.487
  67.297   114.473
  67.297   114.459
  67.298   114.445
  67.299   114.432
  67.300   114.418
  67.301   114.404
  67.301   114.390
  67.302   114.376
  67.303   114.363
  67.304   114.349
  67.305   114.335
  67.306   114.321
  67.306   114.307
  67.307   114.293
  67.308   114.280
  67.309   114.266
  67.310   114.252
  67.310   114.238
  67.311   114.224
  67.312   114.210
  67.313   114.197
  67.314   114.183
  67.314   114.169
  67.315   114.155
  67.316   114.141
  67.317   114.127
  67.318   114.114
  67.318   114.100
  67.319   114.086
  67.320   114.072
  67.321   114.058
  67.322   114.044
  67.322   114.030
  67.323   114.017
  67.324   114.003
  67.325   113.989
  67.326   113.975
  67.326   113.961
  67.327   113.947
  67.328   113.933
  67.329   113.920
  67.329   113.906
  67.330   113.892
  67.331   113.878
  67.332   113.864
  67.333   113.850
  67.333   113.836
  67.334   113.822
  67.335   113.809
  67.336   113.795
  67.336   113.781
  67.337   113.767
  67.338   113.753
  67.339   113.739
  67.339   113.725
  67.340   113.711
  67.341   113.697
  67.342   113.684
  67.342   113.670
  67.343   113.656
  67.344   113.642
  67.345   113.628
  67.346   113.614
  67.346   113.600
  67.347   113.586
  67.348   113.572
  67.349   113.559
  67.349   113.545
  67.350   113.531
  67.351   113.517
  67.351   113.503
  67.352   113.489
  67.353   113.475
  67.354   113.461
  67.354   113.447
  67.355   113.433
  67.356   113.419
  67.357   113.406
  67.357   113.392
  67.358   113.378
  67.359   113.364
  67.360   113.350
  67.360   113.336
  67.361   113.322
  67.362   113.308
  67.363   113.294
  67.363   113.280
  67.364   113.266
  67.365   113.252
  67.365   113.238
  67.366   113.225
  67.367   113.211
  67.368   113.197
  67.368   113.183
  67.369   113.169
  67.370   113.155
  67.370   113.141
  67.371   113.127
  67.372   113.113
  67.373   113.099
  67.373   113.085
  67.375   113.057
  67.376   113.029
  67.378   113.001
  67.379   112.974
  67.380   112.946
  67.382   112.918
  67.383   112.890
  67.385   112.862
  67.387   112.806
  67.390   112.750
  67.393   112.694
  67.395   112.638
  67.401   112.526
  67.406   112.414
  67.411   112.302
  67.416   112.190
  67.421   112.078
  67.426   111.965
  67.429   111.909
  67.431   111.853
  67.436   111.740
  67.441   111.628
  67.445   111.515
  67.454   111.289
  67.463   111.063
  67.480   110.611
  67.495   110.157
  67.502   109.929
  67.509   109.702
  67.513   109.588
  67.516   109.474
  67.522   109.246
  67.528   109.017
  67.534   108.788
  67.544   108.330
  67.546   108.216
  67.547   108.158
  67.548   108.130
  67.548   108.115
  67.548   108.114
  67.548   108.113
  67.548   108.112
  67.548   108.112
  67.548   108.112
  67.548   108.112
  67.548   108.112
  67.177    93.566
  67.161    93.344
  67.128    92.900
  67.094    92.459
  67.085    92.349
  67.076    92.239
  67.067    92.129
  67.065    92.102
  67.064    92.088
  67.063    92.074
  67.061    92.047
  67.056    91.992
  67.047    91.882
  67.038    91.773
  67.029    91.663
  67.010    91.445
  66.991    91.227
  66.952    90.793
  66.912    90.360
  66.892    90.145
  66.871    89.930
  66.861    89.822
  66.851    89.715
  66.840    89.608
  66.829    89.501
  66.819    89.394
  66.808    89.288
  66.797    89.181
  66.792    89.128
  66.786    89.075
  66.775    88.968
  66.764    88.862
  66.753    88.756
  66.742    88.650
  66.731    88.544
  66.719    88.439
  66.708    88.333
  66.697    88.228
  66.691    88.175
  66.685    88.122
  66.679    88.070
  66.673    88.017
  66.668    87.965
  66.662    87.912
  66.656    87.860
  66.650    87.807
  66.644    87.755
  66.638    87.702
  66.632    87.650
  66.627    87.598
  66.621    87.545
  66.615    87.493
  66.609    87.441
  66.603    87.389
  66.597    87.336
  66.591    87.284
  66.585    87.232
  66.579    87.180
  66.573    87.128
  66.566    87.076
  66.560    87.024
  66.554    86.972
  66.548    86.920
  66.542    86.868
  66.536    86.816
  66.533    86.791
  66.530    86.765
  66.526    86.739
  66.523    86.713
  66.520    86.687
  66.517    86.661
  66.514    86.635
  66.511    86.609
  66.508    86.584
  66.505    86.558
  66.502    86.532
  66.498    86.506
  66.495    86.480
  66.492    86.454
  66.489    86.429
  66.486    86.403
  66.483    86.377
  66.480    86.351
  66.476    86.326
  66.473    86.300
  66.470    86.274
  66.467    86.248
  66.464    86.223
  66.461    86.197
  66.457    86.171
  66.454    86.145
  66.453    86.133
  66.451    86.120
  66.448    86.094
  66.445    86.068
  66.441    86.043
  66.438    86.017
  66.435    85.991
  66.432    85.966
  66.429    85.940
  66.425    85.914
  66.422    85.889
  66.419    85.863
  66.416    85.837
  66.412    85.812
  66.411    85.799
  66.409    85.786
  66.407    85.773
  66.406    85.761
  66.404    85.748
  66.403    85.735
  66.401    85.722
  66.399    85.710
  66.398    85.697
  66.396    85.684
  66.394    85.671
  66.393    85.658
  66.391    85.646
  66.390    85.633
  66.388    85.620
  66.386    85.607
  66.385    85.595
  66.383    85.582
  66.381    85.569
  66.380    85.556
  66.378    85.544
  66.376    85.531
  66.375    85.518
  66.373    85.505
  66.372    85.493
  66.370    85.480
  66.368    85.467
  66.367    85.454
  66.365    85.442
  66.363    85.429
  66.362    85.416
  66.360    85.403
  66.358    85.391
  66.357    85.378
  66.355    85.365
  66.353    85.352
  66.352    85.340
  66.350    85.327
  66.348    85.314
  66.347    85.302
  66.345    85.289
  66.343    85.276
  66.342    85.263
  66.340    85.251
  66.338    85.238
  66.337    85.225
  66.335    85.213
  66.333    85.200
  66.332    85.187
  66.330    85.175
  66.328    85.162
  66.327    85.149
  66.325    85.137
  66.323    85.124
  66.322    85.111
  66.320    85.098
  66.318    85.086
  66.317    85.073
  66.315    85.060
  66.313    85.048
  66.312    85.035
  66.310    85.022
  66.308    85.010
  66.307    84.997
  66.305    84.984
  66.303    84.972
  66.302    84.959
  66.300    84.946
  66.298    84.934
  66.297    84.921
  66.295    84.909
  66.293    84.896
  66.291    84.883
  66.290    84.871
  66.288    84.858
  66.286    84.845
  66.285    84.833
  66.283    84.820
  66.281    84.807
  66.280    84.795
  66.278    84.782
  66.276    84.770
  66.274    84.757
  66.273    84.744
  66.271    84.732
  66.269    84.719
  66.268    84.706
  66.266    84.694
  66.264    84.681
  66.263    84.669
  66.261    84.656
  66.259    84.643
  66.257    84.631
  66.256    84.618
  66.254    84.606
  66.252    84.593
  66.251    84.580
  66.249    84.568
  66.247    84.555
  66.245    84.543
  66.244    84.530
  66.242    84.517
  66.240    84.505
  66.239    84.492
  66.237    84.480
  66.235    84.467
  66.233    84.455
  66.232    84.442
  66.230    84.429
  66.228    84.417
  66.226    84.404
  66.225    84.392
  66.223    84.379
  66.221    84.367
  66.220    84.354
  66.218    84.342
  66.216    84.329
  66.214    84.316
  66.213    84.304
  66.211    84.291
  66.209    84.279
  66.207    84.266
  66.206    84.254
  66.204    84.241
  66.202    84.229
  66.200    84.216
  66.199    84.204
  66.197    84.191
  66.195    84.179
  66.194    84.166
  66.192    84.154
  66.190    84.141
  66.188    84.129
  66.187    84.116
  66.185    84.104
  66.183    84.091
  66.181    84.079
  66.180    84.066
  66.178    84.053
  66.176    84.041
  66.174    84.029
  66.173    84.016
  66.171    84.004
  66.169    83.991
  66.167    83.979
  66.165    83.966
  66.164    83.954
  66.162    83.941
  66.160    83.929
  66.158    83.916
  66.157    83.904
  66.155    83.891
  66.153    83.879
  66.151    83.866
  66.150    83.854
  66.148    83.841
  66.146    83.829
  66.144    83.816
  66.143    83.804
  66.141    83.791
  66.139    83.779
  66.137    83.767
  66.135    83.754
  66.134    83.742
  66.132    83.729
  66.130    83.717
  66.128    83.704
  66.127    83.692
  66.125    83.679
  66.123    83.667
  66.121    83.655
  66.119    83.642
  66.118    83.630
  66.116    83.617
  66.114    83.605
  66.112    83.592
  66.111    83.580
  66.109    83.568
  66.107    83.555
  66.105    83.543
  66.103    83.530
  66.102    83.518
  66.100    83.506
  66.098    83.493
  66.096    83.481
  66.094    83.468
  66.093    83.456
  66.091    83.444
  66.089    83.431
  66.087    83.419
  66.085    83.406
  66.084    83.394
  66.082    83.382
  66.080    83.369
  66.078    83.357
  66.076    83.345
  66.075    83.332
  66.073    83.320
  66.071    83.307
  66.069    83.295
  66.067    83.283
  66.066    83.270
  66.064    83.258
  66.062    83.246
  66.060    83.233
  66.058    83.221
  66.056    83.209
  66.055    83.196
  66.053    83.184
  66.051    83.171
  66.049    83.159
  66.047    83.147
  66.046    83.134
  66.044    83.122
  66.042    83.110
  66.040    83.097
  66.038    83.085
  66.036    83.073
  66.035    83.060
  66.033    83.048
  66.031    83.036
  66.029    83.024
  66.027    83.011
  66.026    82.999
  66.024    82.987
  66.022    82.974
  66.020    82.962
  66.018    82.950
  66.016    82.937
  66.015    82.925
  66.013    82.913
  66.011    82.900
  66.009    82.888
  66.007    82.876
  66.005    82.864
  66.003    82.851
  66.002    82.839
  66.000    82.827
  65.998    82.814
  65.996    82.802
  65.994    82.790
  65.992    82.778
  65.991    82.765
  65.989    82.753
  65.987    82.741
  65.985    82.729
  65.983    82.716
  65.981    82.704
  65.979    82.692
  65.978    82.679
  65.976    82.667
  65.974    82.655
  65.972    82.643
  65.970    82.630
  65.968    82.618
  65.966    82.606
  65.965    82.594
  65.963    82.582
  65.961    82.569
  65.959    82.557
  65.957    82.545
  65.955    82.533
  65.953    82.520
  65.952    82.508
  65.950    82.496
  65.948    82.484
  65.946    82.471
  65.944    82.459
  65.942    82.447
  65.940    82.435
  65.939    82.423
  65.937    82.410
  65.935    82.398
  65.933    82.386
  65.931    82.374
  65.929    82.362
  65.927    82.349
  65.925    82.337
  65.924    82.325
  65.922    82.313
  65.920    82.301
  65.918    82.288
  65.916    82.276
  65.914    82.264
  65.912    82.252
  65.910    82.240
  65.908    82.228
  65.907    82.215
  65.905    82.203
  65.903    82.191
  65.901    82.179
  65.899    82.167
  65.897    82.155
  65.895    82.142
  65.893    82.130
  65.891    82.118
  65.890    82.106
  65.888    82.094
  65.886    82.082
  65.884    82.069
  65.882    82.057
  65.880    82.045
  65.878    82.033
  65.876    82.021
  65.874    82.009
  65.873    81.997
  65.871    81.985
  65.869    81.972
  65.867    81.960
  65.865    81.948
  65.863    81.936
  65.861    81.924
  65.859    81.912
  65.857    81.900
  65.855    81.888
  65.853    81.875
  65.852    81.863
  65.850    81.851
  65.848    81.839
  65.846    81.827
  65.844    81.815
  65.842    81.803
  65.840    81.791
  65.838    81.779
  65.836    81.767
  65.834    81.754
  65.832    81.742
  65.830    81.730
  65.829    81.718
  65.827    81.706
  65.825    81.694
  65.823    81.682
  65.821    81.670
  65.819    81.658
  65.817    81.646
  65.815    81.634
  65.813    81.622
  65.811    81.610
  65.809    81.598
  65.807    81.585
  65.805    81.573
  65.803    81.561
  65.802    81.549
  65.800    81.537
  65.798    81.525
  65.796    81.513
  65.794    81.501
  65.792    81.489
  65.790    81.477
  65.788    81.465
  65.786    81.453
  65.784    81.441
  65.782    81.429
  65.780    81.417
  65.778    81.405
  65.776    81.393
  65.774    81.381
  65.772    81.369
  65.771    81.357
  65.769    81.345
  65.767    81.333
  65.765    81.321
  65.763    81.309
  65.761    81.297
  65.759    81.285
  65.757    81.273
  65.755    81.261
  65.753    81.249
  65.751    81.237
  65.749    81.225
  65.747    81.213
  65.745    81.201
  65.743    81.189
  65.741    81.177
  65.739    81.165
  65.737    81.153
  65.735    81.141
  65.733    81.129
  65.731    81.117
  65.729    81.105
  65.727    81.093
  65.726    81.081
  65.724    81.069
  65.722    81.057
  65.720    81.045
  65.718    81.033
  65.716    81.021
  65.714    81.009
  65.712    80.998
  65.710    80.986
  65.708    80.974
  65.706    80.962
  65.704    80.950
  65.702    80.938
  65.700    80.926
  65.698    80.914
  65.696    80.902
  65.694    80.890
  65.692    80.878
  65.690    80.866
  65.688    80.854
  65.686    80.842
  65.684    80.831
  65.682    80.819
  65.680    80.807
  65.678    80.795
  65.676    80.783
  65.674    80.771
  65.672    80.759
  65.670    80.747
  65.668    80.735
  65.666    80.723
  65.664    80.711
  65.662    80.700
  65.660    80.688
  65.658    80.676
  65.656    80.664
  65.654    80.652
  65.652    80.640
  65.650    80.628
  65.648    80.616
  65.646    80.605
  65.644    80.593
  65.642    80.581
  65.640    80.569
  65.638    80.557
  65.636    80.545
  65.634    80.533
  65.632    80.522
  65.630    80.510
  65.628    80.498
  65.626    80.486
  65.624    80.474
  65.622    80.462
  65.620    80.450
  65.618    80.439
  65.616    80.427
  65.614    80.415
  65.612    80.403
  65.610    80.391
  65.608    80.379
  65.606    80.368
  65.604    80.356
  65.602    80.344
  65.600    80.332
  65.598    80.320
  65.596    80.309
  65.594    80.297
  65.592    80.285
  65.590    80.273
  65.588    80.261
  65.586    80.249
  65.584    80.238
  65.582    80.226
  65.580    80.214
  65.578    80.202
  65.576    80.190
  65.574    80.179
  65.572    80.167
  65.570    80.155
  65.568    80.143
  65.566    80.132
  65.564    80.120
  65.562    80.108
  65.560    80.096
  65.558    80.084
  65.555    80.073
  65.553    80.061
  65.551    80.049
  65.549    80.037
  65.547    80.026
  65.545    80.014
  65.543    80.002
  65.541    79.990
  65.539    79.979
  65.537    79.967
  65.535    79.955
  65.533    79.943
  65.531    79.932
  65.529    79.920
  65.527    79.908
  65.525    79.896
  65.523    79.885
  65.521    79.873
  65.519    79.861
  65.517    79.850
  65.515    79.838
  65.513    79.826
  65.511    79.814
  65.508    79.803
  65.506    79.791
  65.504    79.779
  65.502    79.767
  65.500    79.756
  65.498    79.744
  65.496    79.732
  65.494    79.721
  65.492    79.709
  65.490    79.697
  65.488    79.686
  65.486    79.674
  65.484    79.662
  65.482    79.650
  65.480    79.639
  65.478    79.627
  65.476    79.615
  65.473    79.604
  65.471    79.592
  65.469    79.580
  65.467    79.569
  65.465    79.557
  65.463    79.545
  65.461    79.534
  65.459    79.522
  65.457    79.510
  65.455    79.499
  65.453    79.487
  65.451    79.475
  65.449    79.464
  65.447    79.452
  65.444    79.440
  65.442    79.429
  65.440    79.417
  65.438    79.406
  65.436    79.394
  65.434    79.382
  65.432    79.371
  65.430    79.359
  65.428    79.347
  65.426    79.336
  65.424    79.324
  65.422    79.312
  65.419    79.301
  65.417    79.289
  65.415    79.278
  65.413    79.266
  65.411    79.254
  65.409    79.243
  65.407    79.231
  65.405    79.220
  65.403    79.208
  65.401    79.196
  65.399    79.185
  65.396    79.173
  65.394    79.162
  65.392    79.150
  65.390    79.138
  65.388    79.127
  65.386    79.115
  65.384    79.104
  65.382    79.092
  65.380    79.080
  65.378    79.069
  65.376    79.057
  65.373    79.046
  65.371    79.034
  65.369    79.023
  65.367    79.011
  65.365    78.999
  65.363    78.988
  65.361    78.976
  65.359    78.965
  65.357    78.953
  65.354    78.942
  65.352    78.930
  65.350    78.919
  65.348    78.907
  65.346    78.895
  65.344    78.884
  65.342    78.872
  65.340    78.861
  65.338    78.849
  65.335    78.838
  65.333    78.826
  65.331    78.815
  65.329    78.803
  65.327    78.792
  65.325    78.780
  65.323    78.769
  65.321    78.757
  65.319    78.746
  65.316    78.734
  65.314    78.722
  65.312    78.711
  65.310    78.699
  65.308    78.688
  65.306    78.676
  65.304    78.665
  65.302    78.653
  65.299    78.642
  65.297    78.630
  65.295    78.619
  65.293    78.607
  65.291    78.596
  65.289    78.584
  65.287    78.573
  65.284    78.562
  65.282    78.550
  65.280    78.539
  65.278    78.527
  65.276    78.516
  65.274    78.504
  65.272    78.493
  65.270    78.481
  65.267    78.470
  65.265    78.458
  65.263    78.447
  65.261    78.435
  65.259    78.424
  65.257    78.412
  65.255    78.401
  65.252    78.390
  65.250    78.378
  65.248    78.367
  65.246    78.355
  65.244    78.344
  65.242    78.332
  65.240    78.321
  65.237    78.309
  65.235    78.298
  65.233    78.287
  65.231    78.275
  65.229    78.264
  65.227    78.252
  65.224    78.241
  65.222    78.229
  65.220    78.218
  65.218    78.207
  65.216    78.195
  65.214    78.184
  65.212    78.172
  65.209    78.161
  65.207    78.150
  65.205    78.138
  65.203    78.127
  65.201    78.115
  65.199    78.104
  65.196    78.093
  65.194    78.081
  65.192    78.070
  65.190    78.058
  65.188    78.047
  65.186    78.036
  65.183    78.024
  65.181    78.013
  65.179    78.001
  65.177    77.990
  65.175    77.979
  65.173    77.967
  65.170    77.956
  65.168    77.945
  65.166    77.933
  65.164    77.922
  65.162    77.911
  65.160    77.899
  65.157    77.888
  65.155    77.876
  65.153    77.865
  65.151    77.854
  65.149    77.842
  65.146    77.831
  65.144    77.820
  65.142    77.808
  65.140    77.797
  65.138    77.786
  65.136    77.774
  65.133    77.763
  65.131    77.752
  65.129    77.740
  65.127    77.729
  65.125    77.718
  65.122    77.706
  65.120    77.695
  65.118    77.684
  65.116    77.672
  65.114    77.661
  65.112    77.650
  65.109    77.638
  65.107    77.627
  65.105    77.616
  65.103    77.605
  65.101    77.593
  65.098    77.582
  65.096    77.571
  65.094    77.559
  65.092    77.548
  65.090    77.537
  65.087    77.525
  65.085    77.514
  65.083    77.503
  65.081    77.492
  65.079    77.480
  65.076    77.469
  65.074    77.458
  65.072    77.446
  65.070    77.435
  65.068    77.424
  65.065    77.413
  65.063    77.401
  65.061    77.390
  65.059    77.379
  65.057    77.368
  65.054    77.356
  65.052    77.345
  65.050    77.334
  65.048    77.323
  65.045    77.311
  65.043    77.300
  65.041    77.289
  65.039    77.278
  65.037    77.266
  65.034    77.255
  65.032    77.244
  65.030    77.233
  65.028    77.221
  65.026    77.210
  65.023    77.199
  65.021    77.188
  65.019    77.176
  65.017    77.165
  65.014    77.154
  65.012    77.143
  65.010    77.132
  65.008    77.120
  65.006    77.109
  65.003    77.098
  65.001    77.087
  64.999    77.076
  64.997    77.064
  64.994    77.053
  64.992    77.042
  64.990    77.031
  64.988    77.020
  64.986    77.008
  64.983    76.997
  64.981    76.986
  64.979    76.975
  64.977    76.964
  64.974    76.952
  64.972    76.941
  64.970    76.930
  64.968    76.919
  64.965    76.908
  64.963    76.896
  64.961    76.885
  64.959    76.874
  64.956    76.863
  64.954    76.852
  64.952    76.841
  64.950    76.829
  64.948    76.818
  64.945    76.807
  64.943    76.796
  64.941    76.785
  64.939    76.774
  64.936    76.763
  64.934    76.751
  64.932    76.740
  64.930    76.729
  64.927    76.718
  64.925    76.707
  64.923    76.696
  64.921    76.685
  64.918    76.673
  64.916    76.662
  64.914    76.651
  64.912    76.640
  64.909    76.629
  64.907    76.618
  64.905    76.607
  64.903    76.595
  64.900    76.584
  64.898    76.573
  64.896    76.562
  64.893    76.551
  64.891    76.540
  64.889    76.529
  64.887    76.518
  64.884    76.507
  64.882    76.495
  64.880    76.484
  64.878    76.473
  64.875    76.462
  64.873    76.451
  64.871    76.440
  64.869    76.429
  64.866    76.418
  64.864    76.407
  64.862    76.396
  64.860    76.385
  64.857    76.373
  64.855    76.362
  64.853    76.351
  64.850    76.340
  64.848    76.329
  64.846    76.318
  64.844    76.307
  64.841    76.296
  64.839    76.285
  64.837    76.274
  64.835    76.263
  64.832    76.252
  64.830    76.241
  64.828    76.230
  64.825    76.219
  64.823    76.207
  64.821    76.196
  64.819    76.185
  64.816    76.174
  64.814    76.163
  64.809    76.141
  64.805    76.119
  64.800    76.097
  64.796    76.075
  64.791    76.053
  64.782    76.009
  64.773    75.965
  64.754    75.877
  64.736    75.789
  64.717    75.701
  64.699    75.614
  64.680    75.526
  64.671    75.482
  64.662    75.439
  64.652    75.395
  64.643    75.351
  64.634    75.308
  64.624    75.264
  64.615    75.221
  64.606    75.177
  64.596    75.134
  64.587    75.090
  64.577    75.047
  64.573    75.025
  64.568    75.003
  64.563    74.982
  64.558    74.960
  64.554    74.938
  64.549    74.917
  64.544    74.895
  64.540    74.873
  64.535    74.852
  64.530    74.830
  64.525    74.809
  64.521    74.787
  64.516    74.765
  64.511    74.744
  64.506    74.722
  64.502    74.700
  64.497    74.679
  64.492    74.657
  64.487    74.636
  64.483    74.614
  64.478    74.593
  64.473    74.571
  64.468    74.550
  64.463    74.528
  64.459    74.506
  64.454    74.485
  64.449    74.463
  64.444    74.442
  64.439    74.420
  64.435    74.399
  64.430    74.377
  64.425    74.356
  64.420    74.335
  64.415    74.313
  64.411    74.292
  64.406    74.270
  64.401    74.249
  64.396    74.227
  64.391    74.206
  64.386    74.184
  64.382    74.163
  64.377    74.142
  64.372    74.120
  64.367    74.099
  64.362    74.077
  64.357    74.056
  64.352    74.035
  64.348    74.013
  64.343    73.992
  64.338    73.970
  64.333    73.949
  64.328    73.928
  64.323    73.906
  64.318    73.885
  64.314    73.864
  64.309    73.842
  64.304    73.821
  64.299    73.800
  64.294    73.779
  64.289    73.757
  64.284    73.736
  64.279    73.715
  64.274    73.693
  64.269    73.672
  64.265    73.651
  64.260    73.630
  64.255    73.608
  64.250    73.587
  64.245    73.566
  64.240    73.545
  64.235    73.523
  64.230    73.502
  64.225    73.481
  64.223    73.470
  64.220    73.460
  64.218    73.449
  64.215    73.439
  64.213    73.428
  64.210    73.417
  64.208    73.407
  64.205    73.396
  64.203    73.386
  64.200    73.375
  64.198    73.364
  64.195    73.354
  64.193    73.343
  64.190    73.333
  64.188    73.322
  64.186    73.312
  64.183    73.301
  64.181    73.290
  64.178    73.280
  64.176    73.269
  64.173    73.259
  64.171    73.248
  64.168    73.238
  64.166    73.227
  64.163    73.216
  64.161    73.206
  64.158    73.195
  64.156    73.185
  64.153    73.174
  64.151    73.164
  64.148    73.153
  64.146    73.143
  64.143    73.132
  64.141    73.121
  64.138    73.111
  64.136    73.100
  64.133    73.090
  64.131    73.079
  64.128    73.069
  64.126    73.058
  64.123    73.048
  64.121    73.037
  64.118    73.027
  64.116    73.016
  64.113    73.005
  64.111    72.995
  64.108    72.984
  64.106    72.974
  64.103    72.963
  64.101    72.953
  64.098    72.942
  64.096    72.932
  64.093    72.921
  64.091    72.911
  64.088    72.900
  64.086    72.890
  64.083    72.879
  64.081    72.869
  64.078    72.858
  64.076    72.848
  64.073    72.837
  64.070    72.827
  64.068    72.816
  64.065    72.806
  64.063    72.795
  64.060    72.785
  64.058    72.774
  64.055    72.764
  64.053    72.753
  64.050    72.743
  64.048    72.732
  64.045    72.722
  64.043    72.711
  64.040    72.701
  64.038    72.690
  64.035    72.680
  64.033    72.669
  64.030    72.659
  64.028    72.648
  64.025    72.638
  64.022    72.627
  64.020    72.617
  64.017    72.606
  64.015    72.596
  64.012    72.585
  64.010    72.575
  64.007    72.564
  64.005    72.554
  64.002    72.543
  64.000    72.533
  63.997    72.523
  63.995    72.512
  63.992    72.502
  63.990    72.491
  63.987    72.481
  63.984    72.470
  63.982    72.460
  63.979    72.449
  63.977    72.439
  63.974    72.428
  63.972    72.418
  63.969    72.408
  63.967    72.397
  63.964    72.387
  63.961    72.376
  63.959    72.366
  63.956    72.355
  63.954    72.345
  63.951    72.334
  63.949    72.324
  63.946    72.314
  63.944    72.303
  63.941    72.293
  63.938    72.282
  63.936    72.272
  63.933    72.261
  63.931    72.251
  63.928    72.241
  63.926    72.230
  63.923    72.220
  63.921    72.209
  63.918    72.199
  63.915    72.189
  63.913    72.178
  63.910    72.168
  63.908    72.157
  63.905    72.147
  63.903    72.136
  63.900    72.126
  63.897    72.116
  63.895    72.105
  63.892    72.095
  63.890    72.084
  63.887    72.074
  63.885    72.064
  63.882    72.053
  63.879    72.043
  63.877    72.032
  63.874    72.022
  63.872    72.012
  63.869    72.001
  63.867    71.991
  63.864    71.981
  63.861    71.970
  63.859    71.960
  63.856    71.949
  63.854    71.939
  63.851    71.929
  63.848    71.918
  63.846    71.908
  63.843    71.897
  63.841    71.887
  63.838    71.877
  63.835    71.866
  63.833    71.856
  63.830    71.846
  63.828    71.835
  63.825    71.825
  63.823    71.815
  63.820    71.804
  63.817    71.794
  63.815    71.783
  63.812    71.773
  63.810    71.763
  63.807    71.752
  63.804    71.742
  63.802    71.732
  63.799    71.721
  63.797    71.711
  63.794    71.701
  63.791    71.690
  63.789    71.680
  63.786    71.670
  63.784    71.659
  63.781    71.649
  63.778    71.639
  63.776    71.628
  63.773    71.618
  63.770    71.608
  63.768    71.597
  63.765    71.587
  63.763    71.577
  63.760    71.566
  63.757    71.556
  63.755    71.546
  63.752    71.535
  63.750    71.525
  63.747    71.515
  63.744    71.504
  63.742    71.494
  63.739    71.484
  63.736    71.473
  63.734    71.463
  63.731    71.453
  63.729    71.443
  63.726    71.432
  63.723    71.422
  63.721    71.412
  63.718    71.401
  63.715    71.391
  63.713    71.381
  63.710    71.370
  63.708    71.360
  63.705    71.350
  63.702    71.340
  63.700    71.329
  63.697    71.319
  63.694    71.309
  63.692    71.298
  63.689    71.288
  63.687    71.278
  63.684    71.268
  63.681    71.257
  63.679    71.247
  63.676    71.237
  63.673    71.226
  63.671    71.216
  63.668    71.206
  63.665    71.196
  63.663    71.185
  63.660    71.175
  63.657    71.165
  63.655    71.155
  63.652    71.144
  63.650    71.134
  63.647    71.124
  63.644    71.114
  63.642    71.103
  63.639    71.093
  63.636    71.083
  63.634    71.073
  63.631    71.062
  63.628    71.052
  63.626    71.042
  63.623    71.032
  63.620    71.021
  63.618    71.011
  63.615    71.001
  63.612    70.991
  63.610    70.980
  63.607    70.970
  63.604    70.960
  63.602    70.950
  63.599    70.939
  63.596    70.929
  63.594    70.919
  63.591    70.909
  63.588    70.898
  63.586    70.888
  63.583    70.878
  63.580    70.868
  63.578    70.858
  63.575    70.847
  63.572    70.837
  63.570    70.827
  63.567    70.817
  63.564    70.806
  63.562    70.796
  63.559    70.786
  63.556    70.776
  63.554    70.766
  63.551    70.755
  63.548    70.745
  63.546    70.735
  63.543    70.725
  63.540    70.715
  63.538    70.704
  63.535    70.694
  63.532    70.684
  63.530    70.674
  63.527    70.664
  63.524    70.653
  63.522    70.643
  63.519    70.633
  63.516    70.623
  63.514    70.613
  63.511    70.602
  63.508    70.592
  63.505    70.582
  63.503    70.572
  63.500    70.562
  63.497    70.552
  63.495    70.541
  63.492    70.531
  63.489    70.521
  63.487    70.511
  63.484    70.501
  63.481    70.491
  63.478    70.480
  63.476    70.470
  63.473    70.460
  63.470    70.450
  63.468    70.440
  63.465    70.430
  63.462    70.419
  63.460    70.409
  63.457    70.399
  63.454    70.389
  63.451    70.379
  63.449    70.369
  63.446    70.359
  63.443    70.348
  63.441    70.338
  63.438    70.328
  63.435    70.318
  63.433    70.308
  63.430    70.298
  63.427    70.288
  63.424    70.277
  63.422    70.267
  63.419    70.257
  63.416    70.247
  63.414    70.237
  63.411    70.227
  63.408    70.217
  63.405    70.207
  63.403    70.196
  63.400    70.186
  63.397    70.176
  63.394    70.166
  63.392    70.156
  63.389    70.146
  63.386    70.136
  63.384    70.126
  63.381    70.115
  63.378    70.105
  63.375    70.095
  63.373    70.085
  63.370    70.075
  63.367    70.065
  63.364    70.055
  63.362    70.045
  63.359    70.035
  63.356    70.025
  63.354    70.014
  63.351    70.004
  63.348    69.994
  63.345    69.984
  63.343    69.974
  63.340    69.964
  63.337    69.954
  63.334    69.944
  63.332    69.934
  63.329    69.924
  63.326    69.914
  63.323    69.903
  63.321    69.893
  63.318    69.883
  63.315    69.873
  63.312    69.863
  63.310    69.853
  63.307    69.843
  63.304    69.833
  63.301    69.823
  63.299    69.813
  63.296    69.803
  63.293    69.793
  63.290    69.783
  63.288    69.773
  63.285    69.763
  63.282    69.752
  63.279    69.742
  63.277    69.732
  63.274    69.722
  63.271    69.712
  63.268    69.702
  63.266    69.692
  63.263    69.682
  63.260    69.672
  63.257    69.662
  63.255    69.652
  63.252    69.642
  63.249    69.632
  63.246    69.622
  63.243    69.612
  63.241    69.602
  63.238    69.592
  63.235    69.582
  63.232    69.572
  63.230    69.562
  63.227    69.552
  63.224    69.542
  63.221    69.532
  63.219    69.522
  63.216    69.512
  63.213    69.502
  63.210    69.492
  63.207    69.482
  63.205    69.471
  63.202    69.461
  63.199    69.451
  63.196    69.441
  63.194    69.431
  63.191    69.421
  63.188    69.411
  63.185    69.401
  63.182    69.391
  63.180    69.381
  63.177    69.371
  63.174    69.361
  63.171    69.351
  63.169    69.341
  63.166    69.331
  63.163    69.321
  63.160    69.311
  63.157    69.301
  63.155    69.292
  63.152    69.282
  63.149    69.272
  63.146    69.262
  63.143    69.252
  63.141    69.242
  63.138    69.232
  63.135    69.222
  63.132    69.212
  63.129    69.202
  63.127    69.192
  63.124    69.182
  63.121    69.172
  63.118    69.162
  63.115    69.152
  63.113    69.142
  63.110    69.132
  63.107    69.122
  63.104    69.112
  63.101    69.102
  63.099    69.092
  63.096    69.082
  63.093    69.072
  63.090    69.062
  63.087    69.052
  63.085    69.042
  63.082    69.032
  63.079    69.022
  63.076    69.012
  63.073    69.003
  63.070    68.993
  63.068    68.983
  63.065    68.973
  63.062    68.963
  63.059    68.953
  63.056    68.943
  63.054    68.933
  63.051    68.923
  63.048    68.913
  63.045    68.903
  63.042    68.893
  63.039    68.883
  63.037    68.873
  63.034    68.864
  63.031    68.854
  63.028    68.844
  63.025    68.834
  63.022    68.824
  63.020    68.814
  63.017    68.804
  63.014    68.794
  63.011    68.784
  63.008    68.774
  63.006    68.764
  63.003    68.754
  63.000    68.745
  62.997    68.735
  62.994    68.725
  62.991    68.715
  62.988    68.705
  62.986    68.695
  62.983    68.685
  62.980    68.675
  62.977    68.665
  62.974    68.656
  62.971    68.646
  62.969    68.636
  62.966    68.626
  62.963    68.616
  62.960    68.606
  62.957    68.596
  62.954    68.586
  62.952    68.576
  62.949    68.567
  62.946    68.557
  62.943    68.547
  62.940    68.537
  62.937    68.527
  62.934    68.517
  62.932    68.507
  62.929    68.498
  62.926    68.488
  62.923    68.478
  62.920    68.468
  62.917    68.458
  62.914    68.448
  62.912    68.438
  62.909    68.429
  62.906    68.419
  62.903    68.409
  62.900    68.399
  62.897    68.389
  62.894    68.379
  62.892    68.369
  62.889    68.360
  62.886    68.350
  62.883    68.340
  62.880    68.330
  62.877    68.320
  62.874    68.310
  62.871    68.301
  62.869    68.291
  62.866    68.281
  62.863    68.271
  62.860    68.261
  62.857    68.251
  62.854    68.242
  62.851    68.232
  62.849    68.222
  62.846    68.212
  62.843    68.202
  62.840    68.192
  62.837    68.183
  62.834    68.173
  62.831    68.163
  62.828    68.153
  62.825    68.143
  62.823    68.134
  62.820    68.124
  62.817    68.114
  62.814    68.104
  62.811    68.094
  62.808    68.085
  62.805    68.075
  62.802    68.065
  62.800    68.055
  62.797    68.045
  62.794    68.036
  62.791    68.026
  62.788    68.016
  62.785    68.006
  62.782    67.996
  62.779    67.987
  62.776    67.977
  62.773    67.967
  62.771    67.957
  62.768    67.948
  62.765    67.938
  62.762    67.928
  62.759    67.918
  62.756    67.908
  62.753    67.899
  62.750    67.889
  62.747    67.879
  62.744    67.869
  62.742    67.860
  62.739    67.850
  62.736    67.840
  62.733    67.830
  62.730    67.821
  62.727    67.811
  62.724    67.801
  62.721    67.791
  62.718    67.782
  62.715    67.772
  62.713    67.762
  62.710    67.752
  62.707    67.743
  62.704    67.733
  62.701    67.723
  62.698    67.713
  62.695    67.704
  62.692    67.694
  62.689    67.684
  62.686    67.674
  62.683    67.665
  62.680    67.655
  62.678    67.645
  62.675    67.635
  62.672    67.626
  62.669    67.616
  62.666    67.606
  62.663    67.597
  62.660    67.587
  62.657    67.577
  62.654    67.567
  62.651    67.558
  62.648    67.548
  62.645    67.538
  62.642    67.529
  62.639    67.519
  62.637    67.509
  62.634    67.499
  62.631    67.490
  62.628    67.480
  62.625    67.470
  62.622    67.461
  62.619    67.451
  62.616    67.441
  62.610    67.422
  62.604    67.402
  62.592    67.364
  62.587    67.344
  62.581    67.325
  62.575    67.306
  62.569    67.286
  62.563    67.267
  62.557    67.248
  62.545    67.209
  62.533    67.170
  62.522    67.132
  62.510    67.093
  62.498    67.055
  62.486    67.016
  62.474    66.978
  62.462    66.939
  62.456    66.920
  62.450    66.901
  62.444    66.881
  62.438    66.862
  62.432    66.843
  62.426    66.824
  62.421    66.805
  62.415    66.785
  62.409    66.766
  62.403    66.747
  62.397    66.728
  62.391    66.709
  62.385    66.690
  62.379    66.670
  62.373    66.651
  62.367    66.632
  62.361    66.613
  62.355    66.594
  62.349    66.575
  62.343    66.556
  62.337    66.537
  62.331    66.518
  62.325    66.498
  62.319    66.479
  62.313    66.460
  62.306    66.441
  62.300    66.422
  62.294    66.403
  62.288    66.384
  62.282    66.365
  62.276    66.346
  62.270    66.327
  62.264    66.308
  62.258    66.289
  62.252    66.270
  62.246    66.251
  62.240    66.232
  62.234    66.213
  62.228    66.194
  62.222    66.175
  62.216    66.156
  62.210    66.137
  62.204    66.118
  62.197    66.099
  62.191    66.080
  62.185    66.061
  62.179    66.042
  62.173    66.023
  62.167    66.004
  62.161    65.985
  62.155    65.966
  62.149    65.947
  62.143    65.929
  62.136    65.910
  62.130    65.891
  62.118    65.853
  62.106    65.815
  62.094    65.778
  62.081    65.740
  62.057    65.665
  62.044    65.627
  62.032    65.589
  62.007    65.514
  61.983    65.439
  61.958    65.364
  61.933    65.289
  61.908    65.215
  61.883    65.140
  61.858    65.065
  61.833    64.991
  61.808    64.916
  61.758    64.768
  61.707    64.620
  61.606    64.325
  61.555    64.178
  61.503    64.031
  61.452    63.885
  61.450    63.881
  61.449    63.876
  61.445    63.867
  61.439    63.849
  61.426    63.812
  61.400    63.739
  61.387    63.703
  61.374    63.666
  61.348    63.594
  61.296    63.449
  61.244    63.304
  61.192    63.160
  61.165    63.088
  61.159    63.070
  61.157    63.065
  61.157    63.065
  61.157    63.064
  61.157    63.064
  61.157    63.064
  61.157    63.064
  61.157    63.064
  58.305    56.352
  58.246    56.231
  58.127    55.990
  58.097    55.931
  58.067    55.871
  58.037    55.811
  58.022    55.781
  58.007    55.752
  57.977    55.692
  57.970    55.678
  57.966    55.670
  57.963    55.663
  57.955    55.648
  57.940    55.618
  57.910    55.559
  57.850    55.441
  57.790    55.324
  57.730    55.207
  57.670    55.091
  57.610    54.975
  57.550    54.859
  57.490    54.744
  57.459    54.687
  57.444    54.658
  57.429    54.630
  57.399    54.573
  57.384    54.544
  57.369    54.516
  57.339    54.459
  57.308    54.402
  57.278    54.345
  57.263    54.317
  57.248    54.289
  57.218    54.232
  57.202    54.204
  57.187    54.176
  57.172    54.148
  57.142    54.092
  57.111    54.036
  57.081    53.980
  57.051    53.924
  57.020    53.868
  56.990    53.812
  56.975    53.785
  56.960    53.757
  56.944    53.729
  56.929    53.702
  56.914    53.674
  56.899    53.646
  56.883    53.619
  56.868    53.591
  56.853    53.563
  56.838    53.536
  56.822    53.508
  56.807    53.481
  56.792    53.453
  56.777    53.426
  56.761    53.398
  56.746    53.371
  56.731    53.344
  56.723    53.330
  56.716    53.316
  56.708    53.303
  56.700    53.289
  56.693    53.275
  56.685    53.262
  56.677    53.248
  56.670    53.234
  56.662    53.221
  56.655    53.207
  56.647    53.194
  56.639    53.180
  56.632    53.166
  56.624    53.153
  56.616    53.139
  56.609    53.126
  56.593    53.099
  56.578    53.071
  56.563    53.044
  56.555    53.031
  56.547    53.017
  56.540    53.004
  56.524    52.977
  56.509    52.950
  56.494    52.923
  56.479    52.896
  56.463    52.869
  56.448    52.842
  56.433    52.815
  56.417    52.788
  56.402    52.761
  56.386    52.735
  56.371    52.708
  56.356    52.681
  56.340    52.654
  56.325    52.628
  56.310    52.601
  56.294    52.574
  56.279    52.548
  56.264    52.521
  56.248    52.495
  56.233    52.468
  56.217    52.442
  56.202    52.415
  56.187    52.389
  56.171    52.362
  56.156    52.336
  56.141    52.309
  56.125    52.283
  56.110    52.257
  56.094    52.230
  56.079    52.204
  56.071    52.191
  56.064    52.178
  56.056    52.165
  56.048    52.151
  56.040    52.138
  56.033    52.125
  56.025    52.112
  56.017    52.099
  56.010    52.086
  56.002    52.073
  55.994    52.060
  55.986    52.047
  55.979    52.034
  55.971    52.021
  55.963    52.008
  55.956    51.995
  55.948    51.981
  55.940    51.968
  55.932    51.955
  55.925    51.942
  55.917    51.929
  55.909    51.916
  55.902    51.903
  55.894    51.890
  55.886    51.877
  55.878    51.864
  55.871    51.851
  55.863    51.838
  55.855    51.825
  55.847    51.813
  55.840    51.800
  55.832    51.787
  55.824    51.774
  55.817    51.761
  55.809    51.748
  55.801    51.735
  55.793    51.722
  55.786    51.709
  55.778    51.696
  55.770    51.683
  55.762    51.670
  55.755    51.657
  55.747    51.645
  55.739    51.632
  55.731    51.619
  55.724    51.606
  55.716    51.593
  55.708    51.580
  55.701    51.567
  55.693    51.555
  55.685    51.542
  55.677    51.529
  55.670    51.516
  55.662    51.503
  55.654    51.490
  55.646    51.478
  55.639    51.465
  55.631    51.452
  55.623    51.439
  55.615    51.426
  55.608    51.414
  55.600    51.401
  55.592    51.388
  55.584    51.375
  55.577    51.363
  55.569    51.350
  55.561    51.337
  55.553    51.324
  55.546    51.312
  55.538    51.299
  55.530    51.286
  55.522    51.273
  55.515    51.261
  55.507    51.248
  55.499    51.235
  55.491    51.223
  55.484    51.210
  55.476    51.197
  55.468    51.185
  55.460    51.172
  55.452    51.159
  55.445    51.147
  55.437    51.134
  55.429    51.121
  55.421    51.109
  55.414    51.096
  55.406    51.083
  55.398    51.071
  55.390    51.058
  55.383    51.046
  55.375    51.033
  55.367    51.020
  55.359    51.008
  55.352    50.995
  55.344    50.983
  55.336    50.970
  55.328    50.958
  55.320    50.945
  55.313    50.932
  55.305    50.920
  55.297    50.907
  55.289    50.895
  55.282    50.882
  55.274    50.870
  55.266    50.857
  55.258    50.845
  55.250    50.832
  55.243    50.820
  55.235    50.807
  55.227    50.795
  55.219    50.782
  55.212    50.770
  55.204    50.757
  55.196    50.745
  55.188    50.732
  55.180    50.720
  55.173    50.707
  55.165    50.695
  55.157    50.682
  55.149    50.670
  55.142    50.658
  55.134    50.645
  55.126    50.633
  55.118    50.620
  55.110    50.608
  55.103    50.596
  55.095    50.583
  55.087    50.571
  55.079    50.558
  55.071    50.546
  55.064    50.534
  55.056    50.521
  55.048    50.509
  55.040    50.496
  55.032    50.484
  55.025    50.472
  55.017    50.459
  55.009    50.447
  55.001    50.435
  54.993    50.422
  54.986    50.410
  54.978    50.398
  54.970    50.385
  54.962    50.373
  54.954    50.361
  54.947    50.349
  54.939    50.336
  54.931    50.324
  54.923    50.312
  54.915    50.299
  54.908    50.287
  54.900    50.275
  54.892    50.263
  54.884    50.250
  54.876    50.238
  54.869    50.226
  54.861    50.214
  54.853    50.201
  54.845    50.189
  54.837    50.177
  54.830    50.165
  54.822    50.153
  54.814    50.140
  54.806    50.128
  54.798    50.116
  54.791    50.104
  54.783    50.092
  54.775    50.079
  54.767    50.067
  54.759    50.055
  54.751    50.043
  54.744    50.031
  54.736    50.019
  54.728    50.007
  54.720    49.994
  54.712    49.982
  54.705    49.970
  54.697    49.958
  54.689    49.946
  54.681    49.934
  54.673    49.922
  54.666    49.910
  54.658    49.897
  54.650    49.885
  54.642    49.873
  54.634    49.861
  54.626    49.849
  54.619    49.837
  54.611    49.825
  54.603    49.813
  54.595    49.801
  54.587    49.789
  54.579    49.777
  54.572    49.765
  54.564    49.753
  54.556    49.741
  54.548    49.729
  54.540    49.717
  54.533    49.705
  54.525    49.693
  54.517    49.681
  54.509    49.669
  54.501    49.657
  54.493    49.645
  54.486    49.633
  54.478    49.621
  54.470    49.609
  54.462    49.597
  54.454    49.585
  54.446    49.573
  54.439    49.561
  54.431    49.549
  54.423    49.537
  54.415    49.525
  54.407    49.513
  54.399    49.501
  54.392    49.489
  54.384    49.477
  54.376    49.465
  54.368    49.453
  54.360    49.442
  54.352    49.430
  54.344    49.418
  54.337    49.406
  54.329    49.394
  54.321    49.382
  54.313    49.370
  54.305    49.358
  54.297    49.346
  54.290    49.335
  54.282    49.323
  54.274    49.311
  54.266    49.299
  54.258    49.287
  54.250    49.275
  54.243    49.264
  54.235    49.252
  54.227    49.240
  54.219    49.228
  54.211    49.216
  54.203    49.204
  54.195    49.193
  54.188    49.181
  54.180    49.169
  54.172    49.157
  54.164    49.145
  54.156    49.134
  54.148    49.122
  54.140    49.110
  54.133    49.098
  54.125    49.087
  54.117    49.075
  54.109    49.063
  54.101    49.051
  54.093    49.040
  54.085    49.028
  54.078    49.016
  54.070    49.004
  54.054    48.981
  54.038    48.958
  54.023    48.934
  54.007    48.911
  53.991    48.887
  53.975    48.864
  53.960    48.841
  53.928    48.794
  53.897    48.748
  53.834    48.655
  53.708    48.470
  53.581    48.286
  53.518    48.194
  53.455    48.103
  53.391    48.012
  53.328    47.921
  53.264    47.831
  53.201    47.741
  53.137    47.651
  53.073    47.561
  53.041    47.516
  53.010    47.471
  52.978    47.427
  52.946    47.382
  52.914    47.337
  52.882    47.293
  52.850    47.248
  52.818    47.204
  52.785    47.160
  52.753    47.115
  52.721    47.071
  52.689    47.027
  52.657    46.983
  52.625    46.938
  52.592    46.894
  52.560    46.850
  52.528    46.806
  52.496    46.762
  52.463    46.719
  52.431    46.675
  52.399    46.631
  52.366    46.587
  52.334    46.544
  52.301    46.500
  52.269    46.456
  52.236    46.413
  52.204    46.369
  52.171    46.326
  52.139    46.283
  52.106    46.239
  52.073    46.196
  52.041    46.153
  52.008    46.110
  51.975    46.066
  51.943    46.023
  51.910    45.980
  51.877    45.937
  51.844    45.894
  51.828    45.873
  51.812    45.851
  51.795    45.830
  51.779    45.809
  51.762    45.787
  51.754    45.777
  51.746    45.766
  51.738    45.755
  51.729    45.744
  51.721    45.734
  51.713    45.723
  51.705    45.712
  51.696    45.702
  51.688    45.691
  51.680    45.680
  51.672    45.670
  51.663    45.659
  51.655    45.648
  51.647    45.638
  51.639    45.627
  51.631    45.616
  51.622    45.606
  51.614    45.595
  51.606    45.584
  51.598    45.574
  51.589    45.563
  51.581    45.553
  51.573    45.542
  51.565    45.531
  51.556    45.521
  51.548    45.510
  51.540    45.499
  51.531    45.489
  51.523    45.478
  51.515    45.468
  51.507    45.457
  51.498    45.446
  51.490    45.436
  51.482    45.425
  51.474    45.415
  51.465    45.404
  51.457    45.393
  51.449    45.383
  51.440    45.372
  51.432    45.362
  51.424    45.351
  51.416    45.340
  51.407    45.330
  51.399    45.319
  51.391    45.309
  51.382    45.298
  51.374    45.288
  51.366    45.277
  51.358    45.266
  51.349    45.256
  51.341    45.245
  51.333    45.235
  51.324    45.224
  51.316    45.214
  51.308    45.203
  51.299    45.193
  51.295    45.187
  51.291    45.182
  51.283    45.172
  51.275    45.161
  51.266    45.150
  51.258    45.140
  51.250    45.129
  51.241    45.119
  51.233    45.108
  51.225    45.098
  51.216    45.087
  51.212    45.082
  51.208    45.077
  51.204    45.072
  51.196    45.061
  51.179    45.040
  51.171    45.030
  51.162    45.019
  51.154    45.009
  51.146    44.998
  51.137    44.988
  51.129    44.977
  51.125    44.972
  51.121    44.967
  51.116    44.962
  51.112    44.956
  51.108    44.951
  51.104    44.946
  51.100    44.941
  51.096    44.935
  51.091    44.930
  51.087    44.925
  51.083    44.920
  51.079    44.914
  51.075    44.909
  51.071    44.904
  51.066    44.899
  51.062    44.894
  51.058    44.888
  51.054    44.883
  51.050    44.878
  51.045    44.873
  51.041    44.867
  51.037    44.862
  51.033    44.857
  51.025    44.847
  51.016    44.836
  51.008    44.826
  50.991    44.805
  50.974    44.784
  50.958    44.763
  50.941    44.742
  50.924    44.721
  50.907    44.701
  50.891    44.680
  50.874    44.659
  50.857    44.638
  50.840    44.618
  50.824    44.597
  50.807    44.576
  50.790    44.555
  50.773    44.535
  50.756    44.514
  50.740    44.493
  50.723    44.473
  50.706    44.452
  50.689    44.431
  50.672    44.411
  50.655    44.390
  50.639    44.369
  50.622    44.349
  50.605    44.328
  50.571    44.287
  50.537    44.246
  50.503    44.205
  50.470    44.164
  50.436    44.123
  50.402    44.082
  50.368    44.041
  50.334    44.000
  50.317    43.980
  50.300    43.959
  50.266    43.918
  50.198    43.837
  50.130    43.756
  50.061    43.674
  49.993    43.593
  49.924    43.513
  49.856    43.432
  49.787    43.352
  49.783    43.347
  49.778    43.342
  49.770    43.332
  49.753    43.311
  49.718    43.271
  49.684    43.231
  49.649    43.191
  49.615    43.151
  49.546    43.071
  49.476    42.992
  49.442    42.952
  49.441    42.951
  49.440    42.950
  49.440    42.950
  49.440    42.949
  49.439    42.949
  49.439    42.949
  49.439    42.949
  49.439    42.949
