
delt0=     0.1  eps=   1e-05  ep=   1e-06  ep1=   0.001
Geomagnetic Field - const
fh= 1.36  i=  65.0  d=   0.0
Number TID: 1
Tid Parametres
  delt   lamb     t     b      a     fi
0.000   200.0  20.0 -45.0   45.0   0.000
delta=-0.000  r0= 200.0  lon=  39.000 lat=  55.000
Beta=  20.0  Alfa=   0.0 aX=  20.0 aY= 100.0 aZ=  20.0

+==============================================================================+
|   Medium characteristics Sunspot number=  36.3 IG=  32.2   GMT time:10:22    |
|------------------------------------------------------------------------------|
|   S   | fh |  I  |   D  | fd |  hd | fe |  he | ff1 | hf1 | ff2 | hf2 |   Hi |
|-------+----+-----+------+----+-----+----+-----+-----+-----+-----+-----+------|
|    0.0|1.31| 64.0|   5.0|0.18| 81.0|2.83|110.0| 0.00|  0.0| 6.71|234.2|  63.9|
+==============================================================================+

+==================================+
|       Es-layer parametres        |
|----------------------------------|
|   S   | hEs | fbEs | f0Es | P Es |
|-------+-----+------+------+------|
|    0.0|112.5| 2.71 | 2.83 | 43.0 |
+==================================+


Number diff. equation:22

+---+-----+-------+---+-----+-----+--------+--------+---------+------+------+-------+------+------+--------+--------+------+------+-------+-------+----------------+
|0-x| fr  |  time |hop| d0  | d1  |   fi   |  teta  |   dist  |  at  |  dev |   p   |  df  |  l   |   fot  |   tot  |  rot | lsp  |   pf  |    s  |                |
+---+-----+-------+---+-----+-----+--------+--------+---------+------+------+-------+------+------+--------+--------+------+------+-------+-------+----------------+
|  0| 7.49|    0.0|  1|25.63|24.36|  44.221|  34.949|  923.109|  18.2|   0.1| 1049.1|-0.028|   9.4|  41.746|  38.879|171.35|  60.5|  961.2| 1004.2|F2              |
|  0| 7.53|    0.0|  1|25.82|24.59|  44.532|  35.118|  913.489|  19.8|   0.1| 1039.9|-0.028|   9.2|  41.890|  38.961|171.98|  60.3|  952.8|  995.4|F2              |
|  0| 7.57|    0.0|  1|22.99|21.30|  45.718|  33.648| 1093.040|  19.9|   0.1| 1216.0|-0.033|  10.6|  42.353|  38.255|167.44|  63.8| 1118.9| 1166.6|F2              |
|  0| 7.61|    0.0|  1|23.61|22.11|  45.498|  34.190| 1032.586|  20.6|   0.1| 1154.4|-0.031|  10.0|  42.286|  38.508|168.91|  62.6| 1063.2| 1108.0|F2              |
|  0| 7.69|    0.0|  1|23.23|21.70|  45.489|  34.007| 1050.846|  20.1|   0.1| 1171.5|-0.031|  10.0|  42.274|  38.419|168.85|  62.8| 1081.1| 1125.5|F2              |
|  0| 7.73|    0.0|  1|24.54|23.24|  44.840|  34.674|  966.540|  19.7|   0.1| 1089.0|-0.029|   9.2|  42.021|  38.732|171.36|  60.8| 1003.6| 1045.5|F2              |
|  0| 7.77|    0.0|  1|26.23|25.10|  44.128|  35.236|  891.340|  18.6|   0.1| 1018.8|-0.028|   8.4|  41.719|  39.006|174.57|  59.7|  935.4|  976.2|F2              |
|  0| 7.81|    0.0|  1|24.64|23.38|  44.887|  34.762|  958.838|  20.1|   0.1| 1081.4|-0.029|   8.9|  42.047|  38.772|172.15|  60.6|  997.4| 1038.6|F2              |
|  0| 7.85|    0.0|  1|24.16|22.86|  45.105|  34.597|  981.172|  20.4|   0.1| 1102.3|-0.029|   9.0|  42.134|  38.696|171.62|  60.9| 1018.3| 1059.6|F2              |
|  0| 7.88|    0.0|  1|24.78|23.55|  44.616|  34.782|  949.863|  19.2|   0.1| 1072.7|-0.028|   8.6|  41.927|  38.779|173.00|  60.4|  990.0| 1030.5|F2              |
|  0| 7.92|    0.0|  1|23.48|22.12|  44.960|  34.242| 1013.616|  19.0|   0.1| 1132.8|-0.029|   9.1|  42.046|  38.541|171.04|  61.2| 1049.2| 1090.3|F2              |
|  0| 7.96|    0.0|  1|24.21|22.95|  44.891|  34.608|  974.557|  19.7|   0.1| 1095.6|-0.029|   8.7|  42.037|  38.705|172.62|  60.6| 1013.5| 1053.8|F2              |
|  0| 8.00|    0.0|  1|23.68|22.37|  45.228|  34.444|  999.935|  20.4|   0.1| 1119.4|-0.029|   8.8|  42.176|  38.632|171.99|  60.9| 1037.3| 1077.7|F2              |
|  0| 8.04|    0.0|  1|21.46|19.78|  46.048|  33.164| 1150.405|  19.6|   0.0| 1266.6|-0.032|   9.8|  42.471|  38.024|168.35|  63.7| 1178.3| 1221.8|F2              |
|  0| 8.08|    0.0|  1|23.00|21.64|  45.426|  34.162| 1033.560|  20.3|   0.1| 1151.1|-0.029|   8.9|  42.253|  38.494|171.37|  61.3| 1069.3| 1109.6|F2              |
|  0| 8.12|    0.0|  1|23.26|21.94|  45.243|  34.272| 1017.685|  20.0|   0.1| 1135.8|-0.029|   8.6|  42.179|  38.544|172.13|  61.0| 1055.0| 1094.7|F2              |
|  0| 8.16|    0.0|  1|23.46|22.18|  45.522|  34.458| 1006.354|  21.4|   0.1| 1125.0|-0.029|   8.5|  42.340|  38.590|172.72|  60.8| 1044.9| 1084.3|F2              |
|  0| 8.20|    0.0|  1|23.05|21.73|  45.429|  34.235| 1026.293|  20.5|   0.1| 1143.7|-0.029|   8.5|  42.262|  38.521|172.34|  61.0| 1063.8| 1103.1|F2              |
|  0| 8.24|    0.0|  1|22.40|21.01|  45.719|  33.963| 1061.296|  20.7|   0.1| 1177.0|-0.030|   8.7|  42.379|  38.388|171.45|  61.4| 1096.7| 1136.3|F2              |
|  0| 8.28|    0.0|  1|22.96|21.66|  45.548|  34.243| 1028.660|  20.9|   0.1| 1145.8|-0.029|   8.4|  42.315|  38.524|172.77|  61.0| 1066.7| 1105.6|F2              |
+---+-----+-------+---+-----+-----+--------+--------+---------+------+------+-------+------+------+--------+--------+------+------+-------+-------+----------------+
+---+-----+-------+---+-----+-----+--------+--------+---------+------+------+-------+------+------+--------+--------+------+------+-------+-------+----------------+
|0-x| fr  |  time |hop| d0  | d1  |   fi   |  teta  |   dist  |  at  |  dev |   p   |  df  |  l   |   fot  |   tot  |  rot | lsp  |   pf  |    s  |                |
+---+-----+-------+---+-----+-----+--------+--------+---------+------+------+-------+------+------+--------+--------+------+------+-------+-------+----------------+
|  0| 8.32|    0.0|  1|25.30|24.21|  44.898|  35.102|  924.743|  21.1|   0.1| 1049.7|-0.028|   7.5|  42.073|  38.924|177.28|  59.5|  971.3| 1009.7|F2              |
|  0| 8.36|    0.0|  1|24.13|22.96|  45.114|  34.695|  971.505|  20.7|   0.1| 1092.3|-0.028|   7.8|  42.147|  38.736|175.48|  60.1| 1014.6| 1052.7|F2              |
|  0| 8.40|    0.0|  1|23.64|22.44|  45.305|  34.534|  992.886|  20.9|   0.1| 1112.0|-0.029|   7.8|  42.246|  38.627|174.83|  60.3| 1034.7| 1072.7|F2              |
|  0| 8.44|    0.0|  1|23.87|22.70|  45.185|  34.608|  982.219|  20.7|   0.1| 1102.2|-0.029|   7.7|  42.169|  38.702|175.61|  60.1| 1025.2| 1063.0|F2              |
|  0| 8.48|    0.0|  1|23.86|22.69|  45.260|  34.625|  982.467|  21.0|   0.1| 1102.4|-0.029|   7.6|  42.205|  38.707|175.88|  60.1| 1025.8| 1063.4|F2              |
|  0| 8.52|    0.0|  1|24.04|22.89|  45.135|  34.670|  974.623|  20.7|   0.1| 1095.3|-0.029|   7.5|  42.166|  38.706|176.48|  60.0| 1018.9| 1056.4|F2              |
|  0| 8.52|    0.0|  1|25.35|24.29|  44.849|  35.095|  924.117|  20.9|   0.1| 1049.8|-0.028|   7.1|  42.038|  38.937|178.91|  59.3|  972.6| 1010.4|F2              |
|  0| 8.56|    0.0|  1|23.59|22.42|  45.287|  34.520|  993.826|  20.8|   0.1| 1112.9|-0.029|   7.5|  42.221|  38.643|175.96|  60.2| 1037.0| 1074.3|F2              |
|  0| 8.60|    0.0|  1|25.11|24.05|  44.818|  34.994|  933.429|  20.5|   0.1| 1058.4|-0.029|   7.0|  42.060|  38.829|178.94|  59.4|  981.8| 1019.3|F2              |
|  0| 8.64|    0.0|  1|23.57|22.41|  45.216|  34.495|  994.397|  20.5|   0.1| 1113.6|-0.029|   7.4|  42.193|  38.624|176.50|  60.1| 1038.2| 1075.2|F2              |
|  0| 8.68|    0.0|  1|24.28|23.18|  44.928|  34.709|  965.212|  20.1|   0.1| 1087.1|-0.029|   7.1|  42.056|  38.756|178.14|  59.7| 1011.6| 1048.7|F2              |
|  0| 8.72|    0.0|  1|26.20|25.20|  44.505|  35.258|  898.483|  20.1|   0.1| 1028.5|-0.029|   6.5|  41.889|  39.017|182.02|  58.8|  951.1|  988.9|F2              |
|  0| 8.76|    0.0|  1|25.59|24.57|  44.724|  35.113|  918.958|  20.5|   0.1| 1046.5|-0.029|   6.6|  41.992|  38.933|181.18|  59.1|  970.0| 1007.4|F2              |
|  0| 8.80|    0.0|  1|24.05|22.95|  45.041|  34.640|  975.116|  20.3|   0.1| 1096.4|-0.029|   6.9|  42.118|  38.699|178.59|  59.7| 1021.8| 1058.4|F2              |
|  0| 8.84|    0.0|  1|24.40|23.32|  45.028|  34.766|  962.108|  20.6|   0.1| 1084.9|-0.029|   6.8|  42.120|  38.755|179.54|  59.5| 1010.1| 1046.9|F2              |
|  0| 8.88|    0.0|  1|24.28|23.20|  45.061|  34.725|  967.082|  20.6|   0.1| 1089.6|-0.029|   6.7|  42.130|  38.740|179.62|  59.5| 1015.1| 1051.6|F2              |
|  0| 8.92|    0.0|  1|24.23|23.15|  45.076|  34.706|  969.450|  20.6|   0.1| 1091.9|-0.029|   6.7|  42.141|  38.724|179.81|  59.5| 1017.6| 1054.0|F2              |
|  0| 8.96|    0.0|  1|23.93|22.84|  45.253|  34.634|  981.436|  21.0|   0.1| 1102.8|-0.029|   6.7|  42.213|  38.695|179.54|  59.6| 1028.9| 1065.2|F2              |
|  0| 9.00|    0.0|  1|23.87|22.78|  45.296|  34.617|  984.240|  21.1|   0.1| 1105.5|-0.029|   6.7|  42.250|  38.660|179.66|  59.6| 1031.8| 1068.0|F2              |
|  0| 9.04|    0.0|  1|24.15|23.08|  45.228|  34.700|  974.131|  21.1|   0.1| 1096.6|-0.029|   6.5|  42.236|  38.680|180.43|  59.5| 1022.8| 1059.1|F2              |
+---+-----+-------+---+-----+-----+--------+--------+---------+------+------+-------+------+------+--------+--------+------+------+-------+-------+----------------+
+---+-----+-------+---+-----+-----+--------+--------+---------+------+------+-------+------+------+--------+--------+------+------+-------+-------+----------------+
|0-x| fr  |  time |hop| d0  | d1  |   fi   |  teta  |   dist  |  at  |  dev |   p   |  df  |  l   |   fot  |   tot  |  rot | lsp  |   pf  |    s  |                |
+---+-----+-------+---+-----+-----+--------+--------+---------+------+------+-------+------+------+--------+--------+------+------+-------+-------+----------------+
|  0| 9.12|    0.0|  1|25.30|24.29|  45.223|  35.082|  935.796|  22.2|   0.1| 1063.7|-0.030|   6.1|  42.231|  38.893|183.36|  59.0|  988.4| 1025.2|F2              |
|  0| 9.20|    0.0|  1|24.91|23.89|  45.068|  34.894|  950.298|  21.1|   0.1| 1076.7|-0.030|   6.1|  42.158|  38.796|183.19|  59.1| 1002.3| 1038.8|F2              |
|  0| 9.23|    0.0|  1|25.49|24.50|  44.904|  35.027|  932.439|  20.9|   0.1| 1061.7|-0.030|   5.9|  42.091|  38.858|184.63|  58.8|  986.3| 1023.2|F2              |
|  0| 9.27|    0.0|  1|26.76|25.81|  44.777|  35.353|  896.157|  21.4|   0.1| 1031.9|-0.031|   5.6|  42.062|  38.993|187.40|  58.4|  953.8|  991.8|F2              |
|  0| 9.31|    0.0|  1|25.85|24.87|  44.936|  35.124|  923.553|  21.3|   0.1| 1055.0|-0.031|   5.8|  42.087|  38.938|186.04|  58.7|  978.9| 1016.1|F2              |
|  0| 9.35|    0.0|  1|35.14|34.29|  43.516|  36.615|  734.478|  20.1|   0.1|  924.6|-0.042|   4.5|  41.490|  39.659|206.34|  55.5|  814.0|  866.1|F2              |
|  0| 9.35|    0.0|  1|27.01|26.07|  44.726|  35.382|  891.823|  21.3|   0.1| 1029.3|-0.031|   5.5|  42.002|  39.063|188.70|  58.3|  950.6|  988.9|F2              |
|  0| 9.39|    0.0|  1|29.74|28.86|  44.450|  35.944|  827.762|  22.0|   0.1|  980.7|-0.034|   5.0|  41.896|  39.337|194.68|  57.5|  894.0|  935.9|F2              |
|  0| 9.43|    0.0|  1|27.05|26.11|  44.737|  35.370|  893.384|  21.3|   0.1| 1031.6|-0.032|   5.4|  42.038|  39.010|189.34|  58.3|  952.6|  991.1|F2              |
|  0| 9.47|    0.0|  1|34.00|33.14|  43.976|  36.514|  757.085|  21.9|   0.1|  940.2|-0.041|   4.5|  41.696|  39.616|205.02|  55.9|  834.2|  884.4|F2              |
|  0| 9.47|    0.0|  1|25.05|24.05|  45.013|  34.856|  952.614|  20.8|   0.1| 1081.1|-0.031|   5.7|  42.139|  38.766|185.58|  58.9| 1006.6| 1043.1|F2              |
|  0| 9.51|    0.0|  1|24.63|23.61|  45.159|  34.749|  967.329|  21.0|   0.1| 1094.1|-0.031|   5.8|  42.199|  38.715|185.04|  59.1| 1020.4| 1056.5|F2              |
|  0| 9.55|    0.0|  1|27.91|27.00|  44.255|  35.419|  875.679|  19.6|   0.1| 1019.5|-0.033|   5.1|  41.811|  39.046|192.18|  57.9|  937.8|  977.4|F2              |
|  0| 9.59|    0.0|  1|25.08|24.08|  45.124|  34.861|  955.084|  21.2|   0.1| 1084.4|-0.031|   5.6|  42.182|  38.778|186.60|  58.9| 1009.8| 1046.3|F2              |
|  0| 9.63|    0.0|  1|24.87|23.87|  45.129|  34.785|  962.843|  21.0|   0.1| 1091.4|-0.031|   5.6|  42.184|  38.737|186.46|  58.9| 1017.2| 1053.5|F2              |
|  0| 9.67|    0.0|  1|27.05|26.12|  44.815|  35.307|  901.849|  21.4|   0.1| 1041.8|-0.033|   5.1|  42.073|  38.976|191.32|  58.2|  962.2| 1000.9|F2              |
|  0| 9.71|    0.0|  1|26.31|25.36|  44.978|  35.141|  922.968|  21.5|   0.1| 1059.3|-0.032|   5.2|  42.127|  38.916|190.14|  58.4|  981.6| 1019.4|F2              |
|  0| 9.75|    0.0|  1|25.32|24.33|  45.155|  34.894|  952.675|  21.4|   0.1| 1084.1|-0.032|   5.4|  42.174|  38.828|188.41|  58.7| 1008.8| 1045.6|F2              |
|  0| 9.79|    0.0|  1|36.15|35.18|  44.199|  36.466|  768.382|  22.7|   0.1|  981.0|-0.053|   4.2|  41.798|  39.590|215.57|  39.4|  847.3|  909.6|F2              |
|  0| 9.79|    0.0|  1|26.80|25.86|  44.865|  35.211|  912.811|  21.3|   0.1| 1052.3|-0.033|   5.1|  42.068|  38.965|191.89|  58.2|  973.0| 1011.6|F2              |
+---+-----+-------+---+-----+-----+--------+--------+---------+------+------+-------+------+------+--------+--------+------+------+-------+-------+----------------+
+---+-----+-------+---+-----+-----+--------+--------+---------+------+------+-------+------+------+--------+--------+------+------+-------+-------+----------------+
|0-x| fr  |  time |hop| d0  | d1  |   fi   |  teta  |   dist  |  at  |  dev |   p   |  df  |  l   |   fot  |   tot  |  rot | lsp  |   pf  |    s  |                |
+---+-----+-------+---+-----+-----+--------+--------+---------+------+------+-------+------+------+--------+--------+------+------+-------+-------+----------------+
|  0| 9.83|    0.0|  1|28.72|27.81|  44.703|  35.605|  868.877|  21.9|   0.1| 1019.9|-0.035|   4.8|  42.025|  39.134|196.43|  57.6|  934.2|  975.6|F2              |
|  0| 9.87|    0.0|  1| 0.00| 0.00|   0.000|   0.000|    0.000|   0.0|   0.0|    0.0| 0.000|   0.0|   0.000|   0.000|  0.00|   0.0|    0.0|    0.0|                |
|  0| 9.87|    0.0|  1|28.14|27.22|  44.716|  35.462|  883.539|  21.5|   0.1| 1031.5|-0.035|   4.8|  42.030|  39.057|195.46|  57.7|  947.5|  988.2|F2              |
|  0| 9.91|    0.0|  1|28.79|27.88|  44.719|  35.586|  871.112|  21.9|   0.1| 1023.4|-0.036|   4.7|  42.041|  39.111|197.28|  57.5|  936.8|  978.7|F2              |
|  0| 9.95|    0.0|  1|35.31|34.33|  44.138|  36.230|  790.261|  21.6|   0.1|  998.7|-0.053|   4.1|  41.765|  39.471|215.46|  42.6|  867.5|  928.8|F2              |
|  0| 9.95|    0.0|  1|37.01|35.86|  44.476|  36.112|  811.704|  22.7|   0.2| 1049.0|-0.065|   4.2|  41.921|  39.407|222.52|  60.7|  884.9|  960.6|F2              |
|  0| 9.95|    0.0|  1|28.40|27.48|  44.745|  35.491|  881.396|  21.7|   0.1| 1031.7|-0.036|   4.7|  42.027|  39.097|196.85|  57.6|  946.3|  987.6|F2              |
|  0| 9.99|    0.0|  1|37.23|35.98|  44.432|  35.812|  840.446|  21.5|   0.2| 1089.7|-0.072|   4.2|  41.890|  39.259|225.11|  64.1|  908.9|  991.9|F2              |
|  0| 9.99|    0.0|  1|36.18|35.11|  44.337|  36.161|  802.810|  22.3|   0.2| 1026.2|-0.059|   4.1|  41.864|  39.422|219.57|  56.9|  878.3|  947.0|F2              |
|  0| 9.99|    0.0|  1|28.20|27.28|  44.722|  35.422|  887.657|  21.4|   0.1| 1037.1|-0.036|   4.7|  42.014|  39.063|196.75|  57.6|  952.2|  993.3|F2              |
|  0|10.03|    0.0|  1|37.56|35.92|  45.071|  34.972|  942.453|  21.3|   0.2| 1228.1|-0.096|   4.5|  42.140|  38.861|230.14|  72.7|  992.3| 1099.6|F2              |
|  0|10.03|    0.0|  1|36.70|35.52|  44.465|  35.949|  827.658|  22.1|   0.2| 1065.6|-0.067|   4.2|  41.933|  39.295|223.06|  61.6|  899.2|  976.0|F2              |
|  0|10.03|    0.0|  1|36.18|35.09|  44.340|  36.069|  812.071|  22.0|   0.2| 1038.2|-0.061|   4.1|  41.863|  39.377|220.47|  58.3|  886.5|  956.9|F2              |
|  0|10.03|    0.0|  1|28.65|27.73|  44.820|  35.527|  879.908|  22.1|   0.1| 1032.6|-0.037|   4.6|  42.073|  39.099|198.14|  57.5|  945.6|  987.6|F2              |
|  0|10.07|    0.0|  1|35.60|34.54|  44.355|  36.079|  811.528|  22.0|   0.1| 1029.9|-0.058|   4.1|  41.883|  39.363|218.76|  55.9|  886.6|  953.3|F2              |
|  0|10.07|    0.0|  1|27.74|26.81|  44.902|  35.332|  901.713|  21.8|   0.1| 1049.1|-0.036|   4.7|  42.084|  39.031|196.43|  57.8|  965.4| 1005.9|F2              |
|  0|10.11|    0.0|  1|35.91|34.79|  44.434|  35.954|  826.300|  22.0|   0.2| 1053.0|-0.063|   4.1|  41.889|  39.339|221.10|  59.2|  899.4|  970.7|F2              |
|  0|10.11|    0.0|  1|35.90|34.78|  44.452|  35.962|  825.998|  22.1|   0.2| 1052.5|-0.062|   4.1|  41.904|  39.333|221.04|  59.2|  899.1|  970.3|F2              |
|  0|10.11|    0.0|  1|28.99|28.07|  44.759|  35.538|  877.093|  21.9|   0.1| 1032.9|-0.038|   4.5|  42.045|  39.105|199.72|  57.3|  943.9|  986.8|F2              |
|  0|10.15|    0.0|  1|36.09|34.90|  44.499|  35.784|  845.122|  21.7|   0.2| 1079.8|-0.067|   4.1|  41.943|  39.212|223.04|  61.8|  915.4|  991.5|F2              |
+---+-----+-------+---+-----+-----+--------+--------+---------+------+------+-------+------+------+--------+--------+------+------+-------+-------+----------------+
+---+-----+-------+---+-----+-----+--------+--------+---------+------+------+-------+------+------+--------+--------+------+------+-------+-------+----------------+
|0-x| fr  |  time |hop| d0  | d1  |   fi   |  teta  |   dist  |  at  |  dev |   p   |  df  |  l   |   fot  |   tot  |  rot | lsp  |   pf  |    s  |                |
+---+-----+-------+---+-----+-----+--------+--------+---------+------+------+-------+------+------+--------+--------+------+------+-------+-------+----------------+
|  0|10.15|    0.0|  1|35.40|34.31|  44.407|  35.955|  825.441|  21.8|   0.1| 1045.2|-0.060|   4.1|  41.884|  39.330|219.64|  57.3|  899.2|  967.2|F2              |
|  0|10.15|    0.0|  1|30.82|29.90|  44.746|  35.832|  847.427|  22.8|   0.1| 1017.0|-0.042|   4.3|  42.046|  39.255|204.76|  56.3|  918.3|  965.5|F2              |
|  0|10.19|    0.0|  1|34.96|33.89|  44.439|  35.944|  827.434|  21.9|   0.1| 1042.0|-0.058|   4.1|  41.901|  39.320|218.55|  55.8|  901.4|  967.1|F2              |
|  0|10.19|    0.0|  1|34.64|33.60|  44.418|  35.968|  824.475|  21.9|   0.1| 1034.1|-0.056|   4.1|  41.918|  39.295|217.17|  53.3|  899.0|  962.2|F2              |
|  0|10.19|    0.0|  1|26.13|25.17|  45.321|  35.004|  946.334|  22.3|   0.1| 1085.2|-0.035|   4.8|  42.286|  38.834|193.68|  58.3| 1006.4| 1044.8|F2              |
|  0|10.23|    0.0|  1|33.97|32.96|  44.460|  35.945|  827.932|  22.0|   0.1| 1030.1|-0.053|   4.1|  41.898|  39.339|215.43|  46.2|  902.4|  962.4|F2              |
|  0|10.23|    0.0|  1|27.46|26.52|  45.064|  35.238|  915.668|  22.1|   0.1| 1062.8|-0.036|   4.6|  42.168|  38.964|197.17|  57.8|  979.1| 1019.7|F2              |
|  0|10.27|    0.0|  1|33.63|32.62|  44.534|  35.913|  833.157|  22.2|   0.1| 1032.5|-0.052|   4.0|  41.932|  39.322|214.86|  27.8|  907.3|  966.2|F2              |
|  0|10.27|    0.0|  1|29.10|28.17|  44.933|  35.520|  883.910|  22.5|   0.1| 1042.4|-0.039|   4.4|  42.106|  39.121|201.61|  57.0|  951.3|  995.2|F2              |
|  0|10.31|    0.0|  1|33.14|32.14|  44.571|  35.867|  838.849|  22.2|   0.1| 1033.6|-0.051|   4.0|  41.964|  39.275|213.74|  48.6|  912.5|  969.7|F2              |
|  0|10.31|    0.0|  1|29.96|29.03|  44.849|  35.620|  871.519|  22.5|   0.1| 1036.9|-0.041|   4.3|  42.089|  39.145|204.22|  56.5|  940.8|  986.9|F2              |
|  0|10.35|    0.0|  1|32.44|31.46|  44.700|  35.830|  846.261|  22.6|   0.1| 1034.4|-0.049|   4.1|  42.002|  39.285|212.00|  52.4|  919.3|  973.9|F2              |
|  0|10.35|    0.0|  1|28.98|28.04|  45.003|  35.470|  890.861|  22.6|   0.1| 1049.5|-0.040|   4.3|  42.129|  39.106|202.11|  57.0|  958.1| 1002.1|F2              |
|  0|10.39|    0.0|  1|31.89|30.92|  44.814|  35.785|  854.087|  22.9|   0.1| 1037.7|-0.048|   4.1|  42.096|  39.204|210.68|  53.7|  926.4|  979.3|F2              |
|  0|10.39|    0.0|  1|27.21|26.26|  45.202|  35.141|  929.249|  22.3|   0.1| 1076.4|-0.037|   4.5|  42.233|  38.908|198.00|  57.7|  992.6| 1033.2|F2              |
|  0|10.43|    0.0|  1|31.36|30.39|  44.831|  35.705|  862.516|  22.7|   0.1| 1041.9|-0.046|   4.1|  42.112|  39.148|209.49|  54.5|  934.1|  985.4|F2              |
|  0|10.43|    0.0|  1|26.55|25.59|  45.254|  34.982|  946.574|  22.0|   0.1| 1090.0|-0.036|   4.5|  42.229|  38.860|196.80|  58.0| 1008.5| 1048.1|F2              |
|  0|10.47|    0.0|  1|29.85|28.90|  44.980|  35.529|  884.324|  22.7|   0.1| 1051.3|-0.043|   4.2|  42.127|  39.125|205.72|  56.2|  953.4| 1000.4|F2              |
|  0|10.47|    0.0|  1|25.84|24.86|  45.318|  34.805|  966.102|  21.7|   0.1| 1105.6|-0.036|   4.6|  42.287|  38.722|195.32|  58.2| 1026.5| 1065.0|F2              |
|  0|10.51|    0.0|  1|29.77|28.81|  44.966|  35.484|  888.426|  22.5|   0.1| 1055.4|-0.043|   4.1|  42.115|  39.109|205.94|  56.1|  957.4| 1004.4|F2              |
+---+-----+-------+---+-----+-----+--------+--------+---------+------+------+-------+------+------+--------+--------+------+------+-------+-------+----------------+
+---+-----+-------+---+-----+-----+--------+--------+---------+------+------+-------+------+------+--------+--------+------+------+-------+-------+----------------+
|0-x| fr  |  time |hop| d0  | d1  |   fi   |  teta  |   dist  |  at  |  dev |   p   |  df  |  l   |   fot  |   tot  |  rot | lsp  |   pf  |    s  |                |
+---+-----+-------+---+-----+-----+--------+--------+---------+------+------+-------+------+------+--------+--------+------+------+-------+-------+----------------+
|  0|10.51|    0.0|  1|25.13|24.13|  45.510|  34.651|  986.817|  21.9|   0.1| 1122.5|-0.035|   4.7|  42.332|  38.695|194.07|  58.5| 1045.6| 1083.1|F2              |
|  0|10.55|    0.0|  1|25.55|24.56|  45.611|  34.775|  977.335|  22.6|   0.1| 1115.8|-0.036|   4.6|  42.419|  38.706|195.30|  58.3| 1037.3| 1075.5|F2              |
|  0|10.55|    0.0|  1|29.44|28.48|  45.062|  35.433|  896.240|  22.7|   0.1| 1061.2|-0.043|   4.1|  42.166|  39.071|205.44|  56.3|  964.6| 1011.0|F2              |
|  0|10.59|    0.0|  1|24.52|23.51|  45.656|  34.483| 1007.547|  21.9|   0.1| 1140.4|-0.035|   4.7|  42.394|  38.608|193.26|  58.7| 1065.2| 1101.9|F2              |
|  0|10.59|    0.0|  1|28.47|27.51|  45.215|  35.289|  915.021|  22.8|   0.1| 1073.1|-0.041|   4.2|  42.222|  39.011|203.20|  56.9|  981.6| 1025.7|F2              |
|  0|10.63|    0.0|  1|28.36|27.40|  45.247|  35.252|  919.562|  22.8|   0.1| 1077.4|-0.041|   4.2|  42.231|  38.999|203.32|  56.9|  985.9| 1030.0|F2              |
|  0|10.63|    0.0|  1|25.68|24.69|  45.638|  34.779|  977.728|  22.7|   0.1| 1117.6|-0.036|   4.5|  42.399|  38.751|196.40|  58.2| 1038.2| 1076.9|F2              |
|  0|10.67|    0.0|  1|27.87|26.90|  45.396|  35.179|  931.130|  23.1|   0.1| 1085.9|-0.040|   4.2|  42.299|  38.957|202.39|  57.1|  996.6| 1039.7|F2              |
|  0|10.67|    0.0|  1|25.42|24.43|  45.700|  34.710|  986.334|  22.7|   0.1| 1125.0|-0.036|   4.5|  42.407|  38.741|196.11|  58.3| 1046.3| 1084.7|F2              |
|  0|10.70|    0.0|  1|26.19|25.21|  45.600|  34.854|  969.219|  22.8|   0.1| 1113.0|-0.038|   4.4|  42.379|  38.796|198.38|  57.9| 1031.1| 1070.9|F2              |
|  0|10.74|    0.0|  1|26.13|25.14|  45.649|  34.833|  972.740|  22.9|   0.1| 1116.6|-0.038|   4.4|  42.420|  38.758|198.54|  57.9| 1034.6| 1074.4|F2              |
|  0|10.78|    0.0|  1|25.99|25.00|  45.474|  34.727|  978.157|  22.0|   0.1| 1121.5|-0.038|   4.3|  42.333|  38.712|198.56|  57.9| 1039.8| 1079.5|F2              |
|  0|10.82|    0.0|  1|25.75|24.75|  45.505|  34.657|  986.008|  21.9|   0.1| 1128.2|-0.038|   4.3|  42.317|  38.716|198.33|  58.0| 1047.2| 1086.6|F2              |
|  0|10.86|    0.0|  1|26.15|25.15|  45.334|  34.682|  978.787|  21.4|   0.1| 1123.9|-0.039|   4.3|  42.284|  38.668|199.64|  57.8| 1041.0| 1081.3|F2              |
|  0|10.90|    0.0|  1|26.03|25.03|  45.368|  34.642|  983.757|  21.4|   0.1| 1128.5|-0.039|   4.2|  42.259|  38.704|199.78|  57.8| 1045.8| 1086.0|F2              |
|  0|10.94|    0.0|  1|26.45|25.45|  45.249|  34.678|  976.831|  21.1|   0.1| 1124.9|-0.040|   4.2|  42.224|  38.696|201.26|  57.5| 1039.8| 1081.1|F2              |
+---+-----+-------+---+-----+-----+--------+--------+---------+------+------+-------+------+------+--------+--------+------+------+-------+-------+----------------+