26.12.2022 10:00:05.471  17.65000000  17649.99441   0.00  -34.8   51.2  48.0 19.37   94.1  1119.9   94.12   45.59   54.08  2378.0   94.00   41.79   68.85  3711.6   93.73   36.07   82.43   12.9     36005.471      5.50   47.23860   39.64170  "Undefined"          0.0    -5.59  0.00000000
26.12.2022 10:00:16.457  17.65000000  17649.99441   0.00  -30.0   52.0  48.0 20.10   94.2  1097.5   94.19   45.63   53.79  2325.0   94.07   41.96   68.25  3627.9   93.81   36.44   81.62   15.5     36016.457      5.50   47.23860   39.64170  "Undefined"          0.0    -5.59  0.00000000
26.12.2022 10:00:27.329  17.65000000  17649.99441   0.00  -28.4   53.6  48.0 19.61   94.5  1112.6   94.46   45.55   53.97  2360.4   94.34   41.74   68.58  3682.5   94.07   36.06   82.03   14.7     36027.329      5.50   47.23860   39.64170  "Undefined"          0.0    -5.59  0.00000000
26.12.2022 10:00:38.279  17.65000000  17649.99428   0.00  -30.8   49.2  48.0 20.95   94.7  1073.8   94.72   45.59   53.47  2268.9   94.61   42.00   67.53  3536.4   94.35   36.64   80.56   14.5     36038.279      5.50   47.23860   39.64170  "Undefined"          0.0    -5.72  0.00000000
26.12.2022 10:00:49.111  17.65000000  17649.99441   0.00  -33.2   50.8  48.0 19.13   94.5     0.0   94.46    0.00    0.00     0.0   94.46    0.00    0.00     0.0   94.46    0.00    0.00   13.3     36049.111      5.50   47.23860   39.64170  "Undefined"          0.0    -5.59  0.00000000
26.12.2022 10:00:59.992  17.65000000  17649.99514   0.00  -80.7   23.3  48.0 21.44   90.0  1080.5   89.98   46.36   53.80  2286.2   89.86   43.47   68.59  3577.4   89.59   38.61   82.60   13.3     36059.992      5.50   47.23860   39.64170  "Undefined"          0.0    -4.86  0.00000000
26.12.2022 10:00:59.992  17.65000000  17649.99441   0.00  -48.0   56.0  48.0  0.04   95.0     0.0   94.99    0.00    0.00     0.0   94.99    0.00    0.00     0.0   94.99    0.00    0.00   16.1     36059.992      5.50   47.23860   39.64170  "Undefined"          0.0    -5.59  0.00000000
26.12.2022 10:01:11.148  17.65000000  17649.99428   0.00  -39.3   54.7  48.0  9.54   94.2  1704.6   94.11   44.04   61.17  3760.2   93.82   35.78   82.85     0.0   94.22    0.00    0.00    7.8     36071.148      5.50   47.23860   39.64170  "Undefined"          0.0    -5.72  0.00000000
26.12.2022 10:01:22.096  17.65000000  17649.99428   0.00  -35.4   54.6  48.0 13.47   94.1  1410.7   93.99   44.90   57.66  3049.0   93.76   39.13   75.98     0.0   94.06    0.00    0.00    7.4     36082.096      5.50   47.23860   39.64170  "Undefined"          0.0    -5.72  0.00000000
26.12.2022 10:01:32.986  17.65000000  17649.99428   0.00  -41.0   53.0  48.0 11.75   93.0  1522.8   92.93   44.84   59.12  3326.0   92.69   38.35   79.08     0.0   93.00    0.00    0.00   12.2     36092.986      5.50   47.23860   39.64170  "Undefined"          0.0    -5.72  0.00000000
26.12.2022 10:01:43.884  17.65000000  17649.99441   0.00  -39.4   52.6  48.0 18.79   93.0  1164.5   92.98   45.69   54.70  2473.8   92.81   41.83   70.14  3858.1   92.48   35.93   84.27   17.9     36103.884      5.50   47.23860   39.64170  "Undefined"          0.0    -5.59  0.00000000
26.12.2022 10:01:54.823  17.65000000  17649.99428   0.00  -35.4   52.6  48.0 20.52   94.3  1108.2   94.22   45.60   53.93  2340.9   94.05   41.91   68.43  3641.0   93.73   36.41   81.77   14.6     36114.823      5.50   47.23860   39.64170  "Undefined"          0.0    -5.72  0.00000000
26.12.2022 10:02:05.799  17.65000000  17649.99428   0.00  -38.4   51.6  48.0 19.17   94.2  1151.3   94.16   45.51   54.46  2440.4   93.98   41.55   69.53  3797.7   93.66   35.68   83.26   16.6     36125.799      5.50   47.23860   39.64170  "Undefined"          0.0    -5.72  0.00000000
26.12.2022 10:02:16.635  17.65000000  17649.99428   0.00  -40.1   51.9  48.0 20.97   94.1  1094.9   94.07   45.65   53.77  2310.9   93.90   42.07   68.13  3594.7   93.59   36.70   81.38   13.1     36136.635      5.50   47.23860   39.64170  "Undefined"          0.0    -5.72  0.00000000
26.12.2022 10:02:27.484  17.65000000  17649.99428   0.00  -43.4   54.6  48.0 23.60   93.8  1030.0   93.75   45.85   52.98  2163.5   93.59   42.69   66.54  3367.0   93.28   37.91   79.29   16.3     36147.484      5.50   47.23860   39.64170  "Undefined"          0.0    -5.72  0.00000000
26.12.2022 10:02:38.470  17.65000000  17649.99453   0.00  -48.9   47.1  48.0  9.53   94.4  1706.5   94.30   43.99   61.17  3763.1   94.01   35.69   82.80     0.0   94.40    0.00    0.00    8.0     36158.470      5.50   47.23860   39.64170  "Undefined"          0.0    -5.47  0.00000000
26.12.2022 10:02:49.344  17.65000000  17649.99428   0.00  -46.6   49.4  48.0 20.35   95.3  1113.5   95.27   45.41   53.92  2351.3   95.10   41.53   68.33  3651.2   94.78   35.89   81.48   11.7     36169.344      5.50   47.23860   39.64170  "Undefined"          0.0    -5.72  0.00000000
26.12.2022 10:03:00.233  17.65000000  17649.99416   0.00  -58.1   39.9  48.0 21.07   95.6  1092.5   95.55   45.42   53.65  2303.0   95.38   41.62   67.75  3575.0   95.06   36.14   80.67   11.1     36180.233      5.50   47.23860   39.64170  "Undefined"          0.0    -5.84  0.00000000
26.12.2022 10:03:00.233  17.65000000  17649.99453   0.00  -42.4   55.6  48.0 13.03   94.4  1437.7   94.32   44.76   57.96  3112.2   94.09   38.73   76.52     0.0   94.40    0.00    0.00   11.9     36180.233      5.50   47.23860   39.64170  "Undefined"          0.0    -5.47  0.00000000
26.12.2022 10:03:11.190  17.65000000  17649.99441   0.00  -36.0   54.0  48.0 17.65   94.2  1206.2   94.12   45.39   55.15  2567.1   93.93   41.08   70.91  3997.6   93.60   34.70   85.10   13.0     36191.190      5.50   47.23860   39.64170  "Undefined"          0.0    -5.59  0.00000000
26.12.2022 10:03:22.075  17.65000000  17649.99465   0.00  -44.7   45.3  48.0  9.13   93.7  1746.9   93.56   44.05   61.73  3869.3   93.27   35.50   84.07     0.0   93.67    0.00    0.00   10.9     36202.075      5.50   47.23860   39.64170  "Undefined"          0.0    -5.35  0.00000000
26.12.2022 10:03:22.075  17.65000000  17649.99428   0.00  -40.8   49.2  48.0 16.82   94.6  1240.7   94.58   45.22   55.54  2646.4   94.38   40.60   71.65     0.0   94.64    0.00    0.00   11.5     36202.075      5.50   47.23860   39.64170  "Undefined"          0.0    -5.72  0.00000000
26.12.2022 10:03:33.000  17.65000000  17649.99465   0.00  -41.1   50.9  48.0  0.44   93.5     0.0   93.48    0.00    0.00     0.0   93.48    0.00    0.00     0.0   93.48    0.00    0.00    9.6     36213.000      5.50   47.23860   39.64170  "Undefined"          0.0    -5.35  0.00000000
26.12.2022 10:03:33.000  17.65000000  17649.99441   0.00  -39.1   52.9  48.0 22.69   95.5  1050.7   95.44   45.53   53.14  2208.4   95.28   42.01   66.73  3429.2   94.96   36.89   79.33   18.6     36213.000      5.50   47.23860   39.64170  "Undefined"          0.0    -5.59  0.00000000
26.12.2022 10:03:43.983  17.65000000  17649.99441   0.00  -37.5   48.5  48.0 20.00   93.9  1123.8   93.88   45.62   54.14  2377.6   93.71   41.88   68.90  3700.5   93.39   36.28   82.45   16.7     36223.983      5.50   47.23860   39.64170  "Undefined"         -0.0    -5.59  0.00000000
26.12.2022 10:04:05.160  17.65000000  17649.99441   0.00  -39.5   56.5  48.0 10.88   92.6  1589.2   92.52   44.76   59.97  3493.5   92.26   37.77   80.87     0.0   92.59    0.00    0.00   13.2     36245.160      5.50   47.23860   39.64170  "Undefined"          0.0    -5.59  0.00000000
26.12.2022 10:04:26.575  17.65000000  17649.99441   0.00  -33.6   52.4  48.0 16.96   93.4  1234.6   93.32   45.47   55.55  2635.6   93.14   41.09   71.83     0.0   93.38    0.00    0.00   13.1     36266.575      5.50   47.23860   39.64170  "Undefined"          0.0    -5.59  0.00000000
26.12.2022 10:04:47.849  17.65000000  17649.99489   0.00  -74.1   23.9  48.0 13.84   91.7  1388.2   91.61   45.46   57.59  3006.3   91.40   40.27   76.20     0.0   91.66    0.00    0.00   14.9     36287.849      5.50   47.23860   39.64170  "Undefined"          0.0    -5.11  0.00000000
26.12.2022 10:04:47.849  17.65000000  17649.99441   0.00  -41.5   56.5  48.0 13.94   94.1  1383.3   94.00   44.97   57.33  2983.9   93.78   39.41   75.31     0.0   94.07    0.00    0.00    8.9     36287.849      5.50   47.23860   39.64170  "Undefined"          0.0    -5.59  0.00000000
26.12.2022 10:04:58.825  17.65000000  17649.99465   0.00  -47.3   44.7  48.0  0.16   94.3     0.0   94.27    0.00    0.00     0.0   94.27    0.00    0.00     0.0   94.27    0.00    0.00    8.8     36298.825      5.50   47.23860   39.64170  "Undefined"          0.0    -5.35  0.00000000
26.12.2022 10:04:58.825  17.65000000  17649.99428   0.00  -39.5   52.5  48.0 11.15   94.7  1568.1   94.64   44.32   59.49  3423.9   94.38   37.16   79.48     0.0   94.74    0.00    0.00    8.8     36298.825      5.50   47.23860   39.64170  "Undefined"          0.0    -5.72  0.00000000
26.12.2022 10:05:09.888  17.65000000  17649.99465   0.00  -43.3   46.7  48.0  6.98   93.3  2029.2   93.18   43.27   65.08     0.0   93.31    0.00    0.00     0.0   93.31    0.00    0.00   10.8     36309.888      5.50   47.23860   39.64170  "Undefined"          0.0    -5.35  0.00000000
26.12.2022 10:05:09.888  17.65000000  17649.99428   0.00  -40.3   49.7  48.0 13.14   94.8  1430.8   94.72   44.69   57.84  3093.3   94.49   38.65   76.21     0.0   94.80    0.00    0.00    8.4     36309.888      5.50   47.23860   39.64170  "Undefined"          0.0    -5.72  0.00000000
26.12.2022 10:05:20.947  17.65000000  17649.99441   0.00  -39.6   50.4  48.0 11.81   94.1  1518.6   94.00   44.61   58.96  3308.5   93.75   37.97   78.57     0.0   94.08    0.00    0.00    7.2     36320.947      5.50   47.23860   39.64170  "Undefined"          0.0    -5.59  0.00000000
26.12.2022 10:05:31.904  17.65000000  17649.99441   0.00  -36.6   53.4  48.0  9.11   93.2  1749.2   93.11   44.16   61.82  3880.3   92.82   35.66   84.34     0.0   93.21    0.00    0.00   11.7     36331.904      5.50   47.23860   39.64170  "Undefined"          0.0    -5.59  0.00000000
26.12.2022 10:05:53.566  17.65000000  17649.99441   0.00  -39.1   50.9  48.0  2.05   91.3     0.0   91.32    0.00    0.00     0.0   91.32    0.00    0.00     0.0   91.32    0.00    0.00   20.3     36353.566      5.50   47.23860   39.64170  "Undefined"          0.0    -5.59  0.00000000
26.12.2022 10:06:04.437  17.65000000  17649.99428   0.00  -41.1   48.9  48.0 23.71   93.6  1027.6   93.53   45.89   52.96  2158.3   93.37   42.78   66.52  3360.4   93.06   38.03   79.30   21.5     36364.437      5.50   47.23860   39.64170  "Undefined"         -0.0    -5.72  0.00000000
26.12.2022 10:06:15.351  17.65000000  17649.99441   0.00  -42.2   51.8  48.0 13.20   93.1  1427.1   93.01   45.07   57.95  3092.9   92.79   39.34   76.71     0.0   93.08    0.00    0.00   10.5     36375.351      5.50   47.23860   39.64170  "Undefined"          0.0    -5.59  0.00000000
26.12.2022 10:06:26.269  17.65000000  17649.99453   0.00  -50.9   45.1  48.0  0.05   93.8     0.0   93.77    0.00    0.00     0.0   93.77    0.00    0.00     0.0   93.77    0.00    0.00    9.1     36386.269      5.50   47.23860   39.64170  "Undefined"          0.0    -5.47  0.00000000
26.12.2022 10:06:37.115  17.65000000  17649.99465   0.00  -56.2   41.8  48.0  8.04   93.7  1875.5   93.60   43.65   63.23     0.0   93.72    0.00    0.00     0.0   93.72    0.00    0.00   10.9     36397.115      5.50   47.23860   39.64170  "Undefined"          0.0    -5.35  0.00000000
26.12.2022 10:06:37.115  17.65000000  17649.99428   0.00  -45.0   53.0  48.0 25.02   96.4  1003.5   96.34   45.51   52.50  2100.8   96.18   42.14   65.38  3262.1   95.87   37.30   77.43   21.0     36397.115      5.50   47.23860   39.64170  "Undefined"          0.0    -5.72  0.00000000
26.12.2022 10:06:48.101  17.65000000  17649.99428   0.00  -42.5   49.5  48.0 16.66   94.0  1247.6   93.94   45.32   55.67  2664.2   93.75   40.76   71.99     0.0   94.00    0.00    0.00   10.6     36408.101      5.50   47.23860   39.64170  "Undefined"          0.0    -5.72  0.00000000
26.12.2022 10:06:59.006  17.65000000  17649.99380   0.00  -68.8   25.2  48.0 22.67   89.0  1049.8   88.95   46.58   53.45  2215.8   88.80   44.03   67.94  3470.7   88.48   39.58   81.88   15.0     36419.006      5.50   47.23860   39.64170  "Undefined"          0.0    -6.20  0.00000000
26.12.2022 10:06:59.006  17.65000000  17649.99441   0.00  -42.3   51.7  48.0 14.18   94.3  1369.5   94.24   44.96   57.14  2950.9   94.02   39.46   74.91     0.0   94.31    0.00    0.00   12.8     36419.006      5.50   47.23860   39.64170  "Undefined"          0.0    -5.59  0.00000000
26.12.2022 10:07:09.920  17.65000000  17649.99453   0.00  -40.5   59.5  48.0  7.47   94.0  1953.0   93.89   43.32   64.09     0.0   94.02    0.00    0.00     0.0   94.02    0.00    0.00   11.4     36429.920      5.50   47.23860   39.64170  "Undefined"          0.0    -5.47  0.00000000
26.12.2022 10:07:20.845  17.65000000  17649.99428   0.00  -35.4   50.6  48.0 18.41   93.7  1177.7   93.69   45.53   54.82  2502.3   93.52   41.48   70.30  3898.1   93.19   35.40   84.36   13.0     36440.845      5.50   47.23860   39.64170  "Undefined"          0.0    -5.72  0.00000000
26.12.2022 10:07:31.835  17.65000000  17649.99428   0.00  -32.9   49.1  48.0 17.46   93.5  1214.3   93.42   45.50   55.30  2588.2   93.23   41.25   71.30     0.0   93.47    0.00    0.00   12.9     36451.835      5.50   47.23860   39.64170  "Undefined"          0.0    -5.72  0.00000000
26.12.2022 10:07:42.625  17.65000000  17649.99428   0.00  -34.0   50.0  48.0 16.76   93.9  1243.1   93.81   45.36   55.62  2654.1   93.62   40.85   71.91     0.0   93.87    0.00    0.00   11.9     36462.625      5.50   47.23860   39.64170  "Undefined"          0.0    -5.72  0.00000000
26.12.2022 10:07:53.476  17.65000000  17649.99441   0.00  -38.4   49.6  48.0 17.75   94.0  1202.6   93.90   45.44   55.12  2559.5   93.72   41.18   70.88  3987.1   93.39   34.85   85.09   14.0     36473.476      5.50   47.23860   39.64170  "Undefined"          0.0    -5.59  0.00000000
26.12.2022 10:08:04.232  17.65000000  17649.99441   0.00  -39.6   52.4  48.0 13.83   94.0  1389.7   93.89   44.98   57.41  2998.8   93.67   39.39   75.49     0.0   93.96    0.00    0.00   11.9     36484.232      5.50   47.23860   39.64170  "Undefined"          0.0    -5.59  0.00000000
26.12.2022 10:08:15.223  17.65000000  17649.99477   0.00  -60.6   29.4  48.0 12.24   93.4  1488.6   93.32   44.84   58.67  3240.4   93.08   38.57   78.10     0.0   93.40    0.00    0.00   12.3     36495.223      5.50   47.23860   39.64170  "Undefined"          0.0    -5.23  0.00000000
26.12.2022 10:08:15.223  17.65000000  17649.99441   0.00  -38.8   51.2  48.0 14.84   94.4  1334.0   94.37   45.02   56.69  2865.3   94.16   39.77   73.99     0.0   94.44    0.00    0.00   10.8     36495.223      5.50   47.23860   39.64170  "Undefined"          0.0    -5.59  0.00000000
26.12.2022 10:08:26.236  17.65000000  17649.99441   0.00  -35.4   50.6  48.0 14.13   94.5  1372.8   94.46   44.90   57.16  2957.0   94.24   39.35   74.91     0.0   94.53    0.00    0.00   10.9     36506.236      5.50   47.23860   39.64170  "Undefined"          0.0    -5.59  0.00000000
26.12.2022 10:08:37.173  17.65000000  17649.99441   0.00  -33.5   52.5  48.0 15.36   93.9  1307.8   93.81   45.20   56.42  2806.0   93.60   40.23   73.52     0.0   93.87    0.00    0.00   10.3     36517.173      5.50   47.23860   39.64170  "Undefined"          0.0    -5.59  0.00000000
26.12.2022 10:08:48.134  17.65000000  17649.99441   0.00  -33.0   51.0  48.0 15.47   94.5  1303.2   94.41   45.10   56.32  2793.5   94.20   40.06   73.24     0.0   94.47    0.00    0.00   10.8     36528.134      5.50   47.23860   39.64170  "Undefined"          0.0    -5.59  0.00000000
26.12.2022 10:08:59.141  17.65000000  17649.99441   0.00  -31.3   48.7  48.0 15.92   94.4  1281.1   94.30   45.17   56.06  2741.8   94.10   40.31   72.72     0.0   94.36    0.00    0.00   10.8     36539.141      5.50   47.23860   39.64170  "Undefined"          0.0    -5.59  0.00000000
26.12.2022 10:09:10.016  17.65000000  17649.99441   0.00  -33.0   51.0  48.0 15.80   93.7  1286.1   93.62   45.29   56.17  2755.4   93.43   40.51   73.03     0.0   93.68    0.00    0.00   10.7     36550.016      5.50   47.23860   39.64170  "Undefined"          0.0    -5.59  0.00000000
26.12.2022 10:09:20.926  17.65000000  17649.99441   0.00  -36.5   49.5  48.0 20.05   94.5  1122.6   94.45   45.53   54.09  2373.8   94.28   41.71   68.74  3691.5   93.96   36.06   82.16   15.4     36560.926      5.50   47.23860   39.64170  "Undefined"          0.0    -5.59  0.00000000
26.12.2022 10:09:31.871  17.65000000  17649.99441   0.00  -35.7   50.3  48.0 21.14   94.4  1090.3   94.33   45.62   53.70  2299.8   94.16   42.02   67.95  3576.2   93.85   36.67   81.11   14.7     36571.871      5.50   47.23860   39.64170  "Undefined"          0.0    -5.59  0.00000000
26.12.2022 10:09:42.848  17.65000000  17649.99453   0.00  -33.6   52.4  48.0 20.00   94.3  1123.9   94.27   45.55   54.12  2377.2   94.10   41.76   68.82  3697.8   93.78   36.11   82.28   16.4     36582.848      5.50   47.23860   39.64170  "Undefined"          0.0    -5.47  0.00000000
26.12.2022 10:09:53.857  17.65000000  17649.99441   0.00  -31.5   52.5  48.0 19.39   94.5  1143.7   94.46   45.48   54.35  2422.1   94.29   41.52   69.27  3767.0   93.97   35.68   82.86   14.6     36593.857      5.50   47.23860   39.64170  "Undefined"          0.0    -5.59  0.00000000
26.12.2022 10:10:04.898  17.65000000  17649.99453   0.00  -29.9   52.1  48.0 17.92   94.5  1196.2   94.49   45.35   55.00  2543.2   94.30   41.05   70.57  3957.4   93.97   34.73   84.59   13.9     36604.898      5.50   47.23860   39.64170  "Undefined"          0.0    -5.47  0.00000000
26.12.2022 10:10:15.802  17.65000000  17649.99441   0.00  -54.2   29.8  48.0 23.05   93.9  1042.1   93.85   45.80   53.12  2190.8   93.70   42.57   66.83  3408.9   93.39   37.67   79.67   16.8     36615.802      5.50   47.23860   39.64170  "Undefined"          0.0    -5.59  0.00000000
26.12.2022 10:10:15.802  17.65000000  17649.99477   0.00  -33.8   50.2  48.0 22.49   94.1  1055.2   94.02   45.75   53.28  2220.3   93.86   42.41   67.13  3453.8   93.55   37.39   80.05   16.7     36615.802      5.50   47.23860   39.64170  "Undefined"          0.0    -5.23  0.00000000
26.12.2022 10:10:26.730  17.65000000  17649.99453   0.00  -30.5   53.5  48.0 18.37   93.7  1179.2   93.69   45.53   54.84  2505.8   93.51   41.46   70.34  3903.8   93.19   35.37   84.41   14.7     36626.730      5.50   47.23860   39.64170  "Undefined"          0.0    -5.47  0.00000000
26.12.2022 10:10:37.709  17.65000000  17649.99453   0.00  -30.4   53.6  48.0 19.30   93.8  1146.4   93.76   45.59   54.43  2429.8   93.59   41.73   69.50  3783.3   93.26   35.93   83.27   14.6     36637.709      5.50   47.23860   39.64170  "Undefined"          0.0    -5.47  0.00000000
26.12.2022 10:10:48.661  17.65000000  17649.99453   0.00  -27.3   50.7  48.0 17.48   93.6  1213.6   93.58   45.47   55.28  2586.3   93.40   41.19   71.24     0.0   93.63    0.00    0.00   12.3     36648.661      5.50   47.23860   39.64170  "Undefined"          0.0    -5.47  0.00000000
26.12.2022 10:10:59.657  17.65000000  17649.99453   0.00  -28.4   51.6  48.0 14.04   93.6  1377.6   93.54   45.08   57.30  2972.3   93.32   39.64   75.32     0.0   93.60    0.00    0.00   10.7     36659.657      5.50   47.23860   39.64170  "Undefined"          0.0    -5.47  0.00000000
26.12.2022 10:11:10.605  17.65000000  17649.99441   0.00  -34.6   51.4  48.0 14.12   94.1  1373.2   94.04   44.99   57.20  2959.7   93.82   39.50   75.05     0.0   94.11    0.00    0.00    9.5     36670.605      5.50   47.23860   39.64170  "Undefined"          0.0    -5.59  0.00000000
26.12.2022 10:11:21.598  17.65000000  17649.99453   0.00  -36.2   51.8  48.0 20.11   93.8  1120.5   93.73   45.65   54.11  2370.3   93.56   41.96   68.85  3689.8   93.24   36.40   82.41   15.1     36681.598      5.50   47.23860   39.64170  "Undefined"          0.0    -5.47  0.00000000
26.12.2022 10:11:32.546  17.65000000  17649.99453   0.00  -36.2   51.8  48.0 17.58   93.7  1209.3   93.62   45.47   55.22  2575.8   93.44   41.22   71.12     0.0   93.68    0.00    0.00   12.0     36692.546      5.50   47.23860   39.64170  "Undefined"          0.0    -5.47  0.00000000
26.12.2022 10:11:43.576  17.65000000  17649.99453   0.00  -37.8   48.2  48.0 14.45   93.4  1354.8   93.39   45.17   57.03  2918.4   93.17   39.93   74.80     0.0   93.45    0.00    0.00   10.5     36703.576      5.50   47.23860   39.64170  "Undefined"          0.0    -5.47  0.00000000
26.12.2022 10:11:54.424  17.65000000  17649.99453   0.00  -37.2   52.8  48.0 15.28   93.4  1311.2   93.30   45.29   56.50  2815.9   93.10   40.38   73.75     0.0   93.36    0.00    0.00    8.5     36714.424      5.50   47.23860   39.64170  "Undefined"          0.0    -5.47  0.00000000
26.12.2022 10:12:05.361  17.65000000  17649.99404   0.00  -69.3   24.7  48.0 22.62   99.3  1053.3   99.21   44.93   52.91  2210.1   99.03   40.86   66.00  3416.3   98.71   35.35   77.90   11.6     36725.361      5.50   47.23860   39.64170  "Undefined"          0.0    -5.96  0.00000000
26.12.2022 10:12:05.361  17.65000000  17649.99453   0.00  -44.1   49.9  48.0  2.17   94.1     0.0   94.05    0.00    0.00     0.0   94.05    0.00    0.00     0.0   94.05    0.00    0.00   13.7     36725.361      5.50   47.23860   39.64170  "Undefined"          0.0    -5.47  0.00000000
26.12.2022 10:12:27.187  17.65000000  17649.99392   0.00  -69.0   31.0  48.0 28.21   95.1   965.0   95.00   45.79   52.09  2016.7   94.85   42.83   64.67  3154.6   94.52   38.36   76.81   16.2     36747.187      5.50   47.23860   39.64170  "Undefined"          0.0    -6.08  0.00000000
26.12.2022 10:12:38.148  17.65000000  17649.99441   0.00  -43.8   50.2  48.0 20.10   93.5  1120.7   93.47   45.70   54.13  2371.1   93.31   42.04   68.91  3692.7   92.99   36.50   82.53   19.3     36758.148      5.50   47.23860   39.64170  "Undefined"          0.0    -5.59  0.00000000
26.12.2022 10:12:49.072  17.65000000  17649.99441   0.00  -43.9   50.1  48.0  5.52   92.5  2325.1   92.39   42.51   68.58     0.0   92.55    0.00    0.00     0.0   92.55    0.00    0.00   10.3     36769.072      5.50   47.23860   39.64170  "Undefined"          0.0    -5.59  0.00000000
26.12.2022 10:12:59.947  17.65000000  17649.99441   0.00  -39.9   50.1  48.0 24.06   95.7  1020.9   95.67   45.57   52.75  2140.7   95.51   42.19   65.94  3324.7   95.20   37.29   78.25   18.4     36779.947      5.50   47.23860   39.64170  "Undefined"          0.0    -5.59  0.00000000
26.12.2022 10:13:10.891  17.65000000  17649.99441   0.00  -46.0   50.0  48.0 25.69   96.1   992.4   96.09   45.57   52.37  2076.1   95.94   42.30   65.15  3226.7   95.62   37.57   77.17   19.1     36790.891      5.50   47.23860   39.64170  "Undefined"          0.0    -5.59  0.00000000
26.12.2022 10:13:21.862  17.65000000  17649.99453   0.00  -39.7   50.3  48.0 23.57   93.3  1030.4   93.24   45.92   53.01  2165.0   93.09   42.84   66.64  3371.5   92.78   38.11   79.50   20.6     36801.862      5.50   47.23860   39.64170  "Undefined"          0.0    -5.47  0.00000000