
[strDate]   [strTime]    [Frq_rpu]   [Frq_meg]    [Band]  [E]   [S_N] [Att]  [B]     [A]    [S0]  [aIRI0]   [Lat0]  [Lon0]   [S1]  [aIRI1]  [Lat1]  [Lon1]   [S2]  [aIRI2]  [Lat2]  [Lon2] [Sigm] [Time_sec]       [Cource] [BaseLat] [BaseLon] [TypeSignalName]    [Delay]
09.02.2017 10:20:09.640  4.98520003  4984.90797   0.01  -87.2   10.8  28.0 40.59   18.2     0.0   18.24    0.00    0.00     0.0   18.24    0.00    0.00     0.0   18.24    0.00    0.00    9.1     37209.640      5.50   47.24000   39.71000  "Undefined"           4.46
09.02.2017 10:20:10.036  5.06460000  5064.30291   0.01  -88.5    9.5  28.0 41.23   18.2     0.0   18.20    0.00    0.00     0.0   18.20    0.00    0.00     0.0   18.20    0.00    0.00    3.3     37210.036      5.50   47.24000   39.71000  "Undefined"           4.49
09.02.2017 10:20:10.434  5.14400001  5143.70292   0.01  -89.6   10.4  28.0 35.48   18.1     0.0   18.07    0.00    0.00     0.0   18.07    0.00    0.00     0.0   18.07    0.00    0.00    2.6     37210.434      5.50   47.24000   39.71000  "Undefined"           4.49
09.02.2017 10:20:10.632  5.18380003  5183.48280   0.01  -93.8    6.2  28.0  2.87  318.9     0.0  318.86    0.00    0.00     0.0  318.86    0.00    0.00     0.0  318.86    0.00    0.00   21.4     37210.632      5.50   47.24000   39.71000  "Undefined"           4.59
09.02.2017 10:20:10.632  5.18380003  5183.49791   0.01  -89.3   10.7  28.0 33.84   20.8     0.0   20.81    0.00    0.00     0.0   20.81    0.00    0.00     0.0   20.81    0.00    0.00    5.9     37210.632      5.50   47.24000   39.71000  "Undefined"           4.51
09.02.2017 10:20:10.831  5.22340002  5223.10294   0.01  -84.1   15.9  28.0 40.03   19.7     0.0   19.71    0.00    0.00     0.0   19.71    0.00    0.00     0.0   19.71    0.00    0.00    1.8     37210.831      5.50   47.24000   39.71000  "Undefined"           4.49
09.02.2017 10:20:11.029  5.26320000  5262.89788   0.01  -77.4   16.6  28.0 38.09   20.6     0.0   20.57    0.00    0.00     0.0   20.57    0.00    0.00     0.0   20.57    0.00    0.00    2.2     37211.029      5.50   47.24000   39.71000  "Undefined"           4.51
09.02.2017 10:20:11.227  5.30280004  5302.49288   0.01  -84.3   13.7  28.0 38.70   22.0     0.0   21.95    0.00    0.00     0.0   21.95    0.00    0.00     0.0   21.95    0.00    0.00    1.4     37211.227      5.50   47.24000   39.71000  "Undefined"           4.54
09.02.2017 10:20:11.625  5.38239999  5382.09283   0.01  -77.5   22.5  28.0 39.80   21.1     0.0   21.15    0.00    0.00     0.0   21.15    0.00    0.00     0.0   21.15    0.00    0.00    1.6     37211.625      5.50   47.24000   39.71000  "Undefined"           4.54
09.02.2017 10:20:11.823  5.42200003  5421.68784   0.01  -75.1   22.9  28.0 39.78   20.4     0.0   20.40    0.00    0.00     0.0   20.40    0.00    0.00     0.0   20.40    0.00    0.00    2.5     37211.823      5.50   47.24000   39.71000  "Undefined"           4.56
09.02.2017 10:20:12.420  5.54120002  5540.87776   0.01  -79.8   20.2  28.0 42.03   20.6     0.0   20.58    0.00    0.00     0.0   20.58    0.00    0.00     0.0   20.58    0.00    0.00    3.6     37212.420      5.50   47.24000   39.71000  "Undefined"           4.61
09.02.2017 10:20:12.618  5.58100000  5580.67270   0.01  -87.9   12.1  28.0 44.88   21.9     0.0   21.95    0.00    0.00     0.0   21.95    0.00    0.00     0.0   21.95    0.00    0.00    7.2     37212.618      5.50   47.24000   39.71000  "Undefined"           4.64
09.02.2017 10:20:12.816  5.62060004  5620.26770   0.01  -86.3   13.7  28.0 44.28   21.5     0.0   21.46    0.00    0.00     0.0   21.46    0.00    0.00     0.0   21.46    0.00    0.00    2.8     37212.816      5.50   47.24000   39.71000  "Undefined"           4.66
09.02.2017 10:20:13.213  5.70000000  5699.66263   0.01  -89.0   11.0  28.0 42.10   21.5     0.0   21.47    0.00    0.00     0.0   21.47    0.00    0.00     0.0   21.47    0.00    0.00   15.0     37213.213      5.50   47.24000   39.71000  "Undefined"           4.69
09.02.2017 10:20:13.413  5.73980003  5739.45762   0.01  -90.9    7.1  28.0 44.50   26.8     0.0   26.75    0.00    0.00     0.0   26.75    0.00    0.00     0.0   26.75    0.00    0.00   24.4     37213.413      5.50   47.24000   39.71000  "Undefined"           4.71
09.02.2017 10:20:13.809  5.81920000  5818.85759   0.01  -87.5   10.5  28.0 42.24   21.3     0.0   21.26    0.00    0.00     0.0   21.26    0.00    0.00     0.0   21.26    0.00    0.00   10.5     37213.809      5.50   47.24000   39.71000  "Undefined"           4.71
09.02.2017 10:20:14.009  5.85900002  5858.66265   0.01  -88.4    9.6  28.0 45.66   20.6     0.0   20.55    0.00    0.00     0.0   20.55    0.00    0.00     0.0   20.55    0.00    0.00    8.1     37214.009      5.50   47.24000   39.71000  "Undefined"           4.69
09.02.2017 10:20:14.405  5.93840003  5938.08784   0.01  -84.6    9.4  28.0 43.36   13.5     0.0   13.54    0.00    0.00     0.0   13.54    0.00    0.00     0.0   13.54    0.00    0.00   16.7     37214.405      5.50   47.24000   39.71000  "Undefined"           4.56
09.02.2017 10:20:14.405  5.93840003  5938.05763   0.01  -79.2   14.8  28.0 43.93   22.0     0.0   22.02    0.00    0.00     0.0   22.02    0.00    0.00     0.0   22.02    0.00    0.00    3.6     37214.405      5.50   47.24000   39.71000  "Undefined"           4.71
09.02.2017 10:20:14.604  5.97800003  5977.68279   0.01  -80.4   15.6  28.0 41.03   15.7     0.0   15.73    0.00    0.00     0.0   15.73    0.00    0.00     0.0   15.73    0.00    0.00    8.1     37214.604      5.50   47.24000   39.71000  "Undefined"           4.59
09.02.2017 10:20:14.604  5.97800003  5977.65762   0.01  -79.4   16.6  28.0 42.83   20.1     0.0   20.09    0.00    0.00     0.0   20.09    0.00    0.00     0.0   20.09    0.00    0.00    3.5     37214.604      5.50   47.24000   39.71000  "Undefined"           4.71
09.02.2017 10:20:14.802  6.01780000  6017.48277   0.01  -83.6   14.4  28.0 41.42   16.4     0.0   16.36    0.00    0.00     0.0   16.36    0.00    0.00     0.0   16.36    0.00    0.00    5.6     37214.802      5.50   47.24000   39.71000  "Undefined"           4.59
09.02.2017 10:20:14.802  6.01780000  6017.45759   0.01  -80.8   17.2  28.0 44.41   22.6     0.0   22.61    0.00    0.00     0.0   22.61    0.00    0.00     0.0   22.61    0.00    0.00    9.3     37214.802      5.50   47.24000   39.71000  "Undefined"           4.71
09.02.2017 10:20:15.002  6.05760003  6057.27776   0.01  -83.5   16.5  28.0 43.01   14.6     0.0   14.56    0.00    0.00     0.0   14.56    0.00    0.00     0.0   14.56    0.00    0.00    9.1     37215.002      5.50   47.24000   39.71000  "Undefined"           4.61
09.02.2017 10:20:15.002  6.05760003  6057.25258   0.01  -80.1   19.9  28.0 45.54   20.5     0.0   20.49    0.00    0.00     0.0   20.49    0.00    0.00     0.0   20.49    0.00    0.00    2.3     37215.002      5.50   47.24000   39.71000  "Undefined"           4.74
09.02.2017 10:20:15.200  6.09720002  6096.87272   0.01  -86.6   13.4  28.0 42.72   15.0     0.0   14.95    0.00    0.00     0.0   14.95    0.00    0.00     0.0   14.95    0.00    0.00    7.6     37215.200      5.50   47.24000   39.71000  "Undefined"           4.64
09.02.2017 10:20:15.200  6.09720002  6096.85257   0.01  -75.6   24.4  28.0 44.92   21.7     0.0   21.72    0.00    0.00     0.0   21.72    0.00    0.00     0.0   21.72    0.00    0.00    3.3     37215.200      5.50   47.24000   39.71000  "Undefined"           4.74
09.02.2017 10:20:15.398  6.13699999  6136.65255   0.01  -78.6   23.4  28.0 45.28   20.9     0.0   20.89    0.00    0.00     0.0   20.89    0.00    0.00     0.0   20.89    0.00    0.00    5.7     37215.398      5.50   47.24000   39.71000  "Undefined"           4.74
09.02.2017 10:20:15.596  6.17660003  6176.25259   0.01  -76.1   23.9  28.0 45.52   21.5     0.0   21.55    0.00    0.00     0.0   21.55    0.00    0.00     0.0   21.55    0.00    0.00    4.6     37215.596      5.50   47.24000   39.71000  "Undefined"           4.74
09.02.2017 10:20:15.796  6.21640001  6216.05257   0.01  -82.5   15.5  28.0 44.35   20.6     0.0   20.60    0.00    0.00     0.0   20.60    0.00    0.00     0.0   20.60    0.00    0.00    4.2     37215.796      5.50   47.24000   39.71000  "Undefined"           4.74
09.02.2017 10:20:15.994  6.25620003  6255.85259   0.01  -79.8   18.2  28.0 43.22   21.8     0.0   21.78    0.00    0.00     0.0   21.78    0.00    0.00     0.0   21.78    0.00    0.00    3.7     37215.994      5.50   47.24000   39.71000  "Undefined"           4.74
09.02.2017 10:20:16.193  6.29580002  6295.45258   0.01  -72.6   25.4  28.0 45.59   21.3     0.0   21.25    0.00    0.00     0.0   21.25    0.00    0.00     0.0   21.25    0.00    0.00    3.6     37216.193      5.50   47.24000   39.71000  "Undefined"           4.74
09.02.2017 10:20:16.391  6.33560000  6335.25256   0.01  -75.6   24.4  28.0 45.85   21.3     0.0   21.33    0.00    0.00     0.0   21.33    0.00    0.00     0.0   21.33    0.00    0.00    4.0     37216.391      5.50   47.24000   39.71000  "Undefined"           4.74
09.02.2017 10:20:16.589  6.37520004  6374.85259   0.01  -75.1   24.9  28.0 44.84   22.2     0.0   22.21    0.00    0.00     0.0   22.21    0.00    0.00     0.0   22.21    0.00    0.00    3.7     37216.589      5.50   47.24000   39.71000  "Undefined"           4.74
09.02.2017 10:20:16.789  6.41500001  6414.65257   0.01  -76.8   23.2  28.0 45.56   21.8     0.0   21.76    0.00    0.00     0.0   21.76    0.00    0.00     0.0   21.76    0.00    0.00    2.7     37216.789      5.50   47.24000   39.71000  "Undefined"           4.74
09.02.2017 10:20:16.987  6.45480004  6454.45260   0.01  -78.7   19.3  28.0 46.09   22.0     0.0   22.02    0.00    0.00     0.0   22.02    0.00    0.00     0.0   22.02    0.00    0.00    4.0     37216.987      5.50   47.24000   39.71000  "Undefined"           4.74
09.02.2017 10:20:17.186  6.49440003  6494.04755   0.01  -78.1   17.9  28.0 46.19   22.8     0.0   22.76    0.00    0.00     0.0   22.76    0.00    0.00     0.0   22.76    0.00    0.00    5.4     37217.186      5.50   47.24000   39.71000  "Undefined"           4.76
09.02.2017 10:20:17.384  6.53420000  6533.84753   0.01  -77.3   22.7  28.0 45.27   23.5     0.0   23.53    0.00    0.00     0.0   23.53    0.00    0.00     0.0   23.53    0.00    0.00    3.9     37217.384      5.50   47.24000   39.71000  "Undefined"           4.76
09.02.2017 10:20:17.582  6.57380000  6573.44752   0.01  -71.7   28.3  28.0 46.45   23.6     0.0   23.55    0.00    0.00     0.0   23.55    0.00    0.00     0.0   23.55    0.00    0.00    3.4     37217.582      5.50   47.24000   39.71000  "Undefined"           4.76
09.02.2017 10:20:17.782  6.61360002  6613.24754   0.01  -70.6   29.4  28.0 45.46   22.8     0.0   22.83    0.00    0.00     0.0   22.83    0.00    0.00     0.0   22.83    0.00    0.00    2.6     37217.782      5.50   47.24000   39.71000  "Undefined"           4.76
09.02.2017 10:20:17.980  6.65340000  6653.04752   0.01  -71.6   28.4  28.0 45.79   22.9     0.0   22.88    0.00    0.00     0.0   22.88    0.00    0.00     0.0   22.88    0.00    0.00    2.7     37217.980      5.50   47.24000   39.71000  "Undefined"           4.76
09.02.2017 10:20:18.178  6.69300003  6692.64756   0.01  -73.7   26.3  28.0 44.88   23.1     0.0   23.11    0.00    0.00     0.0   23.11    0.00    0.00     0.0   23.11    0.00    0.00    3.0     37218.178      5.50   47.24000   39.71000  "Undefined"           4.76
09.02.2017 10:20:18.378  6.73280001  6732.44250   0.01  -70.9   23.1  28.0 45.09   23.3     0.0   23.30    0.00    0.00     0.0   23.30    0.00    0.00     0.0   23.30    0.00    0.00    2.2     37218.378      5.50   47.24000   39.71000  "Undefined"           4.79
09.02.2017 10:20:18.575  6.77240000  6772.04249   0.01  -67.9   30.1  28.0 46.45   23.6     0.0   23.60    0.00    0.00     0.0   23.60    0.00    0.00     0.0   23.60    0.00    0.00    1.9     37218.575      5.50   47.24000   39.71000  "Undefined"           4.79
09.02.2017 10:20:18.775  6.81220003  6811.84251   0.01  -69.1   14.9  28.0 46.31   24.0     0.0   23.96    0.00    0.00     0.0   23.96    0.00    0.00     0.0   23.96    0.00    0.00    3.8     37218.775      5.50   47.24000   39.71000  "Undefined"           4.79
09.02.2017 10:20:18.973  6.85200000  6851.63745   0.01  -73.5   16.5  28.0 46.30   23.6     0.0   23.62    0.00    0.00     0.0   23.62    0.00    0.00     0.0   23.62    0.00    0.00    3.1     37218.973      5.50   47.24000   39.71000  "Undefined"           4.81
09.02.2017 10:20:19.171  6.89159999  6891.23744   0.01  -75.6   24.4  28.0 47.18   24.2     0.0   24.17    0.00    0.00     0.0   24.17    0.00    0.00     0.0   24.17    0.00    0.00    3.7     37219.171      5.50   47.24000   39.71000  "Undefined"           4.81
09.02.2017 10:20:19.371  6.93140002  6931.03747   0.01  -75.3   22.7  28.0 46.72   24.8     0.0   24.81    0.00    0.00     0.0   24.81    0.00    0.00     0.0   24.81    0.00    0.00    6.4     37219.371      5.50   47.24000   39.71000  "Undefined"           4.81
09.02.2017 10:20:19.569  6.97100001  6970.63242   0.01  -78.1   17.9  28.0 47.73   23.9     0.0   23.91    0.00    0.00     0.0   23.91    0.00    0.00     0.0   23.91    0.00    0.00    3.7     37219.569      5.50   47.24000   39.71000  "Undefined"           4.84
09.02.2017 10:20:19.767  7.01080003  7010.43245   0.01  -78.9   17.1  28.0 47.77   22.8     0.0   22.75    0.00    0.00     0.0   22.75    0.00    0.00     0.0   22.75    0.00    0.00    3.2     37219.767      5.50   47.24000   39.71000  "Undefined"           4.84
09.02.2017 10:20:19.967  7.05060001  7050.23746   0.01  -92.0    8.0  28.0 48.69   22.8     0.0   22.78    0.00    0.00     0.0   22.78    0.00    0.00     0.0   22.78    0.00    0.00    7.1     37219.967      5.50   47.24000   39.71000  "Undefined"           4.81
09.02.2017 10:20:19.967  7.05060001  7050.22739   0.01  -87.7   12.3  28.0 47.79   23.4     0.0   23.42    0.00    0.00     0.0   23.42    0.00    0.00     0.0   23.42    0.00    0.00   10.3     37219.967      5.50   47.24000   39.71000  "Undefined"           4.86
09.02.2017 10:20:20.164  7.09020000  7089.82738   0.01  -80.5   15.5  28.0 48.26   23.4     0.0   23.41    0.00    0.00     0.0   23.41    0.00    0.00     0.0   23.41    0.00    0.00    6.3     37220.164      5.50   47.24000   39.71000  "Undefined"           4.86
09.02.2017 10:20:20.364  7.13000002  7129.61733   0.01  -89.6    6.4  28.0 48.16   27.3     0.0   27.33    0.00    0.00     0.0   27.33    0.00    0.00     0.0   27.33    0.00    0.00   15.3     37220.364      5.50   47.24000   39.71000  "Undefined"           4.91
09.02.2017 10:20:20.364  7.13000002  7129.63747   0.01  -85.0   11.0  28.0 46.00   17.5     0.0   17.55    0.00    0.00     0.0   17.55    0.00    0.00     0.0   17.55    0.00    0.00    4.4     37220.364      5.50   47.24000   39.71000  "Undefined"           4.81
09.02.2017 10:20:20.562  7.16960001  7169.16193   0.01  -93.5    8.5  28.0 48.24   27.0     0.0   26.99    0.00    0.00     0.0   26.99    0.00    0.00     0.0   26.99    0.00    0.00   10.4     37220.562      5.50   47.24000   39.71000  "Undefined"           5.19
09.02.2017 10:20:20.562  7.16960001  7169.19718   0.01  -91.4   10.6  28.0 48.70   24.0     0.0   24.00    0.00    0.00     0.0   24.00    0.00    0.00     0.0   24.00    0.00    0.00   17.6     37220.562      5.50   47.24000   39.71000  "Undefined"           5.01
09.02.2017 10:20:20.562  7.16960001  7169.21732   0.01  -90.2   11.8  28.0 47.19   24.2     0.0   24.23    0.00    0.00     0.0   24.23    0.00    0.00     0.0   24.23    0.00    0.00    9.0     37220.562      5.50   47.24000   39.71000  "Undefined"           4.91
09.02.2017 10:20:20.562  7.16960001  7169.23747   0.01  -84.8   17.2  28.0 45.37   23.0     0.0   23.03    0.00    0.00     0.0   23.03    0.00    0.00     0.0   23.03    0.00    0.00    8.2     37220.562      5.50   47.24000   39.71000  "Undefined"           4.81
09.02.2017 10:20:20.959  7.24900003  7248.63748   0.01  -88.2    7.8  28.0 47.43   22.7     0.0   22.70    0.00    0.00     0.0   22.70    0.00    0.00     0.0   22.70    0.00    0.00    7.4     37220.959      5.50   47.24000   39.71000  "Undefined"           4.81
09.02.2017 10:20:20.959  7.24900003  7248.59720   0.01  -87.3    8.7  28.0 49.29   26.0     0.0   26.00    0.00    0.00     0.0   26.00    0.00    0.00     0.0   26.00    0.00    0.00   13.7     37220.959      5.50   47.24000   39.71000  "Undefined"           5.01
09.02.2017 10:20:20.959  7.24900003  7248.62237   0.01  -87.2    8.8  28.0 49.11   26.0     0.0   26.01    0.00    0.00     0.0   26.01    0.00    0.00     0.0   26.01    0.00    0.00   10.7     37220.959      5.50   47.24000   39.71000  "Undefined"           4.89
09.02.2017 10:20:20.959  7.24900003  7248.57202   0.01  -85.9   10.1  28.0 46.37   25.5     0.0   25.52    0.00    0.00     0.0   25.52    0.00    0.00     0.0   25.52    0.00    0.00    8.6     37220.959      5.50   47.24000   39.71000  "Undefined"           5.14
09.02.2017 10:20:21.157  7.28880001  7288.40724   0.01  -88.4    9.6  28.0 48.62   22.3     0.0   22.28    0.00    0.00     0.0   22.28    0.00    0.00     0.0   22.28    0.00    0.00   10.9     37221.157      5.50   47.24000   39.71000  "Undefined"           4.96
09.02.2017 10:20:21.157  7.28880001  7288.41731   0.01  -88.1    9.9  28.0 48.45   28.5     0.0   28.52    0.00    0.00     0.0   28.52    0.00    0.00     0.0   28.52    0.00    0.00   16.0     37221.157      5.50   47.24000   39.71000  "Undefined"           4.91
09.02.2017 10:20:21.157  7.28880001  7288.43242   0.01  -85.8   12.2  28.0 48.94   23.1     0.0   23.06    0.00    0.00     0.0   23.06    0.00    0.00     0.0   23.06    0.00    0.00    7.9     37221.157      5.50   47.24000   39.71000  "Undefined"           4.84
09.02.2017 10:20:21.555  7.36820002  7367.83244   0.01  -90.9    9.1  28.0 47.20   25.2     0.0   25.25    0.00    0.00     0.0   25.25    0.00    0.00     0.0   25.25    0.00    0.00    8.3     37221.555      5.50   47.24000   39.71000  "Undefined"           4.84
09.02.2017 10:20:21.555  7.36820002  7367.80726   0.01  -86.9   13.1  28.0 47.95   26.1     0.0   26.09    0.00    0.00     0.0   26.09    0.00    0.00     0.0   26.09    0.00    0.00    7.1     37221.555      5.50   47.24000   39.71000  "Undefined"           4.96
09.02.2017 10:20:21.753  7.40800000  7407.62738   0.01  -85.6   14.4  28.0 48.55   22.3     0.0   22.28    0.00    0.00     0.0   22.28    0.00    0.00     0.0   22.28    0.00    0.00    6.7     37221.753      5.50   47.24000   39.71000  "Undefined"           4.86
09.02.2017 10:20:22.151  7.48740001  7487.02739   0.01  -85.3    6.7  28.0 46.54   24.4     0.0   24.41    0.00    0.00     0.0   24.41    0.00    0.00     0.0   24.41    0.00    0.00   11.2     37222.151      5.50   47.24000   39.71000  "Undefined"           4.86
09.02.2017 10:20:22.349  7.52720004  7526.82238   0.01  -89.9    6.1  28.0 46.68   23.9     0.0   23.95    0.00    0.00     0.0   23.95    0.00    0.00     0.0   23.95    0.00    0.00   10.0     37222.349      5.50   47.24000   39.71000  "Undefined"           4.89
09.02.2017 10:20:22.548  7.56680003  7566.40727   0.01  -95.7    6.3  28.0 48.29   22.4     0.0   22.36    0.00    0.00     0.0   22.36    0.00    0.00     0.0   22.36    0.00    0.00   17.2     37222.548      5.50   47.24000   39.71000  "Undefined"           4.96
09.02.2017 10:20:22.548  7.56680003  7566.30656   0.01  -95.4    6.6  28.0 51.50   33.0     0.0   33.04    0.00    0.00     0.0   33.04    0.00    0.00     0.0   33.04    0.00    0.00   23.5     37222.548      5.50   47.24000   39.71000  "Undefined"           5.47
09.02.2017 10:20:22.548  7.56680003  7566.42237   0.01  -85.6   16.4  28.0 47.13   23.3     0.0   23.34    0.00    0.00     0.0   23.34    0.00    0.00     0.0   23.34    0.00    0.00    9.6     37222.548      5.50   47.24000   39.71000  "Undefined"           4.89
09.02.2017 10:20:22.746  7.60660000  7606.22235   0.01  -85.9   16.1  28.0 47.15   23.0     0.0   23.00    0.00    0.00     0.0   23.00    0.00    0.00     0.0   23.00    0.00    0.00    9.5     37222.746      5.50   47.24000   39.71000  "Undefined"           4.89
09.02.2017 10:20:23.144  7.68600002  7685.52669   0.01  -93.5   10.5  28.0 50.56   28.5     0.0   28.48    0.00    0.00     0.0   28.48    0.00    0.00     0.0   28.48    0.00    0.00   22.8     37223.144      5.50   47.24000   39.71000  "Undefined"           5.37
09.02.2017 10:20:23.144  7.68600002  7685.61229   0.01  -92.7   11.3  28.0 46.94   24.8     0.0   24.83    0.00    0.00     0.0   24.83    0.00    0.00     0.0   24.83    0.00    0.00   28.8     37223.144      5.50   47.24000   39.71000  "Undefined"           4.94
09.02.2017 10:20:23.144  7.68600002  7685.54180   0.01  -92.4   11.6  28.0 49.69   30.4     0.0   30.37    0.00    0.00     0.0   30.37    0.00    0.00     0.0   30.37    0.00    0.00   21.9     37223.144      5.50   47.24000   39.71000  "Undefined"           5.29
09.02.2017 10:20:23.144  7.68600002  7685.59719   0.01  -89.2   14.8  28.0 47.06   25.5     0.0   25.50    0.00    0.00     0.0   25.50    0.00    0.00     0.0   25.50    0.00    0.00   12.2     37223.144      5.50   47.24000   39.71000  "Undefined"           5.01
09.02.2017 10:20:23.342  7.72579999  7725.37198   0.01  -92.7    9.3  28.0 46.96   25.6     0.0   25.61    0.00    0.00     0.0   25.61    0.00    0.00     0.0   25.61    0.00    0.00   16.5     37223.342      5.50   47.24000   39.71000  "Undefined"           5.14
09.02.2017 10:20:23.342  7.72579999  7725.36191   0.01  -92.3    9.7  28.0 45.36   28.5     0.0   28.54    0.00    0.00     0.0   28.54    0.00    0.00     0.0   28.54    0.00    0.00   20.3     37223.342      5.50   47.24000   39.71000  "Undefined"           5.19
09.02.2017 10:20:23.342  7.72579999  7725.34681   0.01  -88.6   13.4  28.0 47.73   26.9     0.0   26.94    0.00    0.00     0.0   26.94    0.00    0.00     0.0   26.94    0.00    0.00   16.3     37223.342      5.50   47.24000   39.71000  "Undefined"           5.27
09.02.2017 10:20:23.342  7.72579999  7725.40723   0.01  -81.6   20.4  28.0 46.67   23.7     0.0   23.69    0.00    0.00     0.0   23.69    0.00    0.00     0.0   23.69    0.00    0.00   12.1     37223.342      5.50   47.24000   39.71000  "Undefined"           4.96
09.02.2017 10:20:23.540  7.76540003  7764.90656   0.01  -92.7    9.3  28.0 47.04   23.6     0.0   23.64    0.00    0.00     0.0   23.64    0.00    0.00     0.0   23.64    0.00    0.00   13.9     37223.540      5.50   47.24000   39.71000  "Undefined"           5.47
09.02.2017 10:20:23.540  7.76540003  7764.95188   0.01  -85.3   16.7  28.0 47.63   26.0     0.0   26.01    0.00    0.00     0.0   26.01    0.00    0.00     0.0   26.01    0.00    0.00   15.8     37223.540      5.50   47.24000   39.71000  "Undefined"           5.24
09.02.2017 10:20:23.540  7.76540003  7764.98209   0.01  -82.7   19.3  28.0 46.92   26.1     0.0   26.08    0.00    0.00     0.0   26.08    0.00    0.00     0.0   26.08    0.00    0.00   15.2     37223.540      5.50   47.24000   39.71000  "Undefined"           5.09
09.02.2017 10:20:23.540  7.76540003  7764.99216   0.01  -82.1   19.9  28.0 46.58   23.9     0.0   23.88    0.00    0.00     0.0   23.88    0.00    0.00     0.0   23.88    0.00    0.00   12.3     37223.540      5.50   47.24000   39.71000  "Undefined"           5.04
09.02.2017 10:20:23.540  7.76540003  7765.00224   0.01  -80.9   21.1  28.0 46.50   23.8     0.0   23.76    0.00    0.00     0.0   23.76    0.00    0.00     0.0   23.76    0.00    0.00   14.9     37223.540      5.50   47.24000   39.71000  "Undefined"           4.99
09.02.2017 10:20:23.740  7.80520001  7804.75186   0.01  -94.9    7.1  28.0 45.64   24.1     0.0   24.11    0.00    0.00     0.0   24.11    0.00    0.00     0.0   24.11    0.00    0.00   19.9     37223.740      5.50   47.24000   39.71000  "Undefined"           5.24
09.02.2017 10:20:23.740  7.80520001  7804.73675   0.01  -92.5    9.5  28.0 45.81   22.9     0.0   22.90    0.00    0.00     0.0   22.90    0.00    0.00     0.0   22.90    0.00    0.00   16.5     37223.740      5.50   47.24000   39.71000  "Undefined"           5.32
09.02.2017 10:20:23.740  7.80520001  7804.72668   0.01  -89.1   12.9  28.0 48.44   23.9     0.0   23.94    0.00    0.00     0.0   23.94    0.00    0.00     0.0   23.94    0.00    0.00   17.0     37223.740      5.50   47.24000   39.71000  "Undefined"           5.37
09.02.2017 10:20:23.740  7.80520001  7804.77200   0.01  -85.4   16.6  28.0 45.93   23.7     0.0   23.71    0.00    0.00     0.0   23.71    0.00    0.00     0.0   23.71    0.00    0.00   16.7     37223.740      5.50   47.24000   39.71000  "Undefined"           5.14
09.02.2017 10:20:23.740  7.80520001  7804.78207   0.01  -83.8   18.2  28.0 46.15   23.8     0.0   23.76    0.00    0.00     0.0   23.76    0.00    0.00     0.0   23.76    0.00    0.00   14.1     37223.740      5.50   47.24000   39.71000  "Undefined"           5.09
09.02.2017 10:20:23.740  7.80520001  7804.79718   0.01  -80.8   21.2  28.0 47.11   24.2     0.0   24.16    0.00    0.00     0.0   24.16    0.00    0.00     0.0   24.16    0.00    0.00   13.0     37223.740      5.50   47.24000   39.71000  "Undefined"           5.01
09.02.2017 10:20:23.937  7.84480000  7844.40220   0.01  -91.8   12.2  28.0 43.72   20.5     0.0   20.52    0.00    0.00     0.0   20.52    0.00    0.00     0.0   20.52    0.00    0.00   11.9     37223.937      5.50   47.24000   39.71000  "Undefined"           4.99
09.02.2017 10:20:23.937  7.84480000  7844.35185   0.01  -90.3   13.7  28.0 46.26   23.7     0.0   23.71    0.00    0.00     0.0   23.71    0.00    0.00     0.0   23.71    0.00    0.00   18.7     37223.937      5.50   47.24000   39.71000  "Undefined"           5.24
09.02.2017 10:20:23.937  7.84480000  7844.38206   0.01  -88.1   15.9  28.0 46.05   24.5     0.0   24.46    0.00    0.00     0.0   24.46    0.00    0.00     0.0   24.46    0.00    0.00   13.9     37223.937      5.50   47.24000   39.71000  "Undefined"           5.09
09.02.2017 10:20:23.937  7.84480000  7844.36696   0.01  -78.4   25.6  28.0 46.18   24.4     0.0   24.43    0.00    0.00     0.0   24.43    0.00    0.00     0.0   24.43    0.00    0.00   15.0     37223.937      5.50   47.24000   39.71000  "Undefined"           5.17
09.02.2017 10:20:24.137  7.88460002  7884.14180   0.01  -94.1    9.9  28.0 46.20   24.6     0.0   24.58    0.00    0.00     0.0   24.58    0.00    0.00     0.0   24.58    0.00    0.00   14.1     37224.137      5.50   47.24000   39.71000  "Undefined"           5.29
09.02.2017 10:20:24.137  7.88460002  7884.16194   0.01  -91.9   12.1  28.0 46.71   24.1     0.0   24.13    0.00    0.00     0.0   24.13    0.00    0.00     0.0   24.13    0.00    0.00   15.8     37224.137      5.50   47.24000   39.71000  "Undefined"           5.19
09.02.2017 10:20:24.137  7.88460002  7884.17705   0.01  -91.5   12.5  28.0 46.67   22.9     0.0   22.94    0.00    0.00     0.0   22.94    0.00    0.00     0.0   22.94    0.00    0.00   21.2     37224.137      5.50   47.24000   39.71000  "Undefined"           5.11
09.02.2017 10:20:24.137  7.88460002  7884.19719   0.01  -90.0   14.0  28.0 46.99   24.2     0.0   24.19    0.00    0.00     0.0   24.19    0.00    0.00     0.0   24.19    0.00    0.00   12.4     37224.137      5.50   47.24000   39.71000  "Undefined"           5.01
09.02.2017 10:20:24.335  7.92440000  7923.95688   0.01  -95.6    6.4  28.0 43.16   22.2     0.0   22.16    0.00    0.00     0.0   22.16    0.00    0.00     0.0   22.16    0.00    0.00   28.7     37224.335      5.50   47.24000   39.71000  "Undefined"           5.22
09.02.2017 10:20:24.335  7.92440000  7924.00220   0.01  -95.5    6.5  28.0 44.52   24.9     0.0   24.86    0.00    0.00     0.0   24.86    0.00    0.00     0.0   24.86    0.00    0.00   12.2     37224.335      5.50   47.24000   39.71000  "Undefined"           4.99
09.02.2017 10:20:24.733  8.00380001  8003.39718   0.01  -93.9    6.1  28.0 45.25   17.7     0.0   17.73    0.00    0.00     0.0   17.73    0.00    0.00     0.0   17.73    0.00    0.00   18.1     37224.733      5.50   47.24000   39.71000  "Undefined"           5.01
