0 1 0 0 0 0 -1 1 1 0 2 0 0 0 1
.1 .000001 .0000001 .001 
.01 300. .01 2.5 2. 4000.0
39.2 47.3 0.0 33.0 33.0 0.0 2003 1.5 0 0 1 1
0
0
113000 113500 000030
79 1 2 0 0
4.0
4.25
4.5
4.75
5.0 
5.25 
5.5
5.75
6.0
6.25
6.5
6.75
7.0
7.25
7.5
7.75
8.0
8.25
8.5
8.75
9.0
9.25
9.5
9.75
10.0
10.25
10.5
10.75
11.0
11.25
11.5
11.75
12.0
12.25
12.5
12.75
13.0
13.05
13.06
13.07
13.08
13.09
13.1
13.25
13.5
13.75
14.0
14.25
14.5
14.75
15.0
15.25
15.5
15.75
16.0
16.25
16.5
16.75
17.0
17.25
17.5
17.75
18.0
18.25
18.5
18.75
19.0
19.25
19.5
19.75
20.0
20.25
20.5
20.75
21.0
21.25
21.5
21.75
22.0
113000 114500 001500
0
.0000000002 0 0
0
1
7 200 100
.0 .0
21

