
[strDate]   [strTime]    [Frq_rpu]   [Frq_meg]    [Band]  [E]   [S_N] [Att]  [B]     [A]    [S0]  [aIRI0]   [Lat0]  [Lon0]   [S1]  [aIRI1]  [Lat1]  [Lon1]   [S2]  [aIRI2]  [Lat2]  [Lon2] [Sigm] [Time_sec]       [Cource] [BaseLat] [BaseLon] [TypeSignalName]    [Delay]
06.01.2017 10:55:22.075  8.79409998  8793.89856   0.00  -98.2   11.8  28.0  0.25  203.0     0.0  203.02    0.00    0.00     0.0  203.02    0.00    0.00     0.0  203.02    0.00    0.00    6.5     39322.075      5.50   47.24000   39.71000  "Undefined"           5.01
06.01.2017 10:55:22.869  8.87349999  8873.29858   0.00 -105.9    6.1  28.0  3.30  204.7     0.0  204.68    0.00    0.00     0.0  204.68    0.00    0.00     0.0  204.68    0.00    0.00   10.4     39322.869      5.50   47.24000   39.71000  "Undefined"           5.01
06.01.2017 10:55:23.664  8.95289998  8952.69731   0.00  -95.4   12.6  28.0 13.65  204.7     0.0  204.69    0.00    0.00     0.0  204.69    0.00    0.00     0.0  204.69    0.00    0.00    5.4     39323.664      5.50   47.24000   39.71000  "Undefined"           5.03
06.01.2017 10:55:24.459  9.03239999  9032.19857   0.00  -92.8   17.2  28.0 19.33  203.7     0.0  203.72    0.00    0.00     0.0  203.72    0.00    0.00     0.0  203.72    0.00    0.00    1.9     39324.459      5.50   47.24000   39.71000  "Undefined"           5.01
06.01.2017 10:55:25.253  9.11179998  9111.60108   0.00 -103.9    8.1  28.0  5.31  201.5     0.0  201.51    0.00    0.00     0.0  201.51    0.00    0.00     0.0  201.51    0.00    0.00   16.5     39325.253      5.50   47.24000   39.71000  "Undefined"           4.99
06.01.2017 10:55:26.842  9.27069998  9270.49856   0.00  -99.9   12.1  28.0 13.92  203.8     0.0  203.84    0.00    0.00     0.0  203.84    0.00    0.00     0.0  203.84    0.00    0.00    4.0     39326.842      5.50   47.24000   39.71000  "Undefined"           5.01
06.01.2017 10:55:28.430  9.42959998  9429.40108   0.00  -99.7   10.3  28.0  0.22  203.8     0.0  203.84    0.00    0.00     0.0  203.84    0.00    0.00     0.0  203.84    0.00    0.00   12.1     39328.430      5.50   47.24000   39.71000  "Undefined"           4.99
06.01.2017 10:55:29.224  9.50899999  9508.79984   0.00  -90.9   15.1  28.0 11.57  202.5     0.0  202.54    0.00    0.00     0.0  202.54    0.00    0.00     0.0  202.54    0.00    0.00    9.3     39329.224      5.50   47.24000   39.71000  "Undefined"           5.00
06.01.2017 10:55:30.019  9.58839998  9588.19983   0.00  -91.3   10.7  28.0 12.44  204.5     0.0  204.49    0.00    0.00     0.0  204.49    0.00    0.00     0.0  204.49    0.00    0.00    7.4     39330.019      5.50   47.24000   39.71000  "Undefined"           5.00
06.01.2017 10:55:30.813  9.66789999  9667.69984   0.00  -94.2   13.8  28.0 13.92  202.9     0.0  202.95    0.00    0.00     0.0  202.95    0.00    0.00     0.0  202.95    0.00    0.00    5.3     39330.813      5.50   47.24000   39.71000  "Undefined"           5.00
06.01.2017 10:55:31.608  9.74729998  9747.09983   0.00  -87.3   12.7  28.0 11.99  201.8     0.0  201.84    0.00    0.00     0.0  201.84    0.00    0.00     0.0  201.84    0.00    0.00   13.3     39331.608      5.50   47.24000   39.71000  "Undefined"           5.00
06.01.2017 10:55:32.401  9.82679999  9826.59857   0.00  -93.4   16.6  28.0  9.40  207.8     0.0  207.78    0.00    0.00     0.0  207.78    0.00    0.00     0.0  207.78    0.00    0.00   10.8     39332.401      5.50   47.24000   39.71000  "Undefined"           5.01
06.01.2017 10:55:33.197  9.90619998  9905.99857   0.00  -78.8   17.2  28.0 13.83  204.7     0.0  204.71    0.00    0.00     0.0  204.71    0.00    0.00     0.0  204.71    0.00    0.00    5.8     39333.197      5.50   47.24000   39.71000  "Undefined"           5.01
06.01.2017 10:55:33.990  9.98560000  9985.39858   0.00  -73.4   28.6  28.0 10.55  204.2     0.0  204.19    0.00    0.00     0.0  204.19    0.00    0.00     0.0  204.19    0.00    0.00    3.0     39333.990      5.50   47.24000   39.71000  "Undefined"           5.01
06.01.2017 10:55:34.786 10.06509998 10064.89982   0.00  -72.7   39.3  28.0 11.33  204.5     0.0  204.52    0.00    0.00     0.0  204.52    0.00    0.00     0.0  204.52    0.00    0.00    3.4     39334.786      5.50   47.24000   39.71000  "Undefined"           5.00
06.01.2017 10:55:35.579 10.14450000 10144.29984   0.00  -71.4   36.6  28.0 10.75  204.4     0.0  204.41    0.00    0.00     0.0  204.41    0.00    0.00     0.0  204.41    0.00    0.00    2.6     39335.579      5.50   47.24000   39.71000  "Undefined"           5.00
06.01.2017 10:55:36.374 10.22389999 10223.69983   0.00  -67.6   40.4  28.0  8.84  204.3     0.0  204.30    0.00    0.00     0.0  204.30    0.00    0.00     0.0  204.30    0.00    0.00    3.8     39336.374      5.50   47.24000   39.71000  "Undefined"           5.00
06.01.2017 10:55:37.168 10.30339999 10303.19858   0.00  -62.5   49.5  28.0  7.54  204.2     0.0  204.24    0.00    0.00     0.0  204.24    0.00    0.00     0.0  204.24    0.00    0.00    4.0     39337.168      5.50   47.24000   39.71000  "Undefined"           5.01
06.01.2017 10:55:37.963 10.38279999 10382.59857   0.00  -59.3   54.7  28.0  7.26  204.4     0.0  204.44    0.00    0.00     0.0  204.44    0.00    0.00     0.0  204.44    0.00    0.00    4.9     39337.963      5.50   47.24000   39.71000  "Undefined"           5.01
06.01.2017 10:55:38.756 10.46229999 10462.09858   0.00  -61.4   46.6  28.0  6.48  204.1     0.0  204.13    0.00    0.00     0.0  204.13    0.00    0.00     0.0  204.13    0.00    0.00    5.2     39338.756      5.50   47.24000   39.71000  "Undefined"           5.01
06.01.2017 10:55:39.552 10.54169998 10541.50234   0.00  -69.2   42.8  28.0  8.65  203.8     0.0  203.85    0.00    0.00     0.0  203.85    0.00    0.00     0.0  203.85    0.00    0.00    5.3     39339.552      5.50   47.24000   39.71000  "Undefined"           4.98
06.01.2017 10:55:39.552 10.54169998 10541.49857   0.00  -57.1   54.9  28.0  8.39  203.9     0.0  203.86    0.00    0.00     0.0  203.86    0.00    0.00     0.0  203.86    0.00    0.00    5.8     39339.552      5.50   47.24000   39.71000  "Undefined"           5.01
06.01.2017 10:55:40.345 10.62110000 10620.89984   0.00  -58.3   53.7  28.0  9.36  203.8     0.0  203.83    0.00    0.00     0.0  203.83    0.00    0.00     0.0  203.83    0.00    0.00    5.0     39340.345      5.50   47.24000   39.71000  "Undefined"           5.00
06.01.2017 10:55:41.140 10.70059998 10700.39983   0.00  -61.5   50.5  28.0  9.64  203.9     0.0  203.93    0.00    0.00     0.0  203.93    0.00    0.00     0.0  203.93    0.00    0.00    4.5     39341.140      5.50   47.24000   39.71000  "Undefined"           5.00
06.01.2017 10:55:41.934 10.78000000 10779.79984   0.00  -74.2   29.8  28.0 11.20  203.7     0.0  203.74    0.00    0.00     0.0  203.74    0.00    0.00     0.0  203.74    0.00    0.00    4.4     39341.934      5.50   47.24000   39.71000  "Undefined"           5.00
06.01.2017 10:55:41.934 10.78000000 10779.79732   0.00  -70.4   33.6  28.0 12.35  204.4     0.0  204.40    0.00    0.00     0.0  204.40    0.00    0.00     0.0  204.40    0.00    0.00    6.0     39341.934      5.50   47.24000   39.71000  "Undefined"           5.03
06.01.2017 10:55:42.729 10.85939999 10859.19857   0.00  -68.5   43.5  28.0 10.01  203.1     0.0  203.06    0.00    0.00     0.0  203.06    0.00    0.00     0.0  203.06    0.00    0.00    4.3     39342.729      5.50   47.24000   39.71000  "Undefined"           5.01
06.01.2017 10:55:43.523 10.93890000 10938.69858   0.00  -58.3   53.7  28.0 11.14  203.8     0.0  203.83    0.00    0.00     0.0  203.83    0.00    0.00     0.0  203.83    0.00    0.00    3.7     39343.523      5.50   47.24000   39.71000  "Undefined"           5.01
06.01.2017 10:55:44.318 11.01850000 11018.29858   0.00  -50.5   59.5  28.0 11.04  204.1     0.0  204.10    0.00    0.00     0.0  204.10    0.00    0.00     0.0  204.10    0.00    0.00    4.0     39344.318      5.50   47.24000   39.71000  "Undefined"           5.01
06.01.2017 10:55:45.111 11.09779999 11097.59858   0.00  -51.6   42.4  28.0 11.63  204.1     0.0  204.13    0.00    0.00     0.0  204.13    0.00    0.00     0.0  204.13    0.00    0.00    5.0     39345.111      5.50   47.24000   39.71000  "Undefined"           5.01
06.01.2017 10:55:45.907 11.17719999 11176.99857   0.00  -55.6   58.4  28.0 11.83  203.9     0.0  203.89    0.00    0.00     0.0  203.89    0.00    0.00     0.0  203.89    0.00    0.00    4.4     39345.907      5.50   47.24000   39.71000  "Undefined"           5.01
06.01.2017 10:55:46.700 11.25659998 11256.39856   0.00  -57.2   54.8  28.0 10.93  204.6     0.0  204.59    0.00    0.00     0.0  204.59    0.00    0.00     0.0  204.59    0.00    0.00    6.0     39346.700      5.50   47.24000   39.71000  "Undefined"           5.01
06.01.2017 10:55:47.496 11.33619998 11335.99856   0.00  -53.9   56.1  28.0 11.22  204.1     0.0  204.08    0.00    0.00     0.0  204.08    0.00    0.00     0.0  204.08    0.00    0.00    5.8     39347.496      5.50   47.24000   39.71000  "Undefined"           5.01
06.01.2017 10:55:48.289 11.41550000 11415.29858   0.00  -61.5   50.5  28.0 10.74  204.6     0.0  204.60    0.00    0.00     0.0  204.60    0.00    0.00     0.0  204.60    0.00    0.00    5.3     39348.289      5.50   47.24000   39.71000  "Undefined"           5.01
06.01.2017 10:55:49.084 11.49489999 11494.69857   0.00  -56.9   33.1  28.0 12.37  204.0     0.0  203.98    0.00    0.00     0.0  203.98    0.00    0.00     0.0  203.98    0.00    0.00    5.7     39349.084      5.50   47.24000   39.71000  "Undefined"           5.01
06.01.2017 10:55:49.878 11.57440000 11574.19732   0.00  -57.8   36.2  28.0 14.31  203.0     0.0  203.03    0.00    0.00     0.0  203.03    0.00    0.00     0.0  203.03    0.00    0.00    8.6     39349.878      5.50   47.24000   39.71000  "Undefined"           5.03
06.01.2017 10:55:50.673 11.65379999 11653.59731   0.00  -56.5   35.5  28.0 14.14  203.0     0.0  202.95    0.00    0.00     0.0  202.95    0.00    0.00     0.0  202.95    0.00    0.00    6.7     39350.673      5.50   47.24000   39.71000  "Undefined"           5.03
06.01.2017 10:55:51.467 11.73330000 11733.04949   0.00  -97.6   12.4  28.0 12.26  189.0     0.0  188.98    0.00    0.00     0.0  188.98    0.00    0.00     0.0  188.98    0.00    0.00    4.7     39351.467      5.50   47.24000   39.71000  "Undefined"           5.51
06.01.2017 10:55:51.467 11.73330000 11733.04067   0.00  -89.7   20.3  28.0 29.70  205.3     0.0  205.34    0.00    0.00     0.0  205.34    0.00    0.00     0.0  205.34    0.00    0.00    7.4     39351.467      5.50   47.24000   39.71000  "Undefined"           5.59
06.01.2017 10:55:51.467 11.73330000 11733.09732   0.00  -53.4   56.6  28.0 13.86  203.2     0.0  203.24    0.00    0.00     0.0  203.24    0.00    0.00     0.0  203.24    0.00    0.00    6.7     39351.467      5.50   47.24000   39.71000  "Undefined"           5.03
06.01.2017 10:55:52.262 11.81269999 11812.49731   0.00  -53.1   34.9  28.0 14.39  203.3     0.0  203.30    0.00    0.00     0.0  203.30    0.00    0.00     0.0  203.30    0.00    0.00    7.8     39352.262      5.50   47.24000   39.71000  "Undefined"           5.03
06.01.2017 10:55:53.055 11.89209998 11891.84317   0.00  -87.8    8.2  28.0 29.27  205.8     0.0  205.82    0.00    0.00     0.0  205.82    0.00    0.00     0.0  205.82    0.00    0.00    9.2     39353.055      5.50   47.24000   39.71000  "Undefined"           5.57
06.01.2017 10:55:53.055 11.89209998 11891.89730   0.00  -58.3   37.7  28.0 15.63  202.9     0.0  202.94    0.00    0.00     0.0  202.94    0.00    0.00     0.0  202.94    0.00    0.00    8.3     39353.055      5.50   47.24000   39.71000  "Undefined"           5.03
06.01.2017 10:55:53.851 11.97159999 11971.39731   0.00  -60.6   15.4  28.0 18.72  203.4     0.0  203.40    0.00    0.00     0.0  203.40    0.00    0.00     0.0  203.40    0.00    0.00   21.7     39353.851      5.50   47.24000   39.71000  "Undefined"           5.03
06.01.2017 10:55:54.644 12.05099998 12050.74065   0.00  -83.1    6.9  28.0 18.52  204.1     0.0  204.09    0.00    0.00     0.0  204.09    0.00    0.00     0.0  204.09    0.00    0.00    5.6     39354.644      5.50   47.24000   39.71000  "Undefined"           5.59
06.01.2017 10:55:54.644 12.05099998 12050.74821   0.00  -81.9    8.1  28.0 23.71  205.4     0.0  205.38    0.00    0.00     0.0  205.38    0.00    0.00     0.0  205.38    0.00    0.00   16.0     39354.644      5.50   47.24000   39.71000  "Undefined"           5.52
06.01.2017 10:55:54.644 12.05099998 12050.74443   0.00  -81.2    8.8  28.0 21.13  203.5     0.0  203.51    0.00    0.00     0.0  203.51    0.00    0.00     0.0  203.51    0.00    0.00    7.3     39354.644      5.50   47.24000   39.71000  "Undefined"           5.56
06.01.2017 10:55:54.644 12.05099998 12050.79856   0.00  -63.8   26.2  28.0 11.43  205.1     0.0  205.10    0.00    0.00     0.0  205.10    0.00    0.00     0.0  205.10    0.00    0.00    9.1     39354.644      5.50   47.24000   39.71000  "Undefined"           5.01
06.01.2017 10:55:54.644 12.05099998 12050.79604   0.00  -63.7   26.3  28.0 11.53  205.0     0.0  205.01    0.00    0.00     0.0  205.01    0.00    0.00     0.0  205.01    0.00    0.00    6.7     39354.644      5.50   47.24000   39.71000  "Undefined"           5.04
06.01.2017 10:55:55.440 12.13039999 12130.19732   0.00  -53.8   38.2  28.0 12.90  204.2     0.0  204.21    0.00    0.00     0.0  204.21    0.00    0.00     0.0  204.21    0.00    0.00    6.9     39355.440      5.50   47.24000   39.71000  "Undefined"           5.03
06.01.2017 10:55:56.233 12.20990000 12209.64949   0.00  -82.0   30.0  28.0 26.53  205.1     0.0  205.11    0.00    0.00     0.0  205.11    0.00    0.00     0.0  205.11    0.00    0.00    6.3     39356.233      5.50   47.24000   39.71000  "Undefined"           5.51
06.01.2017 10:55:56.233 12.20990000 12209.69732   0.00  -51.6   60.4  28.0 13.40  204.1     0.0  204.09    0.00    0.00     0.0  204.09    0.00    0.00     0.0  204.09    0.00    0.00    6.6     39356.233      5.50   47.24000   39.71000  "Undefined"           5.03
06.01.2017 10:55:57.028 12.28929999 12289.05074   0.00  -79.1   34.9  28.0 26.36  205.0     0.0  205.02    0.00    0.00     0.0  205.02    0.00    0.00     0.0  205.02    0.00    0.00    6.3     39357.028      5.50   47.24000   39.71000  "Undefined"           5.49
06.01.2017 10:55:57.028 12.28929999 12289.09606   0.00  -50.3   63.7  28.0 12.43  204.0     0.0  204.02    0.00    0.00     0.0  204.02    0.00    0.00     0.0  204.02    0.00    0.00    6.5     39357.028      5.50   47.24000   39.71000  "Undefined"           5.04
06.01.2017 10:55:57.822 12.36880000 12368.55201   0.00  -80.9   31.1  28.0 26.29  205.1     0.0  205.11    0.00    0.00     0.0  205.11    0.00    0.00     0.0  205.11    0.00    0.00    6.4     39357.822      5.50   47.24000   39.71000  "Undefined"           5.48
06.01.2017 10:55:57.822 12.36880000 12368.59606   0.00  -54.8   57.2  28.0 11.74  204.3     0.0  204.32    0.00    0.00     0.0  204.32    0.00    0.00     0.0  204.32    0.00    0.00    6.3     39357.822      5.50   47.24000   39.71000  "Undefined"           5.04
06.01.2017 10:55:58.617 12.44819999 12447.95325   0.00  -84.0   26.0  28.0 26.08  205.3     0.0  205.30    0.00    0.00     0.0  205.30    0.00    0.00     0.0  205.30    0.00    0.00    6.6     39358.617      5.50   47.24000   39.71000  "Undefined"           5.47
06.01.2017 10:55:58.617 12.44819999 12447.99731   0.00  -66.6   43.4  28.0  8.91  203.9     0.0  203.93    0.00    0.00     0.0  203.93    0.00    0.00     0.0  203.93    0.00    0.00    6.7     39358.617      5.50   47.24000   39.71000  "Undefined"           5.03
06.01.2017 10:55:59.411 12.52759998 12527.37339   0.00  -80.8   25.2  28.0 13.86  203.7     0.0  203.74    0.00    0.00     0.0  203.74    0.00    0.00     0.0  203.74    0.00    0.00    6.1     39359.411      5.50   47.24000   39.71000  "Undefined"           5.27
06.01.2017 10:55:59.411 12.52759998 12527.37591   0.00  -79.1   26.9  28.0 13.79  203.8     0.0  203.83    0.00    0.00     0.0  203.83    0.00    0.00     0.0  203.83    0.00    0.00    6.1     39359.411      5.50   47.24000   39.71000  "Undefined"           5.24
06.01.2017 10:55:59.411 12.52759998 12527.35450   0.00  -79.0   27.0  28.0 21.51  204.5     0.0  204.50    0.00    0.00     0.0  204.50    0.00    0.00     0.0  204.50    0.00    0.00    5.6     39359.411      5.50   47.24000   39.71000  "Undefined"           5.45
06.01.2017 10:55:59.411 12.52759998 12527.39731   0.00  -59.8   46.2  28.0 12.38  203.8     0.0  203.79    0.00    0.00     0.0  203.79    0.00    0.00     0.0  203.79    0.00    0.00    6.3     39359.411      5.50   47.24000   39.71000  "Undefined"           5.03
06.01.2017 10:56:00.206 12.60709999 12606.88095   0.00  -96.6   13.4  28.0 15.55  204.4     0.0  204.38    0.00    0.00     0.0  204.38    0.00    0.00     0.0  204.38    0.00    0.00    5.4     39360.206      5.50   47.24000   39.71000  "Undefined"           5.19
06.01.2017 10:56:00.206 12.60709999 12606.87717   0.00  -95.5   14.5  28.0 15.96  204.4     0.0  204.42    0.00    0.00     0.0  204.42    0.00    0.00     0.0  204.42    0.00    0.00    7.3     39360.206      5.50   47.24000   39.71000  "Undefined"           5.23
06.01.2017 10:56:00.206 12.60709999 12606.87340   0.00  -85.7   24.3  28.0 14.55  203.9     0.0  203.85    0.00    0.00     0.0  203.85    0.00    0.00     0.0  203.85    0.00    0.00    6.1     39360.206      5.50   47.24000   39.71000  "Undefined"           5.27
06.01.2017 10:56:00.206 12.60709999 12606.85451   0.00  -82.6   27.4  28.0 25.74  205.2     0.0  205.22    0.00    0.00     0.0  205.22    0.00    0.00     0.0  205.22    0.00    0.00    6.1     39360.206      5.50   47.24000   39.71000  "Undefined"           5.45
06.01.2017 10:56:00.206 12.60709999 12606.89605   0.00  -55.3   54.7  28.0 12.30  203.7     0.0  203.74    0.00    0.00     0.0  203.74    0.00    0.00     0.0  203.74    0.00    0.00    6.2     39360.206      5.50   47.24000   39.71000  "Undefined"           5.04
06.01.2017 10:56:01.000 12.68649998 12686.27842   0.00  -90.0    6.0  28.0 14.32  206.3     0.0  206.32    0.00    0.00     0.0  206.32    0.00    0.00     0.0  206.32    0.00    0.00   15.2     39361.000      5.50   47.24000   39.71000  "Undefined"           5.22
06.01.2017 10:56:01.000 12.68649998 12686.25576   0.00  -83.6   12.4  28.0 24.96  204.7     0.0  204.72    0.00    0.00     0.0  204.72    0.00    0.00     0.0  204.72    0.00    0.00    6.6     39361.000      5.50   47.24000   39.71000  "Undefined"           5.44
06.01.2017 10:56:01.000 12.68649998 12686.27465   0.00  -76.9   19.1  28.0 14.81  204.3     0.0  204.31    0.00    0.00     0.0  204.31    0.00    0.00     0.0  204.31    0.00    0.00    5.8     39361.000      5.50   47.24000   39.71000  "Undefined"           5.25
06.01.2017 10:56:01.000 12.68649998 12686.29605   0.00  -53.7   42.3  28.0 12.18  203.9     0.0  203.93    0.00    0.00     0.0  203.93    0.00    0.00     0.0  203.93    0.00    0.00    5.8     39361.000      5.50   47.24000   39.71000  "Undefined"           5.04
06.01.2017 10:56:01.793 12.76589999 12765.65704   0.00  -81.5   28.5  28.0 25.11  204.9     0.0  204.87    0.00    0.00     0.0  204.87    0.00    0.00     0.0  204.87    0.00    0.00    4.3     39361.793      5.50   47.24000   39.71000  "Undefined"           5.43
06.01.2017 10:56:01.793 12.76589999 12765.67466   0.00  -61.2   48.8  28.0 14.47  204.3     0.0  204.25    0.00    0.00     0.0  204.25    0.00    0.00     0.0  204.25    0.00    0.00    6.3     39361.793      5.50   47.24000   39.71000  "Undefined"           5.25
06.01.2017 10:56:01.793 12.76589999 12765.69606   0.00  -52.8   57.2  28.0 12.10  203.9     0.0  203.87    0.00    0.00     0.0  203.87    0.00    0.00     0.0  203.87    0.00    0.00    6.3     39361.793      5.50   47.24000   39.71000  "Undefined"           5.04
06.01.2017 10:56:02.588 12.84539998 12845.15702   0.00  -82.1   29.9  28.0 24.49  205.1     0.0  205.06    0.00    0.00     0.0  205.06    0.00    0.00     0.0  205.06    0.00    0.00    5.0     39362.588      5.50   47.24000   39.71000  "Undefined"           5.43
06.01.2017 10:56:02.588 12.84539998 12845.17716   0.00  -69.3   42.7  28.0 13.89  204.4     0.0  204.41    0.00    0.00     0.0  204.41    0.00    0.00     0.0  204.41    0.00    0.00    6.2     39362.588      5.50   47.24000   39.71000  "Undefined"           5.23
06.01.2017 10:56:02.588 12.84539998 12845.17464   0.00  -64.8   47.2  28.0 14.95  204.2     0.0  204.18    0.00    0.00     0.0  204.18    0.00    0.00     0.0  204.18    0.00    0.00    5.8     39362.588      5.50   47.24000   39.71000  "Undefined"           5.25
06.01.2017 10:56:02.588 12.84539998 12845.19479   0.00  -54.4   57.6  28.0 12.34  204.1     0.0  204.09    0.00    0.00     0.0  204.09    0.00    0.00     0.0  204.09    0.00    0.00    6.6     39362.588      5.50   47.24000   39.71000  "Undefined"           5.05
06.01.2017 10:56:03.382 12.92479999 12924.58851   0.00  -94.9    9.1  28.0 19.85  204.2     0.0  204.22    0.00    0.00     0.0  204.22    0.00    0.00     0.0  204.22    0.00    0.00    6.8     39363.382      5.50   47.24000   39.71000  "Undefined"           5.11
06.01.2017 10:56:03.382 12.92479999 12924.55829   0.00  -81.6   22.4  28.0 24.60  204.8     0.0  204.78    0.00    0.00     0.0  204.78    0.00    0.00     0.0  204.78    0.00    0.00    5.5     39363.382      5.50   47.24000   39.71000  "Undefined"           5.42
06.01.2017 10:56:03.382 12.92479999 12924.57592   0.00  -65.6   38.4  28.0 14.82  204.0     0.0  203.98    0.00    0.00     0.0  203.98    0.00    0.00     0.0  203.98    0.00    0.00    5.9     39363.382      5.50   47.24000   39.71000  "Undefined"           5.24
06.01.2017 10:56:03.382 12.92479999 12924.57844   0.00  -65.4   38.6  28.0 13.62  204.5     0.0  204.54    0.00    0.00     0.0  204.54    0.00    0.00     0.0  204.54    0.00    0.00    6.7     39363.382      5.50   47.24000   39.71000  "Undefined"           5.22
06.01.2017 10:56:03.382 12.92479999 12924.59480   0.00  -57.8   46.2  28.0 11.90  204.2     0.0  204.24    0.00    0.00     0.0  204.24    0.00    0.00     0.0  204.24    0.00    0.00    6.9     39363.382      5.50   47.24000   39.71000  "Undefined"           5.05
06.01.2017 10:56:04.177 13.00429998 13004.08849   0.00  -92.7   15.3  28.0 19.72  204.3     0.0  204.26    0.00    0.00     0.0  204.26    0.00    0.00     0.0  204.26    0.00    0.00    4.7     39364.177      5.50   47.24000   39.71000  "Undefined"           5.11
06.01.2017 10:56:04.177 13.00429998 13004.05954   0.00  -82.1   25.9  28.0 24.22  205.0     0.0  204.97    0.00    0.00     0.0  204.97    0.00    0.00     0.0  204.97    0.00    0.00    5.2     39364.177      5.50   47.24000   39.71000  "Undefined"           5.40
06.01.2017 10:56:04.177 13.00429998 13004.07590   0.00  -61.7   46.3  28.0 14.41  204.0     0.0  204.05    0.00    0.00     0.0  204.05    0.00    0.00     0.0  204.05    0.00    0.00    6.2     39364.177      5.50   47.24000   39.71000  "Undefined"           5.24
06.01.2017 10:56:04.177 13.00429998 13004.09478   0.00  -53.0   55.0  28.0 11.48  204.4     0.0  204.38    0.00    0.00     0.0  204.38    0.00    0.00     0.0  204.38    0.00    0.00    6.7     39364.177      5.50   47.24000   39.71000  "Undefined"           5.05
06.01.2017 10:56:04.971 13.08369999 13083.48725   0.00  -91.6   18.4  28.0 18.24  204.0     0.0  203.99    0.00    0.00     0.0  203.99    0.00    0.00     0.0  203.99    0.00    0.00    7.7     39364.971      5.50   47.24000   39.71000  "Undefined"           5.13
06.01.2017 10:56:04.971 13.08369999 13083.45955   0.00  -83.1   26.9  28.0 23.66  204.9     0.0  204.89    0.00    0.00     0.0  204.89    0.00    0.00     0.0  204.89    0.00    0.00    5.8     39364.971      5.50   47.24000   39.71000  "Undefined"           5.40
06.01.2017 10:56:04.971 13.08369999 13083.47717   0.00  -64.8   45.2  28.0 14.53  203.9     0.0  203.89    0.00    0.00     0.0  203.89    0.00    0.00     0.0  203.89    0.00    0.00    6.2     39364.971      5.50   47.24000   39.71000  "Undefined"           5.23
06.01.2017 10:56:04.971 13.08369999 13083.49354   0.00  -54.9   55.1  28.0 11.52  204.4     0.0  204.42    0.00    0.00     0.0  204.42    0.00    0.00     0.0  204.42    0.00    0.00    7.0     39364.971      5.50   47.24000   39.71000  "Undefined"           5.06
06.01.2017 10:56:05.766 13.16309998 13162.88850   0.00  -93.4   16.6  28.0 15.52  204.1     0.0  204.12    0.00    0.00     0.0  204.12    0.00    0.00     0.0  204.12    0.00    0.00    9.4     39365.766      5.50   47.24000   39.71000  "Undefined"           5.11
06.01.2017 10:56:05.766 13.16309998 13162.88598   0.00  -93.4   16.6  28.0 15.39  204.7     0.0  204.70    0.00    0.00     0.0  204.70    0.00    0.00     0.0  204.70    0.00    0.00    7.4     39365.766      5.50   47.24000   39.71000  "Undefined"           5.14
06.01.2017 10:56:05.766 13.16309998 13162.86080   0.00  -85.3   24.7  28.0 23.68  205.2     0.0  205.24    0.00    0.00     0.0  205.24    0.00    0.00     0.0  205.24    0.00    0.00    4.6     39365.766      5.50   47.24000   39.71000  "Undefined"           5.39
06.01.2017 10:56:05.766 13.16309998 13162.88094   0.00  -74.9   35.1  28.0 11.85  204.6     0.0  204.58    0.00    0.00     0.0  204.58    0.00    0.00     0.0  204.58    0.00    0.00    6.9     39365.766      5.50   47.24000   39.71000  "Undefined"           5.19
06.01.2017 10:56:05.766 13.16309998 13162.87591   0.00  -70.9   39.1  28.0 15.77  204.2     0.0  204.20    0.00    0.00     0.0  204.20    0.00    0.00     0.0  204.20    0.00    0.00    5.9     39365.766      5.50   47.24000   39.71000  "Undefined"           5.24
06.01.2017 10:56:05.766 13.16309998 13162.87842   0.00  -68.8   41.2  28.0 14.28  203.8     0.0  203.80    0.00    0.00     0.0  203.80    0.00    0.00     0.0  203.80    0.00    0.00    6.3     39365.766      5.50   47.24000   39.71000  "Undefined"           5.22
06.01.2017 10:56:05.766 13.16309998 13162.89353   0.00  -54.4   55.6  28.0 12.02  204.4     0.0  204.44    0.00    0.00     0.0  204.44    0.00    0.00     0.0  204.44    0.00    0.00    7.0     39365.766      5.50   47.24000   39.71000  "Undefined"           5.06
06.01.2017 10:56:06.561 13.24259999 13242.36584   0.00 -101.6   10.4  28.0 22.43  206.8     0.0  206.75    0.00    0.00     0.0  206.75    0.00    0.00     0.0  206.75    0.00    0.00    5.1     39366.561      5.50   47.24000   39.71000  "Undefined"           5.34
06.01.2017 10:56:06.561 13.24259999 13242.38724   0.00  -92.5   19.5  28.0 14.60  204.8     0.0  204.75    0.00    0.00     0.0  204.75    0.00    0.00     0.0  204.75    0.00    0.00    6.3     39366.561      5.50   47.24000   39.71000  "Undefined"           5.13
06.01.2017 10:56:06.561 13.24259999 13242.36207   0.00  -84.8   27.2  28.0 23.45  205.4     0.0  205.37    0.00    0.00     0.0  205.37    0.00    0.00     0.0  205.37    0.00    0.00    4.8     39366.561      5.50   47.24000   39.71000  "Undefined"           5.38
06.01.2017 10:56:06.561 13.24259999 13242.37717   0.00  -62.4   49.6  28.0 14.98  203.9     0.0  203.87    0.00    0.00     0.0  203.87    0.00    0.00     0.0  203.87    0.00    0.00    6.4     39366.561      5.50   47.24000   39.71000  "Undefined"           5.23
06.01.2017 10:56:06.561 13.24259999 13242.39354   0.00  -55.8   56.2  28.0 11.99  204.4     0.0  204.39    0.00    0.00     0.0  204.39    0.00    0.00     0.0  204.39    0.00    0.00    7.7     39366.561      5.50   47.24000   39.71000  "Undefined"           5.06
06.01.2017 10:56:07.355 13.32199998 13321.76206   0.00  -83.7   26.3  28.0 23.75  205.5     0.0  205.53    0.00    0.00     0.0  205.53    0.00    0.00     0.0  205.53    0.00    0.00    4.6     39367.355      5.50   47.24000   39.71000  "Undefined"           5.38
06.01.2017 10:56:07.355 13.32199998 13321.77213   0.00  -77.2   32.8  28.0 11.45  204.6     0.0  204.58    0.00    0.00     0.0  204.58    0.00    0.00     0.0  204.58    0.00    0.00    9.8     39367.355      5.50   47.24000   39.71000  "Undefined"           5.28
06.01.2017 10:56:07.355 13.32199998 13321.78220   0.00  -75.0   35.0  28.0 12.40  204.5     0.0  204.52    0.00    0.00     0.0  204.52    0.00    0.00     0.0  204.52    0.00    0.00    6.8     39367.355      5.50   47.24000   39.71000  "Undefined"           5.18
06.01.2017 10:56:07.355 13.32199998 13321.77591   0.00  -67.4   42.6  28.0 16.12  204.7     0.0  204.66    0.00    0.00     0.0  204.66    0.00    0.00     0.0  204.66    0.00    0.00    6.5     39367.355      5.50   47.24000   39.71000  "Undefined"           5.24
06.01.2017 10:56:07.355 13.32199998 13321.79353   0.00  -56.1   53.9  28.0 11.73  204.7     0.0  204.68    0.00    0.00     0.0  204.68    0.00    0.00     0.0  204.68    0.00    0.00    7.0     39367.355      5.50   47.24000   39.71000  "Undefined"           5.06
06.01.2017 10:56:08.148 13.40140000 13401.16333   0.00  -84.8   25.2  28.0 23.61  205.6     0.0  205.60    0.00    0.00     0.0  205.60    0.00    0.00     0.0  205.60    0.00    0.00    4.9     39368.148      5.50   47.24000   39.71000  "Undefined"           5.37
06.01.2017 10:56:08.148 13.40140000 13401.17214   0.00  -78.5   31.5  28.0 11.85  204.2     0.0  204.18    0.00    0.00     0.0  204.18    0.00    0.00     0.0  204.18    0.00    0.00   10.2     39368.148      5.50   47.24000   39.71000  "Undefined"           5.28
06.01.2017 10:56:08.148 13.40140000 13401.18221   0.00  -75.4   34.6  28.0 13.10  204.4     0.0  204.41    0.00    0.00     0.0  204.41    0.00    0.00     0.0  204.41    0.00    0.00    6.4     39368.148      5.50   47.24000   39.71000  "Undefined"           5.18
06.01.2017 10:56:08.148 13.40140000 13401.17592   0.00  -71.9   38.1  28.0 16.27  204.9     0.0  204.86    0.00    0.00     0.0  204.86    0.00    0.00     0.0  204.86    0.00    0.00    6.8     39368.148      5.50   47.24000   39.71000  "Undefined"           5.24
06.01.2017 10:56:08.148 13.40140000 13401.19229   0.00  -58.5   51.5  28.0 11.81  204.5     0.0  204.51    0.00    0.00     0.0  204.51    0.00    0.00     0.0  204.51    0.00    0.00    6.3     39368.148      5.50   47.24000   39.71000  "Undefined"           5.08
06.01.2017 10:56:08.944 13.48089998 13480.66332   0.00  -84.7   17.3  28.0 23.34  205.3     0.0  205.34    0.00    0.00     0.0  205.34    0.00    0.00     0.0  205.34    0.00    0.00    6.9     39368.944      5.50   47.24000   39.71000  "Undefined"           5.37
06.01.2017 10:56:08.944 13.48089998 13480.68849   0.00  -84.6   17.4  28.0 13.87  204.5     0.0  204.53    0.00    0.00     0.0  204.53    0.00    0.00     0.0  204.53    0.00    0.00    8.2     39368.944      5.50   47.24000   39.71000  "Undefined"           5.11
06.01.2017 10:56:08.944 13.48089998 13480.68346   0.00  -72.7   29.3  28.0 13.48  204.3     0.0  204.31    0.00    0.00     0.0  204.31    0.00    0.00     0.0  204.31    0.00    0.00    5.7     39368.944      5.50   47.24000   39.71000  "Undefined"           5.17
06.01.2017 10:56:08.944 13.48089998 13480.67590   0.00  -69.2   32.8  28.0 14.62  204.6     0.0  204.65    0.00    0.00     0.0  204.65    0.00    0.00     0.0  204.65    0.00    0.00    5.6     39368.944      5.50   47.24000   39.71000  "Undefined"           5.24
06.01.2017 10:56:08.944 13.48089998 13480.69227   0.00  -56.3   45.7  28.0 11.68  204.5     0.0  204.47    0.00    0.00     0.0  204.47    0.00    0.00     0.0  204.47    0.00    0.00    5.7     39368.944      5.50   47.24000   39.71000  "Undefined"           5.08
06.01.2017 10:56:09.737 13.56029999 13560.06585   0.00  -87.1   20.9  28.0 21.48  205.3     0.0  205.29    0.00    0.00     0.0  205.29    0.00    0.00     0.0  205.29    0.00    0.00    8.7     39369.737      5.50   47.24000   39.71000  "Undefined"           5.34
06.01.2017 10:56:09.737 13.56029999 13560.06333   0.00  -85.0   23.0  28.0 21.24  204.4     0.0  204.44    0.00    0.00     0.0  204.44    0.00    0.00     0.0  204.44    0.00    0.00    6.2     39369.737      5.50   47.24000   39.71000  "Undefined"           5.37
06.01.2017 10:56:09.737 13.56029999 13560.08095   0.00  -83.4   24.6  28.0 16.43  204.3     0.0  204.28    0.00    0.00     0.0  204.28    0.00    0.00     0.0  204.28    0.00    0.00    6.9     39369.737      5.50   47.24000   39.71000  "Undefined"           5.19
06.01.2017 10:56:09.737 13.56029999 13560.08599   0.00  -76.2   31.8  28.0 12.93  204.3     0.0  204.31    0.00    0.00     0.0  204.31    0.00    0.00     0.0  204.31    0.00    0.00    6.5     39369.737      5.50   47.24000   39.71000  "Undefined"           5.14
06.01.2017 10:56:09.737 13.56029999 13560.07466   0.00  -71.8   36.2  28.0 12.58  203.9     0.0  203.87    0.00    0.00     0.0  203.87    0.00    0.00     0.0  203.87    0.00    0.00    9.3     39369.737      5.50   47.24000   39.71000  "Undefined"           5.25
06.01.2017 10:56:09.737 13.56029999 13560.09228   0.00  -57.9   50.1  28.0 12.51  204.1     0.0  204.10    0.00    0.00     0.0  204.10    0.00    0.00     0.0  204.10    0.00    0.00    5.4     39369.737      5.50   47.24000   39.71000  "Undefined"           5.08
06.01.2017 10:56:10.532 13.63979998 13639.56583   0.00  -83.4   20.6  28.0 23.67  205.7     0.0  205.75    0.00    0.00     0.0  205.75    0.00    0.00     0.0  205.75    0.00    0.00    5.4     39370.532      5.50   47.24000   39.71000  "Undefined"           5.34
06.01.2017 10:56:10.532 13.63979998 13639.57842   0.00  -81.1   22.9  28.0  9.55  203.4     0.0  203.40    0.00    0.00     0.0  203.40    0.00    0.00     0.0  203.40    0.00    0.00   17.7     39370.532      5.50   47.24000   39.71000  "Undefined"           5.22
06.01.2017 10:56:10.532 13.63979998 13639.58597   0.00  -73.5   30.5  28.0 13.96  203.9     0.0  203.89    0.00    0.00     0.0  203.89    0.00    0.00     0.0  203.89    0.00    0.00    5.3     39370.532      5.50   47.24000   39.71000  "Undefined"           5.14
06.01.2017 10:56:10.532 13.63979998 13639.57464   0.00  -68.5   35.5  28.0 13.67  203.8     0.0  203.84    0.00    0.00     0.0  203.84    0.00    0.00     0.0  203.84    0.00    0.00    8.6     39370.532      5.50   47.24000   39.71000  "Undefined"           5.25
06.01.2017 10:56:10.532 13.63979998 13639.59227   0.00  -55.3   48.7  28.0 11.89  204.0     0.0  204.03    0.00    0.00     0.0  204.03    0.00    0.00     0.0  204.03    0.00    0.00    5.4     39370.532      5.50   47.24000   39.71000  "Undefined"           5.08
06.01.2017 10:56:11.326 13.71919999 13718.96585   0.00  -79.5   16.5  28.0 23.17  205.4     0.0  205.39    0.00    0.00     0.0  205.39    0.00    0.00     0.0  205.39    0.00    0.00    4.1     39371.326      5.50   47.24000   39.71000  "Undefined"           5.34
06.01.2017 10:56:11.326 13.71919999 13718.97592   0.00  -66.8   29.2  28.0 15.25  204.0     0.0  204.02    0.00    0.00     0.0  204.02    0.00    0.00     0.0  204.02    0.00    0.00    5.7     39371.326      5.50   47.24000   39.71000  "Undefined"           5.24
06.01.2017 10:56:12.121 13.79859998 13798.36710   0.00  -73.1   12.9  28.0 22.88  205.5     0.0  205.54    0.00    0.00     0.0  205.54    0.00    0.00     0.0  205.54    0.00    0.00    6.0     39372.121      5.50   47.24000   39.71000  "Undefined"           5.33
06.01.2017 10:56:12.121 13.79859998 13798.37465   0.00  -64.2   21.8  28.0 13.16  202.9     0.0  202.89    0.00    0.00     0.0  202.89    0.00    0.00     0.0  202.89    0.00    0.00    9.9     39372.121      5.50   47.24000   39.71000  "Undefined"           5.25
06.01.2017 10:56:12.915 13.87809999 13877.87466   0.00  -63.4   14.6  28.0 13.81  203.8     0.0  203.80    0.00    0.00     0.0  203.80    0.00    0.00     0.0  203.80    0.00    0.00   10.5     39372.915      5.50   47.24000   39.71000  "Undefined"           5.25
06.01.2017 10:56:13.710 13.95749998 13957.26835   0.00  -71.7   24.3  28.0 22.08  205.3     0.0  205.28    0.00    0.00     0.0  205.28    0.00    0.00     0.0  205.28    0.00    0.00    4.9     39373.710      5.50   47.24000   39.71000  "Undefined"           5.32
06.01.2017 10:56:13.710 13.95749998 13957.27339   0.00  -64.7   31.3  28.0 14.94  203.7     0.0  203.70    0.00    0.00     0.0  203.70    0.00    0.00     0.0  203.70    0.00    0.00    8.8     39373.710      5.50   47.24000   39.71000  "Undefined"           5.27
06.01.2017 10:56:14.503 14.03699999 14036.76962   0.00  -76.3   31.7  28.0 21.01  205.3     0.0  205.35    0.00    0.00     0.0  205.35    0.00    0.00     0.0  205.35    0.00    0.00    4.9     39374.503      5.50   47.24000   39.71000  "Undefined"           5.30
06.01.2017 10:56:14.503 14.03699999 14036.76710   0.00  -74.4   33.6  28.0 21.07  205.1     0.0  205.08    0.00    0.00     0.0  205.08    0.00    0.00     0.0  205.08    0.00    0.00    5.1     39374.503      5.50   47.24000   39.71000  "Undefined"           5.33
06.01.2017 10:56:14.503 14.03699999 14036.77466   0.00  -65.1   42.9  28.0 15.73  204.0     0.0  204.01    0.00    0.00     0.0  204.01    0.00    0.00     0.0  204.01    0.00    0.00    6.3     39374.503      5.50   47.24000   39.71000  "Undefined"           5.25
06.01.2017 10:56:15.299 14.11639998 14116.16961   0.00  -74.1   17.9  28.0 21.29  205.2     0.0  205.25    0.00    0.00     0.0  205.25    0.00    0.00     0.0  205.25    0.00    0.00    5.4     39375.299      5.50   47.24000   39.71000  "Undefined"           5.30
06.01.2017 10:56:15.299 14.11639998 14116.17465   0.00  -69.2   22.8  28.0 15.35  203.7     0.0  203.72    0.00    0.00     0.0  203.72    0.00    0.00     0.0  203.72    0.00    0.00   10.1     39375.299      5.50   47.24000   39.71000  "Undefined"           5.25
06.01.2017 10:56:16.092 14.19580000 14195.57089   0.00  -77.6   30.4  28.0 21.30  204.8     0.0  204.76    0.00    0.00     0.0  204.76    0.00    0.00     0.0  204.76    0.00    0.00    4.2     39376.092      5.50   47.24000   39.71000  "Undefined"           5.29
06.01.2017 10:56:16.092 14.19580000 14195.57466   0.00  -72.7   35.3  28.0 15.23  204.0     0.0  204.05    0.00    0.00     0.0  204.05    0.00    0.00     0.0  204.05    0.00    0.00    7.2     39376.092      5.50   47.24000   39.71000  "Undefined"           5.25
06.01.2017 10:56:16.887 14.27529998 14275.07087   0.00  -74.6   33.4  28.0 20.63  205.2     0.0  205.23    0.00    0.00     0.0  205.23    0.00    0.00     0.0  205.23    0.00    0.00    5.6     39376.887      5.50   47.24000   39.71000  "Undefined"           5.29
06.01.2017 10:56:16.887 14.27529998 14275.07465   0.00  -69.3   38.7  28.0 14.68  204.0     0.0  203.97    0.00    0.00     0.0  203.97    0.00    0.00     0.0  203.97    0.00    0.00    7.6     39376.887      5.50   47.24000   39.71000  "Undefined"           5.25
06.01.2017 10:56:17.681 14.35479999 14354.57214   0.00  -73.0   37.0  28.0 20.49  205.0     0.0  204.95    0.00    0.00     0.0  204.95    0.00    0.00     0.0  204.95    0.00    0.00    7.1     39377.681      5.50   47.24000   39.71000  "Undefined"           5.28
06.01.2017 10:56:17.681 14.35479999 14354.57591   0.00  -70.5   39.5  28.0 15.15  204.2     0.0  204.17    0.00    0.00     0.0  204.17    0.00    0.00     0.0  204.17    0.00    0.00    7.4     39377.681      5.50   47.24000   39.71000  "Undefined"           5.24
06.01.2017 10:56:18.477 14.43409999 14433.87591   0.00  -68.2   45.8  28.0 15.24  204.0     0.0  204.04    0.00    0.00     0.0  204.04    0.00    0.00     0.0  204.04    0.00    0.00    7.2     39378.477      5.50   47.24000   39.71000  "Undefined"           5.24
06.01.2017 10:56:19.270 14.51359999 14513.37592   0.00  -64.7   45.3  28.0 14.41  204.1     0.0  204.14    0.00    0.00     0.0  204.14    0.00    0.00     0.0  204.14    0.00    0.00    7.6     39379.270      5.50   47.24000   39.71000  "Undefined"           5.24
06.01.2017 10:56:20.065 14.59299998 14592.77717   0.00  -72.2   41.8  28.0 15.26  204.3     0.0  204.32    0.00    0.00     0.0  204.32    0.00    0.00     0.0  204.32    0.00    0.00    7.9     39380.065      5.50   47.24000   39.71000  "Undefined"           5.23
06.01.2017 10:56:20.065 14.59299998 14592.77339   0.00  -71.6   42.4  28.0 19.97  205.2     0.0  205.22    0.00    0.00     0.0  205.22    0.00    0.00     0.0  205.22    0.00    0.00    6.2     39380.065      5.50   47.24000   39.71000  "Undefined"           5.27
06.01.2017 10:56:20.858 14.67249999 14672.27466   0.00  -78.8   35.2  28.0 21.54  205.4     0.0  205.43    0.00    0.00     0.0  205.43    0.00    0.00     0.0  205.43    0.00    0.00    8.2     39380.858      5.50   47.24000   39.71000  "Undefined"           5.25
06.01.2017 10:56:20.858 14.67249999 14672.27718   0.00  -74.9   39.1  28.0 14.80  205.1     0.0  205.08    0.00    0.00     0.0  205.08    0.00    0.00     0.0  205.08    0.00    0.00    6.5     39380.858      5.50   47.24000   39.71000  "Undefined"           5.23
06.01.2017 10:56:21.654 14.75189998 14751.67591   0.00  -66.7   45.3  28.0 17.53  205.2     0.0  205.20    0.00    0.00     0.0  205.20    0.00    0.00     0.0  205.20    0.00    0.00    5.1     39381.654      5.50   47.24000   39.71000  "Undefined"           5.24
06.01.2017 10:56:22.447 14.83130000 14831.07592   0.00  -71.2   40.8  28.0 20.90  205.4     0.0  205.39    0.00    0.00     0.0  205.39    0.00    0.00     0.0  205.39    0.00    0.00    7.1     39382.447      5.50   47.24000   39.71000  "Undefined"           5.24
06.01.2017 10:56:23.242 14.91079998 14910.57842   0.00  -63.2   50.8  28.0 15.64  205.0     0.0  205.01    0.00    0.00     0.0  205.01    0.00    0.00     0.0  205.01    0.00    0.00    7.1     39383.242      5.50   47.24000   39.71000  "Undefined"           5.22
