  932.5 353.50  12.98
  932.6 353.50  12.98
  932.7 353.50  12.98
  932.9 353.50  12.98
  912.8 352.90  12.43
  913.1 353.50  12.42
 1146.5 352.90   7.68
  920.1 352.80  11.85
  920.3 353.50  11.85
 1023.2 353.50   9.48
 1272.6 352.92  13.17
  913.4 353.50  12.42
  920.3 352.80  11.85
  934.2 353.50  12.97
 1196.3 352.80   7.08
 1023.2 353.50   9.48
  920.6 353.50  11.85
  938.0 353.50  11.26
  938.1 353.50  11.26
  961.7 353.50  10.67
  920.6 352.90  11.85
  920.7 353.50  11.85
  938.2 353.50  11.26
  938.1 352.80  11.26
 1196.5 353.50   7.08
  990.5 353.50  10.08
  913.9 352.80  12.43
  936.0 353.50  12.97
  990.5 353.50  10.08
  914.1 352.90  12.43
  938.4 353.40  11.26
  921.0 352.90  11.85
  921.1 353.50  11.85
  914.6 353.50  12.42
  938.5 353.50  11.26
  921.1 352.90  11.85
  938.5 353.50  11.26
  962.0 352.90  10.67
 1060.5 352.90   8.88
  938.4 352.80  11.26
  914.9 353.40  12.42
  938.5 352.90  11.26
  962.1 352.80  10.67
  990.7 352.90  10.08
  962.1 352.80  10.67
  990.7 352.80  10.08
 1023.6 352.80   9.48
  921.4 352.80  11.85
  938.7 352.90  11.26
  915.2 352.90  12.42
  938.8 353.50  11.26
  921.8 353.50  11.85
  962.3 352.90  10.67
 1196.7 352.80   7.08
  962.4 352.80  10.67
  962.4 352.90  10.67
  921.8 352.80  11.85
  916.0 353.50  12.42
  962.6 353.50  10.67
  922.1 353.50  11.85
  916.2 353.40  12.42
  922.0 352.80  11.85
  922.0 352.90  11.85
  962.7 353.50  10.67
  922.3 353.50  11.85
  916.3 352.90  12.42
  922.4 353.50  11.85
  916.4 352.90  12.42
  916.5 352.90  12.42
  941.8 352.80  12.97
  916.6 352.90  12.42
  939.3 352.80  11.26
  991.3 353.50  10.08
  939.4 352.80  11.26
  991.3 353.50  10.08
  939.4 352.80  11.26
  917.0 352.80  12.42
  922.6 352.90  11.85
  939.6 352.90  11.26
  991.3 352.90  10.08
 1061.1 352.80   8.88
  922.8 352.80  11.85
  939.7 352.80  11.26
  963.0 352.80  10.67
  991.4 352.80  10.08
  939.8 352.90  11.26
 1102.3 353.50   8.28
  991.7 353.50  10.08
 1147.5 352.80   7.68
 1061.3 352.80   8.88
  946.4 352.81  12.96
  991.8 353.50  10.08
  923.5 352.90  11.85
  923.5 352.80  11.85
  940.2 352.90  11.26
  923.6 352.80  11.85
  919.0 352.80  12.42
  963.6 352.80  10.67
  923.8 352.80  11.85
  923.9 352.80  11.85
  963.6 352.80  10.67
  940.5 352.80  11.26
 1197.7 353.50   7.08
 1061.7 353.50   8.88
  963.9 353.50  10.67
  919.8 352.80  12.42
 1061.7 353.50   8.88
  963.9 352.80  10.67
 1025.0 353.50   9.48
  953.2 353.51  12.95
  992.4 353.50  10.07
  964.2 353.50  10.67
  941.2 353.50  11.26
  964.3 353.50  10.67
  964.3 353.50  10.67
 1025.2 353.50   9.48
  921.5 353.50  12.42
  921.6 353.50  12.42
 1148.2 352.80   7.68
  925.4 353.50  11.84
  925.2 352.90  11.84
  921.9 352.90  12.42
  941.6 352.90  11.26
  941.7 352.90  11.26
  941.7 352.90  11.26
  964.8 353.50  10.67
  959.0 352.91  12.95
  942.0 353.50  11.26
 1103.2 352.90   8.28
  942.0 352.90  11.26
 1103.3 352.90   8.28
  923.3 352.91  12.42
 1062.5 353.50   8.88
  942.3 353.50  11.26
  965.2 353.50  10.67
 1103.4 352.80   8.28
  965.1 352.80  10.67
 1103.7 353.50   8.28
 1198.6 352.90   7.07
 1062.8 352.80   8.88
 1026.1 352.80   9.48
  924.7 352.11  12.42
 1026.2 353.50   9.48
 1103.9 353.50   8.28
  925.5 352.81  12.41
  927.6 352.80  11.84
  969.6 352.91  12.94
  943.3 353.50  11.25
  966.0 353.50  10.67
 1104.0 353.50   8.28
  993.9 352.80  10.07
  928.2 352.91  11.84
  928.3 352.81  11.84
 1149.5 353.50   7.67
  994.1 352.90  10.07
 1026.7 353.50   9.48
  966.5 353.50  10.66
  976.4 352.81  12.93
  944.1 353.50  11.25
  929.1 353.51  11.84
 1254.1 353.50   6.46
  928.8 352.91  12.41
  944.5 352.80  11.26
  929.7 352.81  11.84
  929.7 353.51  12.41
  929.8 353.51  12.41
  930.2 353.51  11.84
  945.2 353.51  11.25
  930.6 352.91  11.84
  931.3 352.81  12.41
 1027.8 353.50   9.47
  932.4 353.51  11.84
  946.7 353.51  11.25
  946.8 353.51  11.25
  933.1 353.51  11.83
 1025.7 353.52  12.87
 1151.2 353.50   7.67
  969.5 353.51  10.66
  996.7 352.81  10.07
 1151.4 353.50   7.67
  937.7 353.51  12.40
  937.7 352.81  12.40
 1029.1 352.81   9.47
 1255.7 352.80   6.46
 1029.2 352.81   9.47
  938.9 353.51  12.40
 1029.4 352.81   9.47
 1066.1 353.50   8.87
  935.8 352.81  11.83
 1091.9 352.82  12.81
  940.6 352.81  12.40
  970.8 353.51  10.66
 1029.8 352.81   9.47
  936.9 353.51  11.83
  936.7 352.81  11.83
  997.9 352.91  10.07
  936.9 352.81  11.83
 1107.2 353.50   8.27
 1156.6 353.53  12.73
  943.0 353.51  12.39
