0 25.11.2019 14:04:16.911   9.99600000   9995.99988   0.00  -96.3   23.7  28.0 26.01  354.4     0.0    0.00    0.00    0.00  1569.6  355.26   61.29   37.24  2401.3  355.87   68.73   35.45   27.2     50656.911      5.50   47.23900   39.64200                   
0 25.11.2019 14:04:16.911   9.99600000   9995.99988   0.00  -96.3   23.7  28.0 26.01  354.4     0.0    0.00    0.00    0.00     0.0    0.00    0.00    0.00  2401.3  355.87   68.73   35.45   27.2     50656.911      5.50   47.23900   39.64200                   
0 25.11.2019 14:04:16.911   9.99600000   9995.99988   0.00  -96.3   23.7  28.0 26.01  354.4     0.0    0.00    0.00    0.00     0.0    0.00    0.00    0.00      0.0   0.00    0.00    0.00   27.2     50656.911      5.50   47.23900   39.64200                   
0 25.11.2019 14:05:18.877   9.99600000   9995.99976   0.00  -94.0   26.0  28.0 22.75  357.8     0.0    0.00    0.00    0.00  1763.4  358.50   63.09   38.74  2719.9  358.91   71.69   38.20   21.2     50718.877      5.50   47.23900   39.64200                   
0 25.11.2019 14:05:18.877   9.99600000   9995.99976   0.00  -94.0   26.0  28.0 22.75  357.8     0.0    0.00    0.00    0.00     0.0    0.00    0.00    0.00  2719.9  358.91   71.69   38.20   21.2     50718.877      5.50   47.23900   39.64200                   
0 25.11.2019 14:05:18.877   9.99600000   9995.99976   0.00  -94.0   26.0  28.0 22.75  357.8     0.0    0.00    0.00    0.00     0.0    0.00    0.00    0.00      0.0   0.00    0.00    0.00   21.2     50718.877      5.50   47.23900   39.64200                   
0 25.11.2019 14:05:43.694   9.99600000   9995.99976   0.00  -96.9   21.1  28.0 24.05  354.4     0.0    0.00    0.00    0.00  1671.4  355.26   62.20   37.01  2555.9  355.88   70.11   34.91   22.4     50743.694      5.50   47.23900   39.64200                   
0 25.11.2019 14:05:43.694   9.99600000   9995.99976   0.00  -96.9   21.1  28.0 24.05  354.4     0.0    0.00    0.00    0.00     0.0    0.00    0.00    0.00  2555.9  355.88   70.11   34.91   22.4     50743.694      5.50   47.23900   39.64200                   
0 25.11.2019 14:05:43.694   9.99600000   9995.99976   0.00  -96.9   21.1  28.0 24.05  354.4     0.0    0.00    0.00    0.00     0.0    0.00    0.00    0.00      0.0   0.00    0.00    0.00   22.4     50743.694      5.50   47.23900   39.64200                   
0 25.11.2019 14:06:08.618   9.99600000   9995.99976   0.00  -95.5   22.5  28.0 11.80  354.9     0.0    0.00    0.00    0.00  2694.9  355.85   71.35   34.31     0.0  354.91    0.00    0.00   16.0     50768.618      5.50   47.23900   39.64200                   
0 25.11.2019 14:06:08.618   9.99600000   9995.99976   0.00  -95.5   22.5  28.0 11.80  354.9     0.0    0.00    0.00    0.00     0.0    0.00    0.00    0.00     0.0  354.91    0.00    0.00   16.0     50768.618      5.50   47.23900   39.64200                   
0 25.11.2019 14:06:08.618   9.99600000   9995.99976   0.00  -95.5   22.5  28.0 11.80  354.9     0.0    0.00    0.00    0.00     0.0    0.00    0.00    0.00      0.0   0.00    0.00    0.00   16.0     50768.618      5.50   47.23900   39.64200                   
