  0.00  0.00    0.00    0.00                 
  0.00  0.00    0.00    0.00                 
  0.00  0.00    0.00    0.00                 
  7.22  8.66 2552.24   93.10 F2              
  7.22  0.00    0.00    0.00                 
  7.22  0.00    0.00    0.00                 
  7.22  8.66 2551.20   93.20 F2              
  7.22  0.00    0.00    0.00                 
  7.22  0.00    0.00    0.00                 
  0.00  0.00    0.00    0.00                 
  0.00  0.00    0.00    0.00                 
  0.00  0.00    0.00    0.00                 
  0.00  0.00    0.00    0.00                 
  0.00  0.00    0.00    0.00                 
  0.00  0.00    0.00    0.00                 
  8.58 10.95 3292.33   92.90 F2              
  8.58  0.00    0.00    0.00                 
  8.58  0.00    0.00    0.00                 
  5.44  6.84 2672.97   89.63 F2              
  5.44  0.00    0.00    0.00                 
  5.44  0.00    0.00    0.00                 
  7.02  8.42 2548.12   93.81 F2              
  7.02  0.00    0.00    0.00                 
  7.02  0.00    0.00    0.00                 
  2.88  4.57 2988.12   92.19 F2              
  2.88  0.00    0.00    0.00                 
  2.88  0.00    0.00    0.00                 
  4.40  5.85 2775.49   92.57 F2              
  4.40  0.00    0.00    0.00                 
  4.40  0.00    0.00    0.00                 
  6.27  7.63 2586.39   93.23 F2              
  6.27  0.00    0.00    0.00                 
  6.27  0.00    0.00    0.00                 
  8.38 10.14 2738.38   93.11 F2              
  8.38  0.00    0.00    0.00                 
  8.38  0.00    0.00    0.00                 
  7.14  8.54 2551.07   93.10 F2              
  7.14  0.00    0.00    0.00                 
  7.14  0.00    0.00    0.00                 
  0.00  0.00    0.00    0.00                 
  0.00  0.00    0.00    0.00                 
  0.00  0.00    0.00    0.00                 
  6.98  8.37 2573.35   90.49 F2              
  6.98  0.00    0.00    0.00                 
  6.98  0.00    0.00    0.00                 
  8.34 10.04 2701.58   93.22 F2              
  8.34  0.00    0.00    0.00                 
  8.34  0.00    0.00    0.00                 
  8.25  9.89 2664.75   93.03 F2              
  8.25  0.00    0.00    0.00                 
  8.25  0.00    0.00    0.00                 
  8.09  9.66 2619.28   92.95 F2              
  8.09  0.00    0.00    0.00                 
  8.09  0.00    0.00    0.00                 
  0.00  0.00    0.00    0.00                 
  0.00  0.00    0.00    0.00                 
  0.00  0.00    0.00    0.00                 
  0.00  0.00    0.00    0.00                 
  0.00  0.00    0.00    0.00                 
  0.00  0.00    0.00    0.00                 
  0.00  0.00    0.00    0.00                 
  0.00  0.00    0.00    0.00                 
  0.00  0.00    0.00    0.00                 
  8.51 10.34 2814.57   93.20 F2              
  8.51  0.00    0.00    0.00                 
  8.51  0.00    0.00    0.00                 
  0.00  0.00    0.00    0.00                 
  0.00  0.00    0.00    0.00                 
  0.00  0.00    0.00    0.00                 
  0.00  0.00    0.00    0.00                 
  0.00  0.00    0.00    0.00                 
  0.00  0.00    0.00    0.00                 
  0.00  0.00    0.00    0.00                 
  0.00  0.00    0.00    0.00                 
  0.00  0.00    0.00    0.00                 
  0.00  0.00    0.00    0.00                 
  0.00  0.00    0.00    0.00                 
  0.00  0.00    0.00    0.00                 
  8.11  9.69 2666.36   90.03 F2              
  8.11  0.00    0.00    0.00                 
  8.11  0.00    0.00    0.00                 
  0.00  0.00    0.00    0.00                 
  0.00  0.00    0.00    0.00                 
  0.00  0.00    0.00    0.00                 
  8.63 10.71 3054.80   92.95 F2              
  8.63  0.00    0.00    0.00                 
  8.63  0.00    0.00    0.00                 
  8.13  9.66 2615.27   93.05 F2              
  8.13  0.00    0.00    0.00                 
  8.13  0.00    0.00    0.00                 
  7.58  8.97 2554.59   92.99 F2              
  7.58  0.00    0.00    0.00                 
  7.58  0.00    0.00    0.00                 
  8.15  9.68 2617.36   93.05 F2              
  8.15  0.00    0.00    0.00                 
  8.15  0.00    0.00    0.00                 
  0.00  0.00    0.00    0.00                 
  0.00  0.00    0.00    0.00                 
  0.00  0.00    0.00    0.00                 
  8.62 10.54 2925.56   93.18 F2              
  8.62  0.00    0.00    0.00                 
  8.62  0.00    0.00    0.00                 
  8.19  9.72 2627.11   92.85 F2              
  8.19  0.00    0.00    0.00                 
  8.19  0.00    0.00    0.00                 
  0.00  0.00    0.00    0.00                 
  0.00  0.00    0.00    0.00                 
  0.00  0.00    0.00    0.00                 
  0.00  0.00    0.00    0.00                 
  0.00  0.00    0.00    0.00                 
  0.00  0.00    0.00    0.00                 
  7.55  8.91 2552.52   92.89 F2              
  7.55  0.00    0.00    0.00                 
  7.55  0.00    0.00    0.00                 
  0.00  0.00    0.00    0.00                 
  0.00  0.00    0.00    0.00                 
  0.00  0.00    0.00    0.00                 
  0.42  3.00 3375.95   92.21 F2              
  0.42  0.00    0.00    0.00                 
  0.42  0.00    0.00    0.00                 
  7.97  9.40 2581.37   92.97 F2              
  7.97  0.00    0.00    0.00                 
  7.97  0.00    0.00    0.00                 
  6.90  8.19 2555.56   93.02 F2              
  6.90  0.00    0.00    0.00                 
  6.90  0.00    0.00    0.00                 
  8.56 10.33 2815.38   92.60 F2              
  8.56  0.00    0.00    0.00                 
  8.56  0.00    0.00    0.00                 
  0.00  0.00    0.00    0.00                 
  0.00  0.00    0.00    0.00                 
  0.00  0.00    0.00    0.00                 
  0.00  0.00    0.00    0.00                 
  0.00  0.00    0.00    0.00                 
  0.00  0.00    0.00    0.00                 
  8.57 10.32 2807.46   92.90 F2              
  8.57  0.00    0.00    0.00                 
  8.57  0.00    0.00    0.00                 
  8.48 10.12 2720.61   93.12 F2              
  8.48  0.00    0.00    0.00                 
  8.48  0.00    0.00    0.00                 
  8.01  9.44 2581.83   93.07 F2              
  8.01  0.00    0.00    0.00                 
  8.01  0.00    0.00    0.00                 
  7.84  9.22 2563.32   93.08 F2              
  7.84  0.00    0.00    0.00                 
  7.84  0.00    0.00    0.00                 
  6.56  7.82 2572.44   92.93 F2              
  6.56  0.00    0.00    0.00                 
  6.56  0.00    0.00    0.00                 
  8.44 10.03 2688.78   93.13 F2              
  8.44  0.00    0.00    0.00                 
  8.44  0.00    0.00    0.00                 
  0.00  0.00    0.00    0.00                 
  0.00  0.00    0.00    0.00                 
  0.00  0.00    0.00    0.00                 
  0.00  0.00    0.00    0.00                 
  0.00  0.00    0.00    0.00                 
  0.00  0.00    0.00    0.00                 
  4.54  5.86 2768.72   92.67 F2              
  4.54  0.00    0.00    0.00                 
  4.54  0.00    0.00    0.00                 
  6.50  7.74 2576.24   92.93 F2              
  6.50  0.00    0.00    0.00                 
  6.50  0.00    0.00    0.00                 
  6.40  7.64 2583.81   92.73 F2              
  6.40  0.00    0.00    0.00                 
  6.40  0.00    0.00    0.00                 
  1.41  3.39 3236.26   92.70 F2              
  1.41  0.00    0.00    0.00                 
  1.41  0.00    0.00    0.00                 
  5.31  6.56 2679.59   92.86 F2              
  5.31  0.00    0.00    0.00                 
  5.31  0.00    0.00    0.00                 
  6.54  7.77 2574.62   92.83 F2              
  6.54  0.00    0.00    0.00                 
  6.54  0.00    0.00    0.00                 
  6.82  8.06 2559.84   92.82 F2              
  6.82  0.00    0.00    0.00                 
  6.82  0.00    0.00    0.00                 
  6.91  8.15 2555.45   92.92 F2              
  6.91  0.00    0.00    0.00                 
  6.91  0.00    0.00    0.00                 
  8.53 10.12 2714.35   93.03 F2              
  8.53  0.00    0.00    0.00                 
  8.53  0.00    0.00    0.00                 
  8.52 10.09 2705.74   93.03 F2              
  8.52  0.00    0.00    0.00                 
  8.52  0.00    0.00    0.00                 
  7.91  9.24 2562.78   92.98 F2              
  7.91  0.00    0.00    0.00                 
  7.91  0.00    0.00    0.00                 
  7.45  8.71 2544.92   92.90 F2              
  7.45  0.00    0.00    0.00                 
  7.45  0.00    0.00    0.00                 
  6.75  7.96 2564.46   92.63 F2              
  6.75  0.00    0.00    0.00                 
  6.75  0.00    0.00    0.00                 
  0.00  0.00    0.00    0.00                 
  0.00  0.00    0.00    0.00                 
  0.00  0.00    0.00    0.00                 
  6.72  7.93 2568.44   92.23 F2              
  6.72  0.00    0.00    0.00                 
  6.72  0.00    0.00    0.00                 
  7.70  8.98 2550.02   92.79 F2              
  7.70  0.00    0.00    0.00                 
  7.70  0.00    0.00    0.00                 
  7.29  8.52 2545.37   92.81 F2              
  7.29  0.00    0.00    0.00                 
  7.29  0.00    0.00    0.00                 
  4.90  6.13 2729.13   92.87 F2              
  4.90  0.00    0.00    0.00                 
  4.90  0.00    0.00    0.00                 
  4.36  5.63 2796.31   93.08 F2              
  4.36  0.00    0.00    0.00                 
  4.36  0.00    0.00    0.00                 
  6.87  8.06 2557.70   92.83 F2              
  6.87  0.00    0.00    0.00                 
  6.87  0.00    0.00    0.00                 
  7.64  8.89 2546.54   92.80 F2              
  7.64  0.00    0.00    0.00                 
  7.64  0.00    0.00    0.00                 
  7.80  9.07 2550.97   92.89 F2              
  7.80  0.00    0.00    0.00                 
  7.80  0.00    0.00    0.00                 
  7.79  9.05 2550.38   92.89 F2              
  7.79  0.00    0.00    0.00                 
  7.79  0.00    0.00    0.00                 
  7.82  9.08 2551.59   92.89 F2              
  7.82  0.00    0.00    0.00                 
  7.82  0.00    0.00    0.00                 
  8.05  9.35 2568.01   92.98 F2              
  8.05  0.00    0.00    0.00                 
  8.05  0.00    0.00    0.00                 
  7.96  9.24 2558.94   92.99 F2              
  7.96  0.00    0.00    0.00                 
  7.96  0.00    0.00    0.00                 
  7.79  9.04 2548.95   92.89 F2              
  7.79  0.00    0.00    0.00                 
  7.79  0.00    0.00    0.00                 
  7.66  8.89 2545.01   92.80 F2              
  7.66  0.00    0.00    0.00                 
  7.66  0.00    0.00    0.00                 
  8.65 10.20 2736.26   92.92 F2              
  8.65  0.00    0.00    0.00                 
  8.65  0.00    0.00    0.00                 
  8.36  9.73 2612.38   93.06 F2              
  8.36  0.00    0.00    0.00                 
  8.36  0.00    0.00    0.00                 
  7.71  8.93 2543.75   93.00 F2              
  7.71  0.00    0.00    0.00                 
  7.71  0.00    0.00    0.00                 
  6.59  7.73 2572.22   93.04 F2              
  6.59  0.00    0.00    0.00                 
  6.59  0.00    0.00    0.00                 
  0.00  0.00    0.00    0.00                 
  0.00  0.00    0.00    0.00                 
  0.00  0.00    0.00    0.00                 
  5.90  7.04 2627.43   92.75 F2              
  5.90  0.00    0.00    0.00                 
  5.90  0.00    0.00    0.00                 
  7.61  8.81 2542.40   92.80 F2              
  7.61  0.00    0.00    0.00                 
  7.61  0.00    0.00    0.00                 
  8.01  9.26 2560.54   92.79 F2              
  8.01  0.00    0.00    0.00                 
  8.01  0.00    0.00    0.00                 
  6.83  7.97 2559.79   92.83 F2              
  6.83  0.00    0.00    0.00                 
  6.83  0.00    0.00    0.00                 
  6.93  8.07 2555.56   92.73 F2              
  6.93  0.00    0.00    0.00                 
  6.93  0.00    0.00    0.00                 
  7.05  8.19 2550.61   92.72 F2              
  7.05  0.00    0.00    0.00                 
  7.05  0.00    0.00    0.00                 
  7.53  8.70 2542.51   92.61 F2              
  7.53  0.00    0.00    0.00                 
  7.53  0.00    0.00    0.00                 
  0.64  2.87 3372.61   92.81 F2              
  0.64  0.00    0.00    0.00                 
  0.64  0.00    0.00    0.00                 
  7.61  8.78 2539.84   93.01 F2              
  7.61  0.00    0.00    0.00                 
  7.61  0.00    0.00    0.00                 
  5.78  6.89 2639.65   92.86 F2              
  5.78  0.00    0.00    0.00                 
  5.78  0.00    0.00    0.00                 
  6.53  7.64 2578.03   92.84 F2              
  6.53  0.00    0.00    0.00                 
  6.53  0.00    0.00    0.00                 
  6.36  7.46 2590.21   92.85 F2              
  6.36  0.00    0.00    0.00                 
  6.36  0.00    0.00    0.00                 
  7.06  8.18 2549.70   92.83 F2              
  7.06  0.00    0.00    0.00                 
  7.06  0.00    0.00    0.00                 
  7.38  8.52 2541.08   92.82 F2              
  7.38  0.00    0.00    0.00                 
  7.38  0.00    0.00    0.00                 
  7.54  8.69 2540.06   92.81 F2              
  7.54  0.00    0.00    0.00                 
  7.54  0.00    0.00    0.00                 
  7.45  8.59 2540.19   92.81 F2              
  7.45  0.00    0.00    0.00                 
  7.45  0.00    0.00    0.00                 
  7.15  8.27 2545.88   92.93 F2              
  7.15  0.00    0.00    0.00                 
  7.15  0.00    0.00    0.00                 
  4.36  5.54 2806.34   92.78 F2              
  4.36  0.00    0.00    0.00                 
  4.36  0.00    0.00    0.00                 
  6.51  7.60 2580.07   92.84 F2              
  6.51  0.00    0.00    0.00                 
  6.51  0.00    0.00    0.00                 
  7.82  8.99 2544.23   92.80 F2              
  7.82  0.00    0.00    0.00                 
  7.82  0.00    0.00    0.00                 
  8.88 10.55 2905.16   92.89 F2              
  8.88  0.00    0.00    0.00                 
  8.88  0.00    0.00    0.00                 
  7.47  8.59 2538.85   92.92 F2              
  7.47  0.00    0.00    0.00                 
  7.47  0.00    0.00    0.00                 
  7.68  8.82 2539.34   92.91 F2              
  7.68  0.00    0.00    0.00                 
  7.68  0.00    0.00    0.00                 
  8.52  9.85 2629.70   92.96 F2              
  8.52  0.00    0.00    0.00                 
  8.52  0.00    0.00    0.00                 
  6.93  8.02 2555.51   92.83 F2              
  6.93  0.00    0.00    0.00                 
  6.93  0.00    0.00    0.00                 
  7.55  8.67 2538.70   92.81 F2              
  7.55  0.00    0.00    0.00                 
  7.55  0.00    0.00    0.00                 
  3.92  5.12 2869.81   92.59 F2              
  3.92  0.00    0.00    0.00                 
  3.92  0.00    0.00    0.00                 
  6.24  7.30 2601.37   92.85 F2              
  6.24  0.00    0.00    0.00                 
  6.24  0.00    0.00    0.00                 
  8.07  9.26 2554.71   92.89 F2              
  8.07  0.00    0.00    0.00                 
  8.07  0.00    0.00    0.00                 
  0.00  0.00    0.00    0.00                 
  0.00  0.00    0.00    0.00                 
  0.00  0.00    0.00    0.00                 
  0.00  0.00    0.00    0.00                 
  0.00  0.00    0.00    0.00                 
  0.00  0.00    0.00    0.00                 
  0.00  0.00    0.00    0.00                 
  0.00  0.00    0.00    0.00                 
  0.00  0.00    0.00    0.00                 
  6.92  7.99 2556.22   92.83 F2              
  6.92  0.00    0.00    0.00                 
  6.92  0.00    0.00    0.00                 
  6.28  7.33 2597.70   93.05 F2              
  6.28  0.00    0.00    0.00                 
  6.28  0.00    0.00    0.00                 
  7.64  8.75 2535.93   93.11 F2              
  7.64  0.00    0.00    0.00                 
  7.64  0.00    0.00    0.00                 
  7.85  8.98 2540.35   93.00 F2              
  7.85  0.00    0.00    0.00                 
  7.85  0.00    0.00    0.00                 
  8.07  9.23 2550.66   93.09 F2              
  8.07  0.00    0.00    0.00                 
  8.07  0.00    0.00    0.00                 
  5.31  6.38 2694.93   92.37 F2              
  5.31  0.00    0.00    0.00                 
  5.31  0.00    0.00    0.00                 
  7.08  8.14 2547.80   93.03 F2              
  7.08  0.00    0.00    0.00                 
  7.08  0.00    0.00    0.00                 
  6.50  7.54 2581.13   93.15 F2              
  6.50  0.00    0.00    0.00                 
  6.50  0.00    0.00    0.00                 
  6.59  7.63 2575.27   93.05 F2              
  6.59  0.00    0.00    0.00                 
  6.59  0.00    0.00    0.00                 
  6.38  7.41 2617.10   88.13 F2              
  6.38  0.00    0.00    0.00                 
  6.38  0.00    0.00    0.00                 
  6.09  7.12 2614.75   93.06 F2              
  6.09  0.00    0.00    0.00                 
  6.09  0.00    0.00    0.00                 
  6.98  8.03 2552.44   93.04 F2              
  6.98  0.00    0.00    0.00                 
  6.98  0.00    0.00    0.00                 
  6.71  7.75 2567.59   93.04 F2              
  6.71  0.00    0.00    0.00                 
  6.71  0.00    0.00    0.00                 
  7.42  8.48 2537.15   93.02 F2              
  7.42  0.00    0.00    0.00                 
  7.42  0.00    0.00    0.00                 
  6.86  7.90 2559.80   92.84 F2              
  6.86  0.00    0.00    0.00                 
  6.86  0.00    0.00    0.00                 
  6.43  7.45 2588.32   92.85 F2              
  6.43  0.00    0.00    0.00                 
  6.43  0.00    0.00    0.00                 
  6.88  7.91 2558.89   92.84 F2              
  6.88  0.00    0.00    0.00                 
  6.88  0.00    0.00    0.00                 
  6.89  7.92 2557.28   93.04 F2              
  6.89  0.00    0.00    0.00                 
  6.89  0.00    0.00    0.00                 
  6.50  7.51 2583.47   92.85 F2              
  6.50  0.00    0.00    0.00                 
  6.50  0.00    0.00    0.00                 
  7.17  8.20 2544.23   93.03 F2              
  7.17  0.00    0.00    0.00                 
  7.17  0.00    0.00    0.00                 
  0.00  0.00    0.00    0.00                 
  0.00  0.00    0.00    0.00                 
  0.00  0.00    0.00    0.00                 
  6.18  7.19 2608.37   93.06 F2              
  6.18  0.00    0.00    0.00                 
  6.18  0.00    0.00    0.00                 
  4.55  5.62 2789.67   92.88 F2              
  4.55  0.00    0.00    0.00                 
  4.55  0.00    0.00    0.00                 
  6.37  7.37 2592.97   93.05 F2              
  6.37  0.00    0.00    0.00                 
  6.37  0.00    0.00    0.00                 
  6.26  7.26 2602.49   92.96 F2              
  6.26  0.00    0.00    0.00                 
  6.26  0.00    0.00    0.00                 
  6.01  7.01 2624.62   92.96 F2              
  6.01  0.00    0.00    0.00                 
  6.01  0.00    0.00    0.00                 
  7.44  8.47 2534.72   93.23 F2              
  7.44  0.00    0.00    0.00                 
  7.44  0.00    0.00    0.00                 
  0.00  0.00    0.00    0.00                 
  0.00  0.00    0.00    0.00                 
  0.00  0.00    0.00    0.00                 
  3.96  5.07 2870.95   93.39 F2              
  3.96  0.00    0.00    0.00                 
  3.96  0.00    0.00    0.00                 
  7.10  8.11 2547.79   92.94 F2              
  7.10  0.00    0.00    0.00                 
  7.10  0.00    0.00    0.00                 
  6.82  7.81 2562.45   92.94 F2              
  6.82  0.00    0.00    0.00                 
  6.82  0.00    0.00    0.00                 
  6.34  7.32 2597.94   92.65 F2              
  6.34  0.00    0.00    0.00                 
  6.34  0.00    0.00    0.00                 
  6.65  7.64 2573.93   92.85 F2              
  6.65  0.00    0.00    0.00                 
  6.65  0.00    0.00    0.00                 
  7.61  8.64 2533.22   93.02 F2              
  7.61  0.00    0.00    0.00                 
  7.61  0.00    0.00    0.00                 
  6.99  7.98 2553.16   92.94 F2              
  6.99  0.00    0.00    0.00                 
  6.99  0.00    0.00    0.00                 
  7.39  8.40 2537.35   92.93 F2              
  7.39  0.00    0.00    0.00                 
  7.39  0.00    0.00    0.00                 
  7.34  8.34 2538.68   92.93 F2              
  7.34  0.00    0.00    0.00                 
  7.34  0.00    0.00    0.00                 
  7.23  8.22 2540.79   93.24 F2              
  7.23  0.00    0.00    0.00                 
  7.23  0.00    0.00    0.00                 
  6.71  7.68 2569.95   92.95 F2              
  6.71  0.00    0.00    0.00                 
  6.71  0.00    0.00    0.00                 
  6.78  7.75 2566.04   92.85 F2              
  6.78  0.00    0.00    0.00                 
  6.78  0.00    0.00    0.00                 
  7.77  8.80 2534.51   92.72 F2              
  7.77  0.00    0.00    0.00                 
  7.77  0.00    0.00    0.00                 
  8.53  9.72 2645.72   89.35 F2              
  8.53  0.00    0.00    0.00                 
  8.53  0.00    0.00    0.00                 
  0.00  0.00    0.00    0.00                 
  0.00  0.00    0.00    0.00                 
  0.00  0.00    0.00    0.00                 
  6.86  7.83 2560.71   92.95 F2              
  6.86  0.00    0.00    0.00                 
  6.86  0.00    0.00    0.00                 
  7.14  8.11 2546.70   92.84 F2              
  7.14  0.00    0.00    0.00                 
  7.14  0.00    0.00    0.00                 
  8.06  9.11 2538.31   93.11 F2              
  8.06  0.00    0.00    0.00                 
  8.06  0.00    0.00    0.00                 
  7.40  8.38 2532.47   93.63 F2              
  7.40  0.00    0.00    0.00                 
  7.40  0.00    0.00    0.00                 
  8.17  9.24 2544.21   93.10 F2              
  8.17  0.00    0.00    0.00                 
  8.17  0.00    0.00    0.00                 
  8.70  9.91 2627.79   92.97 F2              
  8.70  0.00    0.00    0.00                 
  8.70  0.00    0.00    0.00                 
  6.05  6.99 2625.65   92.56 F2              
  6.05  0.00    0.00    0.00                 
  6.05  0.00    0.00    0.00                 
  1.20  2.92 3315.59   92.91 F2              
  1.20  0.00    0.00    0.00                 
  1.20  0.00    0.00    0.00                 
  5.35  6.31 2699.79   92.07 F2              
  5.35  0.00    0.00    0.00                 
  5.35  0.00    0.00    0.00                 
  6.98  7.93 2554.74   92.84 F2              
  6.98  0.00    0.00    0.00                 
  6.98  0.00    0.00    0.00                 
  7.05  8.00 2551.13   92.84 F2              
  7.05  0.00    0.00    0.00                 
  7.05  0.00    0.00    0.00                 
  7.51  8.48 2533.17   93.03 F2              
  7.51  0.00    0.00    0.00                 
  7.51  0.00    0.00    0.00                 
  6.16  7.10 2614.06   93.06 F2              
  6.16  0.00    0.00    0.00                 
  6.16  0.00    0.00    0.00                 
  5.62  6.56 2668.77   92.67 F2              
  5.62  0.00    0.00    0.00                 
  5.62  0.00    0.00    0.00                 
  6.75  7.69 2568.39   92.95 F2              
  6.75  0.00    0.00    0.00                 
  6.75  0.00    0.00    0.00                 
  6.16  7.09 2614.79   92.96 F2              
  6.16  0.00    0.00    0.00                 
  6.16  0.00    0.00    0.00                 
  6.19  7.12 2612.22   92.96 F2              
  6.19  0.00    0.00    0.00                 
  6.19  0.00    0.00    0.00                 
  7.81  8.80 2530.58   93.02 F2              
  7.81  0.00    0.00    0.00                 
  7.81  0.00    0.00    0.00                 
  8.06  9.08 2536.36   93.01 F2              
  8.06  0.00    0.00    0.00                 
  8.06  0.00    0.00    0.00                 
  6.91  7.84 2557.64   93.15 F2              
  6.91  0.00    0.00    0.00                 
  6.91  0.00    0.00    0.00                 
  5.90  6.82 2639.63   93.07 F2              
  5.90  0.00    0.00    0.00                 
  5.90  0.00    0.00    0.00                 
  6.14  7.06 2617.65   92.86 F2              
  6.14  0.00    0.00    0.00                 
  6.14  0.00    0.00    0.00                 
  5.88  6.80 2642.16   92.97 F2              
  5.88  0.00    0.00    0.00                 
  5.88  0.00    0.00    0.00                 
  7.47  8.42 2533.69   93.03 F2              
  7.47  0.00    0.00    0.00                 
  7.47  0.00    0.00    0.00                 
  6.87  7.79 2560.83   93.05 F2              
  6.87  0.00    0.00    0.00                 
  6.87  0.00    0.00    0.00                 
  6.90  7.82 2558.89   93.05 F2              
  6.90  0.00    0.00    0.00                 
  6.90  0.00    0.00    0.00                 
  6.96  7.88 2555.48   93.05 F2              
  6.96  0.00    0.00    0.00                 
  6.96  0.00    0.00    0.00                 
  5.29  6.22 2706.23   93.08 F2              
  5.29  0.00    0.00    0.00                 
  5.29  0.00    0.00    0.00                 
  7.13  8.05 2546.15   93.14 F2              
  7.13  0.00    0.00    0.00                 
  7.13  0.00    0.00    0.00                 
  7.42  8.36 2534.42   93.14 F2              
  7.42  0.00    0.00    0.00                 
  7.42  0.00    0.00    0.00                 
  7.44  8.38 2534.40   93.03 F2              
  7.44  0.00    0.00    0.00                 
  7.44  0.00    0.00    0.00                 
  6.78  7.69 2566.51   93.15 F2              
  6.78  0.00    0.00    0.00                 
  6.78  0.00    0.00    0.00                 
  6.20  7.10 2612.33   93.16 F2              
  6.20  0.00    0.00    0.00                 
  6.20  0.00    0.00    0.00                 
  7.40  8.33 2535.64   93.04 F2              
  7.40  0.00    0.00    0.00                 
  7.40  0.00    0.00    0.00                 
  7.33  8.25 2538.06   93.04 F2              
  7.33  0.00    0.00    0.00                 
  7.33  0.00    0.00    0.00                 
  6.23  7.13 2609.82   93.16 F2              
  6.23  0.00    0.00    0.00                 
  6.23  0.00    0.00    0.00                 
  7.57  8.50 2530.51   93.13 F2              
  7.57  0.00    0.00    0.00                 
  7.57  0.00    0.00    0.00                 
  6.25  7.14 2608.37   93.16 F2              
  6.25  0.00    0.00    0.00                 
  6.25  0.00    0.00    0.00                 
  4.51  5.46 2806.84   92.99 F2              
  4.51  0.00    0.00    0.00                 
  4.51  0.00    0.00    0.00                 
  8.05  9.02 2534.11   92.81 F2              
  8.05  0.00    0.00    0.00                 
  8.05  0.00    0.00    0.00                 
  0.00  0.00    0.00    0.00                 
  0.00  0.00    0.00    0.00                 
  0.00  0.00    0.00    0.00                 
  6.86  7.75 2554.20   94.86 F2              
  6.86  0.00    0.00    0.00                 
  6.86  0.00    0.00    0.00                 
  7.40  8.31 2533.26   93.44 F2              
  7.40  0.00    0.00    0.00                 
  7.40  0.00    0.00    0.00                 
  8.65  9.74 2590.97   92.98 F2              
  8.65  0.00    0.00    0.00                 
  8.65  0.00    0.00    0.00                 
  8.51  9.56 2565.66   93.09 F2              
  8.51  0.00    0.00    0.00                 
  8.51  0.00    0.00    0.00                 
  8.89 10.07 2652.32   93.36 F2              
  8.89  0.00    0.00    0.00                 
  8.89  0.00    0.00    0.00                 
  7.70  8.63 2530.05   92.83 F2              
  7.70  0.00    0.00    0.00                 
  7.70  0.00    0.00    0.00                 
  7.61  8.53 2528.71   93.23 F2              
  7.61  0.00    0.00    0.00                 
  7.61  0.00    0.00    0.00                 
  6.83  7.71 2563.26   93.35 F2              
  6.83  0.00    0.00    0.00                 
  6.83  0.00    0.00    0.00                 
  6.87  7.75 2561.61   93.15 F2              
  6.87  0.00    0.00    0.00                 
  6.87  0.00    0.00    0.00                 
  7.35  8.25 2536.21   93.24 F2              
  7.35  0.00    0.00    0.00                 
  7.35  0.00    0.00    0.00                 
  8.05  9.00 2527.90   93.42 F2              
  8.05  0.00    0.00    0.00                 
  8.05  0.00    0.00    0.00                 
  0.00  0.00    0.00    0.00                 
  0.00  0.00    0.00    0.00                 
  0.00  0.00    0.00    0.00                 
  5.46  6.34 2690.48   93.08 F2              
  5.46  0.00    0.00    0.00                 
  5.46  0.00    0.00    0.00                 
  8.56  9.60 2567.82   93.19 F2              
  8.56  0.00    0.00    0.00                 
  8.56  0.00    0.00    0.00                 
  6.66  7.52 2577.44   92.96 F2              
  6.66  0.00    0.00    0.00                 
  6.66  0.00    0.00    0.00                 
  6.83  7.70 2565.13   93.05 F2              
  6.83  0.00    0.00    0.00                 
  6.83  0.00    0.00    0.00                 
  6.60  7.46 2581.18   93.16 F2              
  6.60  0.00    0.00    0.00                 
  6.60  0.00    0.00    0.00                 
  7.50  8.39 2531.04   93.24 F2              
  7.50  0.00    0.00    0.00                 
  7.50  0.00    0.00    0.00                 
  0.00  0.00    0.00    0.00                 
  0.00  0.00    0.00    0.00                 
  0.00  0.00    0.00    0.00                 
  3.99  4.95 2883.69   92.99 F2              
  3.99  0.00    0.00    0.00                 
  3.99  0.00    0.00    0.00                 
  6.76  7.62 2569.80   93.16 F2              
  6.76  0.00    0.00    0.00                 
  6.76  0.00    0.00    0.00                 
  5.75  6.61 2660.00   93.07 F2              
  5.75  0.00    0.00    0.00                 
  5.75  0.00    0.00    0.00                 
  6.48  7.33 2591.25   93.16 F2              
  6.48  0.00    0.00    0.00                 
  6.48  0.00    0.00    0.00                 
  6.88  7.73 2561.85   93.15 F2              
  6.88  0.00    0.00    0.00                 
  6.88  0.00    0.00    0.00                 
  6.56  7.41 2584.94   93.16 F2              
  6.56  0.00    0.00    0.00                 
  6.56  0.00    0.00    0.00                 
  7.26  8.12 2540.70   93.14 F2              
  7.26  0.00    0.00    0.00                 
  7.26  0.00    0.00    0.00                 
  5.26  6.12 2716.50   92.88 F2              
  5.26  0.00    0.00    0.00                 
  5.26  0.00    0.00    0.00                 
  6.53  7.37 2588.80   92.86 F2              
  6.53  0.00    0.00    0.00                 
  6.53  0.00    0.00    0.00                 
  8.23  9.17 2533.78   93.11 F2              
  8.23  0.00    0.00    0.00                 
  8.23  0.00    0.00    0.00                 
  0.00  0.00    0.00    0.00                 
  0.00  0.00    0.00    0.00                 
  0.00  0.00    0.00    0.00                 
  3.22  4.25 3003.55   93.20 F2              
  3.22  0.00    0.00    0.00                 
  3.22  0.00    0.00    0.00                 
  7.29  8.14 2540.47   92.94 F2              
  7.29  0.00    0.00    0.00                 
  7.29  0.00    0.00    0.00                 
  8.15  9.07 2530.00   93.12 F2              
  8.15  0.00    0.00    0.00                 
  8.15  0.00    0.00    0.00                 
  5.04  5.90 2744.01   92.98 F2              
  5.04  0.00    0.00    0.00                 
  5.04  0.00    0.00    0.00                 
  5.93  6.76 2643.30   93.07 F2              
  5.93  0.00    0.00    0.00                 
  5.93  0.00    0.00    0.00                 
  6.17  7.00 2619.61   93.17 F2              
  6.17  0.00    0.00    0.00                 
  6.17  0.00    0.00    0.00                 
  6.79  7.62 2569.62   92.96 F2              
  6.79  0.00    0.00    0.00                 
  6.79  0.00    0.00    0.00                 
  6.72  7.54 2574.76   92.96 F2              
  6.72  0.00    0.00    0.00                 
  6.72  0.00    0.00    0.00                 
  6.42  7.24 2598.48   92.96 F2              
  6.42  0.00    0.00    0.00                 
  6.42  0.00    0.00    0.00                 
  5.15  5.99 2731.21   93.08 F2              
  5.15  0.00    0.00    0.00                 
  5.15  0.00    0.00    0.00                 
  7.03  7.86 2551.46   93.55 F2              
  7.03  0.00    0.00    0.00                 
  7.03  0.00    0.00    0.00                 
  8.26  9.18 2529.86   93.52 F2              
  8.26  0.00    0.00    0.00                 
  8.26  0.00    0.00    0.00                 
  5.54  6.37 2686.10   92.98 F2              
  5.54  0.00    0.00    0.00                 
  5.54  0.00    0.00    0.00                 
  6.12  6.93 2625.54   93.07 F2              
  6.12  0.00    0.00    0.00                 
  6.12  0.00    0.00    0.00                 
  6.33  7.14 2606.01   93.17 F2              
  6.33  0.00    0.00    0.00                 
  6.33  0.00    0.00    0.00                 
  7.36  8.19 2536.13   93.24 F2              
  7.36  0.00    0.00    0.00                 
  7.36  0.00    0.00    0.00                 
  7.06  7.88 2558.33   91.85 F2              
  7.06  0.00    0.00    0.00                 
  7.06  0.00    0.00    0.00                 
  6.95  7.77 2558.99   93.05 F2              
  6.95  0.00    0.00    0.00                 
  6.95  0.00    0.00    0.00                 
  7.58  8.42 2529.45   93.04 F2              
  7.58  0.00    0.00    0.00                 
  7.58  0.00    0.00    0.00                 
  6.36  7.17 2599.62   94.27 F2              
  6.36  0.00    0.00    0.00                 
  6.36  0.00    0.00    0.00                 
  7.07  7.89 2551.73   93.05 F2              
  7.07  0.00    0.00    0.00                 
  7.07  0.00    0.00    0.00                 
  6.79  7.60 2569.92   93.06 F2              
  6.79  0.00    0.00    0.00                 
  6.79  0.00    0.00    0.00                 
  5.70  6.51 2668.79   93.18 F2              
  5.70  0.00    0.00    0.00                 
  5.70  0.00    0.00    0.00                 
  6.43  7.23 2598.41   93.06 F2              
  6.43  0.00    0.00    0.00                 
  6.43  0.00    0.00    0.00                 
  5.62  6.43 2678.85   92.88 F2              
  5.62  0.00    0.00    0.00                 
  5.62  0.00    0.00    0.00                 
  6.75  7.55 2572.70   93.16 F2              
  6.75  0.00    0.00    0.00                 
  6.75  0.00    0.00    0.00                 
  6.95  7.75 2559.91   92.95 F2              
  6.95  0.00    0.00    0.00                 
  6.95  0.00    0.00    0.00                 
  8.11  8.98 2526.27   93.02 F2              
  8.11  0.00    0.00    0.00                 
  8.11  0.00    0.00    0.00                 
  7.46  8.28 2533.16   93.04 F2              
  7.46  0.00    0.00    0.00                 
  7.46  0.00    0.00    0.00                 
  8.93  9.98 2628.01   92.77 F2              
  8.93  0.00    0.00    0.00                 
  8.93  0.00    0.00    0.00                 
  7.99  8.85 2524.10   93.03 F2              
  7.99  0.00    0.00    0.00                 
  7.99  0.00    0.00    0.00                 
  8.92  9.96 2618.81   93.08 F2              
  8.92  0.00    0.00    0.00                 
  8.92  0.00    0.00    0.00                 
  0.00  0.00    0.00    0.00                 
  0.00  0.00    0.00    0.00                 
  0.00  0.00    0.00    0.00                 
  6.44  7.22 2599.30   92.86 F2              
  6.44  0.00    0.00    0.00                 
  6.44  0.00    0.00    0.00                 
  6.89  7.68 2564.75   92.86 F2              
  6.89  0.00    0.00    0.00                 
  6.89  0.00    0.00    0.00                 
  8.98 10.03 2634.61   93.07 F2              
  8.98  0.00    0.00    0.00                 
  8.98  0.00    0.00    0.00                 
  7.89  8.72 2523.45   93.03 F2              
  7.89  0.00    0.00    0.00                 
  7.89  0.00    0.00    0.00                 
  6.65  7.43 2582.00   92.96 F2              
  6.65  0.00    0.00    0.00                 
  6.65  0.00    0.00    0.00                 
  7.11  7.90 2550.19   93.05 F2              
  7.11  0.00    0.00    0.00                 
  7.11  0.00    0.00    0.00                 
  7.12  7.91 2550.10   92.95 F2              
  7.12  0.00    0.00    0.00                 
  7.12  0.00    0.00    0.00                 
  7.47  8.27 2532.77   93.04 F2              
  7.47  0.00    0.00    0.00                 
  7.47  0.00    0.00    0.00                 
  7.44  8.23 2534.45   92.94 F2              
  7.44  0.00    0.00    0.00                 
  7.44  0.00    0.00    0.00                 
  6.16  6.93 2626.17   92.67 F2              
  6.16  0.00    0.00    0.00                 
  6.16  0.00    0.00    0.00                 
  4.82  5.62 2779.79   92.59 F2              
  4.82  0.00    0.00    0.00                 
  4.82  0.00    0.00    0.00                 
  8.09  8.93 2522.99   93.13 F2              
  8.09  0.00    0.00    0.00                 
  8.09  0.00    0.00    0.00                 
  7.63  8.43 2528.51   92.84 F2              
  7.63  0.00    0.00    0.00                 
  7.63  0.00    0.00    0.00                 
  8.03  8.86 2523.41   92.93 F2              
  8.03  0.00    0.00    0.00                 
  8.03  0.00    0.00    0.00                 
  6.58  7.34 2588.00   93.06 F2              
  6.58  0.00    0.00    0.00                 
  6.58  0.00    0.00    0.00                 
  0.00  0.00    0.00    0.00                 
  0.00  0.00    0.00    0.00                 
  0.00  0.00    0.00    0.00                 
  0.00  0.00    0.00    0.00                 
  0.00  0.00    0.00    0.00                 
  0.00  0.00    0.00    0.00                 
  5.75  6.51 2668.53   92.78 F2              
  5.75  0.00    0.00    0.00                 
  5.75  0.00    0.00    0.00                 
  8.51  9.39 2540.68   93.11 F2              
  8.51  0.00    0.00    0.00                 
  8.51  0.00    0.00    0.00                 
  7.54  8.32 2530.13   93.04 F2              
  7.54  0.00    0.00    0.00                 
  7.54  0.00    0.00    0.00                 
  6.04  6.79 2638.88   92.77 F2              
  6.04  0.00    0.00    0.00                 
  6.04  0.00    0.00    0.00                 
  7.85  8.64 2526.35   92.43 F2              
  7.85  0.00    0.00    0.00                 
  7.85  0.00    0.00    0.00                 
  0.00  0.00    0.00    0.00                 
  0.00  0.00    0.00    0.00                 
  0.00  0.00    0.00    0.00                 
  6.72  7.47 2577.57   93.06 F2              
  6.72  0.00    0.00    0.00                 
  6.72  0.00    0.00    0.00                 
  7.43  8.20 2534.36   93.05 F2              
  7.43  0.00    0.00    0.00                 
  7.43  0.00    0.00    0.00                 
  0.00  0.00    0.00    0.00                 
  0.00  0.00    0.00    0.00                 
  0.00  0.00    0.00    0.00                 
  7.55  8.32 2529.73   93.04 F2              
  7.55  0.00    0.00    0.00                 
  7.55  0.00    0.00    0.00                 
  0.00  0.00    0.00    0.00                 
  0.00  0.00    0.00    0.00                 
  0.00  0.00    0.00    0.00                 
  5.65  6.40 2678.62   93.38 F2              
  5.65  0.00    0.00    0.00                 
  5.65  0.00    0.00    0.00                 
  8.00  8.80 2520.14   93.23 F2              
  8.00  0.00    0.00    0.00                 
  8.00  0.00    0.00    0.00                 
  0.00  0.00    0.00    0.00                 
  0.00  0.00    0.00    0.00                 
  0.00  0.00    0.00    0.00                 
  7.32  8.08 2537.56   93.45 F2              
  7.32  0.00    0.00    0.00                 
  7.32  0.00    0.00    0.00                 
  5.14  5.90 2741.15   92.78 F2              
  5.14  0.00    0.00    0.00                 
  5.14  0.00    0.00    0.00                 
  4.50  5.29 2825.45   92.79 F2              
  4.50  0.00    0.00    0.00                 
  4.50  0.00    0.00    0.00                 
  0.00  0.00    0.00    0.00                 
  0.00  0.00    0.00    0.00                 
  0.00  0.00    0.00    0.00                 
  6.82  7.56 2570.82   92.96 F2              
  6.82  0.00    0.00    0.00                 
  6.82  0.00    0.00    0.00                 
  6.89  7.63 2565.12   93.16 F2              
  6.89  0.00    0.00    0.00                 
  6.89  0.00    0.00    0.00                 
  7.21  7.96 2544.98   93.15 F2              
  7.21  0.00    0.00    0.00                 
  7.21  0.00    0.00    0.00                 
  7.27  8.01 2542.24   93.05 F2              
  7.27  0.00    0.00    0.00                 
  7.27  0.00    0.00    0.00                 
  7.14  7.88 2549.05   93.16 F2              
  7.14  0.00    0.00    0.00                 
  7.14  0.00    0.00    0.00                 
  6.53  7.26 2593.48   93.17 F2              
  6.53  0.00    0.00    0.00                 
  6.53  0.00    0.00    0.00                 
  0.00  0.00    0.00    0.00                 
  0.00  0.00    0.00    0.00                 
  0.00  0.00    0.00    0.00                 
  7.42  8.17 2534.43   93.15 F2              
  7.42  0.00    0.00    0.00                 
  7.42  0.00    0.00    0.00                 
  7.23  7.97 2544.01   93.15 F2              
  7.23  0.00    0.00    0.00                 
  7.23  0.00    0.00    0.00                 
  7.02  7.75 2556.35   93.26 F2              
  7.02  0.00    0.00    0.00                 
  7.02  0.00    0.00    0.00                 
  0.00  0.00    0.00    0.00                 
  0.00  0.00    0.00    0.00                 
  0.00  0.00    0.00    0.00                 
  6.91  7.64 2562.96   93.46 F2              
  6.91  0.00    0.00    0.00                 
  6.91  0.00    0.00    0.00                 
  0.00  0.00    0.00    0.00                 
  0.00  0.00    0.00    0.00                 
  0.00  0.00    0.00    0.00                 
  6.51  7.23 2595.70   93.17 F2              
  6.51  0.00    0.00    0.00                 
  6.51  0.00    0.00    0.00                 
  7.89  8.66 2519.71   93.24 F2              
  7.89  0.00    0.00    0.00                 
  7.89  0.00    0.00    0.00                 
  0.00  0.00    0.00    0.00                 
  0.00  0.00    0.00    0.00                 
  0.00  0.00    0.00    0.00                 
  8.36  9.17 2525.19   93.22 F2              
  8.36  0.00    0.00    0.00                 
  8.36  0.00    0.00    0.00                 
  0.00  0.00    0.00    0.00                 
  0.00  0.00    0.00    0.00                 
  0.00  0.00    0.00    0.00                 
  7.54  8.28 2528.42   93.35 F2              
  7.54  0.00    0.00    0.00                 
  7.54  0.00    0.00    0.00                 
  7.45  8.18 2532.17   93.35 F2              
  7.45  0.00    0.00    0.00                 
  7.45  0.00    0.00    0.00                 
  0.00  0.00    0.00    0.00                 
  0.00  0.00    0.00    0.00                 
  0.00  0.00    0.00    0.00                 
  6.50  7.21 2597.44   93.07 F2              
  6.50  0.00    0.00    0.00                 
  6.50  0.00    0.00    0.00                 
  0.00  0.00    0.00    0.00                 
  0.00  0.00    0.00    0.00                 
  0.00  0.00    0.00    0.00                 
  7.21  7.93 2544.89   93.26 F2              
  7.21  0.00    0.00    0.00                 
  7.21  0.00    0.00    0.00                 
  0.00  0.00    0.00    0.00                 
  0.00  0.00    0.00    0.00                 
  0.00  0.00    0.00    0.00                 
  7.16  7.88 2547.86   93.26 F2              
  7.16  0.00    0.00    0.00                 
  7.16  0.00    0.00    0.00                 
  8.08  8.84 2523.41   92.43 F2              
  8.08  0.00    0.00    0.00                 
  8.08  0.00    0.00    0.00                 
  7.59  8.32 2528.01   93.05 F2              
  7.59  0.00    0.00    0.00                 
  7.59  0.00    0.00    0.00                 
  0.00  0.00    0.00    0.00                 
  0.00  0.00    0.00    0.00                 
  0.00  0.00    0.00    0.00                 
  7.81  8.56 2520.60   93.24 F2              
  7.81  0.00    0.00    0.00                 
  7.81  0.00    0.00    0.00                 
  6.61  7.31 2588.52   93.07 F2              
  6.61  0.00    0.00    0.00                 
  6.61  0.00    0.00    0.00                 
  8.89  9.79 2576.94   93.09 F2              
  8.89  0.00    0.00    0.00                 
  8.89  0.00    0.00    0.00                 
  6.60  7.30 2589.93   92.97 F2              
  6.60  0.00    0.00    0.00                 
  6.60  0.00    0.00    0.00                 
  0.00  0.00    0.00    0.00                 
  0.00  0.00    0.00    0.00                 
  0.00  0.00    0.00    0.00                 
  6.15  6.85 2629.44   93.38 F2              
  6.15  0.00    0.00    0.00                 
  6.15  0.00    0.00    0.00                 
  0.00  0.00    0.00    0.00                 
  0.00  0.00    0.00    0.00                 
  0.00  0.00    0.00    0.00                 
  8.32  9.10 2519.25   93.53 F2              
  8.32  0.00    0.00    0.00                 
  8.32  0.00    0.00    0.00                 
  0.00  0.00    0.00    0.00                 
  0.00  0.00    0.00    0.00                 
  0.00  0.00    0.00    0.00                 
  5.03  5.74 2759.04   93.09 F2              
  5.03  0.00    0.00    0.00                 
  5.03  0.00    0.00    0.00                 
  0.00  0.00    0.00    0.00                 
  0.00  0.00    0.00    0.00                 
  0.00  0.00    0.00    0.00                 
  4.24  5.00 2866.93   92.99 F2              
  4.24  0.00    0.00    0.00                 
  4.24  0.00    0.00    0.00                 
  0.00  0.00    0.00    0.00                 
  0.00  0.00    0.00    0.00                 
  0.00  0.00    0.00    0.00                 
  6.12  6.80 2635.36   92.77 F2              
  6.12  0.00    0.00    0.00                 
  6.12  0.00    0.00    0.00                 
  0.00  0.00    0.00    0.00                 
  0.00  0.00    0.00    0.00                 
  0.00  0.00    0.00    0.00                 
  6.15  6.84 2630.41   93.28 F2              
  6.15  0.00    0.00    0.00                 
  6.15  0.00    0.00    0.00                 
  3.25  3.93 3047.61   85.67 F2              
  3.25  0.00    0.00    0.00                 
  3.25  0.00    0.00    0.00                 
  0.00  0.00    0.00    0.00                 
  0.00  0.00    0.00    0.00                 
  0.00  0.00    0.00    0.00                 
  6.63  7.31 2588.03   92.97 F2              
  6.63  0.00    0.00    0.00                 
  6.63  0.00    0.00    0.00                 
  0.00  0.00    0.00    0.00                 
  0.00  0.00    0.00    0.00                 
  0.00  0.00    0.00    0.00                 
  6.03  6.71 2643.64   93.08 F2              
  6.03  0.00    0.00    0.00                 
  6.03  0.00    0.00    0.00                 
  0.00  0.00    0.00    0.00                 
  0.00  0.00    0.00    0.00                 
  0.00  0.00    0.00    0.00                 
  0.00  0.00    0.00    0.00                 
  0.00  0.00    0.00    0.00                 
  0.00  0.00    0.00    0.00                 
  6.78  7.46 2575.47   93.17 F2              
  6.78  0.00    0.00    0.00                 
  6.78  0.00    0.00    0.00                 
  0.00  0.00    0.00    0.00                 
  0.00  0.00    0.00    0.00                 
  0.00  0.00    0.00    0.00                 
  6.94  7.63 2562.37   93.46 F2              
  6.94  0.00    0.00    0.00                 
  6.94  0.00    0.00    0.00                 
  0.00  0.00    0.00    0.00                 
  0.00  0.00    0.00    0.00                 
  0.00  0.00    0.00    0.00                 
  7.55  8.26 2526.43   93.65 F2              
  7.55  0.00    0.00    0.00                 
  7.55  0.00    0.00    0.00                 
  0.00  0.00    0.00    0.00                 
  0.00  0.00    0.00    0.00                 
  0.00  0.00    0.00    0.00                 
  6.05  6.73 2641.00   93.38 F2              
  6.05  0.00    0.00    0.00                 
  6.05  0.00    0.00    0.00                 
  0.00  0.00    0.00    0.00                 
  0.00  0.00    0.00    0.00                 
  0.00  0.00    0.00    0.00                 
  6.90  7.58 2565.85   93.36 F2              
  6.90  0.00    0.00    0.00                 
  6.90  0.00    0.00    0.00                 
  0.00  0.00    0.00    0.00                 
  0.00  0.00    0.00    0.00                 
  0.00  0.00    0.00    0.00                 
  7.32  8.01 2539.08   93.36 F2              
  7.32  0.00    0.00    0.00                 
  7.32  0.00    0.00    0.00                 
  0.00  0.00    0.00    0.00                 
  0.00  0.00    0.00    0.00                 
  0.00  0.00    0.00    0.00                 
  0.00  0.00    0.00    0.00                 
  0.00  0.00    0.00    0.00                 
  0.00  0.00    0.00    0.00                 
  7.64  8.34 2524.46   93.35 F2              
  7.64  0.00    0.00    0.00                 
  7.64  0.00    0.00    0.00                 
  0.00  0.00    0.00    0.00                 
  0.00  0.00    0.00    0.00                 
  0.00  0.00    0.00    0.00                 
  6.52  7.19 2597.44   93.17 F2              
  6.52  0.00    0.00    0.00                 
  6.52  0.00    0.00    0.00                 
