08.12.2023 13:01:36.219  21.58000000  21579.99380   0.00 -119.4   20.6  28.0  6.87  284.2  2241.2  284.14   48.31    9.65     0.0    0.00    0.00    0.00      0.0   0.00    0.00    0.00    2.1     46896.219      5.50   47.24000   39.71000                   
08.12.2023 13:10:06.140  21.58000000  21579.99392   0.00 -117.7   20.3  28.0 15.24  285.9  1610.5  285.77   49.24   18.18  3102.5  285.60   47.28   -1.82      0.0   0.00    0.00    0.00    3.8     47406.140      5.50   47.24000   39.71000                   
08.12.2023 13:28:44.586  21.58000000  21579.99380   0.00 -114.9   21.1  28.0 17.01  284.4  1573.6  284.23   48.87   18.69  3016.7  284.05   46.80   -0.45      0.0   0.00    0.00    0.00    5.5     48524.586      5.50   47.24000   39.71000                   
08.12.2023 13:30:09.829  21.58000000  21579.99368   0.00 -109.8   22.2  28.0 12.22  284.4  1786.4  284.25   48.78   15.79  3461.2  284.09   45.58   -5.95      0.0   0.00    0.00    0.00    1.6     48609.829      5.50   47.24000   39.71000                   
08.12.2023 13:31:24.345  21.58000000  21579.99380   0.00 -110.0   24.0  28.0 14.75  284.3  1651.8  284.13   48.82   17.63  3191.1  283.95   46.30   -2.61      0.0   0.00    0.00    0.00    2.7     48684.345      5.50   47.24000   39.71000                   
08.12.2023 13:32:06.960  21.58000000  21579.99392   0.00 -112.0   24.0  28.0 11.61  285.0  1826.3  284.86   48.93   15.23  3534.0  284.70   45.66   -6.99      0.0   0.00    0.00    0.00    1.5     48726.960      5.50   47.24000   39.71000                   
08.12.2023 13:32:49.552  21.58000000  21579.99392   0.00 -111.7   22.3  28.0 14.30  285.7  1672.5  285.54   49.17   17.33  3225.3  285.37   46.86   -3.34      0.0   0.00    0.00    0.00    2.3     48769.552      5.50   47.24000   39.71000                   
08.12.2023 13:33:32.341  21.58000000  21579.99392   0.00 -112.6   21.4  28.0 16.91  286.1  1587.1  285.94   49.28   18.50  3028.0  285.77   47.53   -0.90      0.0   0.00    0.00    0.00    2.4     48812.341      5.50   47.24000   39.71000                   
08.12.2023 13:38:30.283  21.58000000  21579.99380   0.00 -115.2   22.8  28.0 12.81  285.7  1753.0  285.53   49.15   16.22  3384.2  285.37   46.43   -5.32      0.0   0.00    0.00    0.00    3.3     49110.283      5.50   47.24000   39.71000                   
08.12.2023 13:39:55.706  21.58000000  21579.99368   0.00 -116.6   21.4  28.0  6.75  285.5  2250.8  285.39   48.73    9.43     0.0    0.00    0.00    0.00      0.0   0.00    0.00    0.00    2.5     49195.706      5.50   47.24000   39.71000                   
08.12.2023 13:56:20.220  21.58000000  21579.99380   0.00 -116.8   21.2  28.0 13.21  284.7  1746.3  284.49   48.87   16.33  3361.8  284.31   45.99   -4.80      0.0   0.00    0.00    0.00    2.4     50180.220      5.50   47.24000   39.71000                   
