08.12.2023 10:02:42.401  21.58000000  21579.99392   0.00 -116.4   21.6  28.0 17.69  285.1  1297.4  284.99   49.02   22.48  2637.0  284.96   47.99    4.31   4169.2 285.12   43.68  -14.53    5.8     36162.401      5.50   47.24000   39.71000  F2F2F2           
08.12.2023 10:03:25.325  21.58000000  21579.99392   0.00 -113.8   22.2  28.0 14.85  284.8  1427.9  284.72   48.99   20.69  2927.2  284.72   47.30    0.58      0.0   0.00    0.00    0.00    3.2     36205.325      5.50   47.24000   39.71000                   
08.12.2023 10:04:08.119  21.58000000  21579.99392   0.00 -117.9   20.1  28.0  7.63  285.2  2018.7  285.19   48.89   12.59  4428.5  285.32   42.76  -17.48      0.0   0.00    0.00    0.00    1.6     36248.119      5.50   47.24000   39.71000                   
08.12.2023 10:04:50.973  21.58000000  21579.99392   0.00 -117.3   20.7  28.0  5.64  285.0  2309.3  285.01   48.52    8.67     0.0    0.00    0.00    0.00      0.0   0.00    0.00    0.00    2.5     36290.973      5.50   47.24000   39.71000                   
08.12.2023 10:06:16.118  21.58000000  21579.99404   0.00 -113.7   24.3  28.0  9.52  285.1  1809.5  285.07   49.00   15.45  3841.6  285.15   44.88  -10.78      0.0   0.00    0.00    0.00    2.2     36376.118      5.50   47.24000   39.71000                   
08.12.2023 10:06:58.767  21.58000000  21579.99404   0.00 -117.4   20.6  28.0 15.63  285.6  1388.0  285.51   49.16   21.24  2823.5  285.50   47.85    1.80      0.0   0.00    0.00    0.00    5.0     36418.767      5.50   47.24000   39.71000                   
08.12.2023 10:07:41.555  21.58000000  21579.99392   0.00 -114.2   21.8  28.0 15.11  284.8  1414.6  284.71   48.99   20.87  2878.7  284.70   47.40    1.20      0.0   0.00    0.00    0.00    3.3     36461.555      5.50   47.24000   39.71000                   
08.12.2023 10:08:24.082  21.58000000  21579.99404   0.00 -110.3   25.7  28.0 12.64  285.5  1558.1  285.44   49.16   18.90  3208.7  285.46   46.95   -3.15      0.0   0.00    0.00    0.00    2.4     36504.082      5.50   47.24000   39.71000                   
08.12.2023 10:17:20.160  21.58000000  21579.99404   0.00 -115.9   20.1  28.0  7.16  284.6  2051.1  284.58   48.68   12.18  4368.5  284.67   42.64  -16.58      0.0   0.00    0.00    0.00    1.1     37040.160      5.50   47.24000   39.71000                   
08.12.2023 10:24:19.454  21.58000000  21579.99392   0.00 -113.4   20.6  28.0 15.87  285.1  1383.1  284.98   49.04   21.30  2749.2  284.92   47.77    2.85      0.0   0.00    0.00    0.00    1.9     37459.454      5.50   47.24000   39.71000                   
08.12.2023 10:56:28.265  21.58000000  21579.99404   0.00 -116.7   21.3  28.0 10.33  285.2  1736.3  285.12   49.04   16.46  3365.4  285.07   46.34   -5.02      0.0   0.00    0.00    0.00    2.5     39388.265      5.50   47.24000   39.71000                   
