10.12.2023 14:00:42.013  21.58000000  21579.99307   0.00 -118.1   21.9  28.0 11.18  284.3  1864.0  284.09   48.68   14.74  3591.9  283.91   45.08   -7.47      0.0   0.00    0.00    0.00    1.6     50442.013      5.50   47.24000   39.71000                   
10.12.2023 14:01:34.990  21.58000000  21579.99270   0.00 -117.8   22.2  28.0 12.96  283.9  1766.5  283.67   48.63   16.08  3389.4  283.48   45.51   -4.93      0.0   0.00    0.00    0.00    1.0     50494.990      5.50   47.24000   39.71000                   
10.12.2023 14:02:17.365  21.58000000  21579.99295   0.00 -107.3   30.7  28.0 12.09  284.4  1811.3  284.17   48.75   15.45  3479.9  283.99   45.48   -6.15      0.0   0.00    0.00    0.00    0.8     50537.365      5.50   47.24000   39.71000                   
10.12.2023 14:02:59.957  21.58000000  21579.99295   0.00 -112.5   25.5  28.0 15.89  284.4  1699.9  284.19   48.81   16.97  3183.2  284.00   46.34   -2.53      0.0   0.00    0.00    0.00    2.7     50579.957      5.50   47.24000   39.71000                   
10.12.2023 14:03:53.045  21.58000000  21579.99307   0.00 -115.5   22.5  28.0 12.68  285.4  1782.7  285.17   49.04   15.82  3410.2  284.99   46.17   -5.55      0.0   0.00    0.00    0.00    1.1     50633.045      5.50   47.24000   39.71000                   
10.12.2023 14:04:35.727  21.58000000  21579.99307   0.00 -119.1   20.9  28.0 10.81  285.7  1889.2  285.48   49.07   14.35  3626.6  285.31   45.67   -8.27      0.0   0.00    0.00    0.00    1.0     50675.727      5.50   47.24000   39.71000                   
10.12.2023 14:06:11.259  21.58000000  21579.99307   0.00 -113.2   24.8  28.0 10.25  285.6  1928.2  285.38   49.02   13.82  3701.6  285.21   45.38   -9.14      0.0   0.00    0.00    0.00    1.3     50771.259      5.50   47.24000   39.71000                   
10.12.2023 14:07:36.296  21.58000000  21579.99319   0.00 -117.3   20.7  28.0 13.94  285.3  1741.7  285.07   49.03   16.38  3301.4  284.87   46.42   -4.18      0.0   0.00    0.00    0.00    2.0     50856.296      5.50   47.24000   39.71000                   
10.12.2023 14:20:08.490  21.58000000  21579.99307   0.00 -117.4   20.6  28.0 11.12  285.9  1887.0  285.64   49.12   14.38  3580.6  285.44   45.88   -7.74      0.0   0.00    0.00    0.00    2.3     51608.490      5.50   47.24000   39.71000                   
10.12.2023 14:22:15.838  21.58000000  21579.99307   0.00 -115.7   24.3  28.0  9.88  285.3  1965.6  285.04   48.89   13.32  3739.1  284.84   45.07   -9.48      0.0   0.00    0.00    0.00    1.9     51735.838      5.50   47.24000   39.71000                   
10.12.2023 14:22:58.341  21.58000000  21579.99307   0.00 -114.1   25.9  28.0 12.42  285.4  1834.2  285.13   49.00   15.11  3451.9  284.92   46.02   -6.05      0.0   0.00    0.00    0.00    2.5     51778.341      5.50   47.24000   39.71000                   
10.12.2023 14:23:40.742  21.58000000  21579.99307   0.00 -115.5   24.5  28.0 14.47  284.7  1817.3  284.46   48.82   15.36  3338.5  284.27   46.03   -4.50      0.0   0.00    0.00    0.00    3.9     51820.742      5.50   47.24000   39.71000                   
10.12.2023 14:24:33.618  21.58000000  21579.99307   0.00 -119.2   20.8  28.0 13.93  284.7  1813.4  284.45   48.82   15.42  3357.7  284.24   45.97   -4.73      0.0   0.00    0.00    0.00    2.7     51873.618      5.50   47.24000   39.71000                   
10.12.2023 14:25:58.262  21.58000000  21579.99295   0.00 -116.6   23.4  28.0 15.86  284.2     0.0    0.00    0.00    0.00  3357.7  284.24   45.97   -4.73      0.0   0.00    0.00    0.00    3.1     51958.262      5.50   47.24000   39.71000                   
10.12.2023 14:26:40.553  21.58000000  21579.99319   0.00 -117.6   22.4  28.0 12.62  284.8  1839.7  284.52   48.83   15.06  3444.2  284.31   45.74   -5.80      0.0   0.00    0.00    0.00    1.7     52000.553      5.50   47.24000   39.71000                   
10.12.2023 14:28:58.322  21.58000000  21579.99295   0.00 -119.4   20.6  28.0 13.74  284.1  1839.9  283.84   48.63   15.08  3389.2  283.63   45.58   -4.97      0.0   0.00    0.00    0.00    2.5     52138.322      5.50   47.24000   39.71000                   
10.12.2023 14:30:23.371  21.58000000  21579.99295   0.00 -113.4   24.6  28.0 12.96  283.9  1847.6  283.62   48.56   14.98  3433.2  283.40   45.33   -5.44      0.0   0.00    0.00    0.00    0.6     52223.371      5.50   47.24000   39.71000                   
10.12.2023 14:31:58.946  21.58000000  21579.99307   0.00 -118.8   21.2  28.0 15.80  284.7     0.0    0.00    0.00    0.00  3433.2  283.40   45.33   -5.44      0.0   0.00    0.00    0.00    3.1     52318.946      5.50   47.24000   39.71000                   
10.12.2023 14:33:23.877  21.58000000  21579.99295   0.00 -118.3   21.7  28.0 13.71  283.9  1877.2  283.64   48.55   14.58  3421.8  283.43   45.39   -5.31      0.0   0.00    0.00    0.00    1.8     52403.877      5.50   47.24000   39.71000                   
10.12.2023 14:36:34.928  21.58000000  21579.99295   0.00 -118.2   21.8  28.0  8.70  285.4  2064.7  285.11   48.83   11.97  3888.0  284.90   44.59  -11.24      0.0   0.00    0.00    0.00    1.1     52594.928      5.50   47.24000   39.71000                   
10.12.2023 14:38:00.183  21.58000000  21579.99258   0.00 -115.2   24.8  28.0  8.19  285.2  2104.8  284.91   48.73   11.44  3963.1  284.70   44.21  -12.05      0.0   0.00    0.00    0.00    1.7     52680.183      5.50   47.24000   39.71000                   
10.12.2023 14:38:42.657  21.58000000  21579.99246   0.00 -111.9   26.1  28.0 10.44  285.0  1963.1  284.70   48.79   13.37  3667.9  284.47   45.11   -8.53      0.0   0.00    0.00    0.00    1.0     52722.657      5.50   47.24000   39.71000                   
10.12.2023 14:40:39.453  21.58000000  21579.99258   0.00 -117.3   22.7  28.0 13.68  284.8  1996.6  284.59   48.73   12.92  3521.4  284.41   45.55   -6.76      0.0   0.00    0.00    0.00    1.9     52839.453      5.50   47.24000   39.71000                   
