10.12.2023 11:00:09.628  21.58000000  21579.99319   0.00 -119.8   20.2  28.0 10.77  285.5  1713.0  285.42   49.13   16.77  3311.8  285.36   46.63   -4.42      0.0   0.00    0.00    0.00    1.3     39609.628      5.50   47.24000   39.71000                   
10.12.2023 11:01:34.733  21.58000000  21579.99331   0.00 -117.7   20.3  28.0  8.54  285.4  1898.9  285.34   49.03   14.22  3688.6  285.31   45.47   -9.01      0.0   0.00    0.00    0.00    1.0     39694.733      5.50   47.24000   39.71000                   
10.12.2023 11:04:35.759  21.58000000  21579.99319   0.00 -117.8   22.2  28.0 12.44  285.2  1605.8  285.10   49.07   18.25  3087.8  285.01   47.05   -1.53      0.0   0.00    0.00    0.00    1.9     39875.759      5.50   47.24000   39.71000                   
10.12.2023 11:10:06.931  21.58000000  21579.99331   0.00 -118.5   21.5  28.0  9.99  284.9  1786.6  284.82   48.94   15.77  3430.5  284.75   45.99   -5.74      0.0   0.00    0.00    0.00    0.8     40206.931      5.50   47.24000   39.71000                   
10.12.2023 11:12:16.174  21.58000000  21579.99307   0.00 -118.3   21.7  28.0 12.53  285.3  1610.2  285.20   49.10   18.18  3079.8  285.09   47.10   -1.44      0.0   0.00    0.00    0.00    1.6     40336.174      5.50   47.24000   39.71000                   
10.12.2023 11:17:16.019  21.58000000  21579.99319   0.00 -118.1   21.9  28.0 14.33  284.1  1516.9  283.96   48.81   19.47  2898.3  283.81   46.98    1.10      0.0   0.00    0.00    0.00    2.1     40636.019      5.50   47.24000   39.71000                   
10.12.2023 11:33:06.107  21.58000000  21579.99319   0.00 -119.1   20.9  28.0 11.64  286.1  1697.2  286.01   49.29   16.98  3212.1  285.90   47.14   -3.28      0.0   0.00    0.00    0.00    2.2     41586.107      5.50   47.24000   39.71000                   
10.12.2023 11:37:53.634  21.58000000  21579.99319   0.00 -119.9   20.1  28.0 10.34  285.6  1799.2  285.52   49.13   15.59  3399.1  285.42   46.41   -5.51      0.0   0.00    0.00    0.00    1.9     41873.634      5.50   47.24000   39.71000                   
10.12.2023 11:42:54.095  21.58000000  21579.99295   0.00 -118.6   21.4  28.0 13.48  285.0  1600.8  284.88   49.02   18.32  3033.4  284.73   47.06   -0.78      0.0   0.00    0.00    0.00    0.8     42174.095      5.50   47.24000   39.71000                   
10.12.2023 11:45:46.154  21.58000000  21579.99307   0.00 -118.9   21.1  28.0 14.06  284.7  1573.6  284.57   48.95   18.69  2984.0  284.41   47.03   -0.10      0.0   0.00    0.00    0.00    2.2     42346.154      5.50   47.24000   39.71000                   
10.12.2023 11:48:37.391  21.58000000  21579.99307   0.00 -117.9   22.1  28.0 11.49  284.9  1735.4  284.80   48.96   16.47  3276.1  284.67   46.40   -3.82      0.0   0.00    0.00    0.00    0.9     42517.391      5.50   47.24000   39.71000                   
10.12.2023 11:50:02.690  21.58000000  21579.99319   0.00 -119.8   20.2  28.0  0.07  285.1  2929.9  285.07   47.45    0.48     0.0    0.00    0.00    0.00      0.0   0.00    0.00    0.00    0.9     42602.690      5.50   47.24000   39.71000                   
10.12.2023 11:54:40.401  21.58000000  21579.99295   0.00 -119.8   20.2  28.0  9.21  284.6  1920.8  284.52   48.77   13.95  3608.6  284.40   45.27   -7.80      0.0   0.00    0.00    0.00    1.0     42880.401      5.50   47.24000   39.71000                   
10.12.2023 11:56:59.019  21.58000000  21579.99319   0.00 -118.1   21.9  28.0 12.87  284.8  1660.1  284.69   48.96   17.51  3135.0  284.53   46.71   -2.03      0.0   0.00    0.00    0.00    1.2     43019.019      5.50   47.24000   39.71000                   
