
delt0=     0.1  eps=   1e-05  ep=   1e-06  ep1=   0.001
Geomagnetic Field - const
fh= 1.36  i=  65.0  d=   0.0
Number TID: 1
Tid Parametres
  delt   lamb     t     b      a     fi
0.000   200.0  20.0 -45.0   45.0   0.000
delta=-0.000  r0= 200.0  lon=  39.000 lat=  55.000
Beta=  20.0  Alfa=   0.0 aX=  20.0 aY= 100.0 aZ=  20.0

+==============================================================================+
|   Medium characteristics Sunspot number=  36.3 IG=  32.2   GMT time:09:55    |
|------------------------------------------------------------------------------|
|   S   | fh |  I  |   D  | fd |  hd | fe |  he | ff1 | hf1 | ff2 | hf2 |   Hi |
|-------+----+-----+------+----+-----+----+-----+-----+-----+-----+-----+------|
|    0.0|1.31| 64.0|   5.0|0.18| 81.0|2.85|110.0| 0.00|  0.0| 6.76|232.8|  63.3|
+==============================================================================+

+==================================+
|       Es-layer parametres        |
|----------------------------------|
|   S   | hEs | fbEs | f0Es | P Es |
|-------+-----+------+------+------|
|    0.0|113.2| 2.76 | 2.88 | 43.9 |
+==================================+


Number diff. equation:22

+---+-----+-------+---+-----+-----+--------+--------+---------+------+------+-------+------+------+--------+--------+------+------+-------+-------+----------------+
|0-x| fr  |  time |hop| d0  | d1  |   fi   |  teta  |   dist  |  at  |  dev |   p   |  df  |  l   |   fot  |   tot  |  rot | lsp  |   pf  |    s  |                |
+---+-----+-------+---+-----+-----+--------+--------+---------+------+------+-------+------+------+--------+--------+------+------+-------+-------+----------------+
|  0| 4.63|    0.0|  1|29.73|29.59|  41.766|  39.618|  380.350|  22.5|   0.0|  444.8|-0.001|  18.1|  40.712|  41.174|100.93|  50.0|  428.8|  436.5|E               |
|  0| 4.67|    0.0|  1|12.14|12.15|  44.363|  36.369|  782.808|  23.1|   0.0|  812.4|-0.000|  17.4|  41.886|  39.533| 92.97|  56.8|  809.0|  810.7|E               |
|  0| 4.71|    0.0|  1|22.12|22.07|  42.529|  38.824|  482.991|  24.0|   0.0|  529.4|-0.000|  16.5|  41.066|  40.780| 97.08|  53.2|  521.6|  525.5|E               |
|  0| 4.75|    0.0|  1|29.17|29.03|  42.002|  39.582|  391.112|  24.5|   0.0|  454.9|-0.001|  17.9|  40.828|  41.155|101.17|  49.8|  438.5|  446.4|E               |
|  0| 4.79|    0.0|  1|20.70|20.66|  42.376|  38.489|  512.517|  21.1|   0.0|  556.3|-0.000|  16.2|  40.989|  40.611| 96.66|  53.6|  549.2|  552.8|E               |
|  0| 4.83|    0.0|  1|35.49|33.67|  43.345|  36.804|  710.647|  19.9|   0.1|  885.7|-0.018|  20.9|  41.433|  39.749|145.83|  57.8|  717.5|  795.5|F2              |
|  0| 4.87|    0.0|  1|20.53|20.49|  42.772|  38.552|  517.630|  24.2|   0.0|  561.3|-0.000|  16.0|  41.180|  40.641| 96.76|  53.7|  554.1|  557.7|E               |
|  0| 4.91|    0.0|  1|26.84|26.72|  42.119|  39.326|  420.338|  23.8|   0.0|  478.5|-0.001|  17.0|  40.881|  41.026|100.32|  51.0|  464.9|  471.5|E               |
|  0| 4.95|    0.0|  1|32.63|30.68|  43.785|  36.201|  783.703|  20.0|   0.1|  944.2|-0.017|  24.5|  41.621|  39.457|136.46|  59.8|  783.4|  858.9|F2              |
|  0| 4.99|    0.0|  1|27.95|27.79|  41.675|  39.249|  415.776|  19.4|   0.0|  478.1|-0.001|  17.5|  40.665|  40.990|101.68|  49.0|  461.1|  469.3|E               |
|  0| 5.10|    0.0|  1|25.36|25.25|  41.922|  39.019|  445.942|  20.3|   0.0|  501.3|-0.001|  16.3|  40.784|  40.869|100.22|  51.4|  488.4|  494.7|E               |
|  0| 5.14|    0.0|  1|25.93|25.80|  41.910|  39.055|  441.869|  20.4|   0.0|  499.1|-0.001|  16.5|  40.770|  40.902|100.86|  50.8|  484.9|  491.8|E               |
|  0| 5.18|    0.0|  1|22.22|22.15|  42.304|  38.653|  493.722|  21.4|   0.0|  541.7|-0.000|  15.5|  40.954|  40.698| 98.53|  53.0|  532.4|  537.0|E               |
|  0| 5.22|    0.0|  1|22.85|22.77|  42.242|  38.725|  484.652|  21.3|   0.0|  534.2|-0.000|  15.5|  40.926|  40.733| 99.04|  52.7|  524.1|  529.1|E               |
|  0| 5.26|    0.0|  1|21.71|21.64|  42.229|  38.523|  505.065|  20.2|   0.0|  552.2|-0.000|  15.3|  40.917|  40.632| 98.50|  53.1|  543.0|  547.6|E               |
|  0| 5.30|    0.0|  1|22.28|22.20|  42.422|  38.660|  496.402|  22.3|   0.0|  544.9|-0.000|  15.3|  41.009|  40.704| 98.95|  52.9|  535.1|  539.9|E               |
|  0| 5.34|    0.0|  1|23.29|23.19|  42.129|  38.716|  482.536|  20.4|   0.0|  533.7|-0.001|  15.5|  40.871|  40.730| 99.77|  52.2|  522.4|  527.9|E               |
|  0| 5.38|    0.0|  1|21.75|21.67|  42.618|  38.603|  507.857|  23.4|   0.0|  555.4|-0.000|  15.1|  41.102|  40.674| 98.87|  53.0|  545.8|  550.6|E               |
|  0| 5.54|    0.0|  1|25.84|25.62|  42.329|  38.828|  476.611|  22.5|   0.0|  538.2|-0.001|  17.2|  40.967|  40.789|103.32|  49.1|  517.4|  527.5|E               |
|  0| 5.58|    0.0|  1|13.33|13.32|  44.267|  36.718|  745.358|  24.0|   0.0|  777.5|-0.000|  14.4|  41.844|  39.716| 94.95|  56.4|  773.1|  775.3|E               |
+---+-----+-------+---+-----+-----+--------+--------+---------+------+------+-------+------+------+--------+--------+------+------+-------+-------+----------------+
+---+-----+-------+---+-----+-----+--------+--------+---------+------+------+-------+------+------+--------+--------+------+------+-------+-------+----------------+
|0-x| fr  |  time |hop| d0  | d1  |   fi   |  teta  |   dist  |  at  |  dev |   p   |  df  |  l   |   fot  |   tot  |  rot | lsp  |   pf  |    s  |                |
+---+-----+-------+---+-----+-----+--------+--------+---------+------+------+-------+------+------+--------+--------+------+------+-------+-------+----------------+
|  0| 5.66|    0.0|  1|20.36|20.28|  42.547|  38.241|  542.450|  21.1|   0.0|  587.8|-0.000|  14.5|  41.064|  40.491| 98.88|  53.5|  578.6|  583.2|E               |
|  0| 5.70|    0.0|  1|24.33|24.14|  41.944|  38.549|  495.259|  18.2|   0.0|  552.4|-0.001|  16.1|  40.776|  40.656|102.55|  42.5|  534.9|  543.5|E               |
|  0| 5.74|    0.0|  1|24.21|24.02|  42.140|  38.556|  499.420|  19.7|   0.0|  556.6|-0.001|  16.1|  40.876|  40.647|102.64|  37.4|  538.8|  547.5|E               |
|  0| 5.94|    0.0|  1|18.80|18.73|  42.947|  37.947|  583.507|  22.3|   0.0|  626.2|-0.000|  13.9|  41.258|  40.329| 98.65|  54.0|  617.7|  621.9|E               |
|  0| 5.98|    0.0|  1|19.55|19.46|  42.887|  38.071|  569.255|  22.5|   0.0|  613.7|-0.001|  14.0|  41.230|  40.393| 99.30|  53.6|  604.3|  609.0|E               |
|  0| 6.06|    0.0|  1|20.26|20.15|  42.596|  38.082|  560.022|  20.7|   0.0|  606.6|-0.001|  14.1|  41.083|  40.415|100.16|  52.9|  595.8|  601.1|E               |
|  0| 6.10|    0.0|  1|19.98|19.87|  42.646|  38.032|  566.543|  20.8|   0.0|  612.5|-0.001|  14.0|  41.116|  40.373|100.05|  53.0|  602.0|  607.2|E               |
|  0| 6.14|    0.0|  1|20.53|20.41|  42.505|  38.058|  560.153|  20.0|   0.0|  607.8|-0.001|  14.2|  41.044|  40.394|100.72|  52.3|  596.1|  601.9|E               |
|  0| 6.18|    0.0|  1|22.23|22.02|  42.505|  38.149|  550.752|  20.4|   0.0|  604.9|-0.001|  15.3|  41.058|  40.421|102.90|  47.0|  587.4|  596.0|E               |
|  0| 6.22|    0.0|  1|22.19|21.97|  42.498|  38.092|  556.385|  20.1|   0.0|  610.9|-0.001|  15.4|  41.033|  40.426|103.18|  49.9|  592.7|  601.7|E               |
|  0| 6.26|    0.0|  1|21.37|21.19|  42.546|  38.065|  560.427|  20.3|   0.0|  611.7|-0.001|  14.7|  41.060|  40.404|102.23|  47.2|  596.6|  604.1|E               |
|  0| 6.30|    0.0|  1|19.83|19.71|  42.651|  37.909|  579.264|  20.3|   0.0|  625.8|-0.001|  13.8|  41.111|  40.320|100.70|  52.5|  614.3|  620.0|E               |
|  0| 6.34|    0.0|  1|20.21|20.07|  42.582|  37.916|  576.719|  19.9|   0.0|  624.6|-0.001|  14.0|  41.093|  40.299|101.21|  51.5|  612.0|  618.2|E               |
|  0| 6.42|    0.0|  1|17.71|17.62|  42.642|  37.462|  625.205|  18.5|   0.0|  666.8|-0.001|  13.1|  41.097|  40.100| 99.30|  54.2|  658.0|  662.4|E               |
|  0| 6.46|    0.0|  1|18.88|18.76|  42.772|  37.706|  603.223|  20.2|   0.0|  647.9|-0.001|  13.4|  41.168|  40.212|100.41|  53.1|  637.2|  642.5|E               |
|  0| 6.49|    0.0|  1|20.38|20.20|  42.840|  37.871|  588.188|  21.3|   0.0|  637.9|-0.001|  14.3|  41.211|  40.283|102.24|  46.8|  623.1|  630.4|E               |
|  0| 6.53|    0.0|  1|22.92|20.53|  46.740|  32.814| 1203.548|  20.7|  -0.0| 1331.7|-0.020|  19.0|  42.769|  37.846|139.71|  63.3| 1203.2| 1266.0|F2              |
|  0| 6.57|    0.0|  1|20.10|19.92|  42.839|  37.778|  597.599|  20.9|   0.0|  646.9|-0.001|  14.2|  41.192|  40.264|102.35|  45.7|  632.1|  639.5|E               |
|  0| 6.61|    0.0|  1|20.09|19.90|  42.990|  37.778|  601.780|  21.8|   0.0|  651.5|-0.001|  14.2|  41.279|  40.239|102.54|  35.6|  636.1|  643.7|E               |
|  0| 6.65|    0.0|  1|19.41|19.25|  42.921|  37.686|  609.234|  21.0|   0.0|  656.6|-0.001|  13.7|  41.228|  40.219|101.85|  50.0|  643.2|  649.9|E               |
+---+-----+-------+---+-----+-----+--------+--------+---------+------+------+-------+------+------+--------+--------+------+------+-------+-------+----------------+
+---+-----+-------+---+-----+-----+--------+--------+---------+------+------+-------+------+------+--------+--------+------+------+-------+-------+----------------+
|0-x| fr  |  time |hop| d0  | d1  |   fi   |  teta  |   dist  |  at  |  dev |   p   |  df  |  l   |   fot  |   tot  |  rot | lsp  |   pf  |    s  |                |
+---+-----+-------+---+-----+-----+--------+--------+---------+------+------+-------+------+------+--------+--------+------+------+-------+-------+----------------+
|  0| 6.69|    0.0|  1|19.62|19.44|  42.793|  37.625|  612.152|  20.0|   0.0|  660.7|-0.001|  13.9|  41.186|  40.156|102.33|  45.3|  646.1|  653.3|E               |
|  0| 6.73|    0.0|  1|19.55|19.36|  43.006|  37.639|  616.295|  21.3|   0.0|  664.9|-0.001|  14.0|  41.281|  40.173|102.46|  42.3|  650.1|  657.4|E               |
|  0| 6.77|    0.0|  1|20.57|20.21|  43.221|  37.345|  652.064|  21.3|   0.0|  708.5|-0.003|  16.1|  41.359|  40.053|105.05|  61.7|  683.8|  696.0|E               |
|  0| 6.85|    0.0|  1|21.70|19.23|  47.401|  32.232| 1279.101|  21.0|  -0.0| 1404.1|-0.021|  17.6|  43.028|  37.548|141.89|  63.5| 1280.2| 1341.0|F2              |
|  0| 6.93|    0.0|  1|21.33|18.83|  47.638|  32.029| 1305.514|  21.1|  -0.0| 1429.5|-0.022|  17.6|  43.114|  37.453|141.76|  63.8| 1306.6| 1367.0|F2              |
|  0| 6.97|    0.0|  1|19.61|19.28|  42.704|  37.069|  667.631|  17.5|   0.0|  721.0|-0.002|  15.2|  41.115|  39.912|104.60|  59.8|  699.1|  709.9|E               |
|  0| 7.01|    0.0|  1|20.40|17.60|  48.375|  31.099| 1417.105|  20.7|  -0.0| 1540.7|-0.023|  20.4|  43.273|  37.127|136.59|  68.4| 1414.1| 1476.5|F2              |
|  0| 7.05|    0.0|  1|16.91|16.79|  43.278|  37.162|  672.295|  20.9|   0.0|  714.1|-0.001|  12.5|  41.385|  39.955|100.65|  53.5|  703.9|  709.0|E               |
|  0| 7.09|    0.0|  1|17.93|17.75|  43.055|  37.212|  661.359|  19.9|   0.0|  706.7|-0.001|  13.1|  41.294|  39.961|102.06|  49.0|  693.5|  700.1|E               |
|  0| 7.13|    0.0|  1|25.47|23.95|  44.008|  34.465|  968.743|  16.3|   0.1| 1098.3|-0.023|  10.8|  41.630|  38.660|166.54|  62.6|  996.7| 1046.3|F2              |
|  0| 7.17|    0.0|  1|21.44|19.11|  48.267|  32.426| 1284.851|  23.5|  -0.0| 1410.2|-0.024|  14.7|  43.410|  37.630|150.35|  63.1| 1291.0| 1349.5|F2              |
|  0| 7.25|    0.0|  1|17.16|17.00|  43.097|  37.011|  683.017|  19.4|   0.0|  726.7|-0.001|  12.7|  41.316|  39.850|101.74|  51.0|  714.5|  720.6|E               |
|  0| 7.29|    0.0|  1|19.77|17.04|  47.937|  30.862| 1429.333|  19.3|  -0.0| 1549.5|-0.022|  17.2|  43.104|  36.982|141.53|  65.1| 1430.6| 1489.3|F2              |
|  0| 7.33|    0.0|  1|18.15|17.85|  43.109|  36.816|  703.449|  18.8|   0.0|  753.0|-0.002|  14.1|  41.308|  39.770|104.12|  58.0|  734.1|  743.5|E               |
|  0| 7.37|    0.0|  1|18.77|15.30|  49.634|  28.758| 1680.568|  18.5|  -0.1| 1807.4|-0.027|  22.6|  43.549|  36.097|135.06|  74.3| 1673.5| 1739.8|F2              |
|  0| 7.41|    0.0|  1|17.11|16.91|  43.275|  36.893|  699.689|  19.9|   0.0|  744.4|-0.001|  12.9|  41.382|  39.816|102.50|  38.1|  730.7|  737.5|E               |
|  0| 7.45|    0.0|  1|17.92|17.58|  43.551|  36.677|  729.027|  20.5|   0.0|  779.5|-0.002|  14.4|  41.508|  39.704|104.62|  60.7|  758.8|  769.1|E               |
|  0| 7.49|    0.0|  1|15.61|15.48|  43.475|  36.694|  725.276|  20.2|   0.0|  765.4|-0.001|  12.0|  41.474|  39.710|100.79|  53.8|  755.4|  760.4|E               |
|  0| 7.53|    0.0|  1|15.65|15.51|  43.590|  36.707|  726.954|  20.8|   0.0|  767.3|-0.001|  12.0|  41.540|  39.697|100.95|  53.5|  757.1|  762.2|E               |
|  0| 7.57|    0.0|  1|14.32|14.22|  43.770|  36.406|  762.447|  20.6|   0.0|  799.5|-0.001|  11.5|  41.610|  39.557| 99.69|  55.3|  791.4|  795.5|E               |
+---+-----+-------+---+-----+-----+--------+--------+---------+------+------+-------+------+------+--------+--------+------+------+-------+-------+----------------+
+---+-----+-------+---+-----+-----+--------+--------+---------+------+------+-------+------+------+--------+--------+------+------+-------+-------+----------------+
|0-x| fr  |  time |hop| d0  | d1  |   fi   |  teta  |   dist  |  at  |  dev |   p   |  df  |  l   |   fot  |   tot  |  rot | lsp  |   pf  |    s  |                |
+---+-----+-------+---+-----+-----+--------+--------+---------+------+------+-------+------+------+--------+--------+------+------+-------+-------+----------------+
|  0| 7.61|    0.0|  1|14.62|14.51|  43.712|  36.456|  755.827|  20.5|   0.0|  793.7|-0.001|  11.6|  41.580|  39.587|100.11|  54.9|  785.1|  789.4|E               |
|  0| 7.65|    0.0|  1|27.09|25.99|  44.115|  35.571|  856.628|  19.5|   0.1|  986.2|-0.024|   8.4|  41.734|  39.156|173.37|  59.4|  901.2|  942.7|F2              |
|  0| 7.69|    0.0|  1|13.99|13.89|  43.847|  36.272|  778.089|  20.5|   0.0|  814.7|-0.001|  11.4|  41.640|  39.492| 99.72|  55.4|  806.7|  810.8|E               |
|  0| 7.73|    0.0|  1|18.54|15.71|  48.810|  30.123| 1524.825|  19.6|  -0.0| 1642.3|-0.024|  15.4|  43.424|  36.598|145.60|  65.1| 1529.0| 1585.1|F2              |
|  0| 7.77|    0.0|  1|16.80|16.48|  43.911|  36.424|  764.372|  21.3|   0.0|  812.3|-0.002|  13.7|  41.659|  39.592|104.37|  59.9|  793.4|  802.8|E               |
|  0| 7.81|    0.0|  1|15.29|15.12|  43.376|  36.380|  755.124|  18.7|   0.0|  795.8|-0.001|  11.9|  41.420|  39.555|101.64|  52.1|  784.6|  790.2|E               |
|  0| 7.89|    0.0|  1|17.64|14.54|  48.878|  29.050| 1633.613|  17.8|  -0.0| 1749.6|-0.024|  16.2|  43.364|  36.104|142.85|  66.7| 1636.5| 1692.6|F2              |
|  0| 8.00|    0.0|  1|14.09|13.96|  44.147|  36.208|  792.713|  21.6|   0.0|  830.6|-0.001|  11.3|  41.780|  39.456|100.78|  54.4|  821.3|  826.0|E               |
|  0| 8.04|    0.0|  1|18.40|15.74|  48.871|  30.324| 1506.443|  20.1|  -0.0| 1623.4|-0.025|  13.0|  43.483|  36.663|153.50|  64.8| 1515.7| 1569.1|F2              |
|  0| 8.08|    0.0|  1|11.06|10.99|  44.861|  35.228|  911.064|  21.3|   0.0|  942.7|-0.001|  10.6|  42.080|  38.960| 98.13|  57.1|  937.0|  939.9|E               |
|  0| 8.12|    0.0|  1|14.88|14.68|  44.080|  36.205|  791.214|  21.3|   0.0|  832.4|-0.001|  11.9|  41.734|  39.478|102.43|  43.6|  820.0|  826.2|E               |
|  0| 8.16|    0.0|  1|16.61|13.27|  51.730|  28.322| 1776.688|  21.0|  -0.1| 1892.5|-0.027|  16.7|  44.368|  35.782|141.98|  68.6| 1779.0| 1835.4|F2              |
|  0| 8.20|    0.0|  1|16.44|13.02|  51.938|  28.048| 1808.396|  20.8|  -0.1| 1924.4|-0.028|  16.9|  44.311|  35.791|141.69|  69.2| 1810.5| 1867.1|F2              |
|  0| 8.24|    0.0|  1|17.62|14.84|  50.021|  29.862| 1582.229|  21.3|  -0.0| 1697.7|-0.026|  13.0|  43.890|  36.458|152.96|  65.2| 1591.4| 1644.1|F2              |
|  0| 8.28|    0.0|  1|18.21|15.67|  49.251|  30.511| 1498.271|  21.2|  -0.0| 1614.1|-0.026|  11.9|  43.656|  36.739|157.64|  64.9| 1510.9| 1562.0|F2              |
|  0| 8.32|    0.0|  1|17.58|14.84|  50.013|  29.919| 1576.496|  21.4|  -0.0| 1691.7|-0.026|  12.5|  43.886|  36.492|154.61|  65.2| 1586.8| 1638.8|F2              |
|  0| 8.36|    0.0|  1|14.82|14.53|  44.407|  35.882|  832.740|  21.6|   0.0|  876.2|-0.002|  12.4|  41.892|  39.290|103.74|  57.5|  860.6|  868.4|E               |
|  0| 8.40|    0.0|  1|13.58|13.41|  44.136|  35.790|  834.734|  20.2|   0.0|  872.9|-0.001|  11.1|  41.771|  39.234|101.56|  53.0|  862.6|  867.8|E               |
|  0| 8.48|    0.0|  1|19.67|17.82|  47.242|  32.238| 1274.179|  20.6|   0.0| 1386.7|-0.024|   9.7|  42.935|  37.575|166.38|  64.5| 1298.6| 1342.2|F2              |
|  0| 8.76|    0.0|  1|13.58|13.31|  44.838|  35.513|  881.781|  22.1|   0.0|  922.6|-0.002|  11.6|  42.068|  39.120|103.30|  55.1|  908.8|  915.7|E               |
+---+-----+-------+---+-----+-----+--------+--------+---------+------+------+-------+------+------+--------+--------+------+------+-------+-------+----------------+
+---+-----+-------+---+-----+-----+--------+--------+---------+------+------+-------+------+------+--------+--------+------+------+-------+-------+----------------+
|0-x| fr  |  time |hop| d0  | d1  |   fi   |  teta  |   dist  |  at  |  dev |   p   |  df  |  l   |   fot  |   tot  |  rot | lsp  |   pf  |    s  |                |
+---+-----+-------+---+-----+-----+--------+--------+---------+------+------+-------+------+------+--------+--------+------+------+-------+-------+----------------+
|  0| 8.80|    0.0|  1|13.61|13.31|  44.887|  35.423|  892.187|  22.0|   0.0|  933.7|-0.002|  11.8|  42.094|  39.065|103.64|  57.4|  919.0|  926.4|E               |
|  0| 8.84|    0.0|  1|10.45|10.35|  45.142|  34.712|  970.554|  20.8|   0.0| 1002.4|-0.001|  10.0|  42.187|  38.706| 99.22|  57.1|  996.0|  999.2|E               |
|  0| 8.92|    0.0|  1|14.73|10.95|  53.161|  26.305| 2006.681|  19.4|  -0.1| 2119.7|-0.030|  14.4|  44.547|  35.003|147.61|  69.1| 2013.8| 2066.6|F2              |
|  0| 8.96|    0.0|  1| 0.00| 0.00|   0.000|   0.000|    0.000|   0.0|   0.0|    0.0| 0.000|   0.0|   0.000|   0.000|  0.00|   0.0|    0.0|    0.0|                |
|  0| 9.04|    0.0|  1|19.75|18.27|  47.335|  33.056| 1196.274|  22.8|   0.0| 1303.7|-0.024|   8.1|  43.032|  37.948|170.44|  62.3| 1229.6| 1266.3|F2              |
|  0| 9.20|    0.0|  1|15.37|12.39|  52.783|  28.616| 1778.924|  23.1|  -0.1| 1888.9|-0.029|  11.2|  44.819|  35.871|158.68|  66.5| 1793.5| 1841.0|F2              |
|  0| 9.24|    0.0|  1|18.59|16.96|  47.376|  32.231| 1278.480|  20.9|   0.0| 1383.3|-0.024|   8.2|  42.993|  37.564|169.52|  63.2| 1309.6| 1346.1|F2              |
|  0| 9.28|    0.0|  1|17.37|15.41|  48.523|  31.162| 1414.869|  21.1|  -0.0| 1519.8|-0.025|   8.9|  43.387|  37.070|167.36|  65.0| 1440.9| 1480.1|F2              |
|  0| 9.32|    0.0|  1|17.51|15.63|  48.009|  31.298| 1387.771|  20.3|  -0.0| 1492.0|-0.024|   8.7|  43.193|  37.126|167.92|  64.6| 1415.2| 1453.3|F2              |
|  0| 9.35|    0.0|  1|15.40|12.56|  50.987|  28.569| 1733.158|  20.4|  -0.0| 1841.2|-0.027|  10.4|  44.112|  35.891|161.57|  66.3| 1750.6| 1795.7|F2              |
|  0| 9.39|    0.0|  1|17.29|15.39|  48.166|  31.186| 1402.925|  20.4|  -0.0| 1506.5|-0.024|   8.6|  43.247|  37.077|168.00|  64.7| 1430.4| 1468.2|F2              |
|  0| 9.43|    0.0|  1|22.41|21.26|  45.588|  34.114| 1042.656|  20.6|   0.0| 1158.4|-0.026|   6.4|  42.328|  38.461|178.33|  60.0| 1088.0| 1122.7|F2              |
|  0| 9.51|    0.0|  1|20.76|19.49|  45.908|  33.410| 1121.981|  19.8|   0.0| 1231.9|-0.025|   6.8|  42.469|  38.069|175.50|  60.8| 1163.0| 1197.0|F2              |
|  0| 9.55|    0.0|  1|20.29|18.99|  46.437|  33.292| 1147.730|  21.0|   0.0| 1256.2|-0.025|   6.9|  42.657|  38.065|174.93|  61.1| 1187.5| 1221.5|F2              |
|  0| 9.59|    0.0|  1|20.55|19.28|  46.418|  33.433| 1133.232|  21.3|   0.0| 1242.6|-0.025|   6.7|  42.682|  38.096|175.68|  60.9| 1174.1| 1208.0|F2              |
|  0| 9.63|    0.0|  1|20.60|19.34|  46.370|  33.446| 1130.523|  21.2|   0.0| 1240.1|-0.025|   6.7|  42.635|  38.141|176.09|  60.8| 1171.9| 1205.6|F2              |
|  0| 9.67|    0.0|  1|20.25|18.96|  46.537|  33.302| 1149.460|  21.3|   0.0| 1258.0|-0.025|   6.7|  42.734|  38.023|175.59|  61.0| 1190.0| 1223.6|F2              |
|  0| 9.71|    0.0|  1|18.58|17.10|  47.200|  32.419| 1255.139|  20.9|   0.0| 1358.8|-0.024|   7.3|  42.948|  37.627|172.52|  62.1| 1290.8| 1324.6|F2              |
|  0| 9.75|    0.0|  1|18.75|17.30|  47.100|  32.525| 1241.873|  20.9|   0.0| 1346.0|-0.024|   7.1|  42.900|  37.695|173.13|  61.9| 1278.4| 1311.9|F2              |
|  0| 9.79|    0.0|  1|20.91|19.70|  46.597|  33.663| 1115.449|  22.4|   0.0| 1226.5|-0.026|   6.3|  42.762|  38.221|177.78|  60.5| 1158.7| 1192.2|F2              |
+---+-----+-------+---+-----+-----+--------+--------+---------+------+------+-------+------+------+--------+--------+------+------+-------+-------+----------------+
+---+-----+-------+---+-----+-----+--------+--------+---------+------+------+-------+------+------+--------+--------+------+------+-------+-------+----------------+
|0-x| fr  |  time |hop| d0  | d1  |   fi   |  teta  |   dist  |  at  |  dev |   p   |  df  |  l   |   fot  |   tot  |  rot | lsp  |   pf  |    s  |                |
+---+-----+-------+---+-----+-----+--------+--------+---------+------+------+-------+------+------+--------+--------+------+------+-------+-------+----------------+
|  0| 9.87|    0.0|  1|20.07|18.79|  46.581|  33.214| 1159.382|  21.2|   0.0| 1267.6|-0.025|   6.5|  42.731|  38.005|176.58|  60.9| 1200.8| 1233.8|F2              |
|  0| 9.95|    0.0|  1|19.08|17.71|  47.039|  32.760| 1216.984|  21.3|   0.0| 1322.1|-0.025|   6.7|  42.884|  37.813|175.09|  61.4| 1256.0| 1288.8|F2              |
|  0| 9.99|    0.0|  1|19.56|18.25|  46.854|  33.000| 1188.144|  21.4|   0.0| 1294.9|-0.025|   6.5|  42.852|  37.880|176.28|  61.1| 1228.9| 1261.5|F2              |
|  0|10.03|    0.0|  1|20.55|19.32|  46.233|  33.360| 1135.485|  20.6|   0.0| 1245.8|-0.026|   6.1|  42.606|  38.048|178.58|  60.6| 1179.3| 1212.1|F2              |
|  0|10.07|    0.0|  1|18.74|17.35|  47.260|  32.612| 1237.694|  21.5|   0.0| 1341.9|-0.025|   6.6|  43.003|  37.694|175.10|  61.5| 1276.6| 1309.0|F2              |
|  0|10.11|    0.0|  1|19.19|17.85|  46.799|  32.767| 1209.773|  20.7|   0.0| 1315.5|-0.025|   6.4|  42.810|  37.775|176.30|  61.2| 1250.2| 1282.5|F2              |
|  0|10.15|    0.0|  1|16.81|15.15|  48.378|  31.444| 1383.273|  21.4|   0.0| 1482.7|-0.024|   7.3|  43.379|  37.158|171.64|  62.9| 1416.9| 1449.6|F2              |
|  0|10.19|    0.0|  1|17.35|15.79|  47.820|  31.774| 1335.673|  20.9|   0.0| 1436.2|-0.024|   6.9|  43.159|  37.330|173.01|  62.4| 1371.2| 1403.5|F2              |
|  0|10.31|    0.0|  1|17.58|16.08|  47.418|  31.874| 1315.043|  20.2|   0.0| 1416.1|-0.025|   6.7|  43.008|  37.364|174.21|  62.1| 1352.2| 1383.9|F2              |
|  0|10.35|    0.0|  1|18.21|16.80|  47.252|  32.277| 1270.659|  20.7|   0.0| 1373.6|-0.025|   6.4|  42.953|  37.570|175.80|  61.6| 1309.8| 1341.5|F2              |
|  0|10.55|    0.0|  1|16.72|15.13|  47.639|  31.303| 1377.782|  19.5|   0.0| 1476.7|-0.025|   6.6|  43.052|  37.110|173.87|  62.5| 1414.1| 1445.2|F2              |
|  0|10.63|    0.0|  1|17.45|15.98|  47.501|  31.832| 1321.397|  20.3|   0.0| 1422.4|-0.025|   6.2|  43.072|  37.298|175.81|  61.8| 1360.2| 1391.1|F2              |
|  0|10.78|    0.0|  1|16.09|14.45|  48.467|  31.033| 1426.021|  20.7|   0.0| 1523.5|-0.025|   6.5|  43.363|  36.994|173.97|  62.7| 1462.1| 1492.6|F2              |
|  0|10.82|    0.0|  1|15.22|13.41|  49.060|  30.360| 1507.853|  20.5|  -0.0| 1603.5|-0.025|   6.8|  43.561|  36.664|172.36|  63.3| 1541.7| 1572.5|F2              |
|  0|10.86|    0.0|  1|15.68|13.97|  48.318|  30.640| 1460.983|  19.6|   0.0| 1557.5|-0.025|   6.6|  43.293|  36.783|173.54|  62.9| 1496.4| 1526.8|F2              |
|  0|10.90|    0.0|  1|15.32|13.56|  49.270|  30.555| 1494.521|  21.3|  -0.0| 1590.3|-0.025|   6.7|  43.650|  36.769|173.04|  63.1| 1529.2| 1559.7|F2              |
|  0|10.98|    0.0|  1|16.75|15.24|  48.316|  31.551| 1371.067|  21.5|   0.0| 1470.5|-0.026|   6.0|  43.394|  37.164|176.51|  62.0| 1410.0| 1440.1|F2              |
|  0|11.14|    0.0|  1|18.59|17.30|  47.815|  32.591| 1255.543|  22.8|   0.0| 1361.8|-0.028|   5.3|  43.243|  37.675|181.64|  60.9| 1300.0| 1330.6|F2              |
|  0|11.26|    0.0|  1|16.58|15.08|  48.351|  31.428| 1384.116|  21.3|   0.0| 1483.6|-0.026|   5.7|  43.400|  37.103|177.82|  61.9| 1424.1| 1453.7|F2              |
|  0|11.38|    0.0|  1|18.79|17.50|  46.842|  32.371| 1250.453|  19.9|   0.0| 1358.3|-0.029|   5.0|  42.784|  37.616|183.66|  60.7| 1296.5| 1327.1|F2              |
+---+-----+-------+---+-----+-----+--------+--------+---------+------+------+-------+------+------+--------+--------+------+------+-------+-------+----------------+
+---+-----+-------+---+-----+-----+--------+--------+---------+------+------+-------+------+------+--------+--------+------+------+-------+-------+----------------+