  0.00  0.00    0.00    0.00                 
  0.00 12.68 4055.70  -68.99 F2F2            
  0.00  0.00    0.00    0.00                 
  0.00  0.00    0.00    0.00                 
  0.00 12.68 4055.70  -68.99 F2F2            
  0.00  0.00    0.00    0.00                 
  0.00  0.00    0.00    0.00                 
  0.00 12.68 4055.70  -68.99 F2F2            
  0.00  0.00    0.00    0.00                 
  0.00  0.00    0.00    0.00                 
  0.00 12.68 4055.70  -68.99 F2F2            
  0.00  0.00    0.00    0.00                 
  0.00  0.00    0.00    0.00                 
  0.00 12.68 4055.70  -68.99 F2F2            
  0.00  0.00    0.00    0.00                 
  3.06  8.84 2439.49   96.01 F2              
  3.06  0.00    0.00    0.00                 
  3.06  0.00    0.00    0.00                 
  0.00  0.00    0.00    0.00                 
  0.00  0.00    0.00    0.00                 
  0.00  0.00    0.00    0.00                 
  0.00  0.00    0.00    0.00                 
  0.00  0.00    0.00    0.00                 
  0.00  0.00    0.00    0.00                 
  0.00  0.00    0.00    0.00                 
  0.00  0.00    0.00    0.00                 
  0.00  0.00    0.00    0.00                 
  0.00  0.00    0.00    0.00                 
  0.00  0.00    0.00    0.00                 
  0.00  0.00    0.00    0.00                 
  7.88 13.01 2078.67   93.05 F2              
  7.88 13.67 3690.45   92.96 F2F2            
  7.88  0.00    0.00    0.00                 
  0.00  0.00    0.00    0.00                 
  0.00 13.67 3690.45   92.96 F2F2            
  0.00  0.00    0.00    0.00                 
 11.03 17.27 2333.15   93.88 F2              
 11.03 17.61 3924.47   93.71 F2F2            
 11.03  0.00    0.00    0.00                 
  0.00  0.00    0.00    0.00                 
  0.00 17.61 3924.47   93.71 F2F2            
  0.00  0.00    0.00    0.00                 
  0.00  0.00    0.00    0.00                 
  0.00 17.61 3924.47   93.71 F2F2            
  0.00  0.00    0.00    0.00                 
  0.00  0.00    0.00    0.00                 
  0.00 17.61 3924.47   93.71 F2F2            
  0.00  0.00    0.00    0.00                 
  0.00  0.00    0.00    0.00                 
  0.00 17.61 3924.47   93.71 F2F2            
  0.00  0.00    0.00    0.00                 
  0.00  0.00    0.00    0.00                 
  0.00 17.61 3924.47   93.71 F2F2            
  0.00  0.00    0.00    0.00                 
  0.74  7.49 2690.43   95.05 F2              
  0.74  0.00    0.00    0.00                 
  0.74  0.00    0.00    0.00                 
  0.00  0.00    0.00    0.00                 
  0.00  0.00    0.00    0.00                 
  0.00  0.00    0.00    0.00                 
  0.00  0.00    0.00    0.00                 
  0.00  0.00    0.00    0.00                 
  0.00  0.00    0.00    0.00                 
  0.00  0.00    0.00    0.00                 
  0.00  0.00    0.00    0.00                 
  0.00  0.00    0.00    0.00                 
  0.00  0.00    0.00    0.00                 
  0.00  0.00    0.00    0.00                 
  0.00  0.00    0.00    0.00                 
  0.00  0.00    0.00    0.00                 
  0.00  0.00    0.00    0.00                 
  0.00  0.00    0.00    0.00                 
  0.00  0.00    0.00    0.00                 
  0.00  0.00    0.00    0.00                 
  0.00  0.00    0.00    0.00                 
  9.68 14.90 2046.24   93.47 F2              
  9.68 15.61 3614.95   93.33 F2F2            
  9.68  0.00    0.00    0.00                 
  0.00  0.00    0.00    0.00                 
  0.00 15.61 3614.95   93.33 F2F2            
  0.00  0.00    0.00    0.00                 
  0.00  0.00    0.00    0.00                 
  0.00 15.61 3614.95   93.33 F2F2            
  0.00  0.00    0.00    0.00                 
  0.00  0.00    0.00    0.00                 
  0.00 15.61 3614.95   93.33 F2F2            
  0.00  0.00    0.00    0.00                 
  0.00  0.00    0.00    0.00                 
  0.00 15.61 3614.95   93.33 F2F2            
  0.00  0.00    0.00    0.00                 
  0.00  0.00    0.00    0.00                 
  0.00 15.61 3614.95   93.33 F2F2            
  0.00  0.00    0.00    0.00                 
  0.00  0.00    0.00    0.00                 
  0.00 15.61 3614.95   93.33 F2F2            
  0.00  0.00    0.00    0.00                 
  0.00  0.00    0.00    0.00                 
  0.00 15.61 3614.95   93.33 F2F2            
  0.00  0.00    0.00    0.00                 
  7.20 12.17 2092.14   97.53 F2              
  7.20 12.49 3753.34   97.49 F2F2            
  7.20  0.00    0.00    0.00                 
 10.33 15.70 2070.59   94.43 F2              
 10.33 16.32 3636.31   94.29 F2F2            
 10.33  0.00    0.00    0.00                 
  0.00  0.00    0.00    0.00                 
  0.00 16.32 3636.31   94.29 F2F2            
  0.00  0.00    0.00    0.00                 
 10.83 16.32 2094.76   98.34 F2              
 10.83 16.68 3660.80   98.22 F2F2            
 10.83  0.00    0.00    0.00                 
  0.00  0.00    0.00    0.00                 
  0.00 16.68 3660.80   98.22 F2F2            
  0.00  0.00    0.00    0.00                 
  0.00  0.00    0.00    0.00                 
  0.00 16.68 3660.80   98.22 F2F2            
  0.00  0.00    0.00    0.00                 
  7.73 12.77 2077.80   93.87 F2              
  7.73 13.33 3701.94   93.79 F2F2            
  7.73  0.00    0.00    0.00                 
  0.00  0.00    0.00    0.00                 
  0.00 13.33 3701.94   93.79 F2F2            
  0.00  0.00    0.00    0.00                 
  0.00  0.00    0.00    0.00                 
  0.00 13.33 3701.94   93.79 F2F2            
  0.00  0.00    0.00    0.00                 
  0.00  0.00    0.00    0.00                 
  0.00 13.33 3701.94   93.79 F2F2            
  0.00  0.00    0.00    0.00                 
  0.00  0.00    0.00    0.00                 
  0.00 13.33 3701.94   93.79 F2F2            
  0.00  0.00    0.00    0.00                 
 10.42 15.77 2069.74   94.83 F2              
 10.42 16.35 3636.40   94.69 F2F2            
 10.42  0.00    0.00    0.00                 
  0.00  0.00    0.00    0.00                 
  0.00 16.35 3636.40   94.69 F2F2            
  0.00  0.00    0.00    0.00                 
  0.00  0.00    0.00    0.00                 
  0.00 16.35 3636.40   94.69 F2F2            
  0.00  0.00    0.00    0.00                 
  0.00  0.00    0.00    0.00                 
  0.00 16.35 3636.40   94.69 F2F2            
  0.00  0.00    0.00    0.00                 
  0.00  0.00    0.00    0.00                 
  0.00 16.35 3636.40   94.69 F2F2            
  0.00  0.00    0.00    0.00                 
  0.00  0.00    0.00    0.00                 
  0.00 16.35 3636.40   94.69 F2F2            
  0.00  0.00    0.00    0.00                 
  0.00  0.00    0.00    0.00                 
  0.00 16.35 3636.40   94.69 F2F2            
  0.00  0.00    0.00    0.00                 
  0.00  0.00    0.00    0.00                 
  0.00 16.35 3636.40   94.69 F2F2            
  0.00  0.00    0.00    0.00                 
  0.00  0.00    0.00    0.00                 
  0.00 16.35 3636.40   94.69 F2F2            
  0.00  0.00    0.00    0.00                 
  0.00  0.00    0.00    0.00                 
  0.00 16.35 3636.40   94.69 F2F2            
  0.00  0.00    0.00    0.00                 
 10.49 15.79 2061.38   95.65 F2              
 10.49 16.31 3628.71   95.52 F2F2            
 10.49  0.00    0.00    0.00                 
  0.00  0.00    0.00    0.00                 
  0.00 16.31 3628.71   95.52 F2F2            
  0.00  0.00    0.00    0.00                 
  0.00  0.00    0.00    0.00                 
  0.00 16.31 3628.71   95.52 F2F2            
  0.00  0.00    0.00    0.00                 
  0.00  0.00    0.00    0.00                 
  0.00 16.31 3628.71   95.52 F2F2            
  0.00  0.00    0.00    0.00                 
  0.00  0.00    0.00    0.00                 
  0.00 16.31 3628.71   95.52 F2F2            
  0.00  0.00    0.00    0.00                 
  0.00  0.00    0.00    0.00                 
  0.00 16.31 3628.71   95.52 F2F2            
  0.00  0.00    0.00    0.00                 
  0.00  0.00    0.00    0.00                 
  0.00 16.31 3628.71   95.52 F2F2            
  0.00  0.00    0.00    0.00                 
  8.63 13.58 2034.77   94.95 F2              
  8.63 14.12 3634.06   94.87 F2F2            
  8.63  0.00    0.00    0.00                 
  0.00  0.00    0.00    0.00                 
  0.00 14.12 3634.06   94.87 F2F2            
  0.00  0.00    0.00    0.00                 
  9.55 14.02 1938.47  117.42 F2              
  9.55 13.96 3532.00  117.42 F2F2            
  9.55  0.00    0.00    0.00                 
  0.00  0.00    0.00    0.00                 
  0.00 13.96 3532.00  117.42 F2F2            
  0.00  0.00    0.00    0.00                 
  0.00  0.00    0.00    0.00                 
  0.00 13.96 3532.00  117.42 F2F2            
  0.00  0.00    0.00    0.00                 
  0.00  0.00    0.00    0.00                 
  0.00 13.96 3532.00  117.42 F2F2            
  0.00  0.00    0.00    0.00                 
  0.00  0.00    0.00    0.00                 
  0.00 13.96 3532.00  117.42 F2F2            
  0.00  0.00    0.00    0.00                 
  0.00  0.00    0.00    0.00                 
  0.00 13.96 3532.00  117.42 F2F2            
  0.00  0.00    0.00    0.00                 
  0.00  0.00    0.00    0.00                 
  0.00 13.96 3532.00  117.42 F2F2            
  0.00  0.00    0.00    0.00                 
  0.00  0.00    0.00    0.00                 
  0.00 13.96 3532.00  117.42 F2F2            
  0.00  0.00    0.00    0.00                 
  0.00  0.00    0.00    0.00                 
  0.00 13.96 3532.00  117.42 F2F2            
  0.00  0.00    0.00    0.00                 
  0.00  0.00    0.00    0.00                 
  0.00 13.96 3532.00  117.42 F2F2            
  0.00  0.00    0.00    0.00                 
  0.00  0.00    0.00    0.00                 
  0.00 13.96 3532.00  117.42 F2F2            
  0.00  0.00    0.00    0.00                 
  0.00  0.00    0.00    0.00                 
  0.00 13.96 3532.00  117.42 F2F2            
  0.00  0.00    0.00    0.00                 
  0.00  0.00    0.00    0.00                 
  0.00 13.96 3532.00  117.42 F2F2            
  0.00  0.00    0.00    0.00                 
  0.07  6.81 2780.69   98.57 F2              
  0.07  0.00    0.00    0.00                 
  0.07  0.00    0.00    0.00                 
  0.00  0.00    0.00    0.00                 
  0.00  0.00    0.00    0.00                 
  0.00  0.00    0.00    0.00                 
  0.00  0.00    0.00    0.00                 
  0.00  0.00    0.00    0.00                 
  0.00  0.00    0.00    0.00                 
  8.43 13.33 2039.59   94.56 F2              
  8.43 13.86 3647.52   94.48 F2F2            
  8.43  0.00    0.00    0.00                 
  0.00  0.00    0.00    0.00                 
  0.00 13.86 3647.52   94.48 F2F2            
  0.00  0.00    0.00    0.00                 
  0.00  0.00    0.00    0.00                 
  0.00 13.86 3647.52   94.48 F2F2            
  0.00  0.00    0.00    0.00                 
  0.00  0.00    0.00    0.00                 
  0.00 13.86 3647.52   94.48 F2F2            
  0.00  0.00    0.00    0.00                 
  0.00  0.00    0.00    0.00                 
  0.00 13.86 3647.52   94.48 F2F2            
  0.00  0.00    0.00    0.00                 
  0.00  0.00    0.00    0.00                 
  0.00 13.86 3647.52   94.48 F2F2            
  0.00  0.00    0.00    0.00                 
  0.00  0.00    0.00    0.00                 
  0.00 13.86 3647.52   94.48 F2F2            
  0.00  0.00    0.00    0.00                 
 11.22 16.78 2171.50   96.08 F2              
 11.22 17.07 3758.83   95.94 F2F2            
 11.22  0.00    0.00    0.00                 
  0.00  0.00    0.00    0.00                 
  0.00 17.07 3758.83   95.94 F2F2            
  0.00  0.00    0.00    0.00                 
  0.00  0.00    0.00    0.00                 
  0.00 17.07 3758.83   95.94 F2F2            
  0.00  0.00    0.00    0.00                 
  9.36 14.26 2017.85   93.92 F2              
  9.36 14.84 3602.53   93.81 F2F2            
  9.36  0.00    0.00    0.00                 
  0.00  0.00    0.00    0.00                 
  0.00 14.84 3602.53   93.81 F2F2            
  0.00  0.00    0.00    0.00                 
  0.00  0.00    0.00    0.00                 
  0.00 14.84 3602.53   93.81 F2F2            
  0.00  0.00    0.00    0.00                 
  0.00  0.00    0.00    0.00                 
  0.00 14.84 3602.53   93.81 F2F2            
  0.00  0.00    0.00    0.00                 
 11.21 16.60 2121.33   97.72 F2              
 11.21 16.84 3703.32   97.61 F2F2            
 11.21  0.00    0.00    0.00                 
  0.00  0.00    0.00    0.00                 
  0.00 16.84 3703.32   97.61 F2F2            
  0.00  0.00    0.00    0.00                 
 11.33 17.01 2227.46   95.45 F2              
 11.33 17.25 3824.26   95.31 F2F2            
 11.33  0.00    0.00    0.00                 
  0.00  0.00    0.00    0.00                 
  0.00 17.25 3824.26   95.31 F2F2            
  0.00  0.00    0.00    0.00                 
  0.00  0.00    0.00    0.00                 
  0.00 17.25 3824.26   95.31 F2F2            
  0.00  0.00    0.00    0.00                 
 11.46 17.49 2392.66   94.67 F2              
 11.46 17.57 4009.77   94.53 F2F2            
 11.46  0.00    0.00    0.00                 
  0.04  6.76 2778.82   96.97 F2              
  0.04  0.00    0.00    0.00                 
  0.04  0.00    0.00    0.00                 
  0.00  0.00    0.00    0.00                 
  0.00  0.00    0.00    0.00                 
  0.00  0.00    0.00    0.00                 
  0.00  0.00    0.00    0.00                 
  0.00  0.00    0.00    0.00                 
  0.00  0.00    0.00    0.00                 
  0.00  0.00    0.00    0.00                 
  0.00  0.00    0.00    0.00                 
  0.00  0.00    0.00    0.00                 
 11.06 16.38 2109.47   95.00 F2              
 11.06 16.78 3692.73   94.86 F2F2            
 11.06  0.00    0.00    0.00                 
  0.00  0.00    0.00    0.00                 
  0.00 16.78 3692.73   94.86 F2F2            
  0.00  0.00    0.00    0.00                 
  7.75 12.51 2059.86   94.70 F2              
  7.75 12.91 3702.65   94.64 F2F2            
  7.75  0.00    0.00    0.00                 
  0.00  0.00    0.00    0.00                 
  0.00 12.91 3702.65   94.64 F2F2            
  0.00  0.00    0.00    0.00                 
  0.00  0.00    0.00    0.00                 
  0.00 12.91 3702.65   94.64 F2F2            
  0.00  0.00    0.00    0.00                 
  0.00  0.00    0.00    0.00                 
  0.00 12.91 3702.65   94.64 F2F2            
  0.00  0.00    0.00    0.00                 
  0.00  0.00    0.00    0.00                 
  0.00 12.91 3702.65   94.64 F2F2            
  0.00  0.00    0.00    0.00                 
  0.00  0.00    0.00    0.00                 
  0.00 12.91 3702.65   94.64 F2F2            
  0.00  0.00    0.00    0.00                 
  0.00  0.00    0.00    0.00                 
  0.00 12.91 3702.65   94.64 F2F2            
  0.00  0.00    0.00    0.00                 
  0.19  7.03 2747.57   92.45 F2              
  0.19  0.00    0.00    0.00                 
  0.19  0.00    0.00    0.00                 
  0.00  0.00    0.00    0.00                 
  0.00  0.00    0.00    0.00                 
  0.00  0.00    0.00    0.00                 
  0.00  0.00    0.00    0.00                 
  0.00  0.00    0.00    0.00                 
  0.00  0.00    0.00    0.00                 
  9.83 14.66 2002.45   95.01 F2              
  9.83 15.15 3583.59   94.91 F2F2            
  9.83  0.00    0.00    0.00                 
  0.00  0.00    0.00    0.00                 
  0.00 15.15 3583.59   94.91 F2F2            
  0.00  0.00    0.00    0.00                 
  0.00  0.00    0.00    0.00                 
  0.00 15.15 3583.59   94.91 F2F2            
  0.00  0.00    0.00    0.00                 
  0.00  0.00    0.00    0.00                 
  0.00 15.15 3583.59   94.91 F2F2            
  0.00  0.00    0.00    0.00                 
 10.56 15.59 2044.15   93.24 F2              
 10.56 16.15 3622.11   93.10 F2F2            
 10.56  0.00    0.00    0.00                 
  0.10  6.85 2762.53   94.36 F2              
  0.10  0.00    0.00    0.00                 
  0.10  0.00    0.00    0.00                 
  0.00  0.00    0.00    0.00                 
  0.00  0.00    0.00    0.00                 
  0.00  0.00    0.00    0.00                 
 11.51 17.23 2291.99   94.71 F2              
 11.51 17.38 3905.05   94.57 F2F2            
 11.51  0.00    0.00    0.00                 
  0.00  0.00    0.00    0.00                 
  0.00 17.38 3905.05   94.57 F2F2            
  0.00  0.00    0.00    0.00                 
  5.78 10.59 2181.51   95.77 F2              
  5.78 10.68 3940.43   95.76 F2F2            
  5.78  0.00    0.00    0.00                 
  9.12 13.79 1996.25   96.27 F2              
  9.12 14.16 3598.52   96.20 F2F2            
  9.12  0.00    0.00    0.00                 
  0.00  0.00    0.00    0.00                 
  0.00 14.16 3598.52   96.20 F2F2            
  0.00  0.00    0.00    0.00                 
  0.00  0.00    0.00    0.00                 
  0.00 14.16 3598.52   96.20 F2F2            
  0.00  0.00    0.00    0.00                 
  0.00  0.00    0.00    0.00                 
  0.00 14.16 3598.52   96.20 F2F2            
  0.00  0.00    0.00    0.00                 
  0.00  0.00    0.00    0.00                 
  0.00 14.16 3598.52   96.20 F2F2            
  0.00  0.00    0.00    0.00                 
  0.02  6.91 2764.35   91.95 F2              
  0.02  0.00    0.00    0.00                 
  0.02  0.00    0.00    0.00                 
  9.52 14.21 1989.67   96.15 F2              
  9.52 14.61 3581.37   96.07 F2F2            
  9.52  0.00    0.00    0.00                 
  0.00  0.00    0.00    0.00                 
  0.00 14.61 3581.37   96.07 F2F2            
  0.00  0.00    0.00    0.00                 
  0.00  0.00    0.00    0.00                 
  0.00 14.61 3581.37   96.07 F2F2            
  0.00  0.00    0.00    0.00                 
  0.00  0.00    0.00    0.00                 
  0.00 14.61 3581.37   96.07 F2F2            
  0.00  0.00    0.00    0.00                 
  0.00  0.00    0.00    0.00                 
  0.00 14.61 3581.37   96.07 F2F2            
  0.00  0.00    0.00    0.00                 
 10.19 14.96 1990.64   96.22 F2              
 10.19 15.35 3571.24   96.13 F2F2            
 10.19  0.00    0.00    0.00                 
  0.00  0.00    0.00    0.00                 
  0.00 15.35 3571.24   96.13 F2F2            
  0.00  0.00    0.00    0.00                 
 11.16 16.34 2096.86   94.40 F2              
 11.16 16.72 3685.95   94.27 F2F2            
 11.16  0.00    0.00    0.00                 
  0.00  0.00    0.00    0.00                 
  0.00 16.72 3685.95   94.27 F2F2            
  0.00  0.00    0.00    0.00                 
  0.00  0.00    0.00    0.00                 
  0.00 16.72 3685.95   94.27 F2F2            
  0.00  0.00    0.00    0.00                 
  9.85 14.47 1969.27   99.17 F2              
  9.85 14.70 3559.66   99.12 F2F2            
  9.85  0.00    0.00    0.00                 
  0.00  0.00    0.00    0.00                 
  0.00 14.70 3559.66   99.12 F2F2            
  0.00  0.00    0.00    0.00                 
  0.00  0.00    0.00    0.00                 
  0.00 14.70 3559.66   99.12 F2F2            
  0.00  0.00    0.00    0.00                 
  0.00  0.00    0.00    0.00                 
  0.00 14.70 3559.66   99.12 F2F2            
  0.00  0.00    0.00    0.00                 
 10.10 14.88 2001.42   93.90 F2              
 10.10 15.39 3583.22   93.78 F2F2            
 10.10  0.00    0.00    0.00                 
  0.00  0.00    0.00    0.00                 
  0.00 15.39 3583.22   93.78 F2F2            
  0.00  0.00    0.00    0.00                 
  0.00  0.00    0.00    0.00                 
  0.00 15.39 3583.22   93.78 F2F2            
  0.00  0.00    0.00    0.00                 
  9.68 14.36 1990.65   94.63 F2              
  9.68 14.81 3580.07   94.54 F2F2            
  9.68  0.00    0.00    0.00                 
  0.00  0.00    0.00    0.00                 
  0.00 14.81 3580.07   94.54 F2F2            
  0.00  0.00    0.00    0.00                 
  0.00  0.00    0.00    0.00                 
  0.00 14.81 3580.07   94.54 F2F2            
  0.00  0.00    0.00    0.00                 
  0.00  0.00    0.00    0.00                 
  0.00 14.81 3580.07   94.54 F2F2            
  0.00  0.00    0.00    0.00                 
  0.00  0.00    0.00    0.00                 
  0.00 14.81 3580.07   94.54 F2F2            
  0.00  0.00    0.00    0.00                 
  0.00  0.00    0.00    0.00                 
  0.00 14.81 3580.07   94.54 F2F2            
  0.00  0.00    0.00    0.00                 
  0.00  0.00    0.00    0.00                 
  0.00 14.81 3580.07   94.54 F2F2            
  0.00  0.00    0.00    0.00                 
  0.00  0.00    0.00    0.00                 
  0.00 14.81 3580.07   94.54 F2F2            
  0.00  0.00    0.00    0.00                 
  0.00  0.00    0.00    0.00                 
  0.00 14.81 3580.07   94.54 F2F2            
  0.00  0.00    0.00    0.00                 
  0.00  0.00    0.00    0.00                 
  0.00 14.81 3580.07   94.54 F2F2            
  0.00  0.00    0.00    0.00                 
  0.00  0.00    0.00    0.00                 
  0.00 14.81 3580.07   94.54 F2F2            
  0.00  0.00    0.00    0.00                 
  0.00  0.00    0.00    0.00                 
  0.00 14.81 3580.07   94.54 F2F2            
  0.00  0.00    0.00    0.00                 
  0.00  0.00    0.00    0.00                 
  0.00 14.81 3580.07   94.54 F2F2            
  0.00  0.00    0.00    0.00                 
  0.00  0.00    0.00    0.00                 
  0.00 14.81 3580.07   94.54 F2F2            
  0.00  0.00    0.00    0.00                 
  0.00  0.00    0.00    0.00                 
  0.00 14.81 3580.07   94.54 F2F2            
  0.00  0.00    0.00    0.00                 
  0.00  0.00    0.00    0.00                 
  0.00 14.81 3580.07   94.54 F2F2            
  0.00  0.00    0.00    0.00                 
  0.00  0.00    0.00    0.00                 
  0.00 14.81 3580.07   94.54 F2F2            
  0.00  0.00    0.00    0.00                 
  0.00  0.00    0.00    0.00                 
  0.00 14.81 3580.07   94.54 F2F2            
  0.00  0.00    0.00    0.00                 
 11.47 16.62 2123.42   94.89 F2              
 11.47 16.88 3725.17   94.76 F2F2            
 11.47  0.00    0.00    0.00                 
  0.00  0.00    0.00    0.00                 
  0.00 16.88 3725.17   94.76 F2F2            
  0.00  0.00    0.00    0.00                 
  0.00  0.00    0.00    0.00                 
  0.00 16.88 3725.17   94.76 F2F2            
  0.00  0.00    0.00    0.00                 
  0.00  0.00    0.00    0.00                 
  0.00 16.88 3725.17   94.76 F2F2            
  0.00  0.00    0.00    0.00                 
  0.00  0.00    0.00    0.00                 
  0.00 16.88 3725.17   94.76 F2F2            
  0.00  0.00    0.00    0.00                 
  0.07  6.67 2759.68   93.46 F2              
  0.07  0.00    0.00    0.00                 
  0.07  0.00    0.00    0.00                 
  0.00  0.00    0.00    0.00                 
  0.00  0.00    0.00    0.00                 
  0.00  0.00    0.00    0.00                 
  5.08  9.78 2232.31   96.50 F2              
  5.08  9.66 4064.82   96.51 F2F2            
  5.08  0.00    0.00    0.00                 
  0.00  0.00    0.00    0.00                 
  0.00  9.66 4064.82   96.51 F2F2            
  0.00  0.00    0.00    0.00                 
  0.00  0.00    0.00    0.00                 
  0.00  9.66 4064.82   96.51 F2F2            
  0.00  0.00    0.00    0.00                 
 11.03 15.90 2041.21   93.33 F2              
 11.03 16.33 3630.83   93.20 F2F2            
 11.03  0.00    0.00    0.00                 
  0.00  0.00    0.00    0.00                 
  0.00 16.33 3630.83   93.20 F2F2            
  0.00  0.00    0.00    0.00                 
  0.00  0.00    0.00    0.00                 
  0.00 16.33 3630.83   93.20 F2F2            
  0.00  0.00    0.00    0.00                 
  0.00  0.00    0.00    0.00                 
  0.00 16.33 3630.83   93.20 F2F2            
  0.00  0.00    0.00    0.00                 
  0.00  0.00    0.00    0.00                 
  0.00 16.33 3630.83   93.20 F2F2            
  0.00  0.00    0.00    0.00                 
  0.00  0.00    0.00    0.00                 
  0.00 16.33 3630.83   93.20 F2F2            
  0.00  0.00    0.00    0.00                 
  0.00  0.00    0.00    0.00                 
  0.00 16.33 3630.83   93.20 F2F2            
  0.00  0.00    0.00    0.00                 
  9.30 13.76 1979.83   95.17 F2              
  9.30 14.10 3587.41   95.10 F2F2            
  9.30  0.00    0.00    0.00                 
  4.16  9.09 2319.64   93.30 F2              
  4.16  9.02 4184.70   93.30 F2F2            
  4.16  0.00    0.00    0.00                 
  0.00  0.00    0.00    0.00                 
  0.00  9.02 4184.70   93.30 F2F2            
  0.00  0.00    0.00    0.00                 
  8.97 13.43 1991.62   94.38 F2              
  8.97 13.78 3607.62   94.31 F2F2            
  8.97  0.00    0.00    0.00                 
  0.00  0.00    0.00    0.00                 
  0.00 13.78 3607.62   94.31 F2F2            
  0.00  0.00    0.00    0.00                 
  0.00  0.00    0.00    0.00                 
  0.00 13.78 3607.62   94.31 F2F2            
  0.00  0.00    0.00    0.00                 
  5.93 10.49 2161.92   95.18 F2              
  5.93 10.50 3930.27   95.17 F2F2            
  5.93  0.00    0.00    0.00                 
  0.00  0.00    0.00    0.00                 
  0.00 10.50 3930.27   95.17 F2F2            
  0.00  0.00    0.00    0.00                 
  0.00  0.00    0.00    0.00                 
  0.00 10.50 3930.27   95.17 F2F2            
  0.00  0.00    0.00    0.00                 
  0.00  0.00    0.00    0.00                 
  0.00 10.50 3930.27   95.17 F2F2            
  0.00  0.00    0.00    0.00                 
  6.15 10.64 2142.15   96.48 F2              
  6.15 10.60 3907.76   96.48 F2F2            
  6.15  0.00    0.00    0.00                 
 11.21 16.06 2054.97   92.92 F2              
 11.21 16.47 3650.77   92.78 F2F2            
 11.21  0.00    0.00    0.00                 
  0.00  0.00    0.00    0.00                 
  0.00 16.47 3650.77   92.78 F2F2            
  0.00  0.00    0.00    0.00                 
  0.00  0.00    0.00    0.00                 
  0.00 16.47 3650.77   92.78 F2F2            
  0.00  0.00    0.00    0.00                 
  9.88 14.37 1974.62   94.24 F2              
  9.88 14.76 3569.21   94.15 F2F2            
  9.88  0.00    0.00    0.00                 
  0.00  0.00    0.00    0.00                 
  0.00 14.76 3569.21   94.15 F2F2            
  0.00  0.00    0.00    0.00                 
 11.05 15.79 2022.97   93.65 F2              
 11.05 16.18 3613.96   93.52 F2F2            
 11.05  0.00    0.00    0.00                 
  0.00  0.00    0.00    0.00                 
  0.00 16.18 3613.96   93.52 F2F2            
  0.00  0.00    0.00    0.00                 
  0.16  6.45 2757.08   95.27 F2              
  0.16  0.00    0.00    0.00                 
  0.16  0.00    0.00    0.00                 
  0.00  0.00    0.00    0.00                 
  0.00  0.00    0.00    0.00                 
  0.00  0.00    0.00    0.00                 
  0.00  0.00    0.00    0.00                 
  0.00  0.00    0.00    0.00                 
  0.00  0.00    0.00    0.00                 
 11.11 15.78 2002.15   96.18 F2              
 11.11 16.03 3591.64   96.09 F2F2            
 11.11  0.00    0.00    0.00                 
 11.57 16.55 2110.00   93.89 F2              
 11.57 16.81 3718.41   93.76 F2F2            
 11.57  0.00    0.00    0.00                 
  0.00  0.00    0.00    0.00                 
  0.00 16.81 3718.41   93.76 F2F2            
  0.00  0.00    0.00    0.00                 
  0.00  0.00    0.00    0.00                 
  0.00 16.81 3718.41   93.76 F2F2            
  0.00  0.00    0.00    0.00                 
 11.68 16.61 2097.38   96.32 F2              
 11.68 16.73 3704.69   96.22 F2F2            
 11.68  0.00    0.00    0.00                 
  0.06  6.45 2763.99   93.97 F2              
  0.06  0.00    0.00    0.00                 
  0.06  0.00    0.00    0.00                 
  0.00  0.00    0.00    0.00                 
  0.00  0.00    0.00    0.00                 
  0.00  0.00    0.00    0.00                 
  0.00  0.00    0.00    0.00                 
  0.00  0.00    0.00    0.00                 
  0.00  0.00    0.00    0.00                 
 10.98 15.58 1989.11   95.89 F2              
 10.98 15.85 3578.25   95.80 F2F2            
 10.98  0.00    0.00    0.00                 
  0.00  0.00    0.00    0.00                 
  0.00 15.85 3578.25   95.80 F2F2            
  0.00  0.00    0.00    0.00                 
  0.00  0.00    0.00    0.00                 
  0.00 15.85 3578.25   95.80 F2F2            
  0.00  0.00    0.00    0.00                 
  7.79 12.21 2044.89   92.41 F2              
  7.79 12.54 3703.62   92.35 F2F2            
  7.79  0.00    0.00    0.00                 
  0.00  0.00    0.00    0.00                 
  0.00 12.54 3703.62   92.35 F2F2            
  0.00  0.00    0.00    0.00                 
 11.78 16.79 2136.74   95.90 F2              
 11.78 16.89 3751.81   95.79 F2F2            
 11.78  0.00    0.00    0.00                 
  0.00  0.00    0.00    0.00                 
  0.00 16.89 3751.81   95.79 F2F2            
  0.00  0.00    0.00    0.00                 
  0.27  6.48 2742.08   94.57 F2              
  0.27  0.00    0.00    0.00                 
  0.27  0.00    0.00    0.00                 
  0.00  0.00    0.00    0.00                 
  0.00  0.00    0.00    0.00                 
  0.00  0.00    0.00    0.00                 
  2.11  7.51 2528.56   93.14 F2              
  2.11  0.00    0.00    0.00                 
  2.11  0.00    0.00    0.00                 
  4.75  9.42 2261.57   94.20 F2              
  4.75  9.31 4108.43   94.20 F2F2            
  4.75  0.00    0.00    0.00                 
  0.00  0.00    0.00    0.00                 
  0.00  9.31 4108.43   94.20 F2F2            
  0.00  0.00    0.00    0.00                 
  0.00  0.00    0.00    0.00                 
  0.00  9.31 4108.43   94.20 F2F2            
  0.00  0.00    0.00    0.00                 
  0.00  0.00    0.00    0.00                 
  0.00  9.31 4108.43   94.20 F2F2            
  0.00  0.00    0.00    0.00                 
  0.00  0.00    0.00    0.00                 
  0.00  9.31 4108.43   94.20 F2F2            
  0.00  0.00    0.00    0.00                 
  0.00  0.00    0.00    0.00                 
  0.00  9.31 4108.43   94.20 F2F2            
  0.00  0.00    0.00    0.00                 
  0.00  0.00    0.00    0.00                 
  0.00  9.31 4108.43   94.20 F2F2            
  0.00  0.00    0.00    0.00                 
  0.00  0.00    0.00    0.00                 
  0.00  9.31 4108.43   94.20 F2F2            
  0.00  0.00    0.00    0.00                 
  0.00  0.00    0.00    0.00                 
  0.00  9.31 4108.43   94.20 F2F2            
  0.00  0.00    0.00    0.00                 
  0.00  0.00    0.00    0.00                 
  0.00  9.31 4108.43   94.20 F2F2            
  0.00  0.00    0.00    0.00                 
  0.00  0.00    0.00    0.00                 
  0.00  9.31 4108.43   94.20 F2F2            
  0.00  0.00    0.00    0.00                 
  1.42  6.95 2610.60   95.16 F2              
  1.42  0.00    0.00    0.00                 
  1.42  0.00    0.00    0.00                 
  8.55 12.82 1994.94   95.31 F2              
  8.55 13.02 3638.13   95.27 F2F2            
  8.55  0.00    0.00    0.00                 
  0.00  0.00    0.00    0.00                 
  0.00 13.02 3638.13   95.27 F2F2            
  0.00  0.00    0.00    0.00                 
 10.08 14.44 1961.99   94.44 F2              
 10.08 14.77 3559.41   94.36 F2F2            
 10.08  0.00    0.00    0.00                 
  0.00  0.00    0.00    0.00                 
  0.00 14.77 3559.41   94.36 F2F2            
  0.00  0.00    0.00    0.00                 
  5.52  9.93 2189.52   96.40 F2              
  5.52  9.77 4013.45   96.41 F2F2            
  5.52  0.00    0.00    0.00                 
  9.49 13.80 1967.88   94.37 F2              
  9.49 14.10 3578.20   94.30 F2F2            
  9.49  0.00    0.00    0.00                 
  0.00  0.00    0.00    0.00                 
  0.00 14.10 3578.20   94.30 F2F2            
  0.00  0.00    0.00    0.00                 
  0.00  0.00    0.00    0.00                 
  0.00 14.10 3578.20   94.30 F2F2            
  0.00  0.00    0.00    0.00                 
  0.00  0.00    0.00    0.00                 
  0.00 14.10 3578.20   94.30 F2F2            
  0.00  0.00    0.00    0.00                 
  9.57 13.87 1964.44   94.67 F2              
  9.57 14.16 3573.64   94.60 F2F2            
  9.57  0.00    0.00    0.00                 
  0.00  0.00    0.00    0.00                 
  0.00 14.16 3573.64   94.60 F2F2            
  0.00  0.00    0.00    0.00                 
  0.00  0.00    0.00    0.00                 
  0.00 14.16 3573.64   94.60 F2F2            
  0.00  0.00    0.00    0.00                 
  0.80  6.65 2679.10   93.96 F2              
  0.80  0.00    0.00    0.00                 
  0.80  0.00    0.00    0.00                 
  0.00  0.00    0.00    0.00                 
  0.00  0.00    0.00    0.00                 
  0.00  0.00    0.00    0.00                 
 11.21 15.73 1994.40   95.08 F2              
 11.21 15.99 3589.62   94.98 F2F2            
 11.21  0.00    0.00    0.00                 
  0.00  0.00    0.00    0.00                 
  0.00 15.99 3589.62   94.98 F2F2            
  0.00  0.00    0.00    0.00                 
  0.00  0.00    0.00    0.00                 
  0.00 15.99 3589.62   94.98 F2F2            
  0.00  0.00    0.00    0.00                 
  0.00  0.00    0.00    0.00                 
  0.00 15.99 3589.62   94.98 F2F2            
  0.00  0.00    0.00    0.00                 
  0.00  0.00    0.00    0.00                 
  0.00 15.99 3589.62   94.98 F2F2            
  0.00  0.00    0.00    0.00                 
  8.25 12.49 2008.70   94.32 F2              
  8.25 12.69 3664.19   94.28 F2F2            
  8.25  0.00    0.00    0.00                 
  0.00  0.00    0.00    0.00                 
  0.00 12.69 3664.19   94.28 F2F2            
  0.00  0.00    0.00    0.00                 
  0.03  6.02 2786.50   97.89 F2              
  0.03  0.00    0.00    0.00                 
  0.03  0.00    0.00    0.00                 
  0.00  0.00    0.00    0.00                 
  0.00  0.00    0.00    0.00                 
  0.00  0.00    0.00    0.00                 
  0.72  6.62 2684.91   92.86 F2              
  0.72  0.00    0.00    0.00                 
  0.72  0.00    0.00    0.00                 
  0.00  0.00    0.00    0.00                 
  0.00  0.00    0.00    0.00                 
  0.00  0.00    0.00    0.00                 
  9.24 13.45 1963.45   96.00 F2              
  9.24 13.62 3588.15   95.96 F2F2            
  9.24  0.00    0.00    0.00                 
  9.38 13.66 1976.85   92.05 F2              
  9.38 14.06 3589.25   91.96 F2F2            
  9.38  0.00    0.00    0.00                 
  0.00  0.00    0.00    0.00                 
  0.00 14.06 3589.25   91.96 F2F2            
  0.00  0.00    0.00    0.00                 
  0.00  0.00    0.00    0.00                 
  0.00 14.06 3589.25   91.96 F2F2            
  0.00  0.00    0.00    0.00                 
  6.52 10.89 2118.12   92.05 F2              
  6.52 11.05 3847.07   92.02 F2F2            
  6.52  0.00    0.00    0.00                 
 10.40 14.69 1950.96   95.44 F2              
 10.40 14.94 3548.15   95.37 F2F2            
 10.40  0.00    0.00    0.00                 
  0.22  6.32 2745.15   93.77 F2              
  0.22  0.00    0.00    0.00                 
  0.22  0.00    0.00    0.00                 
  0.00  0.00    0.00    0.00                 
  0.00  0.00    0.00    0.00                 
  0.00  0.00    0.00    0.00                 
  0.00  0.00    0.00    0.00                 
  0.00  0.00    0.00    0.00                 
  0.00  0.00    0.00    0.00                 
  0.00  0.00    0.00    0.00                 
  0.00  0.00    0.00    0.00                 
  0.00  0.00    0.00    0.00                 
  0.97  6.60 2661.57   94.87 F2              
  0.97  0.00    0.00    0.00                 
  0.97  0.00    0.00    0.00                 
  8.70 12.90 1987.53   94.20 F2              
  8.70 13.13 3627.14   94.16 F2F2            
  8.70  0.00    0.00    0.00                 
  0.00  0.00    0.00    0.00                 
  0.00 13.13 3627.14   94.16 F2F2            
  0.00  0.00    0.00    0.00                 
  0.00  0.00    0.00    0.00                 
  0.00 13.13 3627.14   94.16 F2F2            
  0.00  0.00    0.00    0.00                 
  0.00  0.00    0.00    0.00                 
  0.00 13.13 3627.14   94.16 F2F2            
  0.00  0.00    0.00    0.00                 
  0.00  0.00    0.00    0.00                 
  0.00 13.13 3627.14   94.16 F2F2            
  0.00  0.00    0.00    0.00                 
  3.17  8.00 2413.39   94.13 F2              
  3.17  0.00    0.00    0.00                 
  3.17  0.00    0.00    0.00                 
  0.00  0.00    0.00    0.00                 
  0.00  0.00    0.00    0.00                 
  0.00  0.00    0.00    0.00                 
  0.00  0.00    0.00    0.00                 
  0.00  0.00    0.00    0.00                 
  0.00  0.00    0.00    0.00                 
  9.47 13.68 1962.67   93.97 F2              
  9.47 13.96 3578.17   93.91 F2F2            
  9.47  0.00    0.00    0.00                 
  0.00  0.00    0.00    0.00                 
  0.00 13.96 3578.17   93.91 F2F2            
  0.00  0.00    0.00    0.00                 
 11.77 16.45 2074.92   94.02 F2              
 11.77 16.64 3691.00   93.89 F2F2            
 11.77  0.00    0.00    0.00                 
  4.79  9.18 2251.57   96.62 F2              
  4.79  8.86 4147.18   96.65 F2F2            
  4.79  0.00    0.00    0.00                 
  7.65 11.86 2039.32   93.53 F2              
  7.65 12.02 3722.71   93.50 F2F2            
  7.65  0.00    0.00    0.00                 
 10.27 14.53 1955.30   93.63 F2              
 10.27 14.85 3554.70   93.55 F2F2            
 10.27  0.00    0.00    0.00                 
  5.46  9.83 2193.68   94.30 F2              
  5.46  9.71 4011.44   94.30 F2F2            
  5.46  0.00    0.00    0.00                 
  0.00  0.00    0.00    0.00                 
  0.00  9.71 4011.44   94.30 F2F2            
  0.00  0.00    0.00    0.00                 
  0.00  0.00    0.00    0.00                 
  0.00  9.71 4011.44   94.30 F2F2            
  0.00  0.00    0.00    0.00                 
  0.00  0.00    0.00    0.00                 
  0.00  9.71 4011.44   94.30 F2F2            
  0.00  0.00    0.00    0.00                 
  6.33 10.60 2124.44   93.97 F2              
  6.33 10.59 3883.97   93.96 F2F2            
  6.33  0.00    0.00    0.00                 
  0.14  6.28 2748.43   92.26 F2              
  0.14  0.00    0.00    0.00                 
  0.14  0.00    0.00    0.00                 
  0.00  0.00    0.00    0.00                 
  0.00  0.00    0.00    0.00                 
  0.00  0.00    0.00    0.00                 
  0.06  6.15 2763.42   93.87 F2              
  0.06  0.00    0.00    0.00                 
  0.06  0.00    0.00    0.00                 
  0.00  0.00    0.00    0.00                 
  0.00  0.00    0.00    0.00                 
  0.00  0.00    0.00    0.00                 
  0.01  6.21 2763.58   92.47 F2              
  0.01  0.00    0.00    0.00                 
  0.01  0.00    0.00    0.00                 
  0.10  6.17 2757.01   93.47 F2              
  0.10  0.00    0.00    0.00                 
  0.10  0.00    0.00    0.00                 
  0.00  0.00    0.00    0.00                 
  0.00  0.00    0.00    0.00                 
  0.00  0.00    0.00    0.00                 
  0.00  0.00    0.00    0.00                 
  0.00  0.00    0.00    0.00                 
  0.00  0.00    0.00    0.00                 
  0.07  6.09 2764.92   94.58 F2              
  0.07  0.00    0.00    0.00                 
  0.07  0.00    0.00    0.00                 
  4.30  8.83 2298.14   93.72 F2              
  4.30  8.59 4198.60   93.73 F2F2            
  4.30  0.00    0.00    0.00                 
  3.73  8.31 2353.99   94.93 F2              
  3.73  0.00    0.00    0.00                 
  3.73  0.00    0.00    0.00                 
  0.00  0.00    0.00    0.00                 
  0.00  0.00    0.00    0.00                 
  0.00  0.00    0.00    0.00                 
  0.06  6.06 2766.77   94.78 F2              
  0.06  0.00    0.00    0.00                 
  0.06  0.00    0.00    0.00                 
  0.00  0.00    0.00    0.00                 
  0.00  0.00    0.00    0.00                 
  0.00  0.00    0.00    0.00                 
  0.00  0.00    0.00    0.00                 
  0.00  0.00    0.00    0.00                 
  0.00  0.00    0.00    0.00                 
  0.00  0.00    0.00    0.00                 
  0.00  0.00    0.00    0.00                 
  0.00  0.00    0.00    0.00                 
 12.25 17.14 2219.23   95.67 F2              
 12.25 17.02 3868.18   95.57 F2F2            
 12.25  0.00    0.00    0.00                 
  0.00  0.00    0.00    0.00                 
  0.00 17.02 3868.18   95.57 F2F2            
  0.00  0.00    0.00    0.00                 
  0.00  0.00    0.00    0.00                 
  0.00 17.02 3868.18   95.57 F2F2            
  0.00  0.00    0.00    0.00                 
  0.09  6.15 2756.34   93.17 F2              
  0.09  0.00    0.00    0.00                 
  0.09  0.00    0.00    0.00                 
  0.00  0.00    0.00    0.00                 
  0.00  0.00    0.00    0.00                 
  0.00  0.00    0.00    0.00                 
  0.00  0.00    0.00    0.00                 
  0.00  0.00    0.00    0.00                 
  0.00  0.00    0.00    0.00                 
  7.71 11.82 2029.63   94.14 F2              
  7.71 11.91 3719.48   94.12 F2F2            
  7.71  0.00    0.00    0.00                 
  0.00  0.00    0.00    0.00                 
  0.00 11.91 3719.48   94.12 F2F2            
  0.00  0.00    0.00    0.00                 
 12.05 16.64 2077.48   96.34 F2              
 12.05 16.63 3702.39   96.25 F2F2            
 12.05  0.00    0.00    0.00                 
  0.06  6.00 2768.74   95.28 F2              
  0.06  0.00    0.00    0.00                 
  0.06  0.00    0.00    0.00                 
  0.00  0.00    0.00    0.00                 
  0.00  0.00    0.00    0.00                 
  0.00  0.00    0.00    0.00                 
  0.00  0.00    0.00    0.00                 
  0.00  0.00    0.00    0.00                 
  0.00  0.00    0.00    0.00                 
  0.00  0.00    0.00    0.00                 
  0.00  0.00    0.00    0.00                 
  0.00  0.00    0.00    0.00                 
  0.03  6.10 2762.81   93.17 F2              
  0.03  0.00    0.00    0.00                 
  0.03  0.00    0.00    0.00                 
  7.32 11.39 2048.13   95.87 F2              
  7.32 11.34 3769.85   95.87 F2F2            
  7.32  0.00    0.00    0.00                 
  0.10  5.90 2772.17   96.89 F2              
  0.10  0.00    0.00    0.00                 
  0.10  0.00    0.00    0.00                 
 10.58 14.75 1946.24   93.73 F2              
 10.58 15.03 3546.77   93.64 F2F2            
 10.58  0.00    0.00    0.00                 
  0.00  0.00    0.00    0.00                 
  0.00 15.03 3546.77   93.64 F2F2            
  0.00  0.00    0.00    0.00                 
  7.36 11.46 2048.61   94.36 F2              
  7.36 11.49 3759.32   94.34 F2F2            
  7.36  0.00    0.00    0.00                 
 11.53 15.91 2004.27   92.95 F2              
 11.53 16.18 3612.71   92.83 F2F2            
 11.53  0.00    0.00    0.00                 
 11.78 16.19 2012.22   95.47 F2              
 11.78 16.29 3624.78   95.37 F2F2            
 11.78  0.00    0.00    0.00                 
 11.61 16.00 2008.87   93.35 F2              
 11.61 16.24 3618.99   93.23 F2F2            
 11.61  0.00    0.00    0.00                 
  0.00  0.00    0.00    0.00                 
  0.00 16.24 3618.99   93.23 F2F2            
  0.00  0.00    0.00    0.00                 
  0.19  5.96 2756.22   95.98 F2              
  0.19  0.00    0.00    0.00                 
  0.19  0.00    0.00    0.00                 
  0.00  0.00    0.00    0.00                 
  0.00  0.00    0.00    0.00                 
  0.00  0.00    0.00    0.00                 
  0.00  0.00    0.00    0.00                 
  0.00  0.00    0.00    0.00                 
  0.00  0.00    0.00    0.00                 
  8.83 12.85 1968.66   95.12 F2              
  8.83 12.96 3616.97   95.09 F2F2            
  8.83  0.00    0.00    0.00                 
  0.00  0.00    0.00    0.00                 
  0.00 12.96 3616.97   95.09 F2F2            
  0.00  0.00    0.00    0.00                 
 11.79 16.22 2027.60   93.94 F2              
 11.79 16.39 3643.53   93.83 F2F2            
 11.79  0.00    0.00    0.00                 
 10.61 14.76 1944.57   93.43 F2              
 10.61 15.04 3546.02   93.34 F2F2            
 10.61  0.00    0.00    0.00                 
 11.88 16.37 2050.53   93.63 F2              
 11.88 16.54 3671.75   93.51 F2F2            
 11.88  0.00    0.00    0.00                 
  0.00  0.00    0.00    0.00                 
  0.00 16.54 3671.75   93.51 F2F2            
  0.00  0.00    0.00    0.00                 
  9.91 13.96 1938.70   94.58 F2              
  9.91 14.16 3552.72   94.52 F2F2            
  9.91  0.00    0.00    0.00                 
  0.00  0.00    0.00    0.00                 
  0.00 14.16 3552.72   94.52 F2F2            
  0.00  0.00    0.00    0.00                 
  3.15  7.88 2409.94   92.23 F2              
  3.15  0.00    0.00    0.00                 
  3.15  0.00    0.00    0.00                 
  0.00  0.00    0.00    0.00                 
  0.00  0.00    0.00    0.00                 
  0.00  0.00    0.00    0.00                 
  0.00  0.00    0.00    0.00                 
  0.00  0.00    0.00    0.00                 
  0.00  0.00    0.00    0.00                 
  0.00  0.00    0.00    0.00                 
  0.00  0.00    0.00    0.00                 
  0.00  0.00    0.00    0.00                 
  0.02  6.10 2757.85   91.97 F2              
  0.02  0.00    0.00    0.00                 
  0.02  0.00    0.00    0.00                 
 11.27 15.50 1962.73   94.00 F2              
 11.27 15.72 3565.48   93.90 F2F2            
 11.27  0.00    0.00    0.00                 
  0.00  0.00    0.00    0.00                 
  0.00 15.72 3565.48   93.90 F2F2            
  0.00  0.00    0.00    0.00                 
 11.95 16.45 2065.07   93.11 F2              
 11.95 16.62 3691.46   92.99 F2F2            
 11.95  0.00    0.00    0.00                 
  0.00  0.00    0.00    0.00                 
  0.00 16.62 3691.46   92.99 F2F2            
  0.00  0.00    0.00    0.00                 
 12.24 17.04 2216.35   92.24 F2              
 12.24 17.09 3874.71   92.09 F2F2            
 12.24  0.00    0.00    0.00                 
  7.15 11.18 2057.17   95.17 F2              
  7.15 11.11 3789.54   95.17 F2F2            
  7.15  0.00    0.00    0.00                 
  0.00  0.00    0.00    0.00                 
  0.00 11.11 3789.54   95.17 F2F2            
  0.00  0.00    0.00    0.00                 
  0.00  0.00    0.00    0.00                 
  0.00 11.11 3789.54   95.17 F2F2            
  0.00  0.00    0.00    0.00                 
  0.00  0.00    0.00    0.00                 
  0.00 11.11 3789.54   95.17 F2F2            
  0.00  0.00    0.00    0.00                 
  0.26  5.97 2743.85   95.38 F2              
  0.26  0.00    0.00    0.00                 
  0.26  0.00    0.00    0.00                 
  0.00  0.00    0.00    0.00                 
  0.00  0.00    0.00    0.00                 
  0.00  0.00    0.00    0.00                 
  8.99 12.88 1947.70   98.75 F2              
  8.99 12.77 3608.40   98.75 F2F2            
  8.99  0.00    0.00    0.00                 
  0.00  0.00    0.00    0.00                 
  0.00 12.77 3608.40   98.75 F2F2            
  0.00  0.00    0.00    0.00                 
  7.63 11.63 2026.61   95.06 F2              
  7.63 11.60 3732.98   95.05 F2F2            
  7.63  0.00    0.00    0.00                 
  0.00  0.00    0.00    0.00                 
  0.00 11.60 3732.98   95.05 F2F2            
  0.00  0.00    0.00    0.00                 
  8.33 12.32 1991.14   94.03 F2              
  8.33 12.42 3659.19   94.00 F2F2            
  8.33  0.00    0.00    0.00                 
  0.00  0.00    0.00    0.00                 
  0.00 12.42 3659.19   94.00 F2F2            
  0.00  0.00    0.00    0.00                 
  0.00  0.00    0.00    0.00                 
  0.00 12.42 3659.19   94.00 F2F2            
  0.00  0.00    0.00    0.00                 
  0.00  0.00    0.00    0.00                 
  0.00 12.42 3659.19   94.00 F2F2            
  0.00  0.00    0.00    0.00                 
  0.82  6.37 2667.77   92.56 F2              
  0.82  0.00    0.00    0.00                 
  0.82  0.00    0.00    0.00                 
  7.87 11.87 2015.60   93.84 F2              
  7.87 11.94 3704.13   93.82 F2F2            
  7.87  0.00    0.00    0.00                 
  0.00  0.00    0.00    0.00                 
  0.00 11.94 3704.13   93.82 F2F2            
  0.00  0.00    0.00    0.00                 
  0.00  0.00    0.00    0.00                 
  0.00 11.94 3704.13   93.82 F2F2            
  0.00  0.00    0.00    0.00                 
  8.55 12.53 1981.61   93.62 F2              
  8.55 12.67 3639.77   93.58 F2F2            
  8.55  0.00    0.00    0.00                 
  6.07 10.17 2136.32   94.19 F2              
  6.07 10.03 3932.01   94.19 F2F2            
  6.07  0.00    0.00    0.00                 
  0.00  0.00    0.00    0.00                 
  0.00 10.03 3932.01   94.19 F2F2            
  0.00  0.00    0.00    0.00                 
  4.05  8.28 2319.06   97.75 F2              
  4.05  0.00    0.00    0.00                 
  4.05  0.00    0.00    0.00                 
  0.00  0.00    0.00    0.00                 
  0.00  0.00    0.00    0.00                 
  0.00  0.00    0.00    0.00                 
  1.22  6.47 2625.98   93.96 F2              
  1.22  0.00    0.00    0.00                 
  1.22  0.00    0.00    0.00                 
  0.00  0.00    0.00    0.00                 
  0.00  0.00    0.00    0.00                 
  0.00  0.00    0.00    0.00                 
 10.10 14.09 1931.59   94.27 F2              
 10.10 14.27 3544.84   94.21 F2F2            
 10.10  0.00    0.00    0.00                 
  0.00  0.00    0.00    0.00                 
  0.00 14.27 3544.84   94.21 F2F2            
  0.00  0.00    0.00    0.00                 
  7.48 11.45 2036.31   94.26 F2              
  7.48 11.45 3749.38   94.25 F2F2            
  7.48  0.00    0.00    0.00                 
  0.00  0.00    0.00    0.00                 
  0.00 11.45 3749.38   94.25 F2F2            
  0.00  0.00    0.00    0.00                 
  9.89 13.91 1950.73   90.74 F2              
  9.89 14.27 3564.72   90.64 F2F2            
  9.89  0.00    0.00    0.00                 
  0.00  0.00    0.00    0.00                 
  0.00 14.27 3564.72   90.64 F2F2            
  0.00  0.00    0.00    0.00                 
  9.57 13.51 1939.83   94.50 F2              
  9.57 13.65 3567.46   94.45 F2F2            
  9.57  0.00    0.00    0.00                 
 11.38 15.53 1959.30   93.80 F2              
 11.38 15.73 3565.32   93.70 F2F2            
 11.38  0.00    0.00    0.00                 
  0.00  0.00    0.00    0.00                 
  0.00 15.73 3565.32   93.70 F2F2            
  0.00  0.00    0.00    0.00                 
  0.00  0.00    0.00    0.00                 
  0.00 15.73 3565.32   93.70 F2F2            
  0.00  0.00    0.00    0.00                 
  0.00  0.00    0.00    0.00                 
  0.00 15.73 3565.32   93.70 F2F2            
  0.00  0.00    0.00    0.00                 
  9.10 12.96 1944.64   97.34 F2              
  9.10 12.90 3599.11   97.33 F2F2            
  9.10  0.00    0.00    0.00                 
  9.22 13.17 1954.66   93.20 F2              
  9.22 13.35 3590.24   93.14 F2F2            
  9.22  0.00    0.00    0.00                 
  0.25  5.76 2755.88   97.09 F2              
  0.25  0.00    0.00    0.00                 
  0.25  0.00    0.00    0.00                 
  8.94 12.87 1963.29   93.51 F2              
  8.94 13.01 3609.82   93.47 F2F2            
  8.94  0.00    0.00    0.00                 
  0.18  5.89 2750.04   94.48 F2              
  0.18  0.00    0.00    0.00                 
  0.18  0.00    0.00    0.00                 
  0.00  0.00    0.00    0.00                 
  0.00  0.00    0.00    0.00                 
  0.00  0.00    0.00    0.00                 
  0.00  0.00    0.00    0.00                 
  0.00  0.00    0.00    0.00                 
  0.00  0.00    0.00    0.00                 
  0.00  0.00    0.00    0.00                 
  0.00  0.00    0.00    0.00                 
  0.00  0.00    0.00    0.00                 
  0.00  0.00    0.00    0.00                 
  0.00  0.00    0.00    0.00                 
  0.00  0.00    0.00    0.00                 
  0.00  0.00    0.00    0.00                 
  0.00  0.00    0.00    0.00                 
  0.00  0.00    0.00    0.00                 
  6.09 10.09 2131.83   95.20 F2              
  6.09  9.86 3942.95   95.21 F2F2            
  6.09  0.00    0.00    0.00                 
  0.00  0.00    0.00    0.00                 
  0.00  9.86 3942.95   95.21 F2F2            
  0.00  0.00    0.00    0.00                 
  0.00  0.00    0.00    0.00                 
  0.00  9.86 3942.95   95.21 F2F2            
  0.00  0.00    0.00    0.00                 
 12.51 17.29 2296.84   93.83 F2              
 12.51 17.12 3975.47   93.72 F2F2            
 12.51  0.00    0.00    0.00                 
  7.36 11.22 2036.97   96.59 F2              
  7.36 11.04 3777.79   96.59 F2F2            
  7.36  0.00    0.00    0.00                 
  0.00  0.00    0.00    0.00                 
  0.00 11.04 3777.79   96.59 F2F2            
  0.00  0.00    0.00    0.00                 
  0.00  0.00    0.00    0.00                 
  0.00 11.04 3777.79   96.59 F2F2            
  0.00  0.00    0.00    0.00                 
  0.00  0.00    0.00    0.00                 
  0.00 11.04 3777.79   96.59 F2F2            
  0.00  0.00    0.00    0.00                 
  0.23  5.82 2746.73   94.78 F2              
  0.23  0.00    0.00    0.00                 
  0.23  0.00    0.00    0.00                 
  1.00  6.20 2654.83   94.57 F2              
  1.00  0.00    0.00    0.00                 
  1.00  0.00    0.00    0.00                 
  0.00  0.00    0.00    0.00                 
  0.00  0.00    0.00    0.00                 
  0.00  0.00    0.00    0.00                 
  0.00  0.00    0.00    0.00                 
  0.00  0.00    0.00    0.00                 
  0.00  0.00    0.00    0.00                 
  7.30 11.23 2047.67   93.26 F2              
  7.30 11.22 3770.74   93.24 F2F2            
  7.30  0.00    0.00    0.00                 
  0.00  0.00    0.00    0.00                 
  0.00 11.22 3770.74   93.24 F2F2            
  0.00  0.00    0.00    0.00                 
 11.84 16.05 2003.81   92.55 F2              
 11.84 16.25 3624.23   92.43 F2F2            
 11.84  0.00    0.00    0.00                 
  0.00  0.00    0.00    0.00                 
  0.00 16.25 3624.23   92.43 F2F2            
  0.00  0.00    0.00    0.00                 
  0.00  0.00    0.00    0.00                 
  0.00 16.25 3624.23   92.43 F2F2            
  0.00  0.00    0.00    0.00                 
  0.00  0.00    0.00    0.00                 
  0.00 16.25 3624.23   92.43 F2F2            
  0.00  0.00    0.00    0.00                 
 12.30 16.71 2095.51   93.91 F2              
 12.30 16.72 3740.12   93.80 F2F2            
 12.30  0.00    0.00    0.00                 
  0.00  0.00    0.00    0.00                 
  0.00 16.72 3740.12   93.80 F2F2            
  0.00  0.00    0.00    0.00                 
  0.04  5.86 2756.67   92.07 F2              
  0.04  0.00    0.00    0.00                 
  0.04  0.00    0.00    0.00                 
  0.19  5.80 2748.78   94.18 F2              
  0.19  0.00    0.00    0.00                 
  0.19  0.00    0.00    0.00                 
  0.00  0.00    0.00    0.00                 
  0.00  0.00    0.00    0.00                 
  0.00  0.00    0.00    0.00                 
  0.00  0.00    0.00    0.00                 
  0.00  0.00    0.00    0.00                 
  0.00  0.00    0.00    0.00                 
 11.06 15.03 1930.96   93.83 F2              
 11.06 15.21 3537.75   93.75 F2F2            
 11.06  0.00    0.00    0.00                 
 12.37 16.80 2116.85   94.00 F2              
 12.37 16.78 3767.08   93.89 F2F2            
 12.37  0.00    0.00    0.00                 
  0.41  6.27 2703.71   86.53 F2              
  0.41  0.00    0.00    0.00                 
  0.41  0.00    0.00    0.00                 
 11.81 15.91 1971.70   94.79 F2              
 11.81 16.00 3587.45   94.70 F2F2            
 11.81  0.00    0.00    0.00                 
 11.62 15.68 1956.83   94.30 F2              
 11.62 15.81 3568.45   94.21 F2F2            
 11.62  0.00    0.00    0.00                 
  8.70 12.52 1967.64   93.93 F2              
  8.70 12.59 3630.81   93.90 F2F2            
  8.70  0.00    0.00    0.00                 
 11.47 15.50 1949.18   93.70 F2              
 11.47 15.67 3558.84   93.61 F2F2            
 11.47  0.00    0.00    0.00                 
  0.00  0.00    0.00    0.00                 
  0.00 15.67 3558.84   93.61 F2F2            
  0.00  0.00    0.00    0.00                 
  0.00  0.00    0.00    0.00                 
  0.00 15.67 3558.84   93.61 F2F2            
  0.00  0.00    0.00    0.00                 
  0.00  0.00    0.00    0.00                 
  0.00 15.67 3558.84   93.61 F2F2            
  0.00  0.00    0.00    0.00                 
  3.76  7.96 2345.90   95.55 F2              
  3.76  0.00    0.00    0.00                 
  3.76  0.00    0.00    0.00                 
  0.00  0.00    0.00    0.00                 
  0.00  0.00    0.00    0.00                 
  0.00  0.00    0.00    0.00                 
  0.00  0.00    0.00    0.00                 
  0.00  0.00    0.00    0.00                 
  0.00  0.00    0.00    0.00                 
  0.00  0.00    0.00    0.00                 
  0.00  0.00    0.00    0.00                 
  0.00  0.00    0.00    0.00                 
  0.00  0.00    0.00    0.00                 
  0.00  0.00    0.00    0.00                 
  0.00  0.00    0.00    0.00                 
  0.00  0.00    0.00    0.00                 
  0.00  0.00    0.00    0.00                 
  0.00  0.00    0.00    0.00                 
  0.00  0.00    0.00    0.00                 
  0.00  0.00    0.00    0.00                 
  0.00  0.00    0.00    0.00                 
  0.00  0.00    0.00    0.00                 
  0.00  0.00    0.00    0.00                 
  0.00  0.00    0.00    0.00                 
  9.30 13.11 1947.40   92.40 F2              
  9.30 13.28 3586.93   92.34 F2F2            
  9.30  0.00    0.00    0.00                 
  0.00  0.00    0.00    0.00                 
  0.00 13.28 3586.93   92.34 F2F2            
  0.00  0.00    0.00    0.00                 
  0.05  5.63 2768.13   94.68 F2              
  0.05  0.00    0.00    0.00                 
  0.05  0.00    0.00    0.00                 
  0.00  0.00    0.00    0.00                 
  0.00  0.00    0.00    0.00                 
  0.00  0.00    0.00    0.00                 
  0.00  0.00    0.00    0.00                 
  0.00  0.00    0.00    0.00                 
  0.00  0.00    0.00    0.00                 
  0.00  0.00    0.00    0.00                 
  0.00  0.00    0.00    0.00                 
  0.00  0.00    0.00    0.00                 
  0.03  5.68 2763.18   93.28 F2              
  0.03  0.00    0.00    0.00                 
  0.03  0.00    0.00    0.00                 
  0.00  0.00    0.00    0.00                 
  0.00  0.00    0.00    0.00                 
  0.00  0.00    0.00    0.00                 
  0.00  0.00    0.00    0.00                 
  0.00  0.00    0.00    0.00                 
  0.00  0.00    0.00    0.00                 
  0.00  0.00    0.00    0.00                 
  0.00  0.00    0.00    0.00                 
  0.00  0.00    0.00    0.00                 
  0.00  0.00    0.00    0.00                 
  0.00  0.00    0.00    0.00                 
  0.00  0.00    0.00    0.00                 
  0.00  0.00    0.00    0.00                 
  0.00  0.00    0.00    0.00                 
  0.00  0.00    0.00    0.00                 
  0.96  6.06 2656.48   93.57 F2              
  0.96  0.00    0.00    0.00                 
  0.96  0.00    0.00    0.00                 
  0.00  0.00    0.00    0.00                 
  0.00  0.00    0.00    0.00                 
  0.00  0.00    0.00    0.00                 
  0.00  0.00    0.00    0.00                 
  0.00  0.00    0.00    0.00                 
  0.00  0.00    0.00    0.00                 
  0.26  5.71 2737.01   93.38 F2              
  0.26  0.00    0.00    0.00                 
  0.26  0.00    0.00    0.00                 
  0.00  0.00    0.00    0.00                 
  0.00  0.00    0.00    0.00                 
  0.00  0.00    0.00    0.00                 
  0.00  0.00    0.00    0.00                 
  0.00  0.00    0.00    0.00                 
  0.00  0.00    0.00    0.00                 
 10.49 14.23 1907.20   94.98 F2              
 10.49 14.29 3525.96   94.94 F2F2            
 10.49  0.00    0.00    0.00                 
  0.00  0.00    0.00    0.00                 
  0.00 14.29 3525.96   94.94 F2F2            
  0.00  0.00    0.00    0.00                 
  7.05 10.78 2055.09   94.99 F2              
  7.05 10.59 3819.23   95.00 F2F2            
  7.05  0.00    0.00    0.00                 
  6.76 10.51 2075.82   94.80 F2              
  6.76 10.29 3857.70   94.80 F2F2            
  6.76  0.00    0.00    0.00                 
  0.00  0.00    0.00    0.00                 
  0.00 10.29 3857.70   94.80 F2F2            
  0.00  0.00    0.00    0.00                 
  0.00  0.00    0.00    0.00                 
  0.00 10.29 3857.70   94.80 F2F2            
  0.00  0.00    0.00    0.00                 
 11.62 15.49 1932.29   94.52 F2              
 11.62 15.56 3546.50   94.44 F2F2            
 11.62  0.00    0.00    0.00                 
  0.00  0.00    0.00    0.00                 
  0.00 15.56 3546.50   94.44 F2F2            
  0.00  0.00    0.00    0.00                 
  0.00  0.00    0.00    0.00                 
  0.00 15.56 3546.50   94.44 F2F2            
  0.00  0.00    0.00    0.00                 
  9.10 12.76 1939.61   95.24 F2              
  9.10 12.71 3601.48   95.22 F2F2            
  9.10  0.00    0.00    0.00                 
  0.00  0.00    0.00    0.00                 
  0.00 12.71 3601.48   95.22 F2F2            
  0.00  0.00    0.00    0.00                 
  0.00  0.00    0.00    0.00                 
  0.00 12.71 3601.48   95.22 F2F2            
  0.00  0.00    0.00    0.00                 
  0.78  5.90 2675.51   93.17 F2              
  0.78  0.00    0.00    0.00                 
  0.78  0.00    0.00    0.00                 
  0.00  0.00    0.00    0.00                 
  0.00  0.00    0.00    0.00                 
  0.00  0.00    0.00    0.00                 
 10.05 13.71 1909.44   95.11 F2              
 10.05 13.72 3540.58   95.07 F2F2            
 10.05  0.00    0.00    0.00                 
  0.00  0.00    0.00    0.00                 
  0.00 13.72 3540.58   95.07 F2F2            
  0.00  0.00    0.00    0.00                 
 12.49 16.61 2053.63   94.74 F2              
 12.49 16.53 3702.39   94.65 F2F2            
 12.49  0.00    0.00    0.00                 
  0.00  0.00    0.00    0.00                 
  0.00 16.53 3702.39   94.65 F2F2            
  0.00  0.00    0.00    0.00                 
  0.00  0.00    0.00    0.00                 
  0.00 16.53 3702.39   94.65 F2F2            
  0.00  0.00    0.00    0.00                 
 11.17 14.93 1913.26   93.74 F2              
 11.17 15.04 3526.14   93.67 F2F2            
 11.17  0.00    0.00    0.00                 
  0.25  5.63 2735.74   92.98 F2              
  0.25  0.00    0.00    0.00                 
  0.25  0.00    0.00    0.00                 
  0.00  0.00    0.00    0.00                 
  0.00  0.00    0.00    0.00                 
  0.00  0.00    0.00    0.00                 
  0.00  0.00    0.00    0.00                 
  0.00  0.00    0.00    0.00                 
  0.00  0.00    0.00    0.00                 
  0.00  0.00    0.00    0.00                 
  0.00  0.00    0.00    0.00                 
  0.00  0.00    0.00    0.00                 
  0.00  0.00    0.00    0.00                 
  0.00  0.00    0.00    0.00                 
  0.00  0.00    0.00    0.00                 
  0.06  5.63 2749.74   91.27 F2              
  0.06  0.00    0.00    0.00                 
  0.06  0.00    0.00    0.00                 
 12.05 15.92 1946.95   96.22 F2              
 12.05 15.85 3570.16   96.16 F2F2            
 12.05  0.00    0.00    0.00                 
 11.36 15.14 1923.77   92.62 F2              
 11.36 15.30 3537.63   92.53 F2F2            
 11.36  0.00    0.00    0.00                 
  0.00  0.00    0.00    0.00                 
  0.00 15.30 3537.63   92.53 F2F2            
  0.00  0.00    0.00    0.00                 
  4.63  8.52 2255.12   94.64 F2              
  4.63  8.06 4206.34   94.66 F2F2            
  4.63  0.00    0.00    0.00                 
  0.00  0.00    0.00    0.00                 
  0.00  8.06 4206.34   94.66 F2F2            
  0.00  0.00    0.00    0.00                 
  0.00  0.00    0.00    0.00                 
  0.00  8.06 4206.34   94.66 F2F2            
  0.00  0.00    0.00    0.00                 
  7.48 11.10 2022.83   95.19 F2              
  7.48 10.89 3769.58   95.19 F2F2            
  7.48  0.00    0.00    0.00                 
  0.10  5.42 2761.89   94.78 F2              
  0.10  0.00    0.00    0.00                 
  0.10  0.00    0.00    0.00                 
 11.08 14.75 1896.67   95.78 F2              
 11.08 14.73 3513.11   95.73 F2F2            
 11.08  0.00    0.00    0.00                 
  6.16  9.86 2118.52   94.91 F2              
  6.16  9.53 3951.53   94.93 F2F2            
  6.16  0.00    0.00    0.00                 
  0.00  0.00    0.00    0.00                 
  0.00  9.53 3951.53   94.93 F2F2            
  0.00  0.00    0.00    0.00                 
  0.00  0.00    0.00    0.00                 
  0.00  9.53 3951.53   94.93 F2F2            
  0.00  0.00    0.00    0.00                 
  0.08  5.56 2747.61   91.57 F2              
  0.08  0.00    0.00    0.00                 
  0.08  0.00    0.00    0.00                 
  5.99  9.72 2133.24   93.81 F2              
  5.99  9.43 3967.74   93.82 F2F2            
  5.99  0.00    0.00    0.00                 
  8.65 12.23 1956.98   94.55 F2              
  8.65 12.15 3640.90   94.54 F2F2            
  8.65  0.00    0.00    0.00                 
  0.00  0.00    0.00    0.00                 
  0.00 12.15 3640.90   94.54 F2F2            
  0.00  0.00    0.00    0.00                 
  0.00  0.00    0.00    0.00                 
  0.00 12.15 3640.90   94.54 F2F2            
  0.00  0.00    0.00    0.00                 
  0.00  0.00    0.00    0.00                 
  0.00 12.15 3640.90   94.54 F2F2            
  0.00  0.00    0.00    0.00                 
  0.00  0.00    0.00    0.00                 
  0.00 12.15 3640.90   94.54 F2F2            
  0.00  0.00    0.00    0.00                 
 10.19 13.81 1911.07   92.48 F2              
 10.19 13.93 3538.12   92.42 F2F2            
 10.19  0.00    0.00    0.00                 
  0.00  0.00    0.00    0.00                 
  0.00 13.93 3538.12   92.42 F2F2            
  0.00  0.00    0.00    0.00                 
  0.00  0.00    0.00    0.00                 
  0.00 13.93 3538.12   92.42 F2F2            
  0.00  0.00    0.00    0.00                 
  9.32 12.91 1934.80   92.11 F2              
  9.32 13.00 3585.64   92.06 F2F2            
  9.32  0.00    0.00    0.00                 
  0.00  0.00    0.00    0.00                 
  0.00 13.00 3585.64   92.06 F2F2            
  0.00  0.00    0.00    0.00                 
 12.18 16.04 1974.41   92.87 F2              
 12.18 16.11 3606.94   92.77 F2F2            
 12.18  0.00    0.00    0.00                 
  0.00  0.00    0.00    0.00                 
  0.00 16.11 3606.94   92.77 F2F2            
  0.00  0.00    0.00    0.00                 
 12.84 16.96 2126.41   95.83 F2              
 12.84 16.69 3801.30   95.76 F2F2            
 12.84  0.00    0.00    0.00                 
  0.00  0.00    0.00    0.00                 
  0.00 16.69 3801.30   95.76 F2F2            
  0.00  0.00    0.00    0.00                 
  0.00  0.00    0.00    0.00                 
  0.00 16.69 3801.30   95.76 F2F2            
  0.00  0.00    0.00    0.00                 
 12.04 15.78 1930.07   95.83 F2              
 12.04 15.71 3554.38   95.77 F2F2            
 12.04  0.00    0.00    0.00                 
 11.20 14.80 1890.68   95.88 F2              
 11.20 14.75 3509.16   95.84 F2F2            
 11.20  0.00    0.00    0.00                 
  9.20 12.75 1933.81   93.23 F2              
  9.20 12.75 3593.67   93.19 F2F2            
  9.20  0.00    0.00    0.00                 
  0.00  0.00    0.00    0.00                 
  0.00 12.75 3593.67   93.19 F2F2            
  0.00  0.00    0.00    0.00                 
  0.00  0.00    0.00    0.00                 
  0.00 12.75 3593.67   93.19 F2F2            
  0.00  0.00    0.00    0.00                 
  0.01  5.26 2772.53   95.09 F2              
  0.01  0.00    0.00    0.00                 
  0.01  0.00    0.00    0.00                 
  0.00  0.00    0.00    0.00                 
  0.00  0.00    0.00    0.00                 
  0.00  0.00    0.00    0.00                 
  0.36  5.56 2716.41   92.07 F2              
  0.36  0.00    0.00    0.00                 
  0.36  0.00    0.00    0.00                 
  0.00  0.00    0.00    0.00                 
  0.00  0.00    0.00    0.00                 
  0.00  0.00    0.00    0.00                 
  0.00  0.00    0.00    0.00                 
  0.00  0.00    0.00    0.00                 
  0.00  0.00    0.00    0.00                 
  0.16  5.44 2740.85   92.58 F2              
  0.16  0.00    0.00    0.00                 
  0.16  0.00    0.00    0.00                 
  0.00  0.00    0.00    0.00                 
  0.00  0.00    0.00    0.00                 
  0.00  0.00    0.00    0.00                 
  0.00  0.00    0.00    0.00                 
  0.00  0.00    0.00    0.00                 
  0.00  0.00    0.00    0.00                 
  0.03  5.36 2758.63   93.18 F2              
  0.03  0.00    0.00    0.00                 
  0.03  0.00    0.00    0.00                 
  0.00  0.00    0.00    0.00                 
  0.00  0.00    0.00    0.00                 
  0.00  0.00    0.00    0.00                 
  0.00  0.00    0.00    0.00                 
  0.00  0.00    0.00    0.00                 
  0.00  0.00    0.00    0.00                 
  0.25  5.38 2738.76   94.18 F2              
  0.25  0.00    0.00    0.00                 
  0.25  0.00    0.00    0.00                 
  8.94 12.39 1933.07   96.87 F2              
  8.94 12.16 3621.50   96.88 F2F2            
  8.94  0.00    0.00    0.00                 
  0.00  0.00    0.00    0.00                 
  0.00 12.16 3621.50   96.88 F2F2            
  0.00  0.00    0.00    0.00                 
 10.74 14.27 1888.27   95.09 F2              
 10.74 14.24 3512.56   95.05 F2F2            
 10.74  0.00    0.00    0.00                 
  0.18  5.34 2747.31   94.28 F2              
  0.18  0.00    0.00    0.00                 
  0.18  0.00    0.00    0.00                 
  0.00  0.00    0.00    0.00                 
  0.00  0.00    0.00    0.00                 
  0.00  0.00    0.00    0.00                 
  0.00  0.00    0.00    0.00                 
  0.00  0.00    0.00    0.00                 
  0.00  0.00    0.00    0.00                 
 12.99 17.37 2355.38   92.82 F2              
 12.99 17.05 4076.40   92.71 F2F2            
 12.99  0.00    0.00    0.00                 
  0.00  0.00    0.00    0.00                 
  0.00 17.05 4076.40   92.71 F2F2            
  0.00  0.00    0.00    0.00                 
  0.00  0.00    0.00    0.00                 
  0.00 17.05 4076.40   92.71 F2F2            
  0.00  0.00    0.00    0.00                 
  0.00  0.00    0.00    0.00                 
  0.00 17.05 4076.40   92.71 F2F2            
  0.00  0.00    0.00    0.00                 
  3.12  7.15 2404.84   93.86 F2              
  3.12  0.00    0.00    0.00                 
  3.12  0.00    0.00    0.00                 
 13.11 17.58 2527.85   94.90 F2              
 13.11  0.00    0.00    0.00                 
 13.11  0.00    0.00    0.00                 
 10.36 13.87 1895.00   94.00 F2              
 10.36 13.88 3525.37   93.96 F2F2            
 10.36  0.00    0.00    0.00                 
  0.00  0.00    0.00    0.00                 
  0.00 13.88 3525.37   93.96 F2F2            
  0.00  0.00    0.00    0.00                 
  0.00  0.00    0.00    0.00                 
  0.00 13.88 3525.37   93.96 F2F2            
  0.00  0.00    0.00    0.00                 
  0.13  5.39 2740.63   92.18 F2              
  0.13  0.00    0.00    0.00                 
  0.13  0.00    0.00    0.00                 
 10.07 13.50 1889.87   96.84 F2              
 10.07 13.34 3536.57   96.83 F2F2            
 10.07  0.00    0.00    0.00                 
  0.00  0.00    0.00    0.00                 
  0.00 13.34 3536.57   96.83 F2F2            
  0.00  0.00    0.00    0.00                 
 12.02 15.68 1922.18   94.72 F2              
 12.02 15.64 3547.66   94.66 F2F2            
 12.02  0.00    0.00    0.00                 
  0.00  0.00    0.00    0.00                 
  0.00 15.64 3547.66   94.66 F2F2            
  0.00  0.00    0.00    0.00                 
 12.96 17.00 2140.53   95.32 F2              
 12.96 16.71 3826.02   95.25 F2F2            
 12.96  0.00    0.00    0.00                 
  0.00  0.00    0.00    0.00                 
  0.00 16.71 3826.02   95.25 F2F2            
  0.00  0.00    0.00    0.00                 
  0.00  0.00    0.00    0.00                 
  0.00 16.71 3826.02   95.25 F2F2            
  0.00  0.00    0.00    0.00                 
 12.76 16.73 2087.42   92.21 F2              
 12.76 16.67 3761.12   92.09 F2F2            
 12.76  0.00    0.00    0.00                 
  5.64  9.22 2156.20   94.93 F2              
  5.64  8.77 4045.50   94.95 F2F2            
  5.64  0.00    0.00    0.00                 
  0.00  0.00    0.00    0.00                 
  0.00  8.77 4045.50   94.95 F2F2            
  0.00  0.00    0.00    0.00                 
  0.25  5.29 2736.34   94.18 F2              
  0.25  0.00    0.00    0.00                 
  0.25  0.00    0.00    0.00                 
  0.76  5.46 2684.00   95.59 F2              
  0.76  0.00    0.00    0.00                 
  0.76  0.00    0.00    0.00                 
  0.00  0.00    0.00    0.00                 
  0.00  0.00    0.00    0.00                 
  0.00  0.00    0.00    0.00                 
 12.20 15.86 1932.03   94.62 F2              
 12.20 15.80 3562.92   94.54 F2F2            
 12.20  0.00    0.00    0.00                 
 10.48 13.93 1886.92   94.30 F2              
 10.48 13.89 3518.45   94.26 F2F2            
 10.48  0.00    0.00    0.00                 
 11.25 14.72 1878.85   95.69 F2              
 11.25 14.63 3501.75   95.65 F2F2            
 11.25  0.00    0.00    0.00                 
  0.00  0.00    0.00    0.00                 
  0.00 14.63 3501.75   95.65 F2F2            
  0.00  0.00    0.00    0.00                 
  0.00  0.00    0.00    0.00                 
  0.00 14.63 3501.75   95.65 F2F2            
  0.00  0.00    0.00    0.00                 
  5.43  9.00 2173.38   94.93 F2              
  5.43  8.51 4083.72   94.96 F2F2            
  5.43  0.00    0.00    0.00                 
  0.00  0.00    0.00    0.00                 
  0.00  8.51 4083.72   94.96 F2F2            
  0.00  0.00    0.00    0.00                 
 12.63 16.37 1986.35   94.98 F2              
 12.63 16.23 3636.71   94.91 F2F2            
 12.63  0.00    0.00    0.00                 
  6.43  9.91 2089.32   94.41 F2              
  6.43  9.54 3918.31   94.43 F2F2            
  6.43  0.00    0.00    0.00                 
  0.00  0.00    0.00    0.00                 
  0.00  9.54 3918.31   94.43 F2F2            
  0.00  0.00    0.00    0.00                 
  9.25 12.61 1916.30   95.46 F2              
  9.25 12.43 3592.30   95.45 F2F2            
  9.25  0.00    0.00    0.00                 
  0.00  0.00    0.00    0.00                 
  0.00 12.43 3592.30   95.45 F2F2            
  0.00  0.00    0.00    0.00                 
  0.00  0.00    0.00    0.00                 
  0.00 12.43 3592.30   95.45 F2F2            
  0.00  0.00    0.00    0.00                 
  9.96 13.35 1893.78   94.63 F2              
  9.96 13.25 3541.58   94.60 F2F2            
  9.96  0.00    0.00    0.00                 
  0.00  0.00    0.00    0.00                 
  0.00 13.25 3541.58   94.60 F2F2            
  0.00  0.00    0.00    0.00                 
  0.00  0.00    0.00    0.00                 
  0.00 13.25 3541.58   94.60 F2F2            
  0.00  0.00    0.00    0.00                 
  0.00  0.00    0.00    0.00                 
  0.00 13.25 3541.58   94.60 F2F2            
  0.00  0.00    0.00    0.00                 
 13.14 17.13 2184.83   95.72 F2              
 13.14 16.74 3886.90   95.65 F2F2            
 13.14  0.00    0.00    0.00                 
  9.23 12.58 1916.36   95.16 F2              
  9.23 12.40 3593.38   95.15 F2F2            
  9.23  0.00    0.00    0.00                 
  0.00  0.00    0.00    0.00                 
  0.00 12.40 3593.38   95.15 F2F2            
  0.00  0.00    0.00    0.00                 
  0.00  0.00    0.00    0.00                 
  0.00 12.40 3593.38   95.15 F2F2            
  0.00  0.00    0.00    0.00                 
  0.00  0.00    0.00    0.00                 
  0.00 12.40 3593.38   95.15 F2F2            
  0.00  0.00    0.00    0.00                 
  0.00  0.00    0.00    0.00                 
  0.00 12.40 3593.38   95.15 F2F2            
  0.00  0.00    0.00    0.00                 
  6.17  9.57 2106.63   96.13 F2              
  6.17  9.07 3979.27   96.16 F2F2            
  6.17  0.00    0.00    0.00                 
  3.23  7.07 2386.68   93.86 F2              
  3.23  0.00    0.00    0.00                 
  3.23  0.00    0.00    0.00                 
  0.00  0.00    0.00    0.00                 
  0.00  0.00    0.00    0.00                 
  0.00  0.00    0.00    0.00                 
  0.00  0.00    0.00    0.00                 
  0.00  0.00    0.00    0.00                 
  0.00  0.00    0.00    0.00                 
  7.92 11.26 1982.33   95.09 F2              
  7.92 10.97 3725.67   95.10 F2F2            
  7.92  0.00    0.00    0.00                 
  0.00  0.00    0.00    0.00                 
  0.00 10.97 3725.67   95.10 F2F2            
  0.00  0.00    0.00    0.00                 
  7.34 10.74 2021.93   93.49 F2              
  7.34 10.48 3788.64   93.49 F2F2            
  7.34  0.00    0.00    0.00                 
  0.00  0.00    0.00    0.00                 
  0.00 10.48 3788.64   93.49 F2F2            
  0.00  0.00    0.00    0.00                 
  0.00  0.00    0.00    0.00                 
  0.00 10.48 3788.64   93.49 F2F2            
  0.00  0.00    0.00    0.00                 
  0.16  5.28 2723.71   90.97 F2              
  0.16  0.00    0.00    0.00                 
  0.16  0.00    0.00    0.00                 
  0.00  0.00    0.00    0.00                 
  0.00  0.00    0.00    0.00                 
  0.00  0.00    0.00    0.00                 
  0.00  0.00    0.00    0.00                 
  0.00  0.00    0.00    0.00                 
  0.00  0.00    0.00    0.00                 
  0.00  0.00    0.00    0.00                 
  0.00  0.00    0.00    0.00                 
  0.00  0.00    0.00    0.00                 
  0.00  0.00    0.00    0.00                 
  0.00  0.00    0.00    0.00                 
  0.00  0.00    0.00    0.00                 
 11.22 14.59 1870.61   95.09 F2              
 11.22 14.49 3496.86   95.05 F2F2            
 11.22  0.00    0.00    0.00                 
  0.00  0.00    0.00    0.00                 
  0.00 14.49 3496.86   95.05 F2F2            
  0.00  0.00    0.00    0.00                 
  0.00  0.00    0.00    0.00                 
  0.00 14.49 3496.86   95.05 F2F2            
  0.00  0.00    0.00    0.00                 
 10.85 14.20 1872.47   94.50 F2              
 10.85 14.12 3502.70   94.46 F2F2            
 10.85  0.00    0.00    0.00                 
  0.10  5.00 2753.88   95.29 F2              
  0.10  0.00    0.00    0.00                 
  0.10  0.00    0.00    0.00                 
  7.49 10.82 2007.62   94.80 F2              
  7.49 10.48 3778.25   94.81 F2F2            
  7.49  0.00    0.00    0.00                 
  9.63 12.95 1901.93   93.33 F2              
  9.63 12.86 3561.14   93.30 F2F2            
  9.63  0.00    0.00    0.00                 
  0.00  0.00    0.00    0.00                 
  0.00 12.86 3561.14   93.30 F2F2            
  0.00  0.00    0.00    0.00                 
  0.00  0.00    0.00    0.00                 
  0.00 12.86 3561.14   93.30 F2F2            
  0.00  0.00    0.00    0.00                 
 12.01 15.45 1892.20   94.45 F2              
 12.01 15.36 3520.71   94.39 F2F2            
 12.01  0.00    0.00    0.00                 
  0.00  0.00    0.00    0.00                 
  0.00 15.36 3520.71   94.39 F2F2            
  0.00  0.00    0.00    0.00                 
  0.00  0.00    0.00    0.00                 
  0.00 15.36 3520.71   94.39 F2F2            
  0.00  0.00    0.00    0.00                 
  8.54 11.82 1945.29   94.07 F2              
  8.54 11.60 3654.71   94.07 F2F2            
  8.54  0.00    0.00    0.00                 
  0.00  0.00    0.00    0.00                 
  0.00 11.60 3654.71   94.07 F2F2            
  0.00  0.00    0.00    0.00                 
  0.00  0.00    0.00    0.00                 
  0.00 11.60 3654.71   94.07 F2F2            
  0.00  0.00    0.00    0.00                 
  0.00  0.00    0.00    0.00                 
  0.00 11.60 3654.71   94.07 F2F2            
  0.00  0.00    0.00    0.00                 
  0.00  0.00    0.00    0.00                 
  0.00 11.60 3654.71   94.07 F2F2            
  0.00  0.00    0.00    0.00                 
  0.00  0.00    0.00    0.00                 
  0.00 11.60 3654.71   94.07 F2F2            
  0.00  0.00    0.00    0.00                 
 12.90 16.52 1999.70   94.27 F2              
 12.90 16.32 3666.89   94.20 F2F2            
 12.90  0.00    0.00    0.00                 
  7.25 10.53 2020.74   94.81 F2              
  7.25 10.15 3811.76   94.83 F2F2            
  7.25  0.00    0.00    0.00                 
  0.00  0.00    0.00    0.00                 
  0.00 10.15 3811.76   94.83 F2F2            
  0.00  0.00    0.00    0.00                 
  0.00  0.00    0.00    0.00                 
  0.00 10.15 3811.76   94.83 F2F2            
  0.00  0.00    0.00    0.00                 
  0.00  0.00    0.00    0.00                 
  0.00 10.15 3811.76   94.83 F2F2            
  0.00  0.00    0.00    0.00                 
  0.00  0.00    0.00    0.00                 
  0.00 10.15 3811.76   94.83 F2F2            
  0.00  0.00    0.00    0.00                 
  0.00  0.00    0.00    0.00                 
  0.00 10.15 3811.76   94.83 F2F2            
  0.00  0.00    0.00    0.00                 
  9.39 12.61 1900.54   95.26 F2              
  9.39 12.37 3580.28   95.26 F2F2            
  9.39  0.00    0.00    0.00                 
  0.00  0.00    0.00    0.00                 
  0.00 12.37 3580.28   95.26 F2F2            
  0.00  0.00    0.00    0.00                 
  0.00  0.00    0.00    0.00                 
  0.00 12.37 3580.28   95.26 F2F2            
  0.00  0.00    0.00    0.00                 
  0.00  0.00    0.00    0.00                 
  0.00 12.37 3580.28   95.26 F2F2            
  0.00  0.00    0.00    0.00                 
  0.00  0.00    0.00    0.00                 
  0.00 12.37 3580.28   95.26 F2F2            
  0.00  0.00    0.00    0.00                 
  0.00  0.00    0.00    0.00                 
  0.00 12.37 3580.28   95.26 F2F2            
  0.00  0.00    0.00    0.00                 
  9.34 12.54 1900.77   95.47 F2              
  9.34 12.28 3584.65   95.47 F2F2            
  9.34  0.00    0.00    0.00                 
  0.00  0.00    0.00    0.00                 
  0.00 12.28 3584.65   95.47 F2F2            
  0.00  0.00    0.00    0.00                 
  0.00  0.00    0.00    0.00                 
  0.00 12.28 3584.65   95.47 F2F2            
  0.00  0.00    0.00    0.00                 
  0.00  0.00    0.00    0.00                 
  0.00 12.28 3584.65   95.47 F2F2            
  0.00  0.00    0.00    0.00                 
 12.83 16.41 1998.59   91.35 F2              
 12.83 16.35 3667.79   91.22 F2F2            
 12.83  0.00    0.00    0.00                 
  0.00  0.00    0.00    0.00                 
  0.00 16.35 3667.79   91.22 F2F2            
  0.00  0.00    0.00    0.00                 
  0.43  5.12 2696.89   93.48 F2              
  0.43  0.00    0.00    0.00                 
  0.43  0.00    0.00    0.00                 
  0.00  0.00    0.00    0.00                 
  0.00  0.00    0.00    0.00                 
  0.00  0.00    0.00    0.00                 
 11.56 14.81 1856.03   96.10 F2              
 11.56 14.61 3486.28   96.07 F2F2            
 11.56  0.00    0.00    0.00                 
  0.00  0.00    0.00    0.00                 
  0.00 14.61 3486.28   96.07 F2F2            
  0.00  0.00    0.00    0.00                 
 11.21 14.44 1855.56   95.41 F2              
 11.21 14.26 3487.80   95.38 F2F2            
 11.21  0.00    0.00    0.00                 
  0.30  5.00 2717.39   94.49 F2              
  0.30  0.00    0.00    0.00                 
  0.30  0.00    0.00    0.00                 
  0.00  0.00    0.00    0.00                 
  0.00  0.00    0.00    0.00                 
  0.00  0.00    0.00    0.00                 
 13.04 16.57 1992.21   95.59 F2              
 13.04 16.27 3664.79   95.54 F2F2            
 13.04  0.00    0.00    0.00                 
 13.01 16.57 2004.16   93.97 F2              
 13.01 16.35 3679.08   93.89 F2F2            
 13.01  0.00    0.00    0.00                 
  0.00  0.00    0.00    0.00                 
  0.00 16.35 3679.08   93.89 F2F2            
  0.00  0.00    0.00    0.00                 
 13.04 16.63 2023.29   93.05 F2              
 13.04 16.44 3704.29   92.96 F2F2            
 13.04  0.00    0.00    0.00                 
  8.21 11.39 1954.52   95.30 F2              
  8.21 11.03 3695.97   95.31 F2F2            
  8.21  0.00    0.00    0.00                 
  0.00  0.00    0.00    0.00                 
  0.00 11.03 3695.97   95.31 F2F2            
  0.00  0.00    0.00    0.00                 
  9.84 13.01 1879.56   95.05 F2              
  9.84 12.77 3545.39   95.05 F2F2            
  9.84  0.00    0.00    0.00                 
  0.00  0.00    0.00    0.00                 
  0.00 12.77 3545.39   95.05 F2F2            
  0.00  0.00    0.00    0.00                 
  0.00  0.00    0.00    0.00                 
  0.00 12.77 3545.39   95.05 F2F2            
  0.00  0.00    0.00    0.00                 
  0.00  0.00    0.00    0.00                 
  0.00 12.77 3545.39   95.05 F2F2            
  0.00  0.00    0.00    0.00                 
 10.12 13.28 1870.28   94.94 F2              
 10.12 13.07 3527.13   94.93 F2F2            
 10.12  0.00    0.00    0.00                 
 11.34 14.55 1853.37   94.90 F2              
 11.34 14.38 3485.08   94.87 F2F2            
 11.34  0.00    0.00    0.00                 
  0.00  0.00    0.00    0.00                 
  0.00 14.38 3485.08   94.87 F2F2            
  0.00  0.00    0.00    0.00                 
  0.00  0.00    0.00    0.00                 
  0.00 14.38 3485.08   94.87 F2F2            
  0.00  0.00    0.00    0.00                 
  0.00  0.00    0.00    0.00                 
  0.00 14.38 3485.08   94.87 F2F2            
  0.00  0.00    0.00    0.00                 
  0.00  0.00    0.00    0.00                 
  0.00 14.38 3485.08   94.87 F2F2            
  0.00  0.00    0.00    0.00                 
  0.00  0.00    0.00    0.00                 
  0.00 14.38 3485.08   94.87 F2F2            
  0.00  0.00    0.00    0.00                 
  0.00  0.00    0.00    0.00                 
  0.00 14.38 3485.08   94.87 F2F2            
  0.00  0.00    0.00    0.00                 
  0.00  0.00    0.00    0.00                 
  0.00 14.38 3485.08   94.87 F2F2            
  0.00  0.00    0.00    0.00                 
  0.00  0.00    0.00    0.00                 
  0.00 14.38 3485.08   94.87 F2F2            
  0.00  0.00    0.00    0.00                 
 12.82 16.20 1929.60   95.32 F2              
 12.82 15.94 3585.51   95.27 F2F2            
 12.82  0.00    0.00    0.00                 
  0.00  0.00    0.00    0.00                 
  0.00 15.94 3585.51   95.27 F2F2            
  0.00  0.00    0.00    0.00                 
  0.00  0.00    0.00    0.00                 
  0.00 15.94 3585.51   95.27 F2F2            
  0.00  0.00    0.00    0.00                 
 13.26 16.79 2038.50   95.17 F2              
 13.26 16.43 3731.82   95.11 F2F2            
 13.26  0.00    0.00    0.00                 
  0.00  0.00    0.00    0.00                 
  0.00 16.43 3731.82   95.11 F2F2            
  0.00  0.00    0.00    0.00                 
 12.48 15.77 1886.31   95.55 F2              
 12.48 15.53 3527.75   95.51 F2F2            
 12.48  0.00    0.00    0.00                 
  0.00  0.00    0.00    0.00                 
  0.00 15.53 3527.75   95.51 F2F2            
  0.00  0.00    0.00    0.00                 
 13.00 16.40 1953.19   95.61 F2              
 13.00 16.09 3619.79   95.56 F2F2            
 13.00  0.00    0.00    0.00                 
  0.00  0.00    0.00    0.00                 
  0.00 16.09 3619.79   95.56 F2F2            
  0.00  0.00    0.00    0.00                 
  0.00  0.00    0.00    0.00                 
  0.00 16.09 3619.79   95.56 F2F2            
  0.00  0.00    0.00    0.00                 
  0.00  0.00    0.00    0.00                 
  0.00 16.09 3619.79   95.56 F2F2            
  0.00  0.00    0.00    0.00                 
  8.26 11.39 1948.54   94.39 F2              
  8.26 11.05 3686.61   94.40 F2F2            
  8.26  0.00    0.00    0.00                 
 12.28 15.53 1873.19   94.66 F2              
 12.28 15.33 3510.13   94.61 F2F2            
 12.28  0.00    0.00    0.00                 
  1.57  5.53 2563.62   95.18 F2              
  1.57  0.00    0.00    0.00                 
  1.57  0.00    0.00    0.00                 
  0.00  0.00    0.00    0.00                 
  0.00  0.00    0.00    0.00                 
  0.00  0.00    0.00    0.00                 
  5.55  8.76 2144.72   96.15 F2              
  5.55  8.07 4099.69   96.19 F2F2            
  5.55  0.00    0.00    0.00                 
  0.00  0.00    0.00    0.00                 
  0.00  8.07 4099.69   96.19 F2F2            
  0.00  0.00    0.00    0.00                 
 12.43 15.71 1891.67   92.83 F2              
 12.43 15.59 3533.75   92.75 F2F2            
 12.43  0.00    0.00    0.00                 
 10.88 13.99 1847.05   94.93 F2              
 10.88 13.77 3488.75   94.91 F2F2            
 10.88  0.00    0.00    0.00                 
  0.00  0.00    0.00    0.00                 
  0.00 13.77 3488.75   94.91 F2F2            
  0.00  0.00    0.00    0.00                 
 12.35 15.59 1878.86   93.54 F2              
 12.35 15.44 3518.12   93.48 F2F2            
 12.35  0.00    0.00    0.00                 
  0.00  0.00    0.00    0.00                 
  0.00 15.44 3518.12   93.48 F2F2            
  0.00  0.00    0.00    0.00                 
  0.00  0.00    0.00    0.00                 
  0.00 15.44 3518.12   93.48 F2F2            
  0.00  0.00    0.00    0.00                 
  0.00  0.00    0.00    0.00                 
  0.00 15.44 3518.12   93.48 F2F2            
  0.00  0.00    0.00    0.00                 
  0.00  0.00    0.00    0.00                 
  0.00 15.44 3518.12   93.48 F2F2            
  0.00  0.00    0.00    0.00                 
  0.00  0.00    0.00    0.00                 
  0.00 15.44 3518.12   93.48 F2F2            
  0.00  0.00    0.00    0.00                 
  0.00  0.00    0.00    0.00                 
  0.00 15.44 3518.12   93.48 F2F2            
  0.00  0.00    0.00    0.00                 
  0.00  0.00    0.00    0.00                 
  0.00 15.44 3518.12   93.48 F2F2            
  0.00  0.00    0.00    0.00                 
  0.00  0.00    0.00    0.00                 
  0.00 15.44 3518.12   93.48 F2F2            
  0.00  0.00    0.00    0.00                 
  0.00  0.00    0.00    0.00                 
  0.00 15.44 3518.12   93.48 F2F2            
  0.00  0.00    0.00    0.00                 
  0.00  0.00    0.00    0.00                 
  0.00 15.44 3518.12   93.48 F2F2            
  0.00  0.00    0.00    0.00                 
  0.00  0.00    0.00    0.00                 
  0.00 15.44 3518.12   93.48 F2F2            
  0.00  0.00    0.00    0.00                 
  0.00  0.00    0.00    0.00                 
  0.00 15.44 3518.12   93.48 F2F2            
  0.00  0.00    0.00    0.00                 
 13.29 16.69 2007.00   94.17 F2              
 13.29 16.36 3700.15   94.10 F2F2            
 13.29  0.00    0.00    0.00                 
 11.98 15.10 1844.94   95.49 F2              
 11.98 14.84 3480.31   95.46 F2F2            
 11.98  0.00    0.00    0.00                 
  0.00  0.00    0.00    0.00                 
  0.00 14.84 3480.31   95.46 F2F2            
  0.00  0.00    0.00    0.00                 
 10.56 13.60 1845.86   95.24 F2              
 10.56 13.31 3498.71   95.24 F2F2            
 10.56  0.00    0.00    0.00                 
  0.00  0.00    0.00    0.00                 
  0.00 13.31 3498.71   95.24 F2F2            
  0.00  0.00    0.00    0.00                 
  0.00  0.00    0.00    0.00                 
  0.00 13.31 3498.71   95.24 F2F2            
  0.00  0.00    0.00    0.00                 
  0.00  0.00    0.00    0.00                 
  0.00 13.31 3498.71   95.24 F2F2            
  0.00  0.00    0.00    0.00                 
  0.00  0.00    0.00    0.00                 
  0.00 13.31 3498.71   95.24 F2F2            
  0.00  0.00    0.00    0.00                 
  0.00  0.00    0.00    0.00                 
  0.00 13.31 3498.71   95.24 F2F2            
  0.00  0.00    0.00    0.00                 
 13.26 16.65 2018.22   91.14 F2              
 13.26 16.46 3718.46   91.02 F2F2            
 13.26  0.00    0.00    0.00                 
  0.00  0.00    0.00    0.00                 
  0.00 16.46 3718.46   91.02 F2F2            
  0.00  0.00    0.00    0.00                 
  0.00  0.00    0.00    0.00                 
  0.00 16.46 3718.46   91.02 F2F2            
  0.00  0.00    0.00    0.00                 
  0.00  0.00    0.00    0.00                 
  0.00 16.46 3718.46   91.02 F2F2            
  0.00  0.00    0.00    0.00                 
