 12.33 13.45 1214.12   94.22 F2              
 12.33 12.68 2422.52   94.26 F2F2            
 12.33 11.72 3828.04   94.32 F2F2F2          
 18.24 19.56 1031.45   94.01 F2              
 18.24 19.02 2038.56   94.06 F2F2            
 18.24 17.79 3133.86   94.17 F2F2F2          
 13.99 15.19 1161.91   93.81 F2              
 13.99 14.44 2307.24   93.86 F2F2            
 13.99 13.34 3607.37   93.94 F2F2F2          
 22.67 24.07  930.19   95.70 F2              
 22.67 23.70 1834.59   95.77 F2F2            
 22.67 22.44 2796.55   95.93 F2F2F2          
 23.15 24.54  921.21   96.50 F2              
 23.15 24.16 1817.67   96.58 F2F2            
 23.15 22.89 2771.17   96.75 F2F2F2          
 18.20 19.50 1032.36   93.91 F2              
 18.20 18.95 2041.43   93.96 F2F2            
 18.20 17.72 3139.58   94.07 F2F2F2          
 16.37 17.63 1085.03   91.60 F2              
 16.37 17.06 2145.06   91.63 F2F2            
 16.37 15.85 3310.27   91.70 F2F2F2          
 24.30 25.71  901.46   96.80 F2              
 24.30 25.36 1777.99   96.88 F2F2            
 24.30 24.08 2706.46   97.06 F2F2F2          
 22.53 23.92  932.81   93.48 F2              
 22.53 23.60 1837.92   93.52 F2F2            
 22.53 22.38 2796.74   93.65 F2F2F2          
 10.26 11.21 1300.58   93.50 F2              
 10.26 10.46 2624.29   93.53 F2F2            
 10.26  9.75 4194.52   93.55 F2F2F2          
 22.03 23.40  942.42   94.59 F2              
 22.03 23.01 1859.22   94.65 F2F2            
 22.03 21.77 2835.57   94.79 F2F2F2          
  7.86  8.63 1462.76   93.09 F2              
  7.86  7.90 3003.60   93.09 F2F2            
  7.86  0.00    0.00    0.00                 
 11.45 12.48 1245.91   93.81 F2              
 11.45 11.70 2498.86   93.84 F2F2            
 11.45 10.84 3971.58   93.88 F2F2F2          
 19.74 21.05  992.83   94.60 F2              
 19.74 20.55 1962.55   94.66 F2F2            
 19.74 19.30 3009.08   94.79 F2F2F2          
 12.36 13.43 1211.90   92.50 F2              
 12.36 12.69 2417.07   92.53 F2F2            
 12.36 11.67 3816.90   92.58 F2F2F2          
 17.12 18.37 1062.40   93.51 F2              
 17.12 17.76 2104.43   93.55 F2F2            
 17.12 16.54 3247.91   93.65 F2F2F2          
  9.03  9.86 1374.27   94.50 F2              
  9.03  9.12 2806.04   94.51 F2F2            
  9.03  0.00    0.00    0.00                 
 14.61 15.78 1140.91   94.41 F2              
 14.61 15.02 2268.73   94.46 F2F2            
 14.61 13.90 3542.34   94.54 F2F2F2          
 19.53 20.82  997.77   94.00 F2              
 19.53 20.32 1972.75   94.05 F2F2            
 19.53 19.07 3025.43   94.17 F2F2F2          
 15.13 16.31 1123.70   94.01 F2              
 15.13 15.57 2233.26   94.06 F2F2            
 15.13 14.42 3477.86   94.14 F2F2F2          
 10.85 11.81 1271.50   94.00 F2              
 10.85 11.03 2563.44   94.03 F2F2            
 10.85 10.26 4090.24   94.06 F2F2F2          
 17.56 18.80 1049.57   92.90 F2              
 17.56 18.22 2078.37   92.94 F2F2            
 17.56 16.99 3202.54   93.03 F2F2F2          
  8.17  8.95 1440.73   93.89 F2              
  8.17  8.21 2957.19   93.89 F2F2            
  8.17  0.00    0.00    0.00                 
 17.37 18.59 1054.97   94.31 F2              
 17.37 17.95 2092.79   94.36 F2F2            
 17.37 16.73 3232.46   94.47 F2F2F2          
 10.29 11.20 1297.46   94.70 F2              
 10.29 10.41 2631.60   94.73 F2F2            
 10.29  9.79 4212.34   94.75 F2F2F2          
 14.47 15.61 1144.85   93.10 F2              
 14.47 14.86 2277.20   93.14 F2F2            
 14.47 13.73 3555.55   93.21 F2F2F2          
 15.12 16.27 1123.62   93.70 F2              
 15.12 15.52 2234.91   93.75 F2F2            
 15.12 14.37 3481.81   93.82 F2F2F2          
 14.29 15.41 1150.58   93.50 F2              
 14.29 14.63 2291.28   93.54 F2F2            
 14.29 13.52 3583.70   93.61 F2F2F2          
 18.42 19.65 1025.57   93.00 F2              
 18.42 19.08 2031.23   93.04 F2F2            
 18.42 17.85 3124.55   93.13 F2F2F2          
 26.69 28.09  867.50   92.44 F2              
 26.69 27.88 1707.95   92.45 F2F2            
 26.69 26.70 2584.29   92.57 F2F2F2          
 11.41 12.36 1245.55   92.79 F2              
 11.41 11.58 2504.57   92.81 F2F2            
 11.41 10.69 3986.40   92.85 F2F2F2          
 21.42 22.70  954.08   93.29 F2              
 21.42 22.26 1885.66   93.33 F2F2            
 21.42 21.02 2880.60   93.44 F2F2F2          
  3.90  4.34 1956.81   93.06 F2              
  3.90  3.67 4196.76   93.01 F2F2            
  3.90  0.00    0.00    0.00                 
 15.09 16.21 1124.28   94.20 F2              
 15.09 15.43 2239.88   94.25 F2F2            
 15.09 14.29 3494.55   94.33 F2F2F2          
 12.12 13.11 1217.73   93.59 F2              
 12.12 12.30 2444.76   93.63 F2F2            
 12.12 11.37 3878.47   93.67 F2F2F2          
 18.45 19.65 1024.60   94.91 F2              
 18.45 19.01 2034.20   94.97 F2F2            
 18.45 17.77 3137.29   95.08 F2F2F2          
 12.94 13.97 1191.07   93.80 F2              
 12.94 13.15 2385.39   93.83 F2F2            
 12.94 12.15 3766.10   93.89 F2F2F2          
  2.35  3.00 2232.97   96.06 F2              
  2.35  0.00    0.00    0.00                 
  2.35 12.15 3766.10   93.89 F2F2F2          
 15.55 16.67 1109.08   92.49 F2              
 15.55 15.95 2206.20   92.52 F2F2            
 15.55 14.77 3429.86   92.59 F2F2F2          
 17.34 18.50 1054.92   91.08 F2              
 17.34 17.92 2091.53   91.10 F2F2            
 17.34 16.69 3224.94   91.16 F2F2F2          
  9.20  9.95 1361.41   93.38 F2              
  9.20  9.17 2786.32   93.39 F2F2            
  9.20  0.00    0.00    0.00                 
  0.45  1.61 2573.35   91.76 F2              
  0.45  0.00    0.00    0.00                 
  0.45  0.00    0.00    0.00                 
 23.62 24.92  911.69   91.15 F2              
 23.62 24.60 1798.66   91.16 F2F2            
 23.62 23.40 2733.18   91.25 F2F2F2          
  8.17  8.87 1436.49   93.78 F2              
  8.17  8.10 2966.60   93.78 F2F2            
  8.17  0.00    0.00    0.00                 
 16.02 17.13 1094.29   93.29 F2              
 16.02 16.40 2178.40   93.33 F2F2            
 16.02 15.21 3384.41   93.41 F2F2F2          
  7.33  7.82 1493.58   92.88 F2              
  7.33  7.06 3134.00   92.86 F2F2            
  7.33  0.00    0.00    0.00                 
 11.08 11.97 1258.24   94.19 F2              
 11.08 11.15 2547.76   94.22 F2F2            
 11.08 10.39 4070.39   94.24 F2F2F2          
  9.99 10.76 1309.38   92.38 F2              
  9.99  9.96 2667.88   92.38 F2F2            
  9.99  0.00    0.00    0.00                 
 19.64 20.82  993.80   94.50 F2              
 19.64 20.22 1972.64   94.56 F2F2            
 19.64 18.96 3034.07   94.67 F2F2F2          
 24.60 25.87  894.77   94.28 F2              
 24.60 25.49 1768.77   94.33 F2F2            
 24.60 24.23 2692.53   94.47 F2F2F2          
 10.79 11.62 1270.19   92.58 F2              
 10.79 10.81 2574.53   92.59 F2F2            
 10.79 10.02 4120.10   92.61 F2F2F2          
 14.82 15.86 1131.89   93.39 F2              
 14.82 15.06 2260.52   93.42 F2F2            
 14.82 13.93 3534.34   93.49 F2F2F2          
 18.25 19.38 1029.10   93.19 F2              
 18.25 18.73 2045.30   93.23 F2F2            
 18.25 17.50 3155.49   93.32 F2F2F2          
 12.20 13.11 1212.30   92.37 F2              
 12.20 12.29 2439.74   92.39 F2F2            
 12.20 11.32 3874.06   92.42 F2F2F2          
 16.06 17.12 1092.34   92.88 F2              
 16.06 16.37 2177.78   92.92 F2F2            
 16.06 15.18 3385.84   92.99 F2F2F2          
 15.05 16.08 1124.14   93.38 F2              
 15.05 15.27 2246.21   93.42 F2F2            
 15.05 14.13 3510.12   93.48 F2F2F2          
 27.30 28.59  860.18   86.88 F2              
 27.30 28.42 1693.94   86.79 F2F2            
 27.30 27.31 2557.98   86.79 F2F2F2          
 10.03 10.77 1305.09   93.48 F2              
 10.03  9.94 2672.16   93.49 F2F2            
 10.03  0.00    0.00    0.00                 
 17.68 18.77 1044.55   93.09 F2              
 17.68 18.08 2079.06   93.12 F2F2            
 17.68 16.86 3214.77   93.21 F2F2F2          
 14.23 15.23 1150.04   93.18 F2              
 14.23 14.39 2302.38   93.21 F2F2            
 14.23 13.29 3613.05   93.26 F2F2F2          
 22.34 23.52  933.97   92.78 F2              
 22.34 23.05 1850.17   92.81 F2F2            
 22.34 21.80 2826.92   92.91 F2F2F2          
 14.24 15.23 1149.93   95.09 F2              
 14.24 14.34 2306.89   95.13 F2F2            
 14.24 13.30 3627.19   95.20 F2F2F2          
 21.97 23.14  941.26   94.29 F2              
 21.97 22.61 1867.09   94.34 F2F2            
 21.97 21.34 2859.10   94.47 F2F2F2          
 17.95 19.02 1036.88   93.79 F2              
 17.95 18.31 2065.87   93.84 F2F2            
 17.95 17.08 3195.74   93.93 F2F2F2          
 15.73 16.75 1101.92   92.48 F2              
 15.73 15.96 2200.62   92.50 F2F2            
 15.73 14.79 3428.20   92.56 F2F2F2          
 11.09 11.89 1254.41   93.37 F2              
 11.09 11.04 2550.96   93.39 F2F2            
 11.09 10.27 4084.26   93.40 F2F2F2          
 10.01 10.70 1305.37   92.47 F2              
 10.01  9.87 2675.47   92.47 F2F2            
 10.01  0.00    0.00    0.00                 
 17.43 18.47 1051.06   92.68 F2              
 17.43 17.75 2095.39   92.71 F2F2            
 17.43 16.53 3245.07   92.78 F2F2F2          
  7.06  7.43 1517.68   93.77 F2              
  7.06  6.65 3224.18   93.75 F2F2            
  7.06  0.00    0.00    0.00                 
 13.54 14.47 1169.62   93.37 F2              
 13.54 13.58 2351.84   93.39 F2F2            
 13.54 12.55 3711.40   93.44 F2F2F2          
 15.13 16.10 1120.64   93.68 F2              
 15.13 15.24 2245.13   93.71 F2F2            
 15.13 14.12 3513.81   93.77 F2F2F2          
 17.21 18.23 1057.51   93.79 F2              
 17.21 17.46 2111.68   93.83 F2F2            
 17.21 16.25 3277.24   93.91 F2F2F2          
 13.34 14.25 1174.79   93.37 F2              
 13.34 13.36 2365.54   93.39 F2F2            
 13.34 12.35 3739.12   93.43 F2F2F2          
 13.14 14.04 1180.15   94.07 F2              
 13.14 13.13 2381.22   94.10 F2F2            
 13.14 12.16 3771.69   94.14 F2F2F2          
 15.90 16.88 1096.01   92.27 F2              
 15.90 16.09 2191.31   92.29 F2F2            
 15.90 14.90 3414.15   92.34 F2F2F2          
 16.81 17.81 1068.92   93.48 F2              
 16.81 17.01 2136.55   93.52 F2F2            
 16.81 15.81 3321.09   93.59 F2F2F2          
 14.47 15.41 1141.02   93.07 F2              
 14.47 14.54 2289.81   93.09 F2F2            
 14.47 13.44 3594.96   93.14 F2F2F2          
 15.96 16.93 1094.23   93.07 F2              
 15.96 16.11 2189.88   93.10 F2F2            
 15.96 14.94 3414.68   93.16 F2F2F2          
 14.75 15.69 1132.09   93.17 F2              
 14.75 14.82 2271.17   93.19 F2F2            
 14.75 13.71 3561.46   93.25 F2F2F2          
 18.54 19.57 1020.04   93.08 F2              
 18.54 18.86 2033.80   93.12 F2F2            
 18.54 17.62 3142.93   93.20 F2F2F2          
  9.61 10.26 1331.04   94.07 F2              
  9.61  9.41 2747.21   94.07 F2F2            
  9.61  0.00    0.00    0.00                 
 15.87 16.83 1096.91   93.27 F2              
 15.87 15.99 2196.88   93.30 F2F2            
 15.87 14.83 3428.57   93.36 F2F2F2          
 11.06 11.81 1252.88   93.67 F2              
 11.06 10.93 2559.25   93.68 F2F2            
 11.06 10.20 4105.06   93.69 F2F2F2          
 18.35 19.36 1024.89   92.58 F2              
 18.35 18.65 2043.99   92.60 F2F2            
 18.35 17.41 3159.81   92.68 F2F2F2          
 11.97 12.77 1216.53   93.06 F2              
 11.97 11.88 2469.30   93.07 F2F2            
 11.97 11.00 3941.19   93.09 F2F2F2          
  7.15  7.49 1506.79   93.97 F2              
  7.15  6.70 3211.94   93.95 F2F2            
  7.15  0.00    0.00    0.00                 
 19.08 20.09 1006.33   96.21 F2              
 19.08 19.30 2011.34   96.28 F2F2            
 19.08 18.06 3114.63   96.40 F2F2F2          
 13.69 14.58 1164.52   97.20 F2              
 13.69 13.58 2356.75   97.24 F2F2            
 13.69 12.71 3731.68   97.30 F2F2F2          
 14.67 15.59 1134.29   93.97 F2              
 14.67 14.67 2280.26   94.00 F2F2            
 14.67 13.59 3582.47   94.05 F2F2F2          
 17.31 18.29 1054.00   93.58 F2              
 17.31 17.49 2107.78   93.62 F2F2            
 17.31 16.28 3273.47   93.70 F2F2F2          
 15.47 16.40 1108.96   93.27 F2              
 15.47 15.52 2224.67   93.29 F2F2            
 15.47 14.38 3480.16   93.35 F2F2F2          
 17.16 18.13 1058.56   94.39 F2              
 17.16 17.29 2119.19   94.43 F2F2            
 17.16 16.10 3295.92   94.51 F2F2F2          
  0.80  1.64 2534.14   92.46 F2              
  0.80  0.00    0.00    0.00                 
  0.80 16.10 3295.92   94.51 F2F2F2          
  1.77  2.34 2354.08   93.06 F2              
  1.77  0.00    0.00    0.00                 
  1.77 16.10 3295.92   94.51 F2F2F2          
 15.06 15.97 1121.89   94.27 F2              
 15.06 15.05 2255.40   94.30 F2F2            
 15.06 13.96 3539.15   94.36 F2F2F2          
 13.49 14.34 1168.35   92.95 F2              
 13.49 13.42 2358.34   92.96 F2F2            
 13.49 12.40 3730.29   93.00 F2F2F2          
  8.56  9.08 1393.86   93.97 F2              
  8.56  8.24 2918.47   93.97 F2F2            
  8.56  0.00    0.00    0.00                 
 12.42 13.22 1198.95   93.56 F2              
 12.42 12.29 2435.50   93.57 F2F2            
 12.42 11.39 3882.27   93.60 F2F2F2          
  7.17  7.48 1503.91   92.97 F2              
  7.17  6.66 3207.67   92.95 F2F2            
  7.17  0.00    0.00    0.00                 
  9.35  9.96 1351.50   93.56 F2              
  9.35  9.08 2796.23   93.56 F2F2            
  9.35  0.00    0.00    0.00                 
 18.31 19.27 1025.60   93.48 F2              
 18.31 18.50 2050.16   93.52 F2F2            
 18.31 17.26 3176.07   93.60 F2F2F2          
 11.75 12.50 1222.94   94.06 F2              
 11.75 11.57 2496.21   94.07 F2F2            
 11.75 10.78 3996.05   94.09 F2F2F2          
 16.55 17.47 1075.71   93.67 F2              
 16.55 16.61 2157.25   93.70 F2F2            
 16.55 15.43 3363.42   93.77 F2F2F2          
 11.20 11.91 1244.00   93.96 F2              
 11.20 10.99 2549.99   93.97 F2F2            
 11.20 10.28 4094.49   93.98 F2F2F2          
  0.11  1.36 2650.97   93.96 F2              
  0.11  0.00    0.00    0.00                 
  0.11 10.28 4094.49   93.98 F2F2F2          
 15.13 16.01 1118.63   92.96 F2              
 15.13 15.10 2249.49   92.97 F2F2            
 15.13 13.98 3527.81   93.02 F2F2F2          
  8.63  9.12 1386.06   93.47 F2              
  8.63  8.26 2906.61   93.46 F2F2            
  8.63  0.00    0.00    0.00                 
 16.38 17.28 1080.18   92.96 F2              
 16.38 16.41 2167.56   92.98 F2F2            
 16.38 15.23 3381.58   93.04 F2F2F2          
 14.68 15.53 1132.31   92.65 F2              
 14.68 14.60 2280.79   92.65 F2F2            
 14.68 13.50 3585.57   92.70 F2F2F2          
 11.22 11.89 1242.47   92.44 F2              
 11.22 10.97 2545.21   92.44 F2F2            
 11.22 10.18 4088.93   92.44 F2F2F2          
 16.29 17.16 1085.44   98.41 F2              
 16.29 16.14 2190.23   98.48 F2F2            
 16.29 15.10 3435.47   98.58 F2F2F2          
  6.30  6.56 1607.50   92.97 F2              
  6.30  5.72 3455.33   92.93 F2F2            
  6.30  0.00    0.00    0.00                 
  0.90  1.65 2523.31   92.76 F2              
  0.90  0.00    0.00    0.00                 
  0.90  0.00    0.00    0.00                 
 13.02 13.79 1178.34   93.45 F2              
 13.02 12.82 2394.10   93.45 F2F2            
 13.02 11.88 3807.95   93.48 F2F2F2          
 17.67 18.56 1043.14   94.68 F2              
 17.67 17.68 2093.56   94.73 F2F2            
 17.67 16.48 3258.31   94.81 F2F2F2          
 25.80 26.84  873.37   92.26 F2              
 25.80 26.34 1734.63   92.27 F2F2            
 25.80 25.06 2644.93   92.38 F2F2F2          
  9.39  9.94 1351.21   92.25 F2              
  9.39  9.03 2797.36   92.23 F2F2            
  9.39  0.00    0.00    0.00                 
 19.06 18.91 1037.00   46.32 F2              
 19.06 17.10 2182.69   45.96 F2F2            
 19.06 13.36 3662.28   45.39 F2F2F2          
  0.08  1.26 2663.97   93.46 F2              
  0.08  0.00    0.00    0.00                 
  0.08 13.36 3662.28   45.39 F2F2F2          
 25.88 26.91  871.96   94.07 F2              
 25.88 26.35 1733.90   94.12 F2F2            
 25.88 25.04 2648.02   94.26 F2F2F2          
  0.45  1.36 2606.41   92.65 F2              
  0.45  0.00    0.00    0.00                 
  0.45 25.04 2648.02   94.26 F2F2F2          
 11.55 12.21 1227.75   92.84 F2              
 11.55 11.26 2517.09   92.83 F2F2            
 11.55 10.46 4041.66   92.84 F2F2F2          
 28.54 29.62  843.07   89.71 F2              
 28.54 29.23 1669.80   89.68 F2F2            
 28.54 27.99 2533.04   89.74 F2F2F2          
  0.20  1.38 2647.30   95.86 F2              
  0.20  0.00    0.00    0.00                 
  0.20 27.99 2533.04   89.74 F2F2F2          
  0.00  0.00    0.00    0.00                 
  0.00  0.00    0.00    0.00                 
  0.00 27.99 2533.04   89.74 F2F2F2          
 30.47 31.57  831.62   96.77 F2              
 30.47 31.01 1649.53   96.86 F2F2            
 30.47 29.60 2509.92   97.08 F2F2F2          
  0.48  1.42 2601.48   93.86 F2              
  0.48  0.00    0.00    0.00                 
  0.48 29.60 2509.92   97.08 F2F2F2          
 16.65 17.48 1070.30   91.04 F2              
 16.65 16.64 2149.61   91.03 F2F2            
 16.65 15.42 3350.78   91.07 F2F2F2          
 19.89 20.79  983.86   92.07 F2              
 19.89 20.05 1967.25   92.08 F2F2            
 19.89 18.78 3037.56   92.16 F2F2F2          
 13.66 14.43 1159.79   93.95 F2              
 13.66 13.41 2355.32   93.95 F2F2            
 13.66 12.45 3735.66   93.99 F2F2F2          
 19.39 19.92 1000.62   70.41 F2              
 19.39 19.57 1999.31   70.17 F2F2            
 19.39 17.93 3103.97   69.92 F2F2F2          
 21.83 22.75  941.00   94.69 F2              
 21.83 22.02 1880.72   94.74 F2F2            
 21.83 20.72 2897.35   94.86 F2F2F2          
 21.13 22.04  955.63   93.48 F2              
 21.13 21.30 1910.27   93.52 F2F2            
 21.13 20.02 2944.70   93.62 F2F2F2          
 17.29 18.12 1052.87   93.67 F2              
 17.29 17.21 2117.18   93.69 F2F2            
 17.29 16.02 3300.76   93.76 F2F2F2          
 11.10  9.65 1367.36   45.98 F2              
 11.10  5.65 3212.00   45.76 F2F2            
 11.10  0.00    0.00    0.00                 
 25.11 26.04  884.44   81.86 F2              
 25.11 25.65 1754.62   81.71 F2F2            
 25.11 24.39 2671.19   81.61 F2F2F2          
 16.29 17.07 1080.29   90.02 F2              
 16.29 16.23 2172.64   90.00 F2F2            
 16.29 15.02 3391.61   90.02 F2F2F2          
 15.58 16.38 1104.34   95.47 F2              
 15.58 15.35 2232.26   95.50 F2F2            
 15.58 14.30 3509.42   95.57 F2F2F2          
 10.11 10.65 1295.56   93.75 F2              
 10.11  9.70 2694.86   93.74 F2F2            
 10.11  0.00    0.00    0.00                 
 24.43 25.37  893.03   94.18 F2              
 24.43 24.72 1780.84   94.23 F2F2            
 24.43 23.40 2729.54   94.36 F2F2F2          
 12.51 13.19 1191.08   93.44 F2              
 12.51 12.18 2437.45   93.44 F2F2            
 12.51 11.32 3897.77   93.45 F2F2F2          
 19.06 19.90 1004.35   92.97 F2              
 19.06 19.08 2014.38   93.00 F2F2            
 19.06 17.82 3122.52   93.08 F2F2F2          
 15.11 15.87 1117.40   92.84 F2              
 15.11 14.89 2258.83   92.84 F2F2            
 15.11 13.79 3553.57   92.88 F2F2F2          
 16.20 16.97 1083.44   91.13 F2              
 16.20 16.07 2182.54   91.12 F2F2            
 16.20 14.88 3412.68   91.16 F2F2F2          
 15.31 16.07 1111.63   93.85 F2              
 15.31 15.07 2247.86   93.87 F2F2            
 15.31 13.99 3535.78   93.91 F2F2F2          
  0.00  0.00    0.00    0.00                 
  0.00 15.07 2247.86   93.87 F2F2            
  0.00 13.99 3535.78   93.91 F2F2F2          
 14.13 14.86 1146.92   94.05 F2              
 14.13 13.83 2329.57   94.06 F2F2            
 14.13 12.84 3687.73   94.09 F2F2F2          
 21.66 22.53  944.35   94.09 F2              
 21.66 21.77 1889.80   94.13 F2F2            
 21.66 20.47 2913.66   94.24 F2F2F2          
  9.07  9.52 1359.07   93.36 F2              
  9.07  8.59 2855.08   93.34 F2F2            
  9.07  0.00    0.00    0.00                 
 15.39 16.13 1108.91   93.25 F2              
 15.39 15.14 2242.56   93.25 F2F2            
 15.39 14.04 3525.85   93.30 F2F2F2          
 21.51 21.39  976.39   46.59 F2              
 21.51 19.65 2038.57   46.18 F2F2            
 21.51 16.02 3369.17   45.58 F2F2F2          
 16.84 17.60 1064.87   91.85 F2              
 16.84 16.70 2144.83   91.85 F2F2            
 16.84 15.50 3348.42   91.89 F2F2F2          
 15.02 15.75 1120.09   92.84 F2              
 15.02 14.75 2267.50   92.84 F2F2            
 15.02 13.66 3570.85   92.88 F2F2F2          
 14.20 14.90 1144.63   93.04 F2              
 14.20 13.88 2324.78   93.03 F2F2            
 14.20 12.86 3678.17   93.07 F2F2F2          
 11.06 11.60 1243.45   92.33 F2              
 11.06 10.61 2574.73   92.32 F2F2            
 11.06  9.89 4155.00   92.31 F2F2F2          
 12.13 12.72 1205.07   91.92 F2              
 12.13 11.73 2472.76   91.91 F2F2            
 12.13 10.85 3965.16   91.91 F2F2F2          
  8.17  8.46 1402.91   96.68 F2              
  8.17  7.59 3024.89   96.67 F2F2            
  8.17  0.00    0.00    0.00                 
 15.30 15.94 1109.88   88.19 F2              
 15.30 15.10 2242.55   88.14 F2F2            
 15.30 13.90 3517.82   88.14 F2F2F2          
  0.29  1.15 2650.98   93.05 F2              
  0.29  0.00    0.00    0.00                 
  0.29 13.90 3517.82   88.14 F2F2F2          
 11.04 11.56 1243.73   92.64 F2              
 11.04 10.57 2579.76   92.63 F2F2            
 11.04  9.88 4164.64   92.62 F2F2F2          
 12.43 13.03 1193.51   92.93 F2              
 12.43 12.01 2450.66   92.93 F2F2            
 12.43 11.16 3925.10   92.94 F2F2F2          
 25.96 26.85  869.76   93.68 F2              
 25.96 26.21 1734.78   93.72 F2F2            
 25.96 24.88 2654.53   93.85 F2F2F2          
 17.34 18.08 1051.31   93.37 F2              
 17.34 17.13 2120.23   93.39 F2F2            
 17.34 15.94 3310.08   93.45 F2F2F2          
 20.56 21.36  967.97   91.67 F2              
 20.56 20.58 1940.13   91.68 F2F2            
 20.56 19.30 2996.49   91.75 F2F2F2          
  0.10  0.91 2691.09   90.75 F2              
  0.10  0.00    0.00    0.00                 
  0.10 19.30 2996.49   91.75 F2F2F2          
 26.13 27.02  867.44   92.57 F2              
 26.13 26.40 1729.36   92.59 F2F2            
 26.13 25.09 2643.80   92.70 F2F2F2          
 27.65 28.56  849.14   94.38 F2              
 27.65 27.94 1692.11   94.43 F2F2            
 27.65 26.59 2584.67   94.58 F2F2F2          
 22.11 22.93  934.83   91.16 F2              
 22.11 22.22 1869.84   91.17 F2F2            
 22.11 20.93 2876.76   91.24 F2F2F2          
 11.44 11.97 1227.83   93.54 F2              
 11.44 10.96 2544.69   93.54 F2F2            
 11.44 10.28 4100.21   93.54 F2F2F2          
 14.23 14.88 1143.32   93.04 F2              
 14.23 13.83 2327.97   93.03 F2F2            
 14.23 12.82 3686.89   93.06 F2F2F2          
 14.82 15.47 1126.10   92.94 F2              
 14.82 14.43 2287.88   92.94 F2F2            
 14.82 13.38 3611.80   92.97 F2F2F2          
 19.23 19.97 1000.27   93.98 F2              
 19.23 19.06 2013.72   94.02 F2F2            
 19.23 17.82 3128.81   94.11 F2F2F2          
 11.42 11.94 1227.50   94.65 F2              
 11.42 10.91 2552.52   94.65 F2F2            
 11.42 10.31 4113.86   94.65 F2F2F2          
 22.19 22.97  933.15   91.97 F2              
 22.19 22.22 1868.97   91.99 F2F2            
 22.19 20.93 2878.49   92.07 F2F2F2          
 13.79 14.40 1154.59   92.93 F2              
 13.79 13.34 2358.70   92.93 F2F2            
 13.79 12.38 3747.75   92.95 F2F2F2          
 14.48 15.11 1136.32   93.74 F2              
 14.48 14.04 2315.12   93.75 F2F2            
 14.48 13.05 3664.53   93.78 F2F2F2          
 20.93 21.67  959.92   94.29 F2              
 20.93 20.81 1929.24   94.34 F2F2            
 20.93 19.53 2986.16   94.44 F2F2F2          
 17.43 18.11 1048.94   93.67 F2              
 17.43 17.11 2120.14   93.69 F2F2            
 17.43 15.95 3313.65   93.76 F2F2F2          
 15.60 16.24 1102.77   94.16 F2              
 15.60 15.17 2240.45   94.17 F2F2            
 15.60 14.12 3528.77   94.22 F2F2F2          
 14.18 14.76 1144.09   92.53 F2              
 14.18 13.70 2335.52   92.52 F2F2            
 14.18 12.70 3703.34   92.54 F2F2F2          
 14.76 15.33 1127.13   91.02 F2              
 14.76 14.30 2294.42   90.99 F2F2            
 14.76 13.22 3624.23   91.01 F2F2F2          
 15.38 15.98 1108.88   93.24 F2              
 15.38 14.91 2256.19   93.25 F2F2            
 15.38 13.85 3557.65   93.28 F2F2F2          
 12.21 12.71 1200.29   93.74 F2              
 12.21 11.63 2485.18   93.74 F2F2            
 12.21 10.91 3992.91   93.74 F2F2F2          
 22.26 22.97  931.71   93.89 F2              
 22.26 22.13 1871.68   93.94 F2F2            
 22.26 20.83 2890.14   94.04 F2F2F2          
 12.69 13.20 1183.42   93.94 F2              
 12.69 12.11 2445.65   93.94 F2F2            
 12.69 11.33 3920.41   93.95 F2F2F2          
 13.03 13.55 1172.93   94.25 F2              
 13.03 12.44 2420.73   94.25 F2F2            
 13.03 11.64 3873.28   94.26 F2F2F2          
 13.89 14.43 1151.27   94.25 F2              
 13.89 13.31 2362.99   94.25 F2F2            
 13.89 12.43 3759.87   94.28 F2F2F2          
 21.94 22.62  938.27   94.90 F2              
 21.94 21.72 1888.16   94.96 F2F2            
 21.94 20.43 2921.34   95.07 F2F2F2          
 29.02 29.82  836.07   88.12 F2              
 29.02 29.25 1665.01   88.07 F2F2            
 29.02 27.95 2534.96   88.09 F2F2F2          
 17.11 17.70 1057.74   93.36 F2              
 17.11 16.65 2145.80   93.38 F2F2            
 17.11 15.51 3362.56   93.43 F2F2F2          
 14.08 14.60 1146.17   93.84 F2              
 14.08 13.48 2351.54   93.84 F2F2            
 14.08 12.57 3738.33   93.87 F2F2F2          
 24.51 25.21  890.73   93.19 F2              
 24.51 24.43 1786.01   93.23 F2F2            
 24.51 23.10 2746.39   93.33 F2F2F2          
 17.17 17.74 1055.40   92.25 F2              
 17.17 16.72 2140.29   92.26 F2F2            
 17.17 15.56 3351.80   92.30 F2F2F2          
  3.17  3.42 2108.66   93.66 F2              
  3.17  0.00    0.00    0.00                 
  3.17 15.56 3351.80   92.30 F2F2F2          
 21.30 21.90  951.42   83.71 F2              
 21.30 21.22 1908.44   83.62 F2F2            
 21.30 19.87 2943.29   83.56 F2F2F2          
 16.65 17.21 1070.82   92.95 F2              
 16.65 16.15 2175.81   92.96 F2F2            
 16.65 15.03 3415.86   93.00 F2F2F2          
 14.94 15.46 1121.87   92.94 F2              
 14.94 14.35 2292.37   92.93 F2F2            
 14.94 13.34 3626.72   92.96 F2F2F2          
 21.04 21.65  956.72   87.14 F2              
 21.04 20.89 1922.35   87.09 F2F2            
 21.04 19.57 2969.19   87.08 F2F2F2          
 16.70 17.25 1069.85   93.86 F2              
 16.70 16.17 2175.59   93.88 F2F2            
 16.70 15.07 3417.20   93.93 F2F2F2          
 17.01 17.56 1060.74   93.66 F2              
 17.01 16.49 2155.55   93.68 F2F2            
 17.01 15.37 3381.84   93.73 F2F2F2          
 27.37 28.10  850.99   90.15 F2              
 27.37 27.43 1700.20   90.14 F2F2            
 27.37 26.11 2598.74   90.21 F2F2F2          
 19.74 20.33  987.44   93.99 F2              
 19.74 19.34 1995.95   94.03 F2F2            
 19.74 18.12 3105.77   94.11 F2F2F2          
 20.10 20.69  978.29   91.57 F2              
 20.10 19.78 1973.72   91.58 F2F2            
 20.10 18.51 3063.43   91.64 F2F2F2          
 20.41 21.00  971.51   94.09 F2              
 20.41 20.04 1961.97   94.14 F2F2            
 20.41 18.79 3048.00   94.22 F2F2F2          
 23.57 24.22  906.57   90.16 F2              
 23.57 23.45 1818.98   90.16 F2F2            
 23.57 22.13 2798.75   90.21 F2F2F2          
 17.10 17.64 1057.67   92.86 F2              
 17.10 16.57 2149.17   92.87 F2F2            
 17.10 15.43 3370.35   92.91 F2F2F2          
  6.52  6.66 1584.82   92.87 F2              
  6.52  5.72 3460.79   92.83 F2F2            
  6.52  0.00    0.00    0.00                 
 28.63 29.35  837.89   94.99 F2              
 28.63 28.58 1676.25   95.06 F2F2            
 28.63 27.20 2566.61   95.22 F2F2F2          
  0.00  0.00    0.00    0.00 F2              
  0.00 28.58 1676.25   95.06 F2F2            
  0.00 27.20 2566.61   95.22 F2F2F2          
 23.19 23.81  913.54   93.69 F2              
 23.19 22.94 1837.77   93.74 F2F2            
 23.19 21.63 2836.89   93.84 F2F2F2          
 27.30 27.99  851.36   93.89 F2              
 27.30 27.22 1705.08   93.94 F2F2            
 27.30 25.86 2613.99   94.07 F2F2F2          
 18.07 18.60 1030.72   92.97 F2              
 18.07 17.56 2090.71   92.99 F2F2            
 18.07 16.39 3268.88   93.04 F2F2F2          
 25.84 26.50  870.16   91.17 F2              
 25.84 25.75 1743.40   91.18 F2F2            
 25.84 24.43 2674.28   91.26 F2F2F2          
 15.49 15.95 1104.37   91.33 F2              
 15.49 14.87 2255.50   91.31 F2F2            
 15.49 13.78 3560.34   91.32 F2F2F2          
 29.06 29.78  834.58   89.34 F2              
 29.06 29.12 1665.71   89.31 F2F2            
 29.06 27.79 2540.88   89.36 F2F2F2          
  0.04  0.23 2789.41   93.45 F2              
  0.04  0.00    0.00    0.00                 
  0.04 27.79 2540.88   89.36 F2F2F2          
 21.26 21.81  951.80   85.63 F2              
 21.26 21.04 1914.38   85.56 F2F2            
 21.26 19.70 2958.02   85.53 F2F2F2          
 29.02 29.72  834.53   91.97 F2              
 29.02 29.02 1667.54   91.99 F2F2            
 29.02 27.66 2547.70   92.09 F2F2F2          
 12.09 12.47 1203.31   93.44 F2              
 12.09 11.35 2510.06   93.43 F2F2            
 12.09 10.67 4043.91   93.42 F2F2F2          
 33.68 34.47  844.14   95.76 F2              
 33.68 33.62 1675.82   95.86 F2F2            
 33.68 32.09 2550.97   96.09 F2F2F2          
 18.83 19.34 1009.25   90.25 F2              
 18.83 18.39 2042.88   90.24 F2F2            
 18.83 17.14 3183.36   90.27 F2F2F2          
 17.29 17.79 1052.82   93.87 F2              
 17.29 16.69 2142.58   93.89 F2F2            
 17.29 15.58 3362.02   93.94 F2F2F2          
 17.42 17.92 1049.34   94.17 F2              
 17.42 16.81 2135.52   94.20 F2F2            
 17.42 15.70 3350.28   94.25 F2F2F2          
 20.09 20.62  979.27   95.30 F2              
 20.09 19.57 1983.89   95.36 F2F2            
 20.09 18.36 3090.58   95.45 F2F2F2          
 19.12 19.64 1003.05   94.19 F2              
 19.12 18.58 2034.20   94.23 F2F2            
 19.12 17.39 3174.93   94.30 F2F2F2          
 24.01 24.61  898.65   92.69 F2              
 24.01 23.75 1807.20   92.72 F2F2            
 24.01 22.43 2785.53   92.81 F2F2F2          
  0.00  0.00    0.00    0.00 F2              
  0.00 23.75 1807.20   92.72 F2F2            
  0.00 22.43 2785.53   92.81 F2F2F2          
 12.62 13.00 1184.72   93.64 F2              
 12.62 11.85 2466.23   93.63 F2F2            
 12.62 11.14 3963.62   93.63 F2F2F2          
 17.20 17.68 1055.08   93.46 F2              
 17.20 16.56 2149.05   93.48 F2F2            
 17.20 15.45 3374.07   93.53 F2F2F2          
 21.63 22.13  945.58   99.64 F2              
 21.63 21.04 1917.36   99.74 F2F2            
 21.63 19.82 2987.04   99.89 F2F2F2          
  8.35  8.51 1385.86   93.47 F2              
  8.35  7.51 3016.00   93.45 F2F2            
  8.35  0.00    0.00    0.00                 
  9.44  9.67 1335.89   92.65 F2              
  9.44  8.61 2848.26   92.63 F2F2            
  9.44  0.00    0.00    0.00                 
 11.93 12.25 1208.75   91.92 F2              
 11.93 11.13 2526.32   91.90 F2F2            
 11.93 10.40 4078.46   91.89 F2F2F2          
 23.91 24.49  900.33   92.99 F2              
 23.91 23.61 1811.91   93.03 F2F2            
 23.91 22.29 2794.76   93.12 F2F2F2          
 22.00 22.54  936.47   92.99 F2              
 22.00 21.60 1889.71   93.02 F2F2            
 22.00 20.31 2926.55   93.10 F2F2F2          
  0.00  0.00    0.00    0.00 F2              
  0.00 21.60 1889.71   93.02 F2F2            
  0.00 20.31 2926.55   93.10 F2F2F2          
 21.94 22.48  937.57   92.08 F2              
 21.94 21.55 1891.47   92.10 F2F2            
 21.94 20.26 2928.29   92.17 F2F2F2          
  7.10  7.23 1515.03   92.97 F2              
  7.10  6.25 3314.18   92.93 F2F2            
  7.10  0.00    0.00    0.00                 
 23.17 23.72  913.58   92.99 F2              
 23.17 22.81 1841.00   93.03 F2F2            
 23.17 21.50 2844.49   93.12 F2F2F2          
 20.41 20.91  971.19   93.29 F2              
 20.41 19.90 1965.99   93.32 F2F2            
 20.41 18.66 3057.81   93.39 F2F2F2          
  9.57  9.80 1335.24   93.35 F2              
  9.57  8.73 2842.20   93.33 F2F2            
  9.57  0.00    0.00    0.00                 
 25.96 26.54  867.98   93.19 F2              
 25.96 25.70 1743.76   93.23 F2F2            
 25.96 24.35 2681.35   93.34 F2F2F2          
 26.17 26.75  865.13   95.11 F2              
 26.17 25.87 1739.36   95.18 F2F2            
 26.17 24.50 2677.37   95.32 F2F2F2          
  5.09  5.21 1787.07   91.86 F2              
  5.09  4.24 3932.94   91.80 F2F2            
  5.09  0.00    0.00    0.00                 
 24.30 24.84  893.56   93.80 F2              
 24.30 23.93 1799.86   93.85 F2F2            
 24.30 22.61 2777.43   93.96 F2F2F2          
 18.94 19.40 1007.78   94.29 F2              
 18.94 18.30 2048.50   94.33 F2F2            
 18.94 17.13 3202.46   94.40 F2F2F2          
 19.10 19.55 1004.18   95.80 F2              
 19.10 18.42 2042.95   95.86 F2F2            
 19.10 17.28 3195.74   95.94 F2F2F2          
  2.99  3.20 2150.75   94.76 F2              
  2.99  0.00    0.00    0.00                 
  2.99 17.28 3195.74   95.94 F2F2F2          
 14.90 15.21 1121.25   88.89 F2              
 14.90 14.11 2303.77   88.85 F2F2            
 14.90 13.01 3652.82   88.83 F2F2F2          
 21.73 22.22  942.23   94.70 F2              
 21.73 21.20 1906.68   94.76 F2F2            
 21.73 19.93 2960.69   94.86 F2F2F2          
 14.08 14.43 1144.28   92.53 F2              
 14.08 13.24 2364.68   92.51 F2F2            
 14.08 12.35 3770.11   92.52 F2F2F2          
  9.42  9.60 1327.39   92.75 F2              
  9.42  8.53 2850.43   92.73 F2F2            
  9.42  0.00    0.00    0.00                 
 22.09 22.58  934.50   93.19 F2              
 22.09 21.59 1888.88   93.23 F2F2            
 22.09 20.31 2928.25   93.31 F2F2F2          
 11.71 11.99 1212.53   93.74 F2              
 11.71 10.84 2555.16   93.73 F2F2            
 11.71 10.29 4131.13   93.72 F2F2F2          
 18.49 18.91 1020.21   94.89 F2              
 18.49 17.77 2078.29   94.93 F2F2            
 18.49 16.64 3255.98   95.00 F2F2F2          
  9.35  9.51 1329.80   91.45 F2              
  9.35  8.40 2859.32   91.42 F2F2            
  9.35  0.00    0.00    0.00                 
 16.62 17.00 1071.24   92.75 F2              
 16.62 15.83 2192.11   92.75 F2F2            
 16.62 14.76 3453.91   92.78 F2F2F2          
 12.04 12.31 1203.33   92.53 F2              
 12.04 11.14 2525.54   92.51 F2F2            
 12.04 10.48 4079.17   92.49 F2F2F2          
 23.31 23.74  911.31   81.31 F2              
 23.31 22.98 1833.40   81.18 F2F2            
 23.31 21.55 2828.27   81.08 F2F2F2          
  7.93  8.04 1425.47   92.87 F2              
  7.93  7.01 3121.53   92.84 F2F2            
  7.93  0.00    0.00    0.00                 
  7.61  7.72 1458.63   92.87 F2              
  7.61  6.70 3198.25   92.83 F2F2            
  7.61  0.00    0.00    0.00                 
 12.44 12.72 1190.00   93.44 F2              
 12.44 11.53 2494.11   93.42 F2F2            
 12.44 10.87 4019.17   93.41 F2F2F2          
 15.59 15.92 1101.36   92.44 F2              
 15.59 14.73 2263.95   92.43 F2F2            
 15.59 13.72 3583.99   92.44 F2F2F2          
  0.00  0.00    0.00    0.00 F2              
  0.00 14.73 2263.95   92.43 F2F2            
  0.00 13.72 3583.99   92.44 F2F2F2          
 14.67 14.98 1128.70   93.44 F2              
 14.67 13.75 2332.75   93.44 F2F2            
 14.67 12.87 3710.79   93.45 F2F2F2          
 13.71 13.99 1152.69   93.23 F2              
 13.71 12.76 2398.67   93.22 F2F2            
 13.71 11.97 3838.17   93.22 F2F2F2          
 16.71 17.04 1069.63   93.76 F2              
 16.71 15.84 2193.27   93.78 F2F2            
 16.71 14.81 3458.15   93.81 F2F2F2          
 16.75 17.08 1068.56   93.76 F2              
 16.75 15.87 2191.19   93.78 F2F2            
 16.75 14.85 3454.56   93.81 F2F2F2          
  5.93  6.01 1667.45   91.86 F2              
  5.93  5.00 3677.02   91.81 F2F2            
  5.93  0.00    0.00    0.00                 
 15.66 15.97 1099.96   92.84 F2              
 15.66 14.75 2263.60   92.84 F2F2            
 15.66 13.77 3583.88   92.86 F2F2F2          
 11.66 11.89 1213.42   96.17 F2              
 11.66 10.71 2578.31   96.17 F2F2            
 11.66 10.39 4163.42   96.15 F2F2F2          
 11.25 11.45 1230.79   93.65 F2              
 11.25 10.29 2615.70   93.63 F2F2            
 11.25  9.85 4238.84   93.61 F2F2F2          
 13.29 13.55 1163.35   93.94 F2              
 13.29 12.32 2432.81   93.94 F2F2            
 13.29 11.62 3903.25   93.93 F2F2F2          
 19.78 20.13  986.53   92.79 F2              
 19.78 19.03 2007.63   92.81 F2F2            
 19.78 17.83 3134.54   92.87 F2F2F2          
 23.35 23.75  910.55   94.71 F2              
 23.35 22.72 1843.20   94.77 F2F2            
 23.35 21.43 2856.86   94.88 F2F2F2          
 18.49 18.81 1019.25   91.46 F2              
 18.49 17.69 2079.67   91.47 F2F2            
 18.49 16.51 3258.07   91.50 F2F2F2          
 11.61 11.77 1218.19   92.03 F2              
 11.61 10.60 2580.19   92.01 F2F2            
 11.61 10.01 4181.47   91.98 F2F2F2          
 16.00 16.26 1090.37   92.44 F2              
 16.00 15.05 2244.11   92.44 F2F2            
 16.00 14.05 3549.28   92.45 F2F2F2          
 24.76 25.11  887.07  100.05 F2              
 24.76 23.98 1799.30  100.17 F2F2            
 24.76 22.68 2794.02  100.35 F2F2F2          
 11.48 11.64 1222.60   92.84 F2              
 11.48 10.46 2596.86   92.82 F2F2            
 11.48  9.95 4208.41   92.79 F2F2F2          
 14.25 14.47 1140.83   92.53 F2              
 14.25 13.23 2369.92   92.52 F2F2            
 14.25 12.38 3781.17   92.51 F2F2F2          
 11.34 11.49 1228.47   93.24 F2              
 11.34 10.31 2615.30   93.23 F2F2            
 11.34  9.86 4238.80   93.20 F2F2F2          
 23.33 23.68  911.34   95.32 F2              
 23.33 22.62 1847.51   95.38 F2F2            
 23.33 21.34 2866.53   95.49 F2F2F2          
  0.00  0.00    0.00    0.00 F2              
  0.00 22.62 1847.51   95.38 F2F2            
  0.00 21.34 2866.53   95.49 F2F2F2          
 29.16 28.31  858.39 -176.18 F2              
 29.16 26.99 1780.71 -176.09 F2F2            
 29.16 27.48 2740.24 -176.12 F2F2F2          
 26.97 25.35  915.09    6.33 F2              
 26.97 20.11 2089.46    5.85 F2F2            
 26.97  0.00    0.00    0.00                 
 18.73 19.01 1013.50   91.67 F2              
 18.73 17.88 2069.41   91.68 F2F2            
 18.73 16.70 3241.60   91.71 F2F2F2          
 18.81 19.09 1011.89   92.58 F2              
 18.81 17.94 2066.83   92.60 F2F2            
 18.81 16.78 3238.08   92.64 F2F2F2          
 10.02 10.09 1321.89   92.74 F2              
 10.02  8.95 2822.70   92.72 F2F2            
 10.02  0.00    0.00    0.00                 
  0.00  0.00    0.00    0.00 F2              
  0.00  8.95 2822.70   92.72 F2F2            
  0.00  0.00    0.00    0.00                 
 14.91 15.11 1123.56   92.94 F2              
 14.91 13.86 2328.36   92.93 F2F2            
 14.91 12.99 3702.51   92.94 F2F2F2          
  7.71  7.77 1452.84   93.57 F2              
  7.71  6.72 3206.33   93.54 F2F2            
  7.71  0.00    0.00    0.00                 
  9.86  9.90 1335.74   92.85 F2              
  9.86  8.76 2857.36   92.82 F2F2            
  9.86  0.00    0.00    0.00                 
 19.13 19.39 1003.95   92.88 F2              
 19.13 18.23 2051.15   92.91 F2F2            
 19.13 17.07 3212.12   92.96 F2F2F2          
 13.46 13.62 1160.70   93.44 F2              
 13.46 12.37 2434.25   93.43 F2F2            
 13.46 11.67 3904.07   93.42 F2F2F2          
 13.39 13.53 1162.65   92.94 F2              
 13.39 12.29 2439.41   92.92 F2F2            
 13.39 11.57 3914.94   92.91 F2F2F2          
 10.53 10.59 1281.29   93.75 F2              
 10.53  9.43 2745.50   93.73 F2F2            
 10.53  0.00    0.00    0.00                 
  0.00  0.00    0.00    0.00                 
  0.00  9.43 2745.50   93.73 F2F2            
  0.00  0.00    0.00    0.00                 
 16.19 16.38 1087.26   94.37 F2              
 16.19 15.12 2244.68   94.38 F2F2            
 16.19 14.22 3551.08   94.41 F2F2F2          
  0.00  0.00    0.00    0.00 F2              
  0.00 15.12 2244.68   94.38 F2F2            
  0.00 14.22 3551.08   94.41 F2F2F2          
 22.02 22.29  937.19   92.50 F2              
 22.02 21.21 1904.79   92.53 F2F2            
 22.02 19.95 2961.66   92.59 F2F2F2          
 24.60 24.87  889.82   97.13 F2              
 24.60 23.76 1805.94   97.23 F2F2            
 24.60 22.47 2801.80   97.36 F2F2F2          
 21.23 21.46  954.61   94.31 F2              
 21.23 20.32 1945.72   94.36 F2F2            
 21.23 19.12 3034.33   94.43 F2F2F2          
 12.25 12.33 1200.73   92.74 F2              
 12.25 11.09 2544.56   92.72 F2F2            
 12.25 10.53 4108.75   92.69 F2F2F2          
 14.15 14.26 1145.26   93.75 F2              
 14.15 12.99 2394.31   93.74 F2F2            
 14.15 12.28 3824.47   93.74 F2F2F2          
 15.48 15.61 1108.67   93.86 F2              
 15.48 14.34 2299.24   93.86 F2F2            
 15.48 13.50 3648.88   93.87 F2F2F2          
 12.83 12.91 1181.27   94.25 F2              
 12.83 11.66 2498.23   94.25 F2F2            
 12.83 11.13 4018.72   94.23 F2F2F2          
 14.77 14.88 1129.49   94.15 F2              
 14.77 13.60 2353.01   94.16 F2F2            
 14.77 12.85 3746.09   94.16 F2F2F2          
 11.38 11.42 1230.01   94.36 F2              
 11.38 10.21 2638.58   94.35 F2F2            
 11.38  0.00    0.00    0.00                 
 24.25 24.48  895.88   96.13 F2              
 24.25 23.36 1820.02   96.21 F2F2            
 24.25 22.08 2825.01   96.33 F2F2F2          
  6.32  6.34 1623.51   94.77 F2              
  6.32  5.42 3605.69   94.72 F2F2            
  6.32  0.00    0.00    0.00                 
 19.15 19.31 1004.48   92.59 F2              
 19.15 18.12 2057.72   92.61 F2F2            
 19.15 16.99 3225.85   92.65 F2F2F2          
 14.38 14.45 1139.75   92.24 F2              
 14.38 13.17 2380.81   92.22 F2F2            
 14.38 12.37 3800.82   92.21 F2F2F2          
 21.23 21.41  954.87   93.00 F2              
 21.23 20.26 1947.93   93.04 F2F2            
 21.23 19.06 3038.12   93.10 F2F2F2          
 15.31 15.39 1113.94   92.85 F2              
 15.31 14.11 2315.15   92.84 F2F2            
 15.31 13.26 3678.69   92.84 F2F2F2          
 17.38 17.49 1053.54   93.47 F2              
 17.38 16.24 2171.57   93.49 F2F2            
 17.38 15.25 3423.96   93.52 F2F2F2          
 19.91 20.05  985.86   93.30 F2              
 19.91 18.86 2018.20   93.33 F2F2            
 19.91 17.72 3159.18   93.38 F2F2F2          
 28.39 28.66  838.55   93.21 F2              
 28.39 27.64 1692.98   93.27 F2F2            
 28.39 26.27 2606.97   93.38 F2F2F2          
 24.85 25.06  885.71   93.51 F2              
 24.85 23.98 1797.03   93.57 F2F2            
 24.85 22.67 2783.38   93.66 F2F2F2          
 16.84 16.92 1069.01   92.96 F2              
 16.84 15.66 2208.63   92.97 F2F2            
 16.84 14.70 3489.21   92.99 F2F2F2          
 13.41 13.43 1164.39   93.35 F2              
 13.41 12.15 2458.16   93.34 F2F2            
 13.41 11.54 3946.13   93.32 F2F2F2          
 13.95 13.97 1151.12   92.64 F2              
 13.95 12.68 2418.31   92.63 F2F2            
 13.95 11.97 3871.21   92.61 F2F2F2          
 21.18 21.31  956.53   93.50 F2              
 21.18 20.13 1954.39   93.55 F2F2            
 21.18 18.95 3051.00   93.61 F2F2F2          
 11.47 11.44 1229.30   91.74 F2              
 11.47 10.19 2637.38   91.71 F2F2            
 11.47  0.00    0.00    0.00                 
  1.38  0.66 2590.41   91.65 F2              
  1.38  0.00    0.00    0.00                 
  1.38  0.00    0.00    0.00                 
  0.00  0.00    0.00    0.00 F2              
  0.00  0.00    0.00    0.00                 
  0.00  0.00    0.00    0.00                 
 12.95 12.93 1179.48   92.54 F2              
 12.95 11.65 2500.74   92.52 F2F2            
 12.95 11.05 4026.69   92.49 F2F2F2          
 19.62 19.70  994.11   94.30 F2              
 19.62 18.46 2040.74   94.35 F2F2            
 19.62 17.38 3200.03   94.40 F2F2F2          
 17.06 17.10 1063.64   93.37 F2              
 17.06 15.82 2199.77   93.39 F2F2            
 17.06 14.88 3474.39   93.40 F2F2F2          
 13.82 13.80 1155.00   93.35 F2              
 13.82 12.50 2435.36   93.34 F2F2            
 13.82 11.87 3900.98   93.32 F2F2F2          
 15.22 15.21 1118.18   93.25 F2              
 15.22 13.91 2333.18   93.25 F2F2            
 15.22 13.13 3710.83   93.25 F2F2F2          
 17.87 17.90 1040.84   93.28 F2              
 17.87 16.63 2147.50   93.30 F2F2            
 17.87 15.64 3383.73   93.33 F2F2F2          
 20.64 20.71  969.43   93.60 F2              
 20.64 19.49 1986.27   93.65 F2F2            
 20.64 18.35 3107.08   93.70 F2F2F2          
 19.26 19.30 1003.10   92.59 F2              
 19.26 18.06 2061.76   92.62 F2F2            
 19.26 16.96 3236.08   92.65 F2F2F2          
  8.58  8.51 1384.20   90.26 F2              
  8.58  7.27 3066.81   90.22 F2F2            
  8.58  0.00    0.00    0.00                 
 14.32 14.27 1143.55   93.35 F2              
 14.32 12.96 2404.11   93.34 F2F2            
 14.32 12.29 3840.58   93.33 F2F2F2          
 20.23 20.27  979.52   94.01 F2              
 20.23 19.02 2010.51   94.05 F2F2            
 20.23 17.92 3149.45   94.11 F2F2F2          
 17.73 17.72 1045.75   94.09 F2              
 17.73 16.43 2161.66   94.11 F2F2            
 17.73 15.50 3408.82   94.14 F2F2F2          
 16.37 16.33 1085.48   94.47 F2              
 16.37 15.02 2256.83   94.49 F2F2            
 16.37 14.23 3573.95   94.51 F2F2F2          
  7.09  7.03 1534.05   93.87 F2              
  7.09  5.99 3426.07   93.82 F2F2            
  7.09  0.00    0.00    0.00                 
 24.10 24.18  899.15   93.42 F2              
 24.10 23.01 1831.89   93.47 F2F2            
 24.10 21.75 2845.96   93.55 F2F2F2          
 13.02 12.92 1178.83   92.64 F2              
 13.02 11.61 2508.61   92.63 F2F2            
 13.02 11.07 4038.71   92.59 F2F2F2          
 18.34 18.32 1028.80   93.29 F2              
 18.34 17.03 2123.60   93.31 F2F2            
 18.34 16.03 3343.64   93.34 F2F2F2          
 18.41 18.38 1027.89   94.70 F2              
 18.41 17.08 2122.56   94.74 F2F2            
 18.41 16.14 3341.79   94.77 F2F2F2          
 18.48 18.44 1026.47   95.30 F2              
 18.48 17.14 2120.06   95.35 F2F2            
 18.48 16.21 3337.62   95.39 F2F2F2          
 13.08 12.96 1177.53   94.46 F2              
 13.08 11.66 2511.21   94.45 F2F2            
 13.08 11.24 4035.03   94.43 F2F2F2          
 15.35 15.26 1115.97   93.56 F2              
 15.35 13.93 2335.48   93.56 F2F2            
 15.35 13.20 3714.28   93.56 F2F2F2          
 18.47 18.42 1025.95   93.79 F2              
 18.47 17.12 2119.04   93.82 F2F2            
 18.47 16.15 3336.34   93.85 F2F2F2          
 15.48 15.38 1112.06   93.16 F2              
 15.48 14.04 2326.31   93.16 F2F2            
 15.48 13.29 3698.74   93.15 F2F2F2          
 15.19 15.08 1120.93   93.46 F2              
 15.19 13.74 2349.62   93.46 F2F2            
 15.19 13.04 3739.79   93.45 F2F2F2          
 15.51 15.40 1111.24   93.06 F2              
 15.51 14.06 2325.16   93.06 F2F2            
 15.51 13.31 3696.97   93.05 F2F2F2          
 14.74 14.61 1133.54   92.65 F2              
 14.74 13.27 2383.87   92.64 F2F2            
 14.74 12.57 3803.78   92.62 F2F2F2          
  9.63  9.36 1357.14   93.67 F2              
  9.63  8.14 2972.40   93.64 F2F2            
  9.63  0.00    0.00    0.00                 
 23.95 23.92  903.19   98.04 F2              
 23.95 22.65 1848.15   98.14 F2F2            
 23.95 21.48 2881.43   98.26 F2F2F2          
  0.00  0.00    0.00    0.00                 
  0.00 22.65 1848.15   98.14 F2F2            
  0.00 21.48 2881.43   98.26 F2F2F2          
 13.80 13.64 1158.08   94.36 F2              
 13.80 12.31 2460.13   94.36 F2F2            
 13.80 11.83 3940.10   94.33 F2F2F2          
 11.59 11.41 1228.61   92.65 F2              
 11.59 10.11 2660.19   92.63 F2F2            
 11.59  0.00    0.00    0.00                 
 21.74 21.68  946.41   94.72 F2              
 21.74 20.41 1942.49   94.78 F2F2            
 21.74 19.29 3037.19   94.85 F2F2F2          
 14.03 13.86 1152.12   92.04 F2              
 14.03 12.50 2441.00   92.03 F2F2            
 14.03 11.85 3912.16   91.99 F2F2F2          
 16.31 16.16 1087.85   92.86 F2              
 16.31 14.82 2270.54   92.87 F2F2            
 16.31 14.00 3601.17   92.87 F2F2F2          
 14.93 14.76 1128.92   92.65 F2              
 14.93 13.40 2375.39   92.64 F2F2            
 14.93 12.71 3788.03   92.62 F2F2F2          
 16.55 16.39 1081.44   93.57 F2              
 16.55 15.05 2255.89   93.59 F2F2            
 16.55 14.25 3574.58   93.59 F2F2F2          
 19.48 19.37  999.59   93.30 F2              
 19.48 18.05 2063.59   93.34 F2F2            
 19.48 17.03 3243.39   93.37 F2F2F2          
 14.65 14.45 1137.49   93.66 F2              
 14.65 13.10 2401.09   93.66 F2F2            
 14.65 12.51 3831.69   93.64 F2F2F2          
 18.28 18.14 1031.51   92.58 F2              
 18.28 16.80 2137.51   92.61 F2F2            
 18.28 15.83 3370.70   92.62 F2F2F2          
 15.70 15.51 1107.10   93.47 F2              
 15.70 14.15 2321.53   93.47 F2F2            
 15.70 13.44 3689.90   93.46 F2F2F2          
 17.75 17.58 1047.19   93.79 F2              
 17.75 16.24 2175.59   93.81 F2F2            
 17.75 15.37 3435.68   93.83 F2F2F2          
 22.61 22.53  928.03   91.61 F2              
 22.61 21.26 1902.03   91.65 F2F2            
 22.61 20.05 2968.00   91.69 F2F2F2          
  7.74  7.59 1469.30   92.27 F2              
  7.74  6.40 3299.83   92.22 F2F2            
  7.74  0.00    0.00    0.00                 
 32.00 32.04  816.87   88.90 F2              
 32.00 30.90 1648.36   88.92 F2F2            
 32.00 29.46 2532.11   88.96 F2F2F2          
  0.00  0.00    0.00    0.00                 
  0.00 30.90 1648.36   88.92 F2F2            
  0.00 29.46 2532.11   88.96 F2F2F2          
 22.53 22.44  929.59   90.90 F2              
 22.53 21.17 1905.87   90.94 F2F2            
 22.53 19.95 2974.61   90.97 F2F2F2          
 11.74 11.48 1224.92   94.27 F2              
 11.74 10.18 2663.01   94.25 F2F2            
 11.74  0.00    0.00    0.00                 
 13.21 12.96 1175.94   93.16 F2              
 13.21 11.60 2520.45   93.14 F2F2            
 13.21 11.17 4053.49   93.10 F2F2F2          
 14.97 14.70 1131.67   97.19 F2              
 14.97 13.36 2392.78   97.21 F2F2            
 14.97 13.00 3804.65   97.20 F2F2F2          
 22.74 22.62  926.09   93.82 F2              
 22.74 21.33 1900.25   93.88 F2F2            
 22.74 20.16 2967.25   93.94 F2F2F2          
 13.14 12.86 1179.16   95.07 F2              
 13.14 11.53 2533.50   95.07 F2F2            
 13.14 11.25 4066.62   95.03 F2F2F2          
 16.94 16.71 1071.36   93.98 F2              
 16.94 15.35 2236.91   94.00 F2F2            
 16.94 14.58 3541.79   94.00 F2F2F2          
 17.35 17.13 1059.34   93.78 F2              
 17.35 15.76 2208.20   93.81 F2F2            
 17.35 14.95 3492.63   93.81 F2F2F2          
 22.92 22.75  923.47   97.04 F2              
 22.92 21.43 1898.05   97.12 F2F2            
 22.92 20.34 2967.02   97.21 F2F2F2          
 23.78 23.64  906.43   94.33 F2              
 23.78 22.35 1857.75   94.40 F2F2            
 23.78 21.16 2896.61   94.47 F2F2F2          
 19.39 19.18 1003.17   93.50 F2              
 19.39 17.83 2077.31   93.54 F2F2            
 19.39 16.85 3268.98   93.57 F2F2F2          
 18.02 17.79 1039.73   92.48 F2              
 18.02 16.41 2162.72   92.50 F2F2            
 18.02 15.50 3416.24   92.51 F2F2F2          
 32.61 32.59  817.30   86.59 F2              
 32.61 31.42 1648.81   86.58 F2F2            
 32.61 29.94 2531.77   86.57 F2F2F2          
 17.06 16.80 1068.12   93.68 F2              
 17.06 15.43 2231.42   93.70 F2F2            
 17.06 14.65 3533.18   93.70 F2F2F2          
 16.73 16.46 1077.67   93.38 F2              
 16.73 15.08 2255.23   93.39 F2F2            
 16.73 14.32 3575.00   93.38 F2F2F2          
 25.05 24.91  884.22   92.42 F2              
 25.05 23.64 1808.15   92.48 F2F2            
 25.05 22.37 2812.11   92.55 F2F2F2          
 26.84 26.70  857.87   95.54 F2              
 26.84 25.41 1751.29   95.64 F2F2            
 26.84 24.13 2719.37   95.75 F2F2F2          
 15.66 15.36 1110.21   93.67 F2              
 15.66 13.97 2338.59   93.67 F2F2            
 15.66 13.34 3719.45   93.66 F2F2F2          
  0.00  0.00    0.00    0.00                 
  0.00 13.97 2338.59   93.67 F2F2            
  0.00 13.34 3719.45   93.66 F2F2F2          
 19.30 19.04 1006.06   93.40 F2              
 19.30 17.67 2086.65   93.44 F2F2            
 19.30 16.72 3285.97   93.46 F2F2F2          
 25.22 25.06  881.48   91.22 F2              
 25.22 23.77 1802.96   91.27 F2F2            
 25.22 22.48 2803.63   91.32 F2F2F2          
 20.21 19.94  984.28   96.63 F2              
 20.21 18.57 2039.33   96.69 F2F2            
 20.21 17.68 3205.73   96.74 F2F2F2          
 30.26 29.99  827.55   65.18 F2              
 30.26 28.43 1694.76   64.89 F2F2            
 30.26 26.09 2653.34   64.46 F2F2F2          
 14.36 13.99 1148.55   95.38 F2              
 14.36 12.62 2449.18   95.38 F2F2            
 14.36 12.28 3909.49   95.35 F2F2F2          
 11.92 11.55 1221.84   94.27 F2              
 11.92 10.21 2667.80   94.25 F2F2            
 11.92  0.00    0.00    0.00                 
 29.66 29.52  826.74   92.53 F2              
 29.66 28.26 1680.53   92.61 F2F2            
 29.66 26.89 2597.45   92.70 F2F2F2          
 19.81 19.53  993.30   93.71 F2              
 19.81 18.15 2059.37   93.75 F2F2            
 19.81 17.19 3240.26   93.78 F2F2F2          
 27.14 26.96  853.76   93.13 F2              
 27.14 25.67 1742.67   93.21 F2F2            
 27.14 24.36 2703.94   93.29 F2F2F2          
 27.43 27.21  850.73   98.06 F2              
 27.43 25.87 1739.38   98.18 F2F2            
 27.43 24.61 2704.04   98.31 F2F2F2          
 14.06 13.69 1155.08   93.66 F2              
 14.06 12.29 2470.71   93.66 F2F2            
 14.06 11.87 3956.35   93.62 F2F2F2          
 29.16 28.95  833.28   71.62 F2              
 29.16 27.56 1702.78   71.44 F2F2            
 29.16 25.64 2649.95   71.17 F2F2F2          
 27.19 27.00  853.32   94.84 F2              
 27.19 25.69 1742.92   94.93 F2F2            
 27.19 24.40 2706.22   95.04 F2F2F2          
 19.90 19.63  989.42   89.39 F2              
 19.90 18.21 2050.90   89.40 F2F2            
 19.90 17.10 3228.80   89.40 F2F2F2          
 10.51 10.08 1303.69   93.27 F2              
 10.51  8.75 2873.28   93.23 F2F2            
 10.51  0.00    0.00    0.00                 
 29.17 28.97  832.64   73.43 F2              
 29.17 27.61 1699.98   73.27 F2F2            
 29.17 25.78 2641.10   73.04 F2F2F2          
 24.63 24.40  891.96   94.03 F2              
 24.63 23.06 1829.76   94.11 F2F2            
 24.63 21.85 2852.23   94.18 F2F2F2          
 11.64 11.27 1232.38   92.06 F2              
 11.64  9.88 2697.29   92.02 F2F2            
 11.64  0.00    0.00    0.00                 
 25.40 25.20  878.41   82.98 F2              
 25.40 23.86 1799.26   82.95 F2F2            
 25.40 22.42 2800.04   82.90 F2F2F2          
 27.09 26.89  854.47   93.03 F2              
 27.09 25.58 1745.11   93.11 F2F2            
 27.09 24.28 2708.70   93.19 F2F2F2          
 18.68 18.37 1022.27   91.49 F2              
 18.68 16.94 2128.34   91.51 F2F2            
 18.68 15.98 3360.55   91.51 F2F2F2          
 35.97 35.83  925.63   75.82 F2              
 35.97 34.24 1824.98   75.56 F2F2            
 35.97 32.28 2781.48   75.21 F2F2F2          
 16.50 16.14 1084.92   92.07 F2              
 16.50 14.70 2280.82   92.07 F2F2            
 16.50 13.95 3623.63   92.05 F2F2F2          
 23.32 22.94  915.91   68.91 F2              
 23.32 21.20 1907.72   68.75 F2F2            
 23.32 19.22 3029.34   68.51 F2F2F2          
 29.59 29.40  827.35   93.84 F2              
 29.59 28.10 1684.09   93.93 F2F2            
 29.59 26.74 2606.06   94.04 F2F2F2          
 20.13 19.81  985.97   94.22 F2              
 20.13 18.42 2045.00   94.26 F2F2            
 20.13 17.47 3216.65   94.30 F2F2F2          
 35.18 35.05  853.71   90.12 F2              
 35.18 33.68 1711.58   90.17 F2F2            
 35.18 32.11 2628.52   90.25 F2F2F2          
 25.64 25.40  875.57   94.24 F2              
 25.64 24.06 1793.99   94.32 F2F2            
 25.64 22.82 2792.75   94.40 F2F2F2          
 15.86 15.46 1106.60   94.98 F2              
 15.86 14.06 2337.33   95.00 F2F2            
 15.86 13.55 3713.35   94.98 F2F2F2          
 30.84 30.64  820.89   73.84 F2              
 30.84 29.28 1671.28   73.67 F2F2            
 30.84 27.43 2588.68   73.42 F2F2F2          
 26.90 26.67  857.18   94.04 F2              
 26.90 25.34 1752.65   94.12 F2F2            
 26.90 24.06 2723.01   94.21 F2F2F2          
 16.96 16.59 1072.18   92.88 F2              
 16.96 15.16 2250.26   92.89 F2F2            
 16.96 14.41 3568.83   92.88 F2F2F2          
 23.10 22.82  920.19   93.43 F2              
 23.10 21.45 1894.79   93.49 F2F2            
 23.10 20.30 2962.62   93.54 F2F2F2          
 15.69 15.27 1112.41   95.59 F2              
 15.69 13.87 2353.84   95.60 F2F2            
 15.69 13.43 3739.84   95.58 F2F2F2          
 27.13 26.87  854.42   95.85 F2              
 27.13 25.52 1748.04   95.95 F2F2            
 27.13 24.26 2717.41   96.06 F2F2F2          
 19.26 18.91 1008.26   93.31 F2              
 19.26 17.49 2097.62   93.34 F2F2            
 19.26 16.58 3306.84   93.36 F2F2F2          
 17.78 17.39 1049.84   94.40 F2              
 17.78 15.97 2196.94   94.43 F2F2            
 17.78 15.24 3474.70   94.43 F2F2F2          
 32.62 32.41  818.57   73.53 F2              
 32.62 31.01 1661.06   73.34 F2F2            
 32.62 29.11 2565.64   73.06 F2F2F2          
 31.74 31.57  815.42   87.11 F2              
 31.74 30.30 1652.85   87.12 F2F2            
 31.74 28.82 2546.68   87.13 F2F2F2          
 28.04 27.82  842.59   90.53 F2              
 28.04 26.52 1718.94   90.58 F2F2            
 28.04 25.16 2663.92   90.63 F2F2F2          
  7.59  7.29 1500.42   93.77 F2              
  7.59  6.16 3399.60   93.72 F2F2            
  7.59  0.00    0.00    0.00                 
 19.66 19.31  997.93   93.51 F2              
 19.66 17.89 2074.43   93.55 F2F2            
 19.66 16.96 3267.64   93.57 F2F2F2          
 29.85 29.65  825.39   81.08 F2              
 29.85 28.35 1679.86   81.02 F2F2            
 29.85 26.79 2596.87   80.93 F2F2F2          
 15.33 14.89 1122.71   94.38 F2              
 15.33 13.47 2382.68   94.38 F2F2            
 15.33 13.01 3793.66   94.35 F2F2F2          
 26.17 25.93  866.95   87.01 F2              
 26.17 24.59 1774.46   87.02 F2F2            
 26.17 23.22 2758.01   87.02 F2F2F2          
  3.42  2.57 2198.91   92.98 F2              
  3.42  0.00    0.00    0.00                 
  3.42 23.22 2758.01   87.02 F2F2F2          
 24.46 24.17  895.07   92.93 F2              
 24.46 22.80 1838.97   92.99 F2F2            
 24.46 21.59 2868.91   93.05 F2F2F2          
 34.37 34.20  833.84   78.36 F2              
 34.37 32.81 1679.60   78.22 F2F2            
 34.37 31.05 2578.72   78.02 F2F2F2          
 25.58 25.30  876.52   92.83 F2              
 25.58 23.94 1797.27   92.90 F2F2            
 25.58 22.69 2798.60   92.97 F2F2F2          
 10.59 10.11 1299.64   92.57 F2              
 10.59  8.73 2873.18   92.53 F2F2            
 10.59  0.00    0.00    0.00                 
 32.31 32.12  815.70   80.48 F2              
 32.31 30.81 1653.15   80.40 F2F2            
 32.31 29.18 2546.69   80.28 F2F2F2          
 10.50  9.99 1307.76   93.27 F2              
 10.50  8.63 2894.79   93.24 F2F2            
 10.50  0.00    0.00    0.00                 
 27.03 26.74  855.67   94.44 F2              
 27.03 25.38 1751.46   94.53 F2F2            
 27.03 24.11 2722.89   94.63 F2F2F2          
 15.17 14.72 1126.87   93.07 F2              
 15.17 13.27 2395.76   93.06 F2F2            
 15.17 12.75 3821.49   93.03 F2F2F2          
 32.12 31.89  816.91   74.75 F2              
 32.12 30.49 1660.13   74.59 F2F2            
 32.12 28.64 2565.93   74.35 F2F2F2          
 31.19 30.96  816.80   91.24 F2              
 31.19 29.65 1659.46   91.31 F2F2            
 31.19 28.23 2562.61   91.39 F2F2F2          
  0.00  0.00    0.00    0.00 F2              
  0.00 29.65 1659.46   91.31 F2F2            
  0.00 28.23 2562.61   91.39 F2F2F2          
 20.51 20.14  976.96   93.01 F2              
 20.51 18.71 2027.58   93.06 F2F2            
 20.51 17.72 3189.15   93.08 F2F2F2          
 18.57 18.19 1024.05   88.47 F2              
 18.57 16.65 2141.08   88.47 F2F2            
 18.57 15.61 3391.06   88.45 F2F2F2          
 25.33 25.00  881.21   96.15 F2              
 25.33 23.60 1810.79   96.24 F2F2            
 25.33 22.43 2824.65   96.33 F2F2F2          
 16.36 15.92 1090.30   92.07 F2              
 16.36 14.45 2300.88   92.07 F2F2            
 16.36 13.75 3659.53   92.04 F2F2F2          
  0.00  0.00    0.00    0.00                 
  0.00 14.45 2300.88   92.07 F2F2            
  0.00 13.75 3659.53   92.04 F2F2F2          
 29.49 29.25  827.83   85.71 F2              
 29.49 27.94 1686.20   85.71 F2F2            
 29.49 26.48 2607.91   85.70 F2F2F2          
 28.07 27.81  842.31   90.83 F2              
 28.07 26.47 1720.15   90.89 F2F2            
 28.07 25.11 2667.62   90.95 F2F2F2          
 15.11 14.64 1128.84   92.97 F2              
 15.11 13.18 2402.87   92.96 F2F2            
 15.11 12.67 3834.45   92.92 F2F2F2          
 30.09 29.85  823.57   79.88 F2              
 30.09 28.50 1677.87   79.81 F2F2            
 30.09 26.90 2595.85   79.70 F2F2F2          
 11.07 10.57 1267.28   94.68 F2              
 11.07  9.21 2806.62   94.65 F2F2            
 11.07  0.00    0.00    0.00                 
 30.72 30.48  819.25   82.29 F2              
 30.72 29.15 1666.51   82.26 F2F2            
 30.72 27.59 2574.28   82.18 F2F2F2          
 15.21 14.74 1124.69   90.86 F2              
 15.21 13.23 2393.41   90.83 F2F2            
 15.21 12.58 3827.05   90.78 F2F2F2          
 36.08 35.85  906.78   85.01 F2              
 36.08 34.31 1798.87   84.97 F2F2            
 36.08 32.60 2759.09   84.90 F2F2F2          
 13.36 12.85 1176.80   93.97 F2              
 13.36 11.42 2552.35   93.96 F2F2            
 13.36 11.20 4098.49   93.90 F2F2F2          
 16.54 16.05 1087.17   94.19 F2              
 16.54 14.60 2295.43   94.20 F2F2            
 16.54 14.03 3643.98   94.18 F2F2F2          
 26.23 25.88  867.11   94.34 F2              
 26.23 24.49 1779.32   94.43 F2F2            
 26.23 23.25 2771.28   94.51 F2F2F2          
 17.44 16.97 1060.21   93.59 F2              
 17.44 15.51 2228.34   93.61 F2F2            
 17.44 14.81 3530.90   93.60 F2F2F2          
 31.59 31.33  815.06   89.13 F2              
 31.59 29.99 1655.85   89.18 F2F2            
 31.59 28.53 2556.10   89.22 F2F2F2          
 12.70 12.17 1200.57   93.57 F2              
 12.70 10.74 2621.10   93.55 F2F2            
 12.70 10.58 4219.72   93.48 F2F2F2          
 14.28 13.75 1151.99   93.17 F2              
 14.28 12.29 2476.45   93.15 F2F2            
 14.28 11.92 3965.30   93.10 F2F2F2          
 11.83 11.31 1229.44   93.77 F2              
 11.83  9.89 2711.95   93.74 F2F2            
 11.83  0.00    0.00    0.00                 
 30.72 30.44  819.11   81.49 F2              
 30.72 29.07 1668.06   81.45 F2F2            
 30.72 27.49 2578.84   81.37 F2F2F2          
 27.01 26.64  856.31   95.35 F2              
 27.01 25.23 1756.31   95.45 F2F2            
 27.01 23.99 2734.02   95.55 F2F2F2          
 13.11 12.55 1186.63   94.68 F2              
 13.11 11.14 2584.57   94.66 F2F2            
 13.11 11.02 4148.47   94.60 F2F2F2          
 34.05 33.78  823.08   89.44 F2              
 34.05 32.38 1663.53   89.49 F2F2            
 34.05 30.86 2561.89   89.55 F2F2F2          
 30.29 29.95  821.89   95.46 F2              
 30.29 28.54 1677.06   95.57 F2F2            
 30.29 27.19 2599.74   95.70 F2F2F2          
 17.10 16.58 1072.10   95.40 F2              
 17.10 15.13 2260.11   95.42 F2F2            
 17.10 14.59 3580.84   95.41 F2F2F2          
 33.13 32.84  815.37   91.25 F2              
 33.13 31.45 1653.01   91.32 F2F2            
 33.13 29.97 2550.01   91.41 F2F2F2          
 31.33 31.01  815.86   92.75 F2              
 31.33 29.63 1660.52   92.84 F2F2            
 31.33 28.22 2568.14   92.94 F2F2F2          
 17.17 16.65 1069.20   94.19 F2              
 17.17 15.18 2253.55   94.21 F2F2            
 17.17 14.57 3572.86   94.20 F2F2F2          
 13.87 13.32 1162.36   92.77 F2              
 13.87 11.84 2513.84   92.75 F2F2            
 13.87 11.50 4035.29   92.68 F2F2F2          
 25.06 24.64  885.89   94.75 F2              
 25.06 23.20 1824.30   94.83 F2F2            
 25.06 22.04 2848.77   94.90 F2F2F2          
 30.71 30.39  818.67   89.44 F2              
 30.71 29.01 1667.60   89.49 F2F2            
 30.71 27.57 2579.25   89.54 F2F2F2          
  0.00  0.00    0.00    0.00 F2              
  0.00 29.01 1667.60   89.49 F2F2            
  0.00 27.57 2579.25   89.54 F2F2F2          
 16.99 16.45 1074.01   93.19 F2              
 16.99 14.96 2267.56   93.20 F2F2            
 16.99 14.33 3599.76   93.18 F2F2F2          
 28.21 27.86  840.60   87.83 F2              
 28.21 26.45 1719.88   87.86 F2F2            
 28.21 25.05 2669.62   87.88 F2F2F2          
 19.47 18.98 1003.89   92.01 F2              
 19.47 17.47 2097.54   92.04 F2F2            
 19.47 16.56 3312.12   92.04 F2F2F2          
 21.24 20.77  960.70   91.92 F2              
 21.24 19.27 1996.38   91.96 F2F2            
 21.24 18.24 3140.10   91.98 F2F2F2          
 23.66 23.21  910.64   93.13 F2              
 23.66 21.75 1881.27   93.20 F2F2            
 23.66 20.62 2944.95   93.25 F2F2F2          
 22.22 21.74  939.71   93.53 F2              
 22.22 20.26 1948.56   93.59 F2F2            
 22.22 19.23 3058.72   93.63 F2F2F2          
 36.18 35.80  900.06   90.35 F2              
 36.18 34.19 1793.95   90.43 F2F2            
 36.18 32.55 2769.57   90.50 F2F2F2          
 22.12 21.63  942.14   94.33 F2              
 22.12 20.15 1954.82   94.40 F2F2            
 22.12 19.15 3069.39   94.44 F2F2F2          
