  6.39  9.57 1933.58   91.14 F2              
  6.39  9.17 3627.54   91.14 F2F2            
  6.39  0.00    0.00    0.00                 
  0.00  0.00    0.00    0.00                 
  0.00  9.17 3627.54   91.14 F2F2            
  0.00  0.00    0.00    0.00                 
 15.89 19.11 1477.74   91.45 F2              
 15.89 19.46 2774.88   91.36 F2F2            
 15.89 18.55 4109.86   91.44 F2F2F2          
 15.99 19.20 1469.91   94.99 F2              
 15.99 19.39 2768.91   94.95 F2F2            
 15.99 18.39 4123.28   95.07 F2F2F2          
 15.22 18.37 1475.76   94.81 F2              
 15.22 18.54 2782.43   94.78 F2F2            
 15.22 17.57 4150.41   94.90 F2F2F2          
  0.00  0.00    0.00    0.00                 
  0.00 18.54 2782.43   94.78 F2F2            
  0.00 17.57 4150.41   94.90 F2F2F2          
 12.44 15.51 1555.22   92.66 F2              
 12.44 15.62 2926.26   92.64 F2F2            
 12.44  0.00    0.00    0.00                 
  0.00  0.00    0.00    0.00                 
  0.00 15.62 2926.26   92.64 F2F2            
  0.00  0.00    0.00    0.00                 
 16.19 19.36 1463.58   97.41 F2              
 16.19 19.42 2765.10   97.40 F2F2            
 16.19 18.39 4133.20   97.55 F2F2F2          
  0.00  0.00    0.00    0.00                 
  0.00 19.42 2765.10   97.40 F2F2            
  0.00 18.39 4133.20   97.55 F2F2F2          
 14.49 17.59 1492.69   91.50 F2              
 14.49 17.87 2808.14   91.44 F2F2            
 14.49  0.00    0.00    0.00                 
  4.80  7.79 2090.60   96.18 F2              
  4.80  7.13 4038.98   96.20 F2F2            
  4.80  0.00    0.00    0.00                 
  0.00  0.00    0.00    0.00                 
  0.00  7.13 4038.98   96.20 F2F2            
  0.00  0.00    0.00    0.00                 
 13.81 16.84 1502.84   96.07 F2              
 13.81 16.87 2842.79   96.07 F2F2            
 13.81  0.00    0.00    0.00                 
 15.36 18.49 1473.79   93.70 F2              
 15.36 18.70 2778.15   93.66 F2F2            
 15.36 17.73 4137.96   93.76 F2F2F2          
 17.87 21.29 1523.38   93.89 F2              
 17.87 21.41 2846.83   93.81 F2F2            
 17.87  0.00    0.00    0.00                 
 13.94 16.98 1501.34   93.95 F2              
 13.94 17.11 2833.42   93.92 F2F2            
 13.94  0.00    0.00    0.00                 
  0.00  0.00    0.00    0.00                 
  0.00 17.11 2833.42   93.92 F2F2            
  0.00  0.00    0.00    0.00                 
 10.52 13.48 1641.08   94.72 F2              
 10.52 13.30 3103.72   94.74 F2F2            
 10.52  0.00    0.00    0.00                 
  0.00  0.00    0.00    0.00                 
  0.00 13.30 3103.72   94.74 F2F2            
  0.00  0.00    0.00    0.00                 
 18.89 22.80 1818.71   93.94 F2              
 18.89 22.40 3250.16   93.86 F2F2            
 18.89  0.00    0.00    0.00                 
 18.57 22.17 1624.17   94.03 F2              
 18.57 22.09 2995.54   93.94 F2F2            
 18.57  0.00    0.00    0.00                 
  0.00  0.00    0.00    0.00                 
  0.00 22.09 2995.54   93.94 F2F2            
  0.00  0.00    0.00    0.00                 
  7.12 10.06 1870.39   95.26 F2              
  7.12  9.54 3563.32   95.29 F2F2            
  7.12  0.00    0.00    0.00                 
  0.00  0.00    0.00    0.00                 
  0.00  9.54 3563.32   95.29 F2F2            
  0.00  0.00    0.00    0.00                 
  0.00  0.00    0.00    0.00                 
  0.00  9.54 3563.32   95.29 F2F2            
  0.00  0.00    0.00    0.00                 
  0.00  0.00    0.00    0.00                 
  0.00  9.54 3563.32   95.29 F2F2            
  0.00  0.00    0.00    0.00                 
  4.79  7.64 2091.64   96.98 F2              
  4.79  6.94 4076.30   97.01 F2F2            
  4.79  0.00    0.00    0.00                 
 17.93 21.26 1513.84   94.51 F2              
 17.93 21.32 2837.16   94.44 F2F2            
 17.93  0.00    0.00    0.00                 
  1.30  4.71 2506.18   95.38 F2              
  1.30  0.00    0.00    0.00                 
  1.30  0.00    0.00    0.00                 
 15.21 18.24 1470.44   94.02 F2              
 15.21 18.37 2779.64   93.99 F2F2            
 15.21 17.41 4150.52   94.10 F2F2F2          
  3.68  6.63 2204.76   94.28 F2              
  3.68  5.96 4289.64   94.28 F2F2            
  3.68  0.00    0.00    0.00                 
 13.80 16.76 1500.98   94.56 F2              
 13.80 16.80 2841.23   94.55 F2F2            
 13.80  0.00    0.00    0.00                 
 12.76 15.67 1534.49   95.69 F2              
 12.76 15.59 2910.51   95.71 F2F2            
 12.76  0.00    0.00    0.00                 
  0.00  0.00    0.00    0.00                 
  0.00 15.59 2910.51   95.71 F2F2            
  0.00  0.00    0.00    0.00                 
 17.21 20.37 1470.21   95.77 F2              
 17.21 20.42 2774.90   95.73 F2F2            
 17.21 19.40 4134.10   95.87 F2F2F2          
 15.41 18.41 1464.59   95.03 F2              
 15.41 18.49 2773.17   95.00 F2F2            
 15.41 17.51 4148.01   95.13 F2F2F2          
 17.81 21.05 1496.73   95.13 F2              
 17.81 21.09 2814.32   95.08 F2F2            
 17.81  0.00    0.00    0.00                 
  9.79 12.65 1679.50   94.83 F2              
  9.79 12.35 3188.71   94.86 F2F2            
  9.79  0.00    0.00    0.00                 
 17.23 20.39 1473.00   94.15 F2              
 17.23 20.50 2777.29   94.09 F2F2            
 17.23 19.50 4129.28   94.21 F2F2F2          
 15.27 18.25 1466.17   94.53 F2              
 15.27 18.34 2776.50   94.50 F2F2            
 15.27 17.37 4152.43   94.62 F2F2F2          
  0.00  0.00    0.00    0.00                 
  0.00 18.34 2776.50   94.50 F2F2            
  0.00 17.37 4152.43   94.62 F2F2F2          
 15.60 18.55 1455.66   98.56 F2              
 15.60 18.46 2768.91   98.58 F2F2            
 15.60  0.00    0.00    0.00                 
  3.02  5.99 2278.64   93.57 F2              
  3.02  0.00    0.00    0.00                 
  3.02  0.00    0.00    0.00                 
  9.60 12.45 1690.21   94.43 F2              
  9.60 12.14 3209.16   94.46 F2F2            
  9.60  0.00    0.00    0.00                 
 12.38 15.22 1546.83   96.71 F2              
 12.38 15.04 2943.09   96.74 F2F2            
 12.38  0.00    0.00    0.00                 
 15.25 18.21 1464.91   94.83 F2              
 15.25 18.27 2776.64   94.81 F2F2            
 15.25  0.00    0.00    0.00                 
 13.63 16.55 1507.31   91.44 F2              
 13.63 16.67 2848.34   91.40 F2F2            
 13.63  0.00    0.00    0.00                 
 15.44 18.40 1461.88   94.83 F2              
 15.44 18.47 2770.95   94.81 F2F2            
 15.44 17.48 4146.67   94.93 F2F2F2          
  3.64  6.49 2207.13   94.28 F2              
  3.64  5.81 4316.69   94.28 F2F2            
  3.64  0.00    0.00    0.00                 
  8.69 11.51 1748.06   94.24 F2              
  8.69 11.12 3324.06   94.27 F2F2            
  8.69  0.00    0.00    0.00                 
 14.08 16.96 1488.23   95.57 F2              
 14.08 16.92 2826.82   95.57 F2F2            
 14.08  0.00    0.00    0.00                 
 12.99 15.83 1522.84   95.59 F2              
 12.99 15.73 2894.51   95.61 F2F2            
 12.99  0.00    0.00    0.00                 
 11.08 13.94 1608.49   92.20 F2              
 11.08 13.83 3043.21   92.19 F2F2            
 11.08  0.00    0.00    0.00                 
 18.34 21.56 1515.83   99.26 F2              
 18.34 21.29 2853.54   99.26 F2F2            
 18.34  0.00    0.00    0.00                 
  0.00  0.00    0.00    0.00                 
  0.00 21.29 2853.54   99.26 F2F2            
  0.00  0.00    0.00    0.00                 
  0.19  4.00 2646.02   94.68 F2              
  0.19  0.00    0.00    0.00                 
  0.19  0.00    0.00    0.00                 
 18.68 22.08 1594.51   93.85 F2              
 18.68 21.95 2961.96   93.77 F2F2            
 18.68  0.00    0.00    0.00                 
 14.92 17.84 1474.64   90.40 F2              
 14.92 18.04 2788.01   90.33 F2F2            
 14.92 17.14 4151.26   90.39 F2F2F2          
  9.06 11.84 1721.80   94.14 F2              
  9.06 11.46 3277.00   94.17 F2F2            
  9.06  0.00    0.00    0.00                 
  9.35 12.10 1703.11   95.75 F2              
  9.35 11.69 3251.49   95.78 F2F2            
  9.35  0.00    0.00    0.00                 
  0.18  3.98 2644.22   94.18 F2              
  0.18  0.00    0.00    0.00                 
  0.18  0.00    0.00    0.00                 
 16.59 19.56 1451.37   95.40 F2              
 16.59 19.58 2753.35   95.38 F2F2            
 16.59 18.57 4117.33   95.51 F2F2F2          
  6.07  8.84 1955.06   93.87 F2              
  6.07  8.21 3753.97   93.89 F2F2            
  6.07  0.00    0.00    0.00                 
 18.67 21.99 1570.98   95.39 F2              
 18.67 21.79 2931.61   95.33 F2F2            
 18.67  0.00    0.00    0.00                 
  5.30  8.04 2028.05   94.47 F2              
  5.30  7.35 3924.55   94.49 F2F2            
  5.30  0.00    0.00    0.00                 
  5.67  8.41 1992.63   94.47 F2              
  5.67  7.74 3845.52   94.49 F2F2            
  5.67  0.00    0.00    0.00                 
  5.43  8.17 2014.38   94.07 F2              
  5.43  7.50 3888.74   94.09 F2F2            
  5.43  0.00    0.00    0.00                 
 17.16 20.18 1459.32   94.27 F2              
 17.16 20.23 2762.83   94.22 F2F2            
 17.16 19.22 4119.23   94.34 F2F2F2          
  0.00  0.00    0.00    0.00                 
  0.00 20.23 2762.83   94.22 F2F2            
  0.00 19.22 4119.23   94.34 F2F2F2          
  9.73 12.48 1678.75   93.93 F2              
  9.73 12.14 3195.64   93.96 F2F2            
  9.73  0.00    0.00    0.00                 
  0.00  0.00    0.00    0.00                 
  0.00 12.14 3195.64   93.96 F2F2            
  0.00  0.00    0.00    0.00                 
  0.00  0.00    0.00    0.00                 
  0.00 12.14 3195.64   93.96 F2F2            
  0.00  0.00    0.00    0.00                 
 17.22 20.24 1463.22   92.75 F2              
 17.22 20.35 2767.00   92.68 F2F2            
 17.22 19.37 4116.62   92.77 F2F2F2          
  0.00  0.00    0.00    0.00                 
  0.00 20.35 2767.00   92.68 F2F2            
  0.00 19.37 4116.62   92.77 F2F2F2          
 13.59 16.42 1506.61   89.43 F2              
 13.59 16.55 2850.07   89.37 F2F2            
 13.59  0.00    0.00    0.00                 
 15.53 18.39 1454.46   94.94 F2              
 15.53 18.39 2765.29   94.92 F2F2            
 15.53 17.40 4146.48   95.04 F2F2F2          
  4.18  6.90 2140.85   93.88 F2              
  4.18  6.19 4182.33   93.88 F2F2            
  4.18  0.00    0.00    0.00                 
 18.26 21.42 1511.16   94.11 F2              
 18.26 21.37 2842.92   94.04 F2F2            
 18.26  0.00    0.00    0.00                 
  0.44  4.00 2617.04   94.98 F2              
  0.44  0.00    0.00    0.00                 
  0.44  0.00    0.00    0.00                 
 15.72 18.60 1453.66   93.82 F2              
 15.72 18.65 2760.51   93.79 F2F2            
 15.72 17.67 4130.42   93.90 F2F2F2          
 17.16 20.14 1454.99   94.78 F2              
 17.16 20.15 2758.89   94.74 F2F2            
 17.16 19.13 4119.18   94.87 F2F2F2          
  0.12  3.88 2651.69   94.08 F2              
  0.12  0.00    0.00    0.00                 
  0.12 19.13 4119.18   94.87 F2F2F2          
 14.36 17.16 1476.43   94.76 F2              
 14.36 17.11 2810.24   94.76 F2F2            
 14.36  0.00    0.00    0.00                 
 15.45 18.29 1454.74   94.43 F2              
 15.45 18.29 2766.61   94.42 F2F2            
 15.45 17.31 4147.97   94.53 F2F2F2          
  0.00  0.00    0.00    0.00                 
  0.00 18.29 2766.61   94.42 F2F2            
  0.00 17.31 4147.97   94.53 F2F2F2          
  0.15  3.86 2653.63   94.88 F2              
  0.15  0.00    0.00    0.00                 
  0.15 17.31 4147.97   94.53 F2F2F2          
 16.89 19.82 1449.80   94.49 F2              
 16.89 19.84 2752.03   94.45 F2F2            
 16.89 18.83 4112.13   94.57 F2F2F2          
 10.50 13.19 1632.12   95.03 F2              
 10.50 12.85 3116.63   95.06 F2F2            
 10.50  0.00    0.00    0.00                 
 16.64 19.56 1454.12   91.06 F2              
 16.64 19.71 2754.41   90.97 F2F2            
 16.64 18.77 4098.59   91.04 F2F2F2          
 18.02 21.10 1491.78   92.41 F2              
 18.02 21.14 2813.08   92.32 F2F2            
 18.02  0.00    0.00    0.00                 
 11.87 14.58 1563.34   95.02 F2              
 11.87 14.34 2982.58   95.04 F2F2            
 11.87  0.00    0.00    0.00                 
 13.37 16.13 1506.13   93.27 F2              
 13.37 16.07 2864.68   93.27 F2F2            
 13.37  0.00    0.00    0.00                 
  5.26  7.88 2029.56   95.28 F2              
  5.26  7.15 3960.43   95.30 F2F2            
  5.26  0.00    0.00    0.00                 
 18.75 21.98 1566.33   94.28 F2              
 18.75 21.79 2928.48   94.21 F2F2            
 18.75  0.00    0.00    0.00                 
 16.74 19.65 1449.89   92.78 F2              
 16.74 19.72 2750.95   92.72 F2F2            
 16.74 18.74 4103.78   92.82 F2F2F2          
 14.47 17.23 1470.84   95.47 F2              
 14.47 17.12 2805.13   95.48 F2F2            
 14.47  0.00    0.00    0.00                 
  7.15  9.83 1857.07   93.56 F2              
  7.15  9.24 3562.41   93.58 F2F2            
  7.15  0.00    0.00    0.00                 
 15.95 18.78 1447.32   94.12 F2              
 15.95 18.79 2753.39   94.09 F2F2            
 15.95 17.80 4124.32   94.21 F2F2F2          
 19.06 22.36 1628.29   96.07 F2              
 19.06 21.96 3020.25   96.04 F2F2            
 19.06  0.00    0.00    0.00                 
 12.09 14.79 1553.27   94.01 F2              
 12.09 14.60 2960.84   94.02 F2F2            
 12.09  0.00    0.00    0.00                 
 16.03 18.87 1448.56   92.60 F2              
 16.03 18.93 2752.54   92.55 F2F2            
 16.03 17.97 4113.55   92.65 F2F2F2          
  5.07  7.68 2044.52   94.18 F2              
  5.07  6.96 3983.48   94.19 F2F2            
  5.07  0.00    0.00    0.00                 
 14.09 16.82 1480.92   94.57 F2              
 14.09 16.73 2823.40   94.57 F2F2            
 14.09  0.00    0.00    0.00                 
 17.34 20.26 1452.87   94.38 F2              
 17.34 20.25 2758.51   94.33 F2F2            
 17.34 19.23 4119.86   94.46 F2F2F2          
  0.00  0.00    0.00    0.00                 
  0.00 20.25 2758.51   94.33 F2F2            
  0.00 19.23 4119.86   94.46 F2F2F2          
  0.00  0.00    0.00    0.00                 
  0.00 20.25 2758.51   94.33 F2F2            
  0.00 19.23 4119.86   94.46 F2F2F2          
 10.08 12.71 1653.25   95.04 F2              
 10.08 12.30 3165.11   95.07 F2F2            
 10.08  0.00    0.00    0.00                 
  0.00  0.00    0.00    0.00                 
  0.00 12.30 3165.11   95.07 F2F2            
  0.00  0.00    0.00    0.00                 
 18.83 21.99 1557.60   95.60 F2              
 18.83 21.71 2920.61   95.56 F2F2            
 18.83  0.00    0.00    0.00                 
 19.04 22.27 1606.35   95.48 F2              
 19.04 21.91 2991.28   95.44 F2F2            
 19.04  0.00    0.00    0.00                 
 11.24 13.88 1590.36   94.53 F2              
 11.24 13.57 3040.17   94.55 F2F2            
 11.24  0.00    0.00    0.00                 
  0.00  0.00    0.00    0.00                 
  0.00 13.57 3040.17   94.55 F2F2            
  0.00  0.00    0.00    0.00                 
  0.00  0.00    0.00    0.00                 
  0.00 13.57 3040.17   94.55 F2F2            
  0.00  0.00    0.00    0.00                 
 18.50 21.51 1498.05   97.87 F2              
 18.50 21.21 2836.09   97.86 F2F2            
 18.50  0.00    0.00    0.00                 
  7.20  9.80 1850.31   94.37 F2              
  7.20  9.16 3567.94   94.40 F2F2            
  7.20  0.00    0.00    0.00                 
 12.15 14.80 1548.31   93.60 F2              
 12.15 14.60 2955.14   93.61 F2F2            
 12.15  0.00    0.00    0.00                 
 11.61 14.24 1571.88   94.02 F2              
 11.61 13.97 3003.51   94.03 F2F2            
 11.61  0.00    0.00    0.00                 
 16.30 19.08 1439.47   94.42 F2              
 16.30 19.03 2744.51   94.40 F2F2            
 16.30 18.03 4115.92   94.52 F2F2F2          
 16.38 19.16 1439.29   94.12 F2              
 16.38 19.12 2743.58   94.09 F2F2            
 16.38 18.12 4112.33   94.20 F2F2F2          
  0.22  3.77 2632.07   92.88 F2              
  0.22  0.00    0.00    0.00                 
  0.22 18.12 4112.33   94.20 F2F2F2          
 18.29 21.26 1484.91   94.74 F2              
 18.29 21.11 2812.41   94.70 F2F2            
 18.29  0.00    0.00    0.00                 
  0.00  0.00    0.00    0.00                 
  0.00 21.11 2812.41   94.70 F2F2            
  0.00  0.00    0.00    0.00                 
 15.55 18.26 1445.48   93.84 F2              
 15.55 18.21 2758.73   93.82 F2F2            
 15.55 17.23 4143.10   93.93 F2F2F2          
  0.07  3.68 2655.70   93.58 F2              
  0.07  0.00    0.00    0.00                 
  0.07 17.23 4143.10   93.93 F2F2F2          
 17.31 20.14 1444.36   93.88 F2              
 17.31 20.09 2749.55   93.84 F2F2            
 17.31 19.08 4111.78   93.96 F2F2F2          
  0.12  3.68 2652.36   93.98 F2              
  0.12  0.00    0.00    0.00                 
  0.12 19.08 4111.78   93.96 F2F2F2          
  0.12  3.67 2657.10   94.68 F2              
  0.12  0.00    0.00    0.00                 
  0.12 19.08 4111.78   93.96 F2F2F2          
 17.85 20.71 1454.31   95.48 F2              
 17.85 20.56 2768.11   95.45 F2F2            
 17.85  0.00    0.00    0.00                 
  0.00  0.00    0.00    0.00                 
  0.00 20.56 2768.11   95.45 F2F2            
  0.00  0.00    0.00    0.00                 
 17.76 20.59 1447.88   96.20 F2              
 17.76 20.40 2760.39   96.18 F2F2            
 17.76  0.00    0.00    0.00                 
  5.93  8.42 1955.72   94.58 F2              
  5.93  7.67 3816.30   94.60 F2F2            
  5.93  0.00    0.00    0.00                 
  0.00  0.00    0.00    0.00                 
  0.00  7.67 3816.30   94.60 F2F2            
  0.00  0.00    0.00    0.00                 
  0.38  3.74 2618.01   93.88 F2              
  0.38  0.00    0.00    0.00                 
  0.38  0.00    0.00    0.00                 
 13.96 16.53 1475.43   96.70 F2              
 13.96 16.26 2833.43   96.73 F2F2            
 13.96  0.00    0.00    0.00                 
 12.88 15.46 1514.11   94.30 F2              
 12.88 15.22 2900.13   94.32 F2F2            
 12.88  0.00    0.00    0.00                 
  0.36  3.72 2619.64   93.68 F2              
  0.36  0.00    0.00    0.00                 
  0.36  0.00    0.00    0.00                 
 18.18 21.05 1466.91   94.76 F2              
 18.18 20.88 2788.64   94.72 F2F2            
 18.18  0.00    0.00    0.00                 
  9.86 12.37 1660.56   94.75 F2              
  9.86 11.87 3194.00   94.78 F2F2            
  9.86  0.00    0.00    0.00                 
 14.43 17.04 1465.07   93.27 F2              
 14.43 16.92 2802.04   93.25 F2F2            
 14.43  0.00    0.00    0.00                 
  0.00  0.00    0.00    0.00                 
  0.00 16.92 2802.04   93.25 F2F2            
  0.00  0.00    0.00    0.00                 
 15.62 18.27 1440.90   93.24 F2              
 15.62 18.20 2754.35   93.21 F2F2            
 15.62 17.22 4138.06   93.32 F2F2F2          
 17.94 20.77 1459.81   92.04 F2              
 17.94 20.72 2774.53   91.96 F2F2            
 17.94  0.00    0.00    0.00                 
 13.00 15.55 1508.62   94.30 F2              
 13.00 15.29 2892.22   94.32 F2F2            
 13.00  0.00    0.00    0.00                 
  0.00  0.00    0.00    0.00                 
  0.00 15.29 2892.22   94.32 F2F2            
  0.00  0.00    0.00    0.00                 
  4.36  6.75 2109.74   94.48 F2              
  4.36  5.95 4195.05   94.49 F2F2            
  4.36  0.00    0.00    0.00                 
  0.00  0.00    0.00    0.00                 
  0.00  5.95 4195.05   94.49 F2F2            
  0.00  0.00    0.00    0.00                 
  0.16  3.55 2659.50   95.28 F2              
  0.16  0.00    0.00    0.00                 
  0.16  0.00    0.00    0.00                 
 12.30 14.80 1535.35   94.42 F2              
 12.30 14.49 2947.78   94.44 F2F2            
 12.30  0.00    0.00    0.00                 
 11.82 14.32 1556.82   93.42 F2              
 11.82 14.01 2986.11   93.43 F2F2            
 11.82  0.00    0.00    0.00                 
  0.03  3.49 2673.18   94.68 F2              
  0.03  0.00    0.00    0.00                 
  0.03  0.00    0.00    0.00                 
 13.89 16.42 1477.22   94.29 F2              
 13.89 16.20 2833.67   94.30 F2F2            
 13.89  0.00    0.00    0.00                 
 15.61 18.20 1437.42   94.05 F2              
 15.61 18.06 2753.96   94.04 F2F2            
 15.61 17.08 4146.60   94.15 F2F2F2          
  0.26  3.56 2641.90   94.38 F2              
  0.26  0.00    0.00    0.00                 
  0.26 17.08 4146.60   94.15 F2F2F2          
 10.91 13.34 1599.78   95.85 F2              
 10.91 12.85 3086.37   95.89 F2F2            
 10.91  0.00    0.00    0.00                 
 18.77 21.63 1499.48   95.24 F2              
 18.77 21.33 2844.63   95.21 F2F2            
 18.77  0.00    0.00    0.00                 
  0.00  0.00    0.00    0.00                 
  0.00 21.33 2844.63   95.21 F2F2            
  0.00  0.00    0.00    0.00                 
 17.94 20.67 1444.94   95.09 F2              
 17.94 20.47 2759.53   95.06 F2F2            
 17.94 19.45 4135.82   95.20 F2F2F2          
  0.00  0.00    0.00    0.00                 
  0.00 20.47 2759.53   95.06 F2F2            
  0.00 19.45 4135.82   95.20 F2F2F2          
 12.83 15.29 1512.00   95.22 F2              
 12.83 14.95 2909.17   95.24 F2F2            
 12.83  0.00    0.00    0.00                 
  0.00  0.00    0.00    0.00                 
  0.00 14.95 2909.17   95.24 F2F2            
  0.00  0.00    0.00    0.00                 
 11.65 14.10 1563.31   93.52 F2              
 11.65 13.75 3003.81   93.54 F2F2            
 11.65  0.00    0.00    0.00                 
  0.04  3.43 2679.68   95.48 F2              
  0.04  0.00    0.00    0.00                 
  0.04  0.00    0.00    0.00                 
  0.00  0.00    0.00    0.00                 
  0.00  0.00    0.00    0.00                 
  0.00  0.00    0.00    0.00                 
  5.56  7.88 1984.73   94.28 F2              
  5.56  7.09 3909.87   94.30 F2F2            
  5.56  0.00    0.00    0.00                 
  0.00  0.00    0.00    0.00                 
  0.00  7.09 3909.87   94.30 F2F2            
  0.00  0.00    0.00    0.00                 
 10.63 13.02 1613.78   95.35 F2              
 10.63 12.51 3116.06   95.39 F2F2            
 10.63  0.00    0.00    0.00                 
  7.16  9.58 1844.24   91.56 F2              
  7.16  8.92 3563.19   91.57 F2F2            
  7.16  0.00    0.00    0.00                 
 18.94 21.81 1521.23   93.21 F2              
 18.94 21.54 2877.21   93.14 F2F2            
 18.94  0.00    0.00    0.00                 
 17.41 20.06 1431.57   93.80 F2              
 17.41 19.92 2738.49   93.76 F2F2            
 17.41 18.91 4106.79   93.88 F2F2F2          
  0.00  0.00    0.00    0.00                 
  0.00 19.92 2738.49   93.76 F2F2            
  0.00 18.91 4106.79   93.88 F2F2F2          
  0.00  0.00    0.00    0.00                 
  0.00 19.92 2738.49   93.76 F2F2            
  0.00 18.91 4106.79   93.88 F2F2F2          
 19.29 22.22 1577.17   94.50 F2              
 19.29 21.80 2963.47   94.45 F2F2            
 19.29  0.00    0.00    0.00                 
 18.45 21.19 1466.42   94.16 F2              
 18.45 20.96 2794.33   94.12 F2F2            
 18.45  0.00    0.00    0.00                 
  0.00  0.00    0.00    0.00                 
  0.00 20.96 2794.33   94.12 F2F2            
  0.00  0.00    0.00    0.00                 
  0.00  0.00    0.00    0.00                 
  0.00 20.96 2794.33   94.12 F2F2            
  0.00  0.00    0.00    0.00                 
  0.00  0.00    0.00    0.00                 
  0.00 20.96 2794.33   94.12 F2F2            
  0.00  0.00    0.00    0.00                 
  0.00  0.00    0.00    0.00                 
  0.00 20.96 2794.33   94.12 F2F2            
  0.00  0.00    0.00    0.00                 
  0.00  0.00    0.00    0.00                 
  0.00 20.96 2794.33   94.12 F2F2            
  0.00  0.00    0.00    0.00                 
  0.00  0.00    0.00    0.00                 
  0.00 20.96 2794.33   94.12 F2F2            
  0.00  0.00    0.00    0.00                 
  0.00  0.00    0.00    0.00                 
  0.00 20.96 2794.33   94.12 F2F2            
  0.00  0.00    0.00    0.00                 
  3.08  5.34 2262.68   94.68 F2              
  3.08  0.00    0.00    0.00                 
  3.08  0.00    0.00    0.00                 
  0.00  0.00    0.00    0.00                 
  0.00  0.00    0.00    0.00                 
  0.00  0.00    0.00    0.00                 
 15.95 18.44 1426.75   94.86 F2              
 15.95 18.22 2742.89   94.86 F2F2            
 15.95 17.24 4139.13   94.98 F2F2F2          
  0.00  0.00    0.00    0.00                 
  0.00 18.22 2742.89   94.86 F2F2            
  0.00 17.24 4139.13   94.98 F2F2F2          
 13.88 16.30 1473.27   94.30 F2              
 13.88 16.01 2835.81   94.31 F2F2            
 13.88  0.00    0.00    0.00                 
  0.00  0.00    0.00    0.00                 
  0.00 16.01 2835.81   94.31 F2F2            
  0.00  0.00    0.00    0.00                 
  0.00  0.00    0.00    0.00                 
  0.00 16.01 2835.81   94.31 F2F2            
  0.00  0.00    0.00    0.00                 
  0.09  3.35 2664.70   93.58 F2              
  0.09  0.00    0.00    0.00                 
  0.09  0.00    0.00    0.00                 
  5.48  7.80 1982.29   89.46 F2              
  5.48  7.06 3858.41   89.45 F2F2            
  5.48  0.00    0.00    0.00                 
 13.84 16.23 1473.51   94.91 F2              
 13.84 15.92 2839.72   94.92 F2F2            
 13.84  0.00    0.00    0.00                 
  0.00  0.00    0.00    0.00                 
  0.00 15.92 2839.72   94.92 F2F2            
  0.00  0.00    0.00    0.00                 
  9.28 11.50 1691.74   98.08 F2              
  9.28 10.76 3308.60   98.14 F2F2            
  9.28  0.00    0.00    0.00                 
 13.44 15.82 1486.82   94.21 F2              
 13.44 15.50 2864.80   94.22 F2F2            
 13.44  0.00    0.00    0.00                 
 13.39 15.75 1487.84   94.81 F2              
 13.39 15.40 2869.80   94.83 F2F2            
 13.39  0.00    0.00    0.00                 
  0.00  0.00    0.00    0.00                 
  0.00 15.40 2869.80   94.83 F2F2            
  0.00  0.00    0.00    0.00                 
  0.00  0.00    0.00    0.00                 
  0.00 15.40 2869.80   94.83 F2F2            
  0.00  0.00    0.00    0.00                 
  0.00  0.00    0.00    0.00                 
  0.00 15.40 2869.80   94.83 F2F2            
  0.00  0.00    0.00    0.00                 
  0.00  0.00    0.00    0.00                 
  0.00 15.40 2869.80   94.83 F2F2            
  0.00  0.00    0.00    0.00                 
 19.20 22.01 1552.30   90.16 F2              
 19.20 21.76 2926.86   90.03 F2F2            
 19.20  0.00    0.00    0.00                 
 10.42 12.72 1622.26   93.65 F2              
 10.42 12.20 3136.42   93.67 F2F2            
 10.42  0.00    0.00    0.00                 
 19.62 22.45 1611.13   98.44 F2              
 19.62 21.71 3021.95   98.46 F2F2            
 19.62  0.00    0.00    0.00                 
  0.00  0.00    0.00    0.00                 
  0.00 21.71 3021.95   98.46 F2F2            
  0.00  0.00    0.00    0.00                 
 16.60 19.06 1418.10   94.75 F2              
 16.60 18.82 2728.60   94.74 F2F2            
 16.60 17.83 4114.78   94.87 F2F2F2          
  0.00  0.00    0.00    0.00                 
  0.00 18.82 2728.60   94.74 F2F2            
  0.00 17.83 4114.78   94.87 F2F2F2          
 18.16 20.74 1437.96   94.69 F2              
 18.16 20.47 2755.80   94.67 F2F2            
 18.16  0.00    0.00    0.00                 
 16.81 19.27 1416.04   95.25 F2              
 16.81 19.00 2726.19   95.25 F2F2            
 16.81 18.01 4112.82   95.38 F2F2F2          
  0.00  0.00    0.00    0.00                 
  0.00 19.00 2726.19   95.25 F2F2            
  0.00 18.01 4112.82   95.38 F2F2F2          
 13.03 15.35 1499.80   94.01 F2              
 13.03 14.98 2894.71   94.03 F2F2            
 13.03  0.00    0.00    0.00                 
  0.12  3.26 2668.70   94.18 F2              
  0.12  0.00    0.00    0.00                 
  0.12  0.00    0.00    0.00                 
  7.26  9.43 1833.65   95.08 F2              
  7.26  8.63 3605.50   95.11 F2F2            
  7.26  0.00    0.00    0.00                 
 17.23 19.71 1420.23   92.51 F2              
 17.23 19.54 2727.02   92.46 F2F2            
 17.23 18.55 4095.67   92.56 F2F2F2          
  0.00  0.00    0.00    0.00                 
  0.00 19.54 2727.02   92.46 F2F2            
  0.00 18.55 4095.67   92.56 F2F2F2          
  9.98 12.20 1645.36   94.66 F2              
  9.98 11.59 3196.35   94.69 F2F2            
  9.98  0.00    0.00    0.00                 
 11.08 13.33 1585.19   94.34 F2              
 11.08 12.80 3071.07   94.37 F2F2            
 11.08  0.00    0.00    0.00                 
 11.89 14.15 1545.81   94.23 F2              
 11.89 13.68 2991.31   94.26 F2F2            
 11.89  0.00    0.00    0.00                 
 18.61 21.21 1470.91   89.41 F2              
 18.61 21.08 2803.36   89.28 F2F2            
 18.61  0.00    0.00    0.00                 
  0.00  0.00    0.00    0.00                 
  0.00 21.08 2803.36   89.28 F2F2            
  0.00  0.00    0.00    0.00                 
  0.00  0.00    0.00    0.00                 
  0.00 21.08 2803.36   89.28 F2F2            
  0.00  0.00    0.00    0.00                 
  0.00  0.00    0.00    0.00                 
  0.00 21.08 2803.36   89.28 F2F2            
  0.00  0.00    0.00    0.00                 
 14.25 16.57 1458.16   93.49 F2              
 14.25 16.26 2813.49   93.50 F2F2            
 14.25  0.00    0.00    0.00                 
 13.11 15.39 1495.54   93.21 F2              
 13.11 15.03 2887.84   93.22 F2F2            
 13.11  0.00    0.00    0.00                 
  0.00  0.00    0.00    0.00                 
  0.00 15.03 2887.84   93.22 F2F2            
  0.00  0.00    0.00    0.00                 
  3.48  5.52 2209.34   94.78 F2              
  3.48  0.00    0.00    0.00                 
  3.48  0.00    0.00    0.00                 
  0.00  0.00    0.00    0.00                 
  0.00  0.00    0.00    0.00                 
  0.00  0.00    0.00    0.00                 
 10.55 12.73 1611.60   95.46 F2              
 10.55 12.10 3136.95   95.50 F2F2            
 10.55  0.00    0.00    0.00                 
 15.17 17.48 1432.51   94.99 F2              
 15.17 17.14 2768.83   95.00 F2F2            
 15.17  0.00    0.00    0.00                 
 10.99 13.20 1588.43   93.34 F2              
 10.99 12.68 3078.01   93.36 F2F2            
 10.99  0.00    0.00    0.00                 
 17.61 20.04 1416.84   94.22 F2              
 17.61 19.77 2727.04   94.20 F2F2            
 17.61 18.77 4105.25   94.32 F2F2F2          
  0.00  0.00    0.00    0.00                 
  0.00 19.77 2727.04   94.20 F2F2            
  0.00 18.77 4105.25   94.32 F2F2F2          
  9.70 11.88 1660.21   93.25 F2              
  9.70 11.26 3225.79   93.28 F2F2            
  9.70  0.00    0.00    0.00                 
 18.15 20.61 1426.33   95.01 F2              
 18.15 20.27 2743.56   95.00 F2F2            
 18.15 19.28 4128.01   95.13 F2F2F2          
  0.00  0.00    0.00    0.00                 
  0.00 20.27 2743.56   95.00 F2F2            
  0.00 19.28 4128.01   95.13 F2F2F2          
  0.00  0.00    0.00    0.00                 
  0.00 20.27 2743.56   95.00 F2F2            
  0.00 19.28 4128.01   95.13 F2F2F2          
 18.86 21.39 1461.20   95.28 F2              
 18.86 20.98 2799.71   95.27 F2F2            
 18.86  0.00    0.00    0.00                 
 19.57 22.27 1573.50   92.89 F2              
 19.57 21.78 2969.46   92.83 F2F2            
 19.57  0.00    0.00    0.00                 
 11.30 13.49 1571.57   93.94 F2              
 11.30 12.95 3049.82   93.97 F2F2            
 11.30  0.00    0.00    0.00                 
  0.00  0.00    0.00    0.00                 
  0.00 12.95 3049.82   93.97 F2F2            
  0.00  0.00    0.00    0.00                 
 17.09 19.47 1412.55   92.83 F2              
 17.09 19.23 2720.91   92.79 F2F2            
 17.09 18.25 4096.36   92.89 F2F2F2          
 16.68 19.01 1408.79   95.77 F2              
 16.68 18.65 2723.36   95.78 F2F2            
 16.68 17.67 4121.38   95.92 F2F2F2          
  9.45 11.56 1674.57   95.37 F2              
  9.45 10.84 3274.62   95.41 F2F2            
  9.45  0.00    0.00    0.00                 
 10.80 12.96 1596.70   94.45 F2              
 10.80 12.36 3105.44   94.49 F2F2            
 10.80  0.00    0.00    0.00                 
  0.00  0.00    0.00    0.00                 
  0.00 12.36 3105.44   94.49 F2F2            
  0.00  0.00    0.00    0.00                 
 19.27 21.85 1501.77   94.35 F2              
 19.27 21.39 2863.57   94.31 F2F2            
 19.27  0.00    0.00    0.00                 
  0.00  0.00    0.00    0.00                 
  0.00 21.39 2863.57   94.31 F2F2            
  0.00  0.00    0.00    0.00                 
 15.36 17.61 1425.51   95.39 F2              
 15.36 17.23 2760.77   95.41 F2F2            
 15.36  0.00    0.00    0.00                 
 15.48 17.74 1423.76   94.48 F2              
 15.48 17.40 2754.65   94.49 F2F2            
 15.48  0.00    0.00    0.00                 
  0.33  3.16 2644.24   93.68 F2              
  0.33  0.00    0.00    0.00                 
  0.33  0.00    0.00    0.00                 
 19.67 22.36 1602.21   90.66 F2              
 19.67 21.90 3011.91   90.54 F2F2            
 19.67  0.00    0.00    0.00                 
 13.73 15.91 1468.24   95.93 F2              
 13.73 15.42 2852.45   95.96 F2F2            
 13.73  0.00    0.00    0.00                 
 13.07 15.27 1494.21   92.11 F2              
 13.07 14.89 2890.25   92.11 F2F2            
 13.07  0.00    0.00    0.00                 
  0.00  0.00    0.00    0.00                 
  0.00 14.89 2890.25   92.11 F2F2            
  0.00  0.00    0.00    0.00                 
 11.14 13.26 1577.51   95.16 F2              
 11.14 12.64 3074.46   95.19 F2F2            
 11.14  0.00    0.00    0.00                 
  0.00  0.00    0.00    0.00                 
  0.00 12.64 3074.46   95.19 F2F2            
  0.00  0.00    0.00    0.00                 
 15.90 18.15 1414.63   95.18 F2              
 15.90 17.77 2739.95   95.20 F2F2            
 15.90 16.82 4154.91   95.32 F2F2F2          
 15.91 18.16 1415.17   94.28 F2              
 15.91 17.82 2738.75   94.28 F2F2            
 15.91 16.86 4147.87   94.39 F2F2F2          
 16.63 18.90 1405.89   95.57 F2              
 16.63 18.52 2722.03   95.58 F2F2            
 16.63 17.55 4122.93   95.72 F2F2F2          
 15.89 18.15 1417.07   92.66 F2              
 15.89 17.86 2738.52   92.64 F2F2            
 15.89 16.91 4138.52   92.74 F2F2F2          
 10.64 12.71 1603.15   96.37 F2              
 10.64 12.00 3137.54   96.42 F2F2            
 10.64  0.00    0.00    0.00                 
 11.81 13.92 1543.89   94.95 F2              
 11.81 13.34 3006.77   94.98 F2F2            
 11.81  0.00    0.00    0.00                 
 17.12 19.42 1405.86   94.04 F2              
 17.12 19.10 2716.64   94.03 F2F2            
 17.12 18.12 4101.70   94.15 F2F2F2          
 19.03 21.45 1454.59   97.41 F2              
 19.03 20.89 2798.53   97.43 F2F2            
 19.03  0.00    0.00    0.00                 
 14.40 16.57 1446.56   95.11 F2              
 14.40 16.13 2808.35   95.14 F2F2            
 14.40  0.00    0.00    0.00                 
 14.28 16.48 1452.92   91.59 F2              
 14.28 16.15 2810.08   91.57 F2F2            
 14.28  0.00    0.00    0.00                 
 12.26 14.37 1523.17   95.04 F2              
 12.26 13.81 2965.86   95.08 F2F2            
 12.26  0.00    0.00    0.00                 
  0.00  0.00    0.00    0.00                 
  0.00 13.81 2965.86   95.08 F2F2            
  0.00  0.00    0.00    0.00                 
 15.40 17.60 1422.34   94.39 F2              
 15.40 17.22 2757.11   94.40 F2F2            
 15.40  0.00    0.00    0.00                 
 15.06 17.24 1429.43   94.30 F2              
 15.06 16.85 2772.04   94.31 F2F2            
 15.06  0.00    0.00    0.00                 
 13.85 15.97 1461.73   95.93 F2              
 13.85 15.45 2845.09   95.97 F2F2            
 13.85  0.00    0.00    0.00                 
 11.97 14.05 1535.17   95.45 F2              
 11.97 13.44 2994.80   95.49 F2F2            
 11.97  0.00    0.00    0.00                 
 17.13 19.38 1401.84   94.45 F2              
 17.13 19.01 2714.01   94.45 F2F2            
 17.13 18.03 4103.76   94.57 F2F2F2          
  0.00  0.00    0.00    0.00                 
  0.00 19.01 2714.01   94.45 F2F2            
  0.00 18.03 4103.76   94.57 F2F2F2          
 12.89 14.98 1495.64   94.84 F2              
 12.89 14.43 2912.89   94.87 F2F2            
 12.89  0.00    0.00    0.00                 
  5.42  7.28 1981.86   94.99 F2              
  5.42  6.36 4017.46   95.00 F2F2            
  5.42  0.00    0.00    0.00                 
 14.06 16.18 1454.75   94.01 F2              
 14.06 15.72 2826.95   94.03 F2F2            
 14.06  0.00    0.00    0.00                 
  0.00  0.00    0.00    0.00                 
  0.00 15.72 2826.95   94.03 F2F2            
  0.00  0.00    0.00    0.00                 
 15.90 18.05 1409.21   95.39 F2              
 15.90 17.61 2738.39   95.41 F2F2            
 15.90  0.00    0.00    0.00                 
  0.00  0.00    0.00    0.00                 
  0.00 17.61 2738.39   95.41 F2F2            
  0.00  0.00    0.00    0.00                 
  0.00  0.00    0.00    0.00                 
  0.00 17.61 2738.39   95.41 F2F2            
  0.00  0.00    0.00    0.00                 
 18.57 20.86 1422.07   94.92 F2              
 18.57 20.42 2746.56   94.91 F2F2            
 18.57  0.00    0.00    0.00                 
 12.18 14.20 1523.59   94.95 F2              
 12.18 13.59 2975.69   94.98 F2F2            
 12.18  0.00    0.00    0.00                 
 12.19 14.21 1523.09   94.75 F2              
 12.19 13.60 2974.31   94.78 F2F2            
 12.19  0.00    0.00    0.00                 
 10.56 12.54 1603.73   94.46 F2              
 10.56 11.83 3141.60   94.50 F2F2            
 10.56  0.00    0.00    0.00                 
  0.00  0.00    0.00    0.00                 
  0.00 11.83 3141.60   94.50 F2F2            
  0.00  0.00    0.00    0.00                 
  0.00  0.00    0.00    0.00                 
  0.00 11.83 3141.60   94.50 F2F2            
  0.00  0.00    0.00    0.00                 
 18.29 20.53 1410.44   94.63 F2              
 18.29 20.10 2729.08   94.62 F2F2            
 18.29 19.12 4118.63   94.74 F2F2F2          
 16.52 18.66 1401.43   93.47 F2              
 16.52 18.28 2719.39   93.46 F2F2            
 16.52 17.32 4118.00   93.56 F2F2F2          
 18.01 20.22 1403.62   94.64 F2              
 18.01 19.79 2718.89   94.63 F2F2            
 18.01 18.82 4107.47   94.76 F2F2F2          
 17.28 19.43 1395.56   95.37 F2              
 17.28 18.98 2710.34   95.38 F2F2            
 17.28 18.02 4107.40   95.51 F2F2F2          
 17.94 20.13 1400.85   95.04 F2              
 17.94 19.68 2716.11   95.05 F2F2            
 17.94 18.71 4107.06   95.18 F2F2F2          
 17.52 19.68 1396.45   95.06 F2              
 17.52 19.24 2710.37   95.06 F2F2            
 17.52 18.27 4103.48   95.19 F2F2F2          
 15.64 17.72 1412.00   94.50 F2              
 15.64 17.26 2747.23   94.51 F2F2            
 15.64  0.00    0.00    0.00                 
 16.64 18.75 1397.80   94.68 F2              
 16.64 18.31 2717.07   94.69 F2F2            
 16.64 17.36 4121.65   94.80 F2F2F2          
 17.93 20.10 1400.34   94.44 F2              
 17.93 19.67 2715.11   94.43 F2F2            
 17.93 18.70 4103.73   94.55 F2F2F2          
 15.24 17.28 1419.37   94.71 F2              
 15.24 16.80 2765.02   94.73 F2F2            
 15.24  0.00    0.00    0.00                 
  0.00  0.00    0.00    0.00                 
  0.00 16.80 2765.02   94.73 F2F2            
  0.00  0.00    0.00    0.00                 
  0.00  0.00    0.00    0.00                 
  0.00 16.80 2765.02   94.73 F2F2            
  0.00  0.00    0.00    0.00                 
 17.44 19.57 1397.32   92.44 F2              
 17.44 19.20 2709.21   92.41 F2F2            
 17.44 18.24 4091.61   92.49 F2F2F2          
  7.67  9.47 1789.06   95.09 F2              
  7.67  8.55 3571.88   95.12 F2F2            
  7.67  0.00    0.00    0.00                 
 18.17 20.32 1400.78   95.65 F2              
 18.17 19.82 2719.11   95.66 F2F2            
 18.17 18.86 4114.41   95.80 F2F2F2          
 17.53 19.64 1393.52   95.06 F2              
 17.53 19.17 2708.39   95.07 F2F2            
 17.53 18.22 4103.44   95.20 F2F2F2          
 13.26 15.21 1477.60   94.94 F2              
 13.26 14.61 2889.86   94.97 F2F2            
 13.26  0.00    0.00    0.00                 
 12.91 14.85 1491.19   94.04 F2              
 12.91 14.26 2914.93   94.06 F2F2            
 12.91  0.00    0.00    0.00                 
 18.30 20.44 1403.88   94.33 F2              
 18.30 19.98 2722.56   94.32 F2F2            
 18.30 19.02 4113.05   94.44 F2F2F2          
 19.23 21.45 1446.82   94.09 F2              
 19.23 20.93 2791.73   94.07 F2F2            
 19.23  0.00    0.00    0.00                 
 19.42 21.66 1461.95   94.28 F2              
 19.42 21.09 2816.83   94.26 F2F2            
 19.42  0.00    0.00    0.00                 
 12.41 14.29 1510.45   95.56 F2              
 12.41 13.61 2964.59   95.60 F2F2            
 12.41  0.00    0.00    0.00                 
 10.27 12.12 1617.49   94.37 F2              
 10.27 11.34 3185.09   94.40 F2F2            
 10.27  0.00    0.00    0.00                 
 19.24 21.46 1448.37   93.18 F2              
 19.24 20.96 2793.36   93.14 F2F2            
 19.24  0.00    0.00    0.00                 
 19.42 21.64 1460.10   94.19 F2              
 19.42 21.08 2814.46   94.16 F2F2            
 19.42  0.00    0.00    0.00                 
  0.00  0.00    0.00    0.00                 
  0.00 21.08 2814.46   94.16 F2F2            
  0.00  0.00    0.00    0.00                 
  0.00  0.00    0.00    0.00                 
  0.00 21.08 2814.46   94.16 F2F2            
  0.00  0.00    0.00    0.00                 
 14.45 16.38 1437.11   94.42 F2              
 14.45 15.83 2808.63   94.45 F2F2            
 14.45  0.00    0.00    0.00                 
 17.77 19.79 1388.00   97.28 F2              
 17.77 19.20 2707.70   97.32 F2F2            
 17.77 18.28 4115.21   97.47 F2F2F2          
 17.32 19.35 1389.43   94.77 F2              
 17.32 18.86 2706.01   94.78 F2F2            
 17.32 17.92 4104.83   94.90 F2F2F2          
  0.00  0.00    0.00    0.00                 
  0.00 18.86 2706.01   94.78 F2F2            
  0.00 17.92 4104.83   94.90 F2F2F2          
 15.05 16.98 1420.29   94.92 F2              
 15.05 16.43 2776.24   94.94 F2F2            
 15.05  0.00    0.00    0.00                 
  0.57  2.79 2668.92   98.58 F2              
  0.57  0.00    0.00    0.00                 
  0.57  0.00    0.00    0.00                 
 13.12 14.99 1481.00   94.64 F2              
 13.12 14.36 2902.95   94.68 F2F2            
 13.12  0.00    0.00    0.00                 
 11.55 13.32 1548.74   97.78 F2              
 11.55 12.50 3063.97   97.84 F2F2            
 11.55  0.00    0.00    0.00                 
  0.00  0.00    0.00    0.00                 
  0.00 12.50 3063.97   97.84 F2F2            
  0.00  0.00    0.00    0.00                 
 16.30 18.26 1395.88   94.49 F2              
 16.30 17.75 2724.12   94.51 F2F2            
 16.30 16.84 4142.87   94.62 F2F2F2          
  0.00  0.00    0.00    0.00                 
  0.00 17.75 2724.12   94.51 F2F2            
  0.00 16.84 4142.87   94.62 F2F2F2          
 15.70 17.62 1405.14   94.61 F2              
 15.70 17.09 2745.74   94.63 F2F2            
 15.70  0.00    0.00    0.00                 
  0.00  0.00    0.00    0.00                 
  0.00 17.09 2745.74   94.63 F2F2            
  0.00  0.00    0.00    0.00                 
  0.00  0.00    0.00    0.00                 
  0.00 17.09 2745.74   94.63 F2F2            
  0.00  0.00    0.00    0.00                 
  0.27  2.67 2668.33   91.57 F2              
  0.27  0.00    0.00    0.00                 
  0.27  0.00    0.00    0.00                 
  9.21 10.94 1679.11   94.28 F2              
  9.21 10.07 3332.21   94.31 F2F2            
  9.21  0.00    0.00    0.00                 
  9.60 11.33 1654.86   94.68 F2              
  9.60 10.47 3281.31   94.71 F2F2            
  9.60  0.00    0.00    0.00                 
  0.00  0.00    0.00    0.00                 
  0.00 10.47 3281.31   94.71 F2F2            
  0.00  0.00    0.00    0.00                 
 10.14 11.88 1622.55   93.97 F2              
 10.14 11.07 3206.88   94.00 F2F2            
 10.14  0.00    0.00    0.00                 
  0.00  0.00    0.00    0.00                 
  0.00 11.07 3206.88   94.00 F2F2            
  0.00  0.00    0.00    0.00                 
  0.00  0.00    0.00    0.00                 
  0.00 11.07 3206.88   94.00 F2F2            
  0.00  0.00    0.00    0.00                 
 19.64 21.75 1464.08   93.38 F2              
 19.64 21.14 2826.13   93.35 F2F2            
 19.64  0.00    0.00    0.00                 
  0.00  0.00    0.00    0.00                 
  0.00 21.14 2826.13   93.35 F2F2            
  0.00  0.00    0.00    0.00                 
  0.00  0.00    0.00    0.00                 
  0.00 21.14 2826.13   93.35 F2F2            
  0.00  0.00    0.00    0.00                 
  0.00  0.00    0.00    0.00                 
  0.00 21.14 2826.13   93.35 F2F2            
  0.00  0.00    0.00    0.00                 
  0.00  0.00    0.00    0.00                 
  0.00 21.14 2826.13   93.35 F2F2            
  0.00  0.00    0.00    0.00                 
 17.99 19.93 1385.77   94.96 F2              
 17.99 19.38 2703.98   94.97 F2F2            
 17.99 18.45 4102.31   95.10 F2F2F2          
 20.61 22.91 1894.08   94.03 F2              
 20.61 21.80 3428.81   94.03 F2F2            
 20.61  0.00    0.00    0.00                 
 12.61 14.40 1500.46   90.52 F2              
 12.61 13.80 2939.38   90.52 F2F2            
 12.61  0.00    0.00    0.00                 
  0.00  0.00    0.00    0.00                 
  0.00 13.80 2939.38   90.52 F2F2            
  0.00  0.00    0.00    0.00                 
 16.13 17.96 1392.72   96.02 F2              
 16.13 17.34 2731.44   96.05 F2F2            
 16.13  0.00    0.00    0.00                 
 20.43 22.57 1607.96   97.27 F2              
 20.43 21.59 3053.60   97.31 F2F2            
 20.43  0.00    0.00    0.00                 
  2.16  3.72 2399.57   94.28 F2              
  2.16  0.00    0.00    0.00                 
  2.16  0.00    0.00    0.00                 
  0.00  0.00    0.00    0.00                 
  0.00  0.00    0.00    0.00                 
  0.00  0.00    0.00    0.00                 
 17.71 19.59 1380.54   95.98 F2              
 17.71 18.98 2700.70   96.01 F2F2            
 17.71 18.08 4107.52   96.14 F2F2F2          
 16.70 18.56 1386.03   94.39 F2              
 16.70 18.00 2712.10   94.40 F2F2            
 16.70 17.10 4127.34   94.51 F2F2F2          
  3.91  5.35 2145.35   93.68 F2              
  3.91  0.00    0.00    0.00                 
  3.91 17.10 4127.34   94.51 F2F2F2          
  0.00  0.00    0.00    0.00                 
  0.00  0.00    0.00    0.00                 
  0.00 17.10 4127.34   94.51 F2F2F2          
 15.96 17.79 1396.42   94.10 F2              
 15.96 17.22 2735.08   94.12 F2F2            
 15.96  0.00    0.00    0.00                 
  0.00  0.00    0.00    0.00                 
  0.00 17.22 2735.08   94.12 F2F2            
  0.00  0.00    0.00    0.00                 
 18.96 20.89 1401.25   97.16 F2              
 18.96 20.20 2734.49   97.20 F2F2            
 18.96  0.00    0.00    0.00                 
  0.15  2.45 2714.71   94.38 F2              
  0.15  0.00    0.00    0.00                 
  0.15  0.00    0.00    0.00                 
 13.10 14.82 1477.67   94.65 F2              
 13.10 14.11 2910.85   94.69 F2F2            
 13.10  0.00    0.00    0.00                 
 13.25 14.98 1472.03   94.04 F2              
 13.25 14.29 2897.02   94.07 F2F2            
 13.25  0.00    0.00    0.00                 
 20.48 22.64 1641.52   93.41 F2              
 20.48 21.75 3101.60   93.38 F2F2            
 20.48  0.00    0.00    0.00                 
 19.02 20.99 1415.84   90.29 F2              
 19.02 20.52 2747.40   90.21 F2F2            
 19.02  0.00    0.00    0.00                 
 10.15 11.77 1619.45   94.78 F2              
 10.15 10.90 3219.39   94.82 F2F2            
 10.15  0.00    0.00    0.00                 
 18.09 19.97 1382.85   94.46 F2              
 18.09 19.40 2701.72   94.47 F2F2            
 18.09 18.48 4099.78   94.58 F2F2F2          
 11.68 13.34 1538.26   94.87 F2              
 11.68 12.53 3044.48   94.91 F2F2            
 11.68  0.00    0.00    0.00                 
  0.00  0.00    0.00    0.00                 
  0.00 12.53 3044.48   94.91 F2F2            
  0.00  0.00    0.00    0.00                 
 14.30 16.03 1435.23   94.54 F2              
 14.30 15.36 2823.30   94.57 F2F2            
 14.30  0.00    0.00    0.00                 
 17.30 19.13 1379.36   94.18 F2              
 17.30 18.56 2700.10   94.19 F2F2            
 17.30 17.65 4105.57   94.30 F2F2F2          
 15.92 17.70 1395.38   93.50 F2              
 15.92 17.12 2736.01   93.51 F2F2            
 15.92  0.00    0.00    0.00                 
  0.00  0.00    0.00    0.00                 
  0.00 17.12 2736.01   93.51 F2F2            
  0.00  0.00    0.00    0.00                 
 19.27 21.19 1414.75   94.33 F2              
 19.27 20.55 2753.80   94.32 F2F2            
 19.27  0.00    0.00    0.00                 
  0.00  0.00    0.00    0.00                 
  0.00 20.55 2753.80   94.32 F2F2            
  0.00  0.00    0.00    0.00                 
  0.00  0.00    0.00    0.00                 
  0.00 20.55 2753.80   94.32 F2F2            
  0.00  0.00    0.00    0.00                 
  0.00  0.00    0.00    0.00                 
  0.00 20.55 2753.80   94.32 F2F2            
  0.00  0.00    0.00    0.00                 
  0.00  0.00    0.00    0.00                 
  0.00 20.55 2753.80   94.32 F2F2            
  0.00  0.00    0.00    0.00                 
  0.00  0.00    0.00    0.00                 
  0.00 20.55 2753.80   94.32 F2F2            
  0.00  0.00    0.00    0.00                 
  0.00  0.00    0.00    0.00                 
  0.00 20.55 2753.80   94.32 F2F2            
  0.00  0.00    0.00    0.00                 
  0.00  0.00    0.00    0.00                 
  0.00 20.55 2753.80   94.32 F2F2            
  0.00  0.00    0.00    0.00                 
  0.00  0.00    0.00    0.00                 
  0.00 20.55 2753.80   94.32 F2F2            
  0.00  0.00    0.00    0.00                 
  0.00  0.00    0.00    0.00                 
  0.00 20.55 2753.80   94.32 F2F2            
  0.00  0.00    0.00    0.00                 
 20.76 22.88 1840.61   93.76 F2              
 20.76 21.76 3373.59   93.75 F2F2            
 20.76  0.00    0.00    0.00                 
 14.33 16.00 1432.28   94.54 F2              
 14.33 15.30 2822.87   94.57 F2F2            
 14.33  0.00    0.00    0.00                 
 13.88 15.54 1446.93   93.84 F2              
 13.88 14.84 2852.19   93.87 F2F2            
 13.88  0.00    0.00    0.00                 
  7.17  8.57 1816.82   95.80 F2              
  7.17  7.53 3719.99   95.83 F2F2            
  7.17  0.00    0.00    0.00                 
  0.00  0.00    0.00    0.00                 
  0.00  7.53 3719.99   95.83 F2F2            
  0.00  0.00    0.00    0.00                 
  0.00  0.00    0.00    0.00                 
  0.00  7.53 3719.99   95.83 F2F2            
  0.00  0.00    0.00    0.00                 
 18.50 20.31 1382.30   94.66 F2              
 18.50 19.68 2704.97   94.67 F2F2            
 18.50 18.78 4106.46   94.79 F2F2F2          
  0.00  0.00    0.00    0.00                 
  0.00 19.68 2704.97   94.67 F2F2            
  0.00 18.78 4106.46   94.79 F2F2F2          
  0.14  2.27 2721.60   93.17 F2              
  0.14  0.00    0.00    0.00                 
  0.14 18.78 4106.46   94.79 F2F2F2          
 15.25 16.92 1405.88   95.23 F2              
 15.25 16.22 2770.43   95.27 F2F2            
 15.25  0.00    0.00    0.00                 
 13.82 15.45 1447.96   94.65 F2              
 13.82 14.71 2859.26   94.68 F2F2            
 13.82  0.00    0.00    0.00                 
  0.00  0.00    0.00    0.00                 
  0.00 14.71 2859.26   94.68 F2F2            
  0.00  0.00    0.00    0.00                 
 11.54 13.10 1542.32   94.67 F2              
 11.54 12.24 3064.16   94.71 F2F2            
 11.54  0.00    0.00    0.00                 
  0.00  0.00    0.00    0.00                 
  0.00 12.24 3064.16   94.71 F2F2            
  0.00  0.00    0.00    0.00                 
  0.00  0.00    0.00    0.00                 
  0.00 12.24 3064.16   94.71 F2F2            
  0.00  0.00    0.00    0.00                 
  0.00  0.00    0.00    0.00                 
  0.00 12.24 3064.16   94.71 F2F2            
  0.00  0.00    0.00    0.00                 
  0.00  0.00    0.00    0.00                 
  0.00 12.24 3064.16   94.71 F2F2            
  0.00  0.00    0.00    0.00                 
  0.00  0.00    0.00    0.00                 
  0.00 12.24 3064.16   94.71 F2F2            
  0.00  0.00    0.00    0.00                 
  0.00  0.00    0.00    0.00                 
  0.00 12.24 3064.16   94.71 F2F2            
  0.00  0.00    0.00    0.00                 
 11.68 13.24 1535.21   94.17 F2              
 11.68 12.40 3047.64   94.20 F2F2            
 11.68  0.00    0.00    0.00                 
  0.00  0.00    0.00    0.00                 
  0.00 12.40 3047.64   94.20 F2F2            
  0.00  0.00    0.00    0.00                 
  4.37  5.66 2083.55   93.38 F2              
  4.37  4.66 4394.68   93.37 F2F2            
  4.37  0.00    0.00    0.00                 
 14.86 16.50 1415.58   93.93 F2              
 14.86 15.82 2789.79   93.95 F2F2            
 14.86  0.00    0.00    0.00                 
  0.00  0.00    0.00    0.00                 
  0.00 15.82 2789.79   93.95 F2F2            
  0.00  0.00    0.00    0.00                 
 13.68 15.29 1452.31   93.54 F2              
 13.68 14.56 2867.55   93.57 F2F2            
 13.68  0.00    0.00    0.00                 
  0.00  0.00    0.00    0.00                 
  0.00 14.56 2867.55   93.57 F2F2            
  0.00  0.00    0.00    0.00                 
 17.99 19.72 1372.34   94.98 F2              
 17.99 19.05 2693.81   95.00 F2F2            
 17.99 18.18 4100.12   95.12 F2F2F2          
  0.00  0.00    0.00    0.00                 
  0.00 19.05 2693.81   95.00 F2F2            
  0.00 18.18 4100.12   95.12 F2F2F2          
 15.24 16.86 1404.04   95.64 F2              
 15.24 16.12 2772.45   95.68 F2F2            
 15.24  0.00    0.00    0.00                 
  0.00  0.00    0.00    0.00                 
  0.00 16.12 2772.45   95.68 F2F2            
  0.00  0.00    0.00    0.00                 
 15.38 17.01 1401.44   94.03 F2              
 15.38 16.33 2761.99   94.05 F2F2            
 15.38  0.00    0.00    0.00                 
  0.00  0.00    0.00    0.00                 
  0.00 16.33 2761.99   94.05 F2F2            
  0.00  0.00    0.00    0.00                 
  0.00  0.00    0.00    0.00                 
  0.00 16.33 2761.99   94.05 F2F2            
  0.00  0.00    0.00    0.00                 
 11.02 12.52 1567.31   94.37 F2              
 11.02 11.62 3123.37   94.41 F2F2            
 11.02  0.00    0.00    0.00                 
 11.88 13.41 1524.49   93.66 F2              
 11.88 12.57 3027.18   93.69 F2F2            
 11.88  0.00    0.00    0.00                 
 14.89 16.49 1412.73   95.14 F2              
 14.89 15.74 2791.29   95.18 F2F2            
 14.89  0.00    0.00    0.00                 
 14.25 15.85 1432.73   92.63 F2              
 14.25 15.15 2826.36   92.64 F2F2            
 14.25  0.00    0.00    0.00                 
 17.55 19.22 1369.08   95.60 F2              
 17.55 18.52 2694.10   95.63 F2F2            
 17.55 17.67 4110.08   95.75 F2F2F2          
  0.00  0.00    0.00    0.00                 
  0.00 18.52 2694.10   95.63 F2F2            
  0.00 17.67 4110.08   95.75 F2F2F2          
  0.00  0.00    0.00    0.00                 
  0.00 18.52 2694.10   95.63 F2F2            
  0.00 17.67 4110.08   95.75 F2F2F2          
 17.04 18.71 1373.94   93.09 F2              
 17.04 18.09 2700.16   93.09 F2F2            
 17.04 17.21 4113.15   93.18 F2F2F2          
 15.73 17.34 1391.82   95.33 F2              
 15.73 16.61 2747.51   95.37 F2F2            
 15.73  0.00    0.00    0.00                 
  0.00  0.00    0.00    0.00                 
  0.00 16.61 2747.51   95.37 F2F2            
  0.00  0.00    0.00    0.00                 
 13.91 15.45 1441.76   95.66 F2              
 13.91 14.64 2858.52   95.70 F2F2            
 13.91  0.00    0.00    0.00                 
  0.00  0.00    0.00    0.00                 
  0.00 14.64 2858.52   95.70 F2F2            
  0.00  0.00    0.00    0.00                 
  0.00  0.00    0.00    0.00                 
  0.00 14.64 2858.52   95.70 F2F2            
  0.00  0.00    0.00    0.00                 
  0.00  0.00    0.00    0.00                 
  0.00 14.64 2858.52   95.70 F2F2            
  0.00  0.00    0.00    0.00                 
 18.94 20.68 1387.35   92.24 F2              
 18.94 20.04 2714.49   92.20 F2F2            
 18.94 19.15 4113.53   92.28 F2F2F2          
  0.00  0.00    0.00    0.00                 
  0.00 20.04 2714.49   92.20 F2F2            
  0.00 19.15 4113.53   92.28 F2F2F2          
  0.00  0.00    0.00    0.00                 
  0.00 20.04 2714.49   92.20 F2F2            
  0.00 19.15 4113.53   92.28 F2F2F2          
 19.32 21.07 1400.63   92.53 F2              
 19.32 20.40 2737.05   92.49 F2F2            
 19.32  0.00    0.00    0.00                 
 19.98 21.75 1438.77   95.53 F2              
 19.98 20.92 2805.95   95.55 F2F2            
 19.98  0.00    0.00    0.00                 
 17.10 18.73 1370.58   94.10 F2              
 17.10 18.05 2698.74   94.11 F2F2            
 17.10 17.19 4117.48   94.21 F2F2F2          
 17.79 19.46 1378.21   86.71 F2              
 17.79 18.96 2698.05   86.60 F2F2            
 17.79 18.03 4084.31   86.56 F2F2F2          
  7.08  8.37 1813.54   93.89 F2              
  7.08  7.31 3726.18   93.91 F2F2            
  7.08  0.00    0.00    0.00                 
  0.00  0.00    0.00    0.00                 
  0.00  7.31 3726.18   93.91 F2F2            
  0.00  0.00    0.00    0.00                 
 11.65 13.10 1533.44   94.57 F2              
 11.65 12.20 3058.59   94.61 F2F2            
 11.65  0.00    0.00    0.00                 
 19.84 21.58 1424.53   95.34 F2              
 19.84 20.77 2782.74   95.35 F2F2            
 19.84  0.00    0.00    0.00                 
  0.00  0.00    0.00    0.00                 
  0.00 20.77 2782.74   95.35 F2F2            
  0.00  0.00    0.00    0.00                 
  0.00  0.00    0.00    0.00                 
  0.00 20.77 2782.74   95.35 F2F2            
  0.00  0.00    0.00    0.00                 
 12.55 14.01 1492.12   94.87 F2              
 12.55 13.14 2970.73   94.91 F2F2            
 12.55  0.00    0.00    0.00                 
 10.37 11.77 1599.91   94.38 F2              
 10.37 10.80 3208.01   94.42 F2F2            
 10.37  0.00    0.00    0.00                 
 17.34 18.94 1366.42   94.70 F2              
 17.34 18.22 2693.89   94.73 F2F2            
 17.34 17.37 4112.86   94.83 F2F2F2          
  0.00  0.00    0.00    0.00                 
  0.00 18.22 2693.89   94.73 F2F2            
  0.00 17.37 4112.86   94.83 F2F2F2          
 11.29 12.71 1550.40   94.07 F2              
 11.29 11.78 3097.32   94.11 F2F2            
 11.29  0.00    0.00    0.00                 
  0.00  0.00    0.00    0.00                 
  0.00 11.78 3097.32   94.11 F2F2            
  0.00  0.00    0.00    0.00                 
 11.87 13.28 1521.77   95.28 F2              
 11.87 12.35 3040.97   95.32 F2F2            
 11.87  0.00    0.00    0.00                 
  0.00  0.00    0.00    0.00                 
  0.00 12.35 3040.97   95.32 F2F2            
  0.00  0.00    0.00    0.00                 
  0.00  0.00    0.00    0.00                 
  0.00 12.35 3040.97   95.32 F2F2            
  0.00  0.00    0.00    0.00                 
 14.96 16.48 1407.71   93.84 F2              
 14.96 15.72 2786.01   93.86 F2F2            
 14.96  0.00    0.00    0.00                 
 13.27 14.71 1461.90   95.47 F2              
 13.27 13.83 2910.90   95.51 F2F2            
 13.27  0.00    0.00    0.00                 
 11.90 13.29 1519.76   95.58 F2              
 11.90 12.35 3040.33   95.63 F2F2            
 11.90  0.00    0.00    0.00                 
 13.02 14.44 1471.19   95.47 F2              
 13.02 13.55 2932.80   95.52 F2F2            
 13.02  0.00    0.00    0.00                 
  0.00  0.00    0.00    0.00                 
  0.00 13.55 2932.80   95.52 F2F2            
  0.00  0.00    0.00    0.00                 
  0.00  0.00    0.00    0.00                 
  0.00 13.55 2932.80   95.52 F2F2            
  0.00  0.00    0.00    0.00                 
 12.11 13.55 1510.53   91.15 F2              
 12.11 12.71 3002.23   91.15 F2F2            
 12.11  0.00    0.00    0.00                 
  7.59  8.78 1776.32   96.70 F2              
  7.59  7.69 3673.38   96.74 F2F2            
  7.59  0.00    0.00    0.00                 
  5.75  6.92 1923.15   93.29 F2              
  5.75  5.83 4028.72   93.29 F2F2            
  5.75  0.00    0.00    0.00                 
  0.00  0.00    0.00    0.00                 
  0.00  5.83 4028.72   93.29 F2F2            
  0.00  0.00    0.00    0.00                 
  0.00  0.00    0.00    0.00                 
  0.00  5.83 4028.72   93.29 F2F2            
  0.00  0.00    0.00    0.00                 
 14.16 15.61 1429.95   94.35 F2              
 14.16 14.79 2839.73   94.39 F2F2            
 14.16  0.00    0.00    0.00                 
  0.00  0.00    0.00    0.00                 
  0.00 14.79 2839.73   94.39 F2F2            
  0.00  0.00    0.00    0.00                 
  0.07  1.92 2763.88   94.27 F2              
  0.07  0.00    0.00    0.00                 
  0.07  0.00    0.00    0.00                 
 21.10 22.85 1824.62   95.11 F2              
 21.10 21.62 3371.12   95.14 F2F2            
 21.10  0.00    0.00    0.00                 
 19.98 21.65 1425.26   93.73 F2              
 19.98 20.83 2786.59   93.71 F2F2            
 19.98  0.00    0.00    0.00                 
 19.82 21.49 1429.67   87.16 F2              
 19.82 20.84 2786.37   87.01 F2F2            
 19.82  0.00    0.00    0.00                 
 16.78 18.28 1367.82   94.92 F2              
 16.78 17.51 2706.06   94.95 F2F2            
 16.78 16.70 4142.85   95.06 F2F2F2          
 15.85 17.33 1383.94   94.33 F2              
 15.85 16.56 2740.84   94.36 F2F2            
 15.85  0.00    0.00    0.00                 
 15.32 16.79 1395.97   94.34 F2              
 15.32 16.00 2767.41   94.37 F2F2            
 15.32  0.00    0.00    0.00                 
  0.07  1.89 2766.71   94.37 F2              
  0.07  0.00    0.00    0.00                 
  0.07  0.00    0.00    0.00                 
  1.18  2.50 2581.58   93.97 F2              
  1.18  0.00    0.00    0.00                 
  1.18  0.00    0.00    0.00                 
 17.13 18.63 1362.76   95.32 F2              
 17.13 17.84 2696.87   95.35 F2F2            
 17.13 17.03 4128.23   95.46 F2F2F2          
 10.26 11.58 1602.70   93.38 F2              
 10.26 10.57 3223.38   93.41 F2F2            
 10.26  0.00    0.00    0.00                 
 17.98 19.51 1360.52   93.69 F2              
 17.98 18.77 2684.17   93.70 F2F2            
 17.98 17.91 4093.79   93.79 F2F2F2          
  4.88  5.96 2016.77   93.99 F2              
  4.88  4.91 4294.92   93.98 F2F2            
  4.88  0.00    0.00    0.00                 
  3.56  4.61 2191.97   94.58 F2              
  3.56  0.00    0.00    0.00                 
  3.56  0.00    0.00    0.00                 
 15.79 17.23 1383.29   94.54 F2              
 15.79 16.42 2744.19   94.57 F2F2            
 15.79  0.00    0.00    0.00                 
 15.50 16.96 1399.42   84.35 F2              
 15.50 16.32 2760.90   84.25 F2F2            
 15.50  0.00    0.00    0.00                 
 19.60 21.17 1391.23   94.35 F2              
 19.60 20.35 2734.08   94.36 F2F2            
 19.60  0.00    0.00    0.00                 
  0.00  0.00    0.00    0.00                 
  0.00 20.35 2734.08   94.36 F2F2            
  0.00  0.00    0.00    0.00                 
  7.13  8.27 1801.91   94.90 F2              
  7.13  7.15 3746.21   94.92 F2F2            
  7.13  0.00    0.00    0.00                 
  0.00  0.00    0.00    0.00                 
  0.00  7.15 3746.21   94.92 F2F2            
  0.00  0.00    0.00    0.00                 
 15.50 16.93 1389.71   93.84 F2              
 15.50 16.13 2757.40   93.86 F2F2            
 15.50  0.00    0.00    0.00                 
 10.04 11.29 1614.07   95.19 F2              
 10.04 10.22 3267.11   95.23 F2F2            
 10.04  0.00    0.00    0.00                 
 14.00 15.39 1432.71   93.45 F2              
 14.00 14.54 2850.85   93.48 F2F2            
 14.00  0.00    0.00    0.00                 
  0.00  0.00    0.00    0.00                 
  0.00 14.54 2850.85   93.48 F2F2            
  0.00  0.00    0.00    0.00                 
  7.03  8.16 1807.11   94.19 F2              
  7.03  7.03 3758.26   94.21 F2F2            
  7.03  0.00    0.00    0.00                 
  0.00  0.00    0.00    0.00                 
  0.00  7.03 3758.26   94.21 F2F2            
  0.00  0.00    0.00    0.00                 
 14.89 16.28 1404.29   94.75 F2              
 14.89 15.42 2794.23   94.79 F2F2            
 14.89  0.00    0.00    0.00                 
  0.00  0.00    0.00    0.00                 
  0.00 15.42 2794.23   94.79 F2F2            
  0.00  0.00    0.00    0.00                 
 14.90 16.29 1403.91   94.45 F2              
 14.90 15.43 2792.97   94.48 F2F2            
 14.90  0.00    0.00    0.00                 
  0.00  0.00    0.00    0.00                 
  0.00 15.43 2792.97   94.48 F2F2            
  0.00  0.00    0.00    0.00                 
 10.02 11.25 1614.12   94.59 F2              
 10.02 10.18 3267.58   94.62 F2F2            
 10.02  0.00    0.00    0.00                 
 17.31 18.75 1358.29   94.21 F2              
 17.31 17.96 2690.14   94.23 F2F2            
 17.31 17.14 4116.18   94.33 F2F2F2          
  0.00  0.00    0.00    0.00                 
  0.00 17.96 2690.14   94.23 F2F2            
  0.00 17.14 4116.18   94.33 F2F2F2          
  0.00  0.00    0.00    0.00                 
  0.00 17.96 2690.14   94.23 F2F2            
  0.00 17.14 4116.18   94.33 F2F2F2          
  0.00  0.00    0.00    0.00                 
  0.00 17.96 2690.14   94.23 F2F2            
  0.00 17.14 4116.18   94.33 F2F2F2          
 15.22 16.60 1394.54   94.55 F2              
 15.22 15.74 2774.52   94.58 F2F2            
 15.22  0.00    0.00    0.00                 
 18.78 20.26 1361.55   93.98 F2              
 18.78 19.46 2688.10   93.99 F2F2            
 18.78 18.62 4098.03   94.09 F2F2F2          
  0.00  0.00    0.00    0.00                 
  0.00 19.46 2688.10   93.99 F2F2            
  0.00 18.62 4098.03   94.09 F2F2F2          
 16.24 17.64 1371.98   94.13 F2              
 16.24 16.82 2723.46   94.16 F2F2            
 16.24  0.00    0.00    0.00                 
  0.00  0.00    0.00    0.00                 
  0.00 16.82 2723.46   94.16 F2F2            
  0.00  0.00    0.00    0.00                 
 20.15 21.67 1415.54   96.06 F2              
 20.15 20.72 2781.68   96.09 F2F2            
 20.15  0.00    0.00    0.00                 
  0.00  0.00    0.00    0.00                 
  0.00 20.72 2781.68   96.09 F2F2            
  0.00  0.00    0.00    0.00                 
 13.67 14.98 1441.52   94.87 F2              
 13.67 14.05 2881.52   94.91 F2F2            
 13.67  0.00    0.00    0.00                 
  0.00  0.00    0.00    0.00                 
  0.00 14.05 2881.52   94.91 F2F2            
  0.00  0.00    0.00    0.00                 
  0.00  0.00    0.00    0.00                 
  0.00 14.05 2881.52   94.91 F2F2            
  0.00  0.00    0.00    0.00                 
  9.67 10.86 1633.11   94.39 F2              
  9.67  9.76 3317.95   94.42 F2F2            
  9.67  0.00    0.00    0.00                 
  0.00  0.00    0.00    0.00                 
  0.00  9.76 3317.95   94.42 F2F2            
  0.00  0.00    0.00    0.00                 
  0.13  1.72 2773.21   94.57 F2              
  0.13  0.00    0.00    0.00                 
  0.13  0.00    0.00    0.00                 
 19.99 21.50 1402.67   94.96 F2              
 19.99 20.59 2759.07   94.97 F2F2            
 19.99  0.00    0.00    0.00                 
  0.00  0.00    0.00    0.00                 
  0.00 20.59 2759.07   94.97 F2F2            
  0.00  0.00    0.00    0.00                 
  0.34  1.80 2733.14   93.57 F2              
  0.34  0.00    0.00    0.00                 
  0.34  0.00    0.00    0.00                 
 10.96 12.19 1560.61   94.08 F2              
 10.96 11.14 3148.11   94.12 F2F2            
 10.96  0.00    0.00    0.00                 
 16.92 18.30 1359.19   94.63 F2              
 16.92 17.45 2699.55   94.66 F2F2            
 16.92 16.67 4139.79   94.75 F2F2F2          
  0.00  0.00    0.00    0.00                 
  0.00 17.45 2699.55   94.66 F2F2            
  0.00 16.67 4139.79   94.75 F2F2F2          
  0.00  0.00    0.00    0.00                 
  0.00 17.45 2699.55   94.66 F2F2            
  0.00 16.67 4139.79   94.75 F2F2F2          
 14.87 16.19 1401.94   94.45 F2              
 14.87 15.29 2796.03   94.49 F2F2            
 14.87  0.00    0.00    0.00                 
 20.00 21.51 1413.73   88.59 F2              
 20.00 20.74 2770.46   88.48 F2F2            
 20.00  0.00    0.00    0.00                 
 21.12 22.65 1596.61   96.00 F2              
 21.12 21.47 3071.76   96.03 F2F2            
 21.12  0.00    0.00    0.00                 
  0.00  0.00    0.00    0.00                 
  0.00 21.47 3071.76   96.03 F2F2            
  0.00  0.00    0.00    0.00                 
 20.65 22.12 1458.27   97.56 F2              
 20.65 21.02 2858.77   97.62 F2F2            
 20.65  0.00    0.00    0.00                 
  0.00  0.00    0.00    0.00                 
  0.00 21.02 2858.77   97.62 F2F2            
  0.00  0.00    0.00    0.00                 
 14.88 16.21 1402.02   92.64 F2              
 14.88 15.35 2791.76   92.65 F2F2            
 14.88  0.00    0.00    0.00                 
  0.00  0.00    0.00    0.00                 
  0.00 15.35 2791.76   92.65 F2F2            
  0.00  0.00    0.00    0.00                 
  0.00  0.00    0.00    0.00                 
  0.00 15.35 2791.76   92.65 F2F2            
  0.00  0.00    0.00    0.00                 
  0.00  0.00    0.00    0.00                 
  0.00 15.35 2791.76   92.65 F2F2            
  0.00  0.00    0.00    0.00                 
  0.00  0.00    0.00    0.00                 
  0.00 15.35 2791.76   92.65 F2F2            
  0.00  0.00    0.00    0.00                 
 16.06 17.39 1372.22   94.04 F2              
 16.06 16.53 2730.94   94.06 F2F2            
 16.06  0.00    0.00    0.00                 
  0.00  0.00    0.00    0.00                 
  0.00 16.53 2730.94   94.06 F2F2            
  0.00  0.00    0.00    0.00                 
  0.29  1.70 2744.94   93.27 F2              
  0.29  0.00    0.00    0.00                 
  0.29  0.00    0.00    0.00                 
  0.00  0.00    0.00    0.00                 
  0.00  0.00    0.00    0.00                 
  0.00  0.00    0.00    0.00                 
  0.00  0.00    0.00    0.00                 
  0.00  0.00    0.00    0.00                 
  0.00  0.00    0.00    0.00                 
  0.00  0.00    0.00    0.00                 
  0.00  0.00    0.00    0.00                 
  0.00  0.00    0.00    0.00                 
 14.97 16.27 1397.73   93.75 F2              
 14.97 15.36 2788.73   93.78 F2F2            
 14.97  0.00    0.00    0.00                 
  0.00  0.00    0.00    0.00                 
  0.00 15.36 2788.73   93.78 F2F2            
  0.00  0.00    0.00    0.00                 
  0.08  1.57 2781.86   93.27 F2              
  0.08  0.00    0.00    0.00                 
  0.08  0.00    0.00    0.00                 
  0.00  0.00    0.00    0.00                 
  0.00  0.00    0.00    0.00                 
  0.00  0.00    0.00    0.00                 
  3.24  4.18 2228.18   92.18 F2              
  3.24  0.00    0.00    0.00                 
  3.24  0.00    0.00    0.00                 
  0.00  0.00    0.00    0.00                 
  0.00  0.00    0.00    0.00                 
  0.00  0.00    0.00    0.00                 
  9.46 10.57 1641.31   93.79 F2              
  9.46  9.43 3350.99   93.82 F2F2            
  9.46  0.00    0.00    0.00                 
  0.00  0.00    0.00    0.00                 
  0.00  9.43 3350.99   93.82 F2F2            
  0.00  0.00    0.00    0.00                 
  0.09  1.56 2788.25   94.17 F2              
  0.09  0.00    0.00    0.00                 
  0.09  0.00    0.00    0.00                 
  0.00  0.00    0.00    0.00                 
  0.00  0.00    0.00    0.00                 
  0.00  0.00    0.00    0.00                 
 16.23 17.54 1367.83   92.32 F2              
 16.23 16.69 2721.17   92.33 F2F2            
 16.23  0.00    0.00    0.00                 
  2.01  2.96 2441.90   93.48 F2              
  2.01  0.00    0.00    0.00                 
  2.01  0.00    0.00    0.00                 
  0.00  0.00    0.00    0.00                 
  0.00  0.00    0.00    0.00                 
  0.00  0.00    0.00    0.00                 
 13.94 15.18 1427.99   93.86 F2              
 13.94 14.21 2860.43   93.89 F2F2            
 13.94  0.00    0.00    0.00                 
  0.00  0.00    0.00    0.00                 
  0.00 14.21 2860.43   93.89 F2F2            
  0.00  0.00    0.00    0.00                 
  0.00  0.00    0.00    0.00                 
  0.00 14.21 2860.43   93.89 F2F2            
  0.00  0.00    0.00    0.00                 
 12.20 13.36 1496.18   95.39 F2              
 12.20 12.29 3021.52   95.43 F2F2            
 12.20  0.00    0.00    0.00                 
 17.21 18.53 1353.60   91.30 F2              
 17.21 17.72 2687.41   91.29 F2F2            
 17.21 16.87 4112.54   91.33 F2F2F2          
  0.00  0.00    0.00    0.00                 
  0.00 17.72 2687.41   91.29 F2F2            
  0.00 16.87 4112.54   91.33 F2F2F2          
  0.00  0.00    0.00    0.00                 
  0.00 17.72 2687.41   91.29 F2F2            
  0.00 16.87 4112.54   91.33 F2F2F2          
  0.00  0.00    0.00    0.00                 
  0.00 17.72 2687.41   91.29 F2F2            
  0.00 16.87 4112.54   91.33 F2F2F2          
  5.68  6.64 1914.72   93.39 F2              
  5.68  5.46 4085.18   93.38 F2F2            
  5.68  0.00    0.00    0.00                 
  0.00  0.00    0.00    0.00                 
  0.00  5.46 4085.18   93.38 F2F2            
  0.00  0.00    0.00    0.00                 
  0.00  0.00    0.00    0.00                 
  0.00  5.46 4085.18   93.38 F2F2            
  0.00  0.00    0.00    0.00                 
 11.96 13.13 1506.61   93.28 F2              
 11.96 12.08 3037.88   93.30 F2F2            
 11.96  0.00    0.00    0.00                 
 12.01 13.18 1504.00   93.48 F2              
 12.01 12.12 3033.59   93.51 F2F2            
 12.01  0.00    0.00    0.00                 
 18.83 20.18 1355.77   89.15 F2              
 18.83 19.40 2681.23   89.08 F2F2            
 18.83 18.49 4084.22   89.08 F2F2F2          
 10.34 11.43 1588.92   94.59 F2              
 10.34 10.29 3236.65   94.63 F2F2            
 10.34  0.00    0.00    0.00                 
  0.00  0.00    0.00    0.00                 
  0.00 10.29 3236.65   94.63 F2F2            
  0.00  0.00    0.00    0.00                 
 12.07 13.23 1500.83   92.87 F2              
 12.07 12.18 3025.51   92.90 F2F2            
 12.07  0.00    0.00    0.00                 
  0.00  0.00    0.00    0.00                 
  0.00 12.18 3025.51   92.90 F2F2            
  0.00  0.00    0.00    0.00                 
 13.77 14.98 1432.63   92.15 F2              
 13.77 14.02 2870.01   92.17 F2F2            
 13.77  0.00    0.00    0.00                 
  7.28  8.25 1773.62   94.60 F2              
  7.28  7.05 3729.20   94.62 F2F2            
  7.28  0.00    0.00    0.00                 
  0.00  0.00    0.00    0.00                 
  0.00  7.05 3729.20   94.62 F2F2            
  0.00  0.00    0.00    0.00                 
  1.90  2.81 2473.92   95.48 F2              
  1.90  0.00    0.00    0.00                 
  1.90  0.00    0.00    0.00                 
 15.01 16.25 1394.41   90.93 F2              
 15.01 15.36 2783.00   90.93 F2F2            
 15.01  0.00    0.00    0.00                 
  0.00  0.00    0.00    0.00                 
  0.00 15.36 2783.00   90.93 F2F2            
  0.00  0.00    0.00    0.00                 
 16.26 17.49 1362.75   95.25 F2              
 16.26 16.53 2724.03   95.29 F2F2            
 16.26  0.00    0.00    0.00                 
  6.29  7.26 1850.26   92.39 F2              
  6.29  6.02 3917.98   92.38 F2F2            
  6.29  0.00    0.00    0.00                 
 18.45 19.75 1344.98   93.40 F2              
 18.45 18.86 2671.90   93.41 F2F2            
 18.45 18.03 4087.87   93.49 F2F2F2          
 17.40 18.67 1347.79   92.51 F2              
 17.40 17.80 2681.99   92.51 F2F2            
 17.40 16.98 4110.58   92.58 F2F2F2          
  6.56  7.50 1829.63   94.40 F2              
  6.56  6.29 3884.26   94.40 F2F2            
  6.56  0.00    0.00    0.00                 
  0.00  0.00    0.00    0.00                 
  0.00  6.29 3884.26   94.40 F2F2            
  0.00  0.00    0.00    0.00                 
  0.57  1.71 2723.60   95.67 F2              
  0.57  0.00    0.00    0.00                 
  0.57  0.00    0.00    0.00                 
 17.26 18.47 1345.58   97.05 F2              
 17.26 17.46 2691.38   97.11 F2F2            
 17.26 16.79 4144.44   97.23 F2F2F2          
  0.00  0.00    0.00    0.00                 
  0.00 17.46 2691.38   97.11 F2F2            
  0.00 16.79 4144.44   97.23 F2F2F2          
  7.09  8.05 1783.45   93.70 F2              
  7.09  6.82 3758.40   93.70 F2F2            
  7.09  0.00    0.00    0.00                 
  5.08  5.96 1980.20   94.39 F2              
  5.08  4.84 4282.69   94.38 F2F2            
  5.08  0.00    0.00    0.00                 
  0.00  0.00    0.00    0.00                 
  0.00  4.84 4282.69   94.38 F2F2            
  0.00  0.00    0.00    0.00                 
  0.00  0.00    0.00    0.00                 
  0.00  4.84 4282.69   94.38 F2F2            
  0.00  0.00    0.00    0.00                 
 12.64 13.76 1473.54   94.48 F2              
 12.64 12.67 2976.85   94.52 F2F2            
 12.64  0.00    0.00    0.00                 
