
delt0=     0.1  eps=   1e-05  ep=   1e-06  ep1=   0.001
Geomagnetic Field - const
fh= 1.34  i=  65.2  d=   6.8
Number TID: 1
Tid Parametres
  delt   lamb     t     b      a     fi
0.000   200.0  20.0 -45.0   45.0   0.000
delta=-0.000  r0= 200.0  lon=  39.000 lat=  55.000
Beta=  20.0  Alfa=   0.0 aX=  20.0 aY= 100.0 aZ=  20.0

lonIon=  40.000 latIon=  47.500 it=11.00 h_tec=450.0  TEC= 1.09000e+17
lonIon=  40.000 latIon=  47.500 it=11.25 h_tec=450.0  TEC= 1.09000e+17
lonIon=  40.000 latIon=  47.500 it=11.50 h_tec=450.0  TEC= 1.09000e+17
lonIon=  40.000 latIon=  47.500 it=11.75 h_tec=450.0  TEC= 1.09000e+17

Number diff. equation: 6

+==============================================================================+
|   Medium characteristics Sunspot number=  28.5 IG=  28.5   GMT time:11:00    |
|------------------------------------------------------------------------------|
|   S   | fh |  I  |   D  | fd |  hd | fe |  he | ff1 | hf1 | ff2 | hf2 |   Hi |
|-------+----+-----+------+----+-----+----+-----+-----+-----+-----+-----+------|
|    0.0|1.21| 50.6|   2.5|0.24| 81.0|3.16|110.0| 4.50|170.6| 8.72|273.0|  37.0|
+==============================================================================+

+==================================+
|       Es-layer parametres        |
|----------------------------------|
|   S   | hEs | fbEs | f0Es | P Es |
|-------+-----+------+------+------|
|    0.0|118.3| 3.56 | 3.70 | 61.9 |
+==================================+

|  0|10.00|39594.0|  1|27.00|27.16|  45.543|  41.703|  953.227|  -7.8|   0.1| 1107.5| 0.000|   0.0|  46.403|  45.651|187.73|   0.0|    0.0|    0.0|F2              |
|  0|10.00|39606.0|  1|26.40|26.57|  45.510|  41.565|  968.758|  -7.8|   0.1| 1119.4| 0.000|   0.0|  46.423|  45.750|187.13|   0.0|    0.0|    0.0|F2              |
|  0|10.00|39616.7|  1|26.40|26.57|  45.671|  41.552|  968.441|  -7.1|   0.1| 1119.0| 0.000|   0.0|  46.499|  45.742|187.14|   0.0|    0.0|    0.0|F2              |
|  0|10.00|39630.6|  1|22.80|22.84|  45.404|  40.306| 1108.240|  -7.0|   0.2| 1242.0| 0.000|   0.0|  46.380|  45.112|175.94|   0.0|    0.0|    0.0|F2              |
|  0|10.00|39644.6|  1|26.40|26.56|  45.672|  41.557|  967.835|  -7.1|   0.1| 1118.2| 0.000|   0.0|  46.496|  45.723|187.06|   0.0|    0.0|    0.0|F2              |
|  0|10.00|39657.5|  1|21.00|20.58|  45.100|  38.883| 1267.919|  -6.9|   0.3| 1400.9| 0.000|   0.0|  46.228|  44.323|165.93|   0.0|    0.0|    0.0|F1              |
|  0|10.00|39672.7|  1|19.20|18.55|  45.656|  39.545| 1189.784|  -5.6|   0.2| 1294.0| 0.000|   0.0|  46.524|  44.906|152.15|   0.0|    0.0|    0.0|F1              |
|  0|10.00|39683.4|  1|27.00|27.16|  45.547|  41.717|  951.585|  -7.8|   0.1| 1105.4| 0.000|   0.0|  46.450|  45.876|189.12|   0.0|    0.0|    0.0|F2              |
|  0|10.00|39697.4|  1|30.00|30.00|  46.255|  42.220|  889.482|  -5.0|   0.1| 1063.5| 0.000|   0.0|  46.752|  45.900|196.56|   0.0|    0.0|    0.0|F2              |
|  0|10.00|39697.4|  1|10.80|10.71|  45.849|  41.668|  953.828|  -6.4|   0.0|  986.4| 0.000|   0.0|  46.616|  45.927| 99.11|   0.0|    0.0|    0.0|E               |
+---+-----+-------+---+-----+-----+--------+--------+---------+------+------+-------+------+------+--------+--------+------+------+-------+-------+----------------+
+---+-----+-------+---+-----+-----+--------+--------+---------+------+------+-------+------+------+--------+--------+------+------+-------+-------+----------------+
|0-x| fr  |  time |hop| d0  | d1  |   fi   |  teta  |   dist  |  at  |  dev |   p   |  df  |  l   |   fot  |   tot  |  rot | lsp  |   pf  |    s  |                |
+---+-----+-------+---+-----+-----+--------+--------+---------+------+------+-------+------+------+--------+--------+------+------+-------+-------+----------------+
|  0|10.00|39708.1|  1|29.40|29.45|  45.801|  42.161|  900.005|  -7.1|   0.1| 1069.7| 0.000|   0.0|  46.573|  46.131|196.46|   0.0|    0.0|    0.0|F2              |
|  0|10.00|39708.1|  1|12.60|12.48|  45.907|  42.075|  908.440|  -6.5|   0.0|  946.6| 0.000|   0.0|  46.625|  46.042|101.72|   0.0|    0.0|    0.0|E               |
|  0|10.00|39718.8|  1|30.00|30.00|  46.110|  42.232|  889.299|  -5.7|   0.1| 1063.3| 0.000|   0.0|  46.704|  46.070|198.01|   0.0|    0.0|    0.0|F2              |
|  0|10.00|39718.8|  1|28.80|28.87|  45.928|  42.047|  911.247|  -6.4|   0.1| 1076.6| 0.000|   0.0|  46.624|  46.020|194.54|   0.0|    0.0|    0.0|F2              |
|  0|10.00|39718.8|  1|17.40|16.85|  45.229|  39.574| 1190.617|  -7.1|   0.1| 1279.2| 0.000|   0.0|  46.280|  44.611|141.83|   0.0|    0.0|    0.0|F1              |
|  0|10.00|39729.6|  1|28.80|28.85|  46.398|  42.016|  911.017|  -4.1|   0.2| 1076.2| 0.000|   0.0|  46.844|  45.976|194.47|   0.0|    0.0|    0.0|F2              |
|  0|10.00|39742.4|  1|27.60|27.73|  45.580|  41.852|  936.378|  -7.8|   0.1| 1093.7| 0.000|   0.0|  46.467|  45.959|190.99|   0.0|    0.0|    0.0|F2              |
|  0|10.00|39742.4|  1|12.60|12.48|  45.906|  42.070|  909.012|  -6.5|   0.0|  947.2| 0.000|   0.0|  46.625|  46.042|101.75|   0.0|    0.0|    0.0|E               |
|  0|10.00|39754.3|  1|30.00|30.00|  45.966|  42.246|  888.984|  -6.4|   0.1| 1062.9| 0.000|   0.0|  46.634|  46.076|198.01|   0.0|    0.0|    0.0|F2              |
|  0|10.00|39765.9|  1|14.40|13.68|  44.964|  37.528| 1418.312|  -6.4|   0.1| 1498.7| 0.000|   0.0|  46.235|  43.815|130.62|   0.0|    0.0|    0.0|F1              |
|  0|10.00|39765.9|  1|28.20|28.30|  45.758|  41.957|  922.903|  -7.1|   0.1| 1084.0| 0.000|   0.0|  46.504|  45.763|191.19|   0.0|    0.0|    0.0|F2              |
|  0|10.00|39776.7|  1|28.80|28.86|  46.100|  42.040|  910.546|  -5.6|   0.1| 1075.7| 0.000|   0.0|  46.701|  45.986|194.47|   0.0|    0.0|    0.0|F2              |
|  0|10.00|39788.5|  1|28.20|28.31|  45.609|  41.974|  922.641|  -7.8|   0.1| 1083.7| 0.000|   0.0|  46.428|  45.771|191.19|   0.0|    0.0|    0.0|F2              |
|  0|10.00|39799.2|  1|15.00|14.35|  45.155|  38.354| 1325.600|  -6.4|   0.1| 1404.8| 0.000|   0.0|  46.331|  44.350|133.15|   0.0|    0.0|    0.0|F1              |
|  0|10.00|39799.2|  1|31.20|31.13|  45.858|  42.430|  869.782|  -7.1|   0.1| 1052.9| 0.000|   0.0|  46.584|  46.186|201.82|   0.0|    0.0|    0.0|F2              |
|  0|10.00|39811.0|  1|30.00|29.99|  46.112|  42.239|  888.479|  -5.7|   0.1| 1062.1| 0.000|   0.0|  46.704|  46.070|198.05|   0.0|    0.0|    0.0|F2              |
|  0|10.00|39811.0|  1|12.00|11.90|  45.895|  42.014|  915.302|  -6.5|   0.0|  951.2| 0.000|   0.0|  46.631|  46.081|100.75|   0.0|    0.0|    0.0|E               |
|  0|10.00|39824.0|  1|13.80|12.93|  44.083|  35.200| 1683.014|  -7.1|   0.1| 1774.8| 0.000|   0.0|  45.891|  42.697|129.09|   0.0|    0.0|    0.0|F1              |
|  0|10.00|39834.7|  1|11.40|11.31|  45.736|  41.881|  931.519|  -7.1|   0.0|  965.6| 0.000|   0.0|  46.554|  45.992| 99.84|   0.0|    0.0|    0.0|E               |
|  0|10.00|39845.6|  1|12.60|12.48|  45.756|  42.071|  910.407|  -7.2|   0.0|  948.7| 0.000|   0.0|  46.554|  46.049|101.81|   0.0|    0.0|    0.0|E               |
+---+-----+-------+---+-----+-----+--------+--------+---------+------+------+-------+------+------+--------+--------+------+------+-------+-------+----------------+
+---+-----+-------+---+-----+-----+--------+--------+---------+------+------+-------+------+------+--------+--------+------+------+-------+-------+----------------+
|0-x| fr  |  time |hop| d0  | d1  |   fi   |  teta  |   dist  |  at  |  dev |   p   |  df  |  l   |   fot  |   tot  |  rot | lsp  |   pf  |    s  |                |
+---+-----+-------+---+-----+-----+--------+--------+---------+------+------+-------+------+------+--------+--------+------+------+-------+-------+----------------+
|  0|10.00|39845.6|  1|30.61|30.54|  46.577|  42.303|  878.266|  -3.4|   0.2| 1056.4| 0.000|   0.0|  46.939|  46.219|200.34|   0.0|    0.0|    0.0|F2              |
|  0|10.00|39857.4|  1|10.80|10.71|  45.692|  41.675|  954.610|  -7.1|   0.0|  987.3| 0.000|   0.0|  46.543|  45.933| 99.16|   0.0|    0.0|    0.0|E               |
|  0|10.00|39868.1|  1|13.20|13.04|  45.702|  41.815|  939.189|  -7.2|   0.0|  981.9| 0.000|   0.0|  46.538|  45.963|103.66|   0.0|    0.0|    0.0|E               |
|  0|10.00|39868.1|  1|32.99|32.77|  45.631|  42.667|  846.436|  -8.5|   0.1| 1044.7| 0.000|   0.0|  46.471|  46.300|207.47|   0.0|    0.0|    0.0|F2              |
|  0|10.00|39879.9|  1|11.40|11.31|  45.714|  41.880|  931.809|  -7.2|   0.0|  965.9| 0.000|   0.0|  46.544|  45.993| 99.86|   0.0|    0.0|    0.0|E               |
|  0|10.00|39890.7|  1|12.00|11.90|  45.745|  42.022|  915.879|  -7.2|   0.0|  951.8| 0.000|   0.0|  46.562|  46.088|100.78|   0.0|    0.0|    0.0|E               |
|  0|10.00|39901.4|  1|12.60|12.48|  45.775|  42.059|  911.461|  -7.1|   0.0|  949.8| 0.000|   0.0|  46.564|  46.048|101.86|   0.0|    0.0|    0.0|E               |
|  0|10.00|39912.1|  1|10.80|10.71|  45.825|  41.658|  955.128|  -6.5|   0.0|  987.8| 0.000|   0.0|  46.605|  45.928| 99.18|   0.0|    0.0|    0.0|E               |
|  0|10.00|39923.9|  1|10.80|10.71|  45.824|  41.658|  955.203|  -6.5|   0.0|  987.9| 0.000|   0.0|  46.605|  45.928| 99.19|   0.0|    0.0|    0.0|E               |
|  0|10.00|39935.9|  1| 6.00| 5.92|  44.951|  38.614| 1299.059|  -7.2|   0.0| 1324.6| 0.000|   0.0|  46.223|  44.331| 95.36|   0.0|    0.0|    0.0|E               |
|  0|10.00|39946.7|  1| 9.00| 8.92|  45.476|  40.814| 1051.596|  -7.2|   0.0| 1080.9| 0.000|   0.0|  46.449|  45.491| 97.46|   0.0|    0.0|    0.0|E               |
|  0|10.00|39957.5|  1| 7.80| 7.72|  45.301|  40.056| 1136.863|  -7.2|   0.0| 1164.4| 0.000|   0.0|  46.376|  45.110| 96.57|   0.0|    0.0|    0.0|E               |
|  0|10.00|39970.4|  1| 9.60| 9.52|  45.573|  41.134| 1015.407|  -7.1|   0.0| 1045.7| 0.000|   0.0|  46.493|  45.662| 97.98|   0.0|    0.0|    0.0|E               |
|  0|10.00|39983.3|  1|30.59|30.59|  44.843|  42.493|  877.306| -12.1|   0.1| 1055.1| 0.000|   0.0|  46.119|  46.299|200.18|   0.0|    0.0|    0.0|F2              |
|  0|10.00|39983.3|  1| 9.60| 9.52|  45.549|  41.136| 1015.442|  -7.2|   0.0| 1045.7| 0.000|   0.0|  46.482|  45.663| 97.98|   0.0|    0.0|    0.0|E               |
|  0|10.00|39995.2|  1|33.00|32.78|  45.345|  42.712|  845.378| -10.0|   0.1| 1043.4| 0.000|   0.0|  46.337|  46.344|207.66|   0.0|    0.0|    0.0|F2              |
|  0|10.00|39995.2|  1|12.60|12.48|  45.751|  42.047|  913.087|  -7.2|   0.0|  951.5| 0.000|   0.0|  46.554|  46.049|101.93|   0.0|    0.0|    0.0|E               |
|  0|10.00|40007.0|  1|33.61|33.31|  45.629|  42.732|  839.265|  -8.6|   0.1| 1042.9| 0.000|   0.0|  46.486|  46.409|209.89|   0.0|    0.0|    0.0|F2              |
|  0|10.00|40007.0|  1|13.20|13.03|  45.687|  41.746|  946.887|  -7.2|   0.0|  990.0| 0.000|   0.0|  46.522|  45.879|103.78|   0.0|    0.0|    0.0|E               |
|  0|10.00|40017.7|  1|10.80|10.71|  45.668|  41.669|  955.587|  -7.2|   0.0|  988.3| 0.000|   0.0|  46.533|  45.934| 99.21|   0.0|    0.0|    0.0|E               |
+---+-----+-------+---+-----+-----+--------+--------+---------+------+------+-------+------+------+--------+--------+------+------+-------+-------+----------------+
+---+-----+-------+---+-----+-----+--------+--------+---------+------+------+-------+------+------+--------+--------+------+------+-------+-------+----------------+
|0-x| fr  |  time |hop| d0  | d1  |   fi   |  teta  |   dist  |  at  |  dev |   p   |  df  |  l   |   fot  |   tot  |  rot | lsp  |   pf  |    s  |                |
+---+-----+-------+---+-----+-----+--------+--------+---------+------+------+-------+------+------+--------+--------+------+------+-------+-------+----------------+
|  0|10.00|40017.7|  1|30.60|30.56|  45.564|  42.395|  877.086|  -8.5|   0.1| 1054.8| 0.000|   0.0|  46.461|  46.256|200.33|   0.0|    0.0|    0.0|F2              |
|  0|10.00|40028.4|  1|31.79|31.66|  45.583|  42.549|  859.948|  -8.6|   0.1| 1047.2| 0.000|   0.0|  46.462|  46.305|204.00|   0.0|    0.0|    0.0|F2              |
|  0|10.00|40028.4|  1|13.20|13.04|  45.685|  41.735|  948.113|  -7.2|   0.0|  991.3| 0.000|   0.0|  46.522|  45.879|103.81|   0.0|    0.0|    0.0|E               |
|  0|10.00|40039.2|  1|10.20|10.12|  45.613|  41.420|  983.500|  -7.2|   0.0| 1014.9| 0.000|   0.0|  46.496|  45.740| 98.47|   0.0|    0.0|    0.0|E               |
|  0|10.00|40039.2|  1|32.40|32.22|  45.620|  42.615|  852.182|  -8.5|   0.1| 1044.7| 0.000|   0.0|  46.429|  46.111|204.24|   0.0|    0.0|    0.0|F2              |
|  0|10.00|40051.0|  1| 9.60| 9.52|  45.549|  41.133| 1015.752|  -7.2|   0.0| 1046.1| 0.000|   0.0|  46.482|  45.663| 98.00|   0.0|    0.0|    0.0|E               |
|  0|10.00|40051.0|  1|31.20|31.11|  45.585|  42.476|  867.915|  -8.5|   0.1| 1050.3| 0.000|   0.0|  46.451|  46.213|201.98|   0.0|    0.0|    0.0|F2              |
|  0|10.00|40063.9|  1|10.80|10.71|  45.823|  41.650|  956.120|  -6.5|   0.0|  988.8| 0.000|   0.0|  46.605|  45.928| 99.23|   0.0|    0.0|    0.0|E               |
|  0|10.00|40063.9|  1|30.60|30.53|  46.132|  42.343|  876.771|  -5.6|   0.2| 1054.2| 0.000|   0.0|  46.717|  46.157|200.23|   0.0|    0.0|    0.0|F2              |
|  0|10.00|40074.6|  1|30.60|30.55|  45.707|  42.383|  876.674|  -7.8|   0.1| 1054.2| 0.000|   0.0|  46.513|  46.176|200.20|   0.0|    0.0|    0.0|F2              |
|  0|10.00|40086.4|  1|10.20|10.12|  45.612|  41.418|  983.752|  -7.2|   0.0| 1015.2| 0.000|   0.0|  46.496|  45.740| 98.48|   0.0|    0.0|    0.0|E               |
|  0|10.00|40108.0|  1|29.40|29.40|  45.958|  42.182|  896.164|  -6.3|   0.2| 1064.5| 0.000|   0.0|  46.637|  46.094|196.64|   0.0|    0.0|    0.0|F2              |
|  0|10.00|40141.3|  1|10.80|10.71|  45.511|  41.680|  956.156|  -7.9|   0.0|  988.9| 0.000|   0.0|  46.443|  45.857| 99.11|   0.0|    0.0|    0.0|E               |
|  0|10.00|40141.3|  1|32.40|32.21|  45.622|  42.621|  851.554|  -8.5|   0.1| 1043.8| 0.000|   0.0|  46.480|  46.341|206.02|   0.0|    0.0|    0.0|F2              |
|  0|10.00|40154.3|  1|30.60|30.54|  45.568|  42.403|  876.068|  -8.5|   0.1| 1053.4| 0.000|   0.0|  46.453|  46.219|200.35|   0.0|    0.0|    0.0|F2              |
|  0|10.00|40166.2|  1|32.40|32.17|  46.445|  42.550|  851.600|  -4.2|   0.2| 1043.6| 0.000|   0.0|  46.870|  46.289|206.07|   0.0|    0.0|    0.0|F2              |
|  0|10.00|40166.2|  1|16.80|16.40|  44.994|  38.414| 1320.618|  -6.9|   0.3| 1416.6| 0.000|   0.0|  46.190|  44.141|146.82|   0.0|    0.0|    0.0|F1              |
|  0|10.00|40180.2|  1|32.40|32.20|  45.759|  42.607|  851.376|  -7.8|   0.1| 1043.5| 0.000|   0.0|  46.545|  46.334|206.06|   0.0|    0.0|    0.0|F2              |
|  0|10.00|40191.6|  1|28.80|28.84|  45.648|  42.119|  906.288|  -7.7|   0.2| 1070.1| 0.000|   0.0|  46.492|  46.078|194.89|   0.0|    0.0|    0.0|F2              |
|  0|10.00|40191.6|  1|16.20|15.80|  44.968|  38.197| 1344.728|  -6.8|   0.3| 1437.3| 0.000|   0.0|  46.171|  43.968|143.68|   0.0|    0.0|    0.0|F1              |
+---+-----+-------+---+-----+-----+--------+--------+---------+------+------+-------+------+------+--------+--------+------+------+-------+-------+----------------+
+---+-----+-------+---+-----+-----+--------+--------+---------+------+------+-------+------+------+--------+--------+------+------+-------+-------+----------------+
|0-x| fr  |  time |hop| d0  | d1  |   fi   |  teta  |   dist  |  at  |  dev |   p   |  df  |  l   |   fot  |   tot  |  rot | lsp  |   pf  |    s  |                |
+---+-----+-------+---+-----+-----+--------+--------+---------+------+------+-------+------+------+--------+--------+------+------+-------+-------+----------------+
|  0|10.00|40202.4|  1|30.60|30.54|  45.569|  42.407|  875.712|  -8.5|   0.1| 1052.9| 0.000|   0.0|  46.453|  46.219|200.38|   0.0|    0.0|    0.0|F2              |
|  0|10.00|40202.4|  1| 9.60| 9.52|  45.714|  41.110| 1016.647|  -6.5|   0.0| 1047.0| 0.000|   0.0|  46.559|  45.656| 98.05|   0.0|    0.0|    0.0|E               |
|  0|10.00|40216.6|  1|24.00|24.13|  45.405|  41.064| 1025.007|  -7.7|   0.2| 1159.0| 0.000|   0.0|  46.378|  45.524|180.17|   0.0|    0.0|    0.0|F2              |
|  0|10.00|40227.3|  1|28.80|28.83|  45.649|  42.122|  905.953|  -7.7|   0.2| 1069.6| 0.000|   0.0|  46.477|  46.003|194.62|   0.0|    0.0|    0.0|F2              |
|  0|10.00|40227.3|  1|12.60|12.48|  45.743|  42.007|  917.606|  -7.2|   0.0|  956.3| 0.000|   0.0|  46.555|  46.049|102.11|   0.0|    0.0|    0.0|E               |
|  0|10.00|40239.1|  1|33.60|33.27|  45.920|  42.711|  838.261|  -7.0|   0.2| 1041.2| 0.000|   0.0|  46.615|  46.349|209.89|   0.0|    0.0|    0.0|F2              |
|  0|10.00|40239.1|  1|16.20|15.87|  44.950|  38.092| 1356.438|  -6.8|   0.3| 1450.3| 0.000|   0.0|  46.183|  44.030|144.87|   0.0|    0.0|    0.0|F1              |
|  0|10.00|40255.4|  1|18.60|18.46|  45.124|  38.864| 1269.826|  -6.8|   0.4| 1379.3| 0.000|   0.0|  46.259|  44.484|158.92|   0.0|    0.0|    0.0|F1              |
|  0|10.00|40266.1|  1|16.20|15.92|  44.908|  38.046| 1361.981|  -6.9|   0.3| 1456.6| 0.000|   0.0|  46.168|  44.032|145.44|   0.0|    0.0|    0.0|F1              |
|  0|10.00|40276.9|  1|30.60|30.53|  45.571|  42.411|  875.182|  -8.4|   0.2| 1052.1| 0.000|   0.0|  46.437|  46.146|200.11|   0.0|    0.0|    0.0|F2              |
|  0|10.00|40276.9|  1|18.60|18.49|  45.125|  38.865| 1269.607|  -6.8|   0.4| 1379.2| 0.000|   0.0|  46.260|  44.484|159.26|   0.0|    0.0|    0.0|F1              |
|  0|10.00|40288.7|  1|30.00|29.96|  45.693|  42.312|  884.542|  -7.7|   0.2| 1056.8| 0.000|   0.0|  46.512|  46.173|198.61|   0.0|    0.0|    0.0|F2              |
|  0|10.00|40288.7|  1|15.00|14.65|  44.747|  37.488| 1424.912|  -7.0|   0.2| 1513.3| 0.000|   0.0|  46.083|  43.616|138.45|   0.0|    0.0|    0.0|F1              |
|  0|10.00|40299.4|  1|17.40|17.26|  45.017|  38.413| 1320.492|  -6.8|   0.4| 1423.4| 0.000|   0.0|  46.169|  44.024|152.84|   0.0|    0.0|    0.0|F1              |
|  0|10.00|40299.4|  1|30.00|29.96|  45.693|  42.313|  884.465|  -7.7|   0.2| 1056.7| 0.000|   0.0|  46.501|  46.118|198.41|   0.0|    0.0|    0.0|F2              |
|  0|10.00|40310.2|  1|18.60|18.54|  45.128|  38.872| 1268.817|  -6.8|   0.4| 1378.5| 0.000|   0.0|  46.198|  44.161|158.95|   0.0|    0.0|    0.0|F1              |
|  0|10.00|40320.9|  1|28.80|28.81|  45.798|  42.115|  905.047|  -7.0|   0.2| 1068.4| 0.000|   0.0|  46.552|  46.014|194.77|   0.0|    0.0|    0.0|F2              |
|  0|10.00|40331.7|  1|27.00|27.09|  45.578|  41.806|  941.476|  -7.7|   0.2| 1092.6| 0.000|   0.0|  46.470|  45.967|189.56|   0.0|    0.0|    0.0|F2              |
|  0|10.00|40342.4|  1|28.20|28.25|  45.629|  42.030|  916.258|  -7.7|   0.2| 1075.4| 0.000|   0.0|  46.490|  46.065|193.22|   0.0|    0.0|    0.0|F2              |
|  0|10.00|40342.4|  1|16.20|16.07|  44.887|  37.912| 1376.856|  -6.9|   0.3| 1473.5| 0.000|   0.0|  46.104|  43.704|146.64|   0.0|    0.0|    0.0|F1              |
+---+-----+-------+---+-----+-----+--------+--------+---------+------+------+-------+------+------+--------+--------+------+------+-------+-------+----------------+
+---+-----+-------+---+-----+-----+--------+--------+---------+------+------+-------+------+------+--------+--------+------+------+-------+-------+----------------+
|0-x| fr  |  time |hop| d0  | d1  |   fi   |  teta  |   dist  |  at  |  dev |   p   |  df  |  l   |   fot  |   tot  |  rot | lsp  |   pf  |    s  |                |
+---+-----+-------+---+-----+-----+--------+--------+---------+------+------+-------+------+------+--------+--------+------+------+-------+-------+----------------+
|  0|10.00|40353.1|  1|19.80|19.78|  45.223|  39.441| 1205.355|  -7.0|   0.3| 1320.1| 0.000|   0.0|  46.289|  44.702|165.64|   0.0|    0.0|    0.0|F1              |
|  0|10.00|40364.9|  1|15.60|15.47|  44.776|  37.639| 1408.035|  -7.0|   0.3| 1501.7| 0.000|   0.0|  46.051|  43.530|143.35|   0.0|    0.0|    0.0|F1              |
|  0|10.00|40364.9|  1|28.80|28.82|  45.653|  42.134|  904.662|  -7.7|   0.2| 1067.9| 0.000|   0.0|  46.481|  46.021|194.78|   0.0|    0.0|    0.0|F2              |
|  0|10.00|40377.9|  1|15.60|15.49|  44.806|  37.606| 1411.369|  -6.9|   0.3| 1505.4| 0.000|   0.0|  46.064|  43.508|143.67|   0.0|    0.0|    0.0|F1              |
|  0|10.00|40388.7|  1|29.40|29.37|  45.820|  42.216|  893.788|  -7.0|   0.2| 1061.2| 0.000|   0.0|  46.565|  46.081|196.71|   0.0|    0.0|    0.0|F2              |
|  0|10.00|40399.4|  1|10.80|10.71|  45.976|  41.615|  958.501|  -5.8|   0.0|  991.3| 0.000|   0.0|  46.665|  45.836| 99.25|   0.0|    0.0|    0.0|E               |
|  0|10.00|40410.2|  1|27.60|27.66|  45.607|  41.929|  927.607|  -7.7|   0.2| 1082.4| 0.000|   0.0|  46.465|  45.941|191.28|   0.0|    0.0|    0.0|F2              |
|  0|10.00|40420.9|  1|24.00|24.11|  45.422|  41.120| 1018.584|  -7.7|   0.2| 1151.4| 0.000|   0.0|  46.374|  45.503|180.16|   0.0|    0.0|    0.0|F2              |
|  0|10.00|40435.2|  1|27.00|27.08|  45.582|  41.818|  940.093|  -7.7|   0.2| 1090.9| 0.000|   0.0|  46.444|  45.839|189.28|   0.0|    0.0|    0.0|F2              |
|  0|10.00|40435.2|  1|12.60|12.47|  45.734|  41.967|  922.053|  -7.2|   0.0|  961.0| 0.000|   0.0|  46.555|  46.049|102.27|   0.0|    0.0|    0.0|E               |
|  0|10.00|40447.0|  1|27.00|27.05|  46.064|  41.778|  939.764|  -5.5|   0.2| 1090.3| 0.000|   0.0|  46.693|  45.926|189.65|   0.0|    0.0|    0.0|F2              |
|  0|10.00|40447.0|  1|14.40|14.18|  44.824|  36.657| 1515.601|  -6.2|   0.3| 1605.8| 0.000|   0.0|  46.086|  42.986|137.18|   0.0|    0.0|    0.0|F1              |
|  0|10.00|40458.8|  1|10.20|10.12|  45.632|  41.398|  985.805|  -7.1|   0.0| 1017.3| 0.000|   0.0|  46.507|  45.739| 98.62|   0.0|    0.0|    0.0|E               |
|  0|10.00|40458.8|  1|28.20|28.23|  45.781|  42.026|  915.025|  -7.0|   0.2| 1073.7| 0.000|   0.0|  46.562|  46.067|193.31|   0.0|    0.0|    0.0|F2              |
|  0|10.00|40480.2|  1|30.00|29.91|  46.126|  42.286|  883.101|  -5.6|   0.2| 1054.7| 0.000|   0.0|  46.721|  46.181|198.82|   0.0|    0.0|    0.0|F2              |
|  0|10.00|40480.2|  1|12.00|11.89|  45.882|  41.944|  923.046|  -6.5|   0.0|  959.3| 0.000|   0.0|  46.603|  45.912|100.72|   0.0|    0.0|    0.0|E               |
|  0|10.00|40497.6|  1|16.80|17.07|  44.947|  38.059| 1360.139|  -6.8|   0.4| 1463.0| 0.000|   0.0|  46.152|  43.939|153.80|   0.0|    0.0|    0.0|F1              |
+==============================================================================+
|   Medium characteristics Sunspot number=  28.5 IG=  28.5   GMT time:11:14    |
|------------------------------------------------------------------------------|
|   S   | fh |  I  |   D  | fd |  hd | fe |  he | ff1 | hf1 | ff2 | hf2 |   Hi |
|-------+----+-----+------+----+-----+----+-----+-----+-----+-----+-----+------|
|    0.0|1.21| 50.6|   2.5|0.24| 81.0|3.13|110.0| 4.48|172.1| 8.70|273.0|  39.3|
+==============================================================================+

+==================================+
|       Es-layer parametres        |
|----------------------------------|
|   S   | hEs | fbEs | f0Es | P Es |
|-------+-----+------+------+------|
|    0.0|118.5| 3.51 | 3.66 | 62.3 |
+==================================+

|  0|10.00|40509.5|  1|12.00|11.89|  45.732|  41.958|  923.067|  -7.2|   0.0|  959.4| 0.000|   0.0|  46.530|  45.919|100.72|   0.0|    0.0|    0.0|E               |
|  0|10.00|40509.5|  1|25.20|25.32|  45.497|  41.443|  982.320|  -7.7|   0.2| 1121.7| 0.000|   0.0|  46.407|  45.660|183.94|   0.0|    0.0|    0.0|F2              |
|  0|10.00|40521.3|  1| 9.60| 9.52|  45.712|  41.096| 1018.182|  -6.5|   0.0| 1048.6| 0.000|   0.0|  46.544|  45.571| 98.00|   0.0|    0.0|    0.0|E               |
+---+-----+-------+---+-----+-----+--------+--------+---------+------+------+-------+------+------+--------+--------+------+------+-------+-------+----------------+
+---+-----+-------+---+-----+-----+--------+--------+---------+------+------+-------+------+------+--------+--------+------+------+-------+-------+----------------+
|0-x| fr  |  time |hop| d0  | d1  |   fi   |  teta  |   dist  |  at  |  dev |   p   |  df  |  l   |   fot  |   tot  |  rot | lsp  |   pf  |    s  |                |
+---+-----+-------+---+-----+-----+--------+--------+---------+------+------+-------+------+------+--------+--------+------+------+-------+-------+----------------+
|  0|10.00|40521.3|  1|30.00|29.93|  45.984|  42.300|  882.880|  -6.3|   0.2| 1054.5| 0.000|   0.0|  46.652|  46.177|198.86|   0.0|    0.0|    0.0|F2              |
|  0|10.00|40532.0|  1|23.40|23.49|  45.733|  40.944| 1034.804|  -6.3|   0.2| 1163.8| 0.000|   0.0|  46.539|  45.510|178.64|   0.0|    0.0|    0.0|F2              |
|  0|10.00|40532.0|  1|11.40|11.30|  45.856|  41.815|  937.530|  -6.5|   0.0|  971.9| 0.000|   0.0|  46.594|  45.859| 99.79|   0.0|    0.0|    0.0|E               |
|  0|10.00|40542.8|  1| 9.60| 9.52|  45.712|  41.095| 1018.306|  -6.5|   0.0| 1048.7| 0.000|   0.0|  46.544|  45.571| 98.01|   0.0|    0.0|    0.0|E               |
|  0|10.00|40555.8|  1|10.20|10.11|  45.769|  41.378|  986.589|  -6.5|   0.0| 1018.2| 0.000|   0.0|  46.572|  45.733| 98.66|   0.0|    0.0|    0.0|E               |
|  0|10.00|40579.0|  1|31.80|31.62|  46.184|  42.520|  856.791|  -5.5|   0.2| 1043.0| 0.000|   0.0|  46.739|  46.231|204.41|   0.0|    0.0|    0.0|F2              |
|  0|10.00|40579.0|  1| 9.60| 9.52|  45.711|  41.093| 1018.518|  -6.5|   0.0| 1048.9| 0.000|   0.0|  46.544|  45.571| 98.02|   0.0|    0.0|    0.0|E               |
|  0|10.00|40590.8|  1| 9.60| 9.52|  45.544|  41.110| 1018.387|  -7.2|   0.0| 1048.8| 0.000|   0.0|  46.466|  45.578| 98.02|   0.0|    0.0|    0.0|E               |
|  0|10.00|40613.1|  1|10.20|10.11|  45.768|  41.375|  986.951|  -6.5|   0.0| 1018.5| 0.000|   0.0|  46.572|  45.733| 98.69|   0.0|    0.0|    0.0|E               |
|  0|10.00|40623.8|  1|28.20|28.28|  45.932|  42.023|  913.957|  -6.3|   0.2| 1072.8| 0.000|   0.0|  46.626|  46.024|193.65|   0.0|    0.0|    0.0|F2              |
|  0|10.00|40623.8|  1|11.40|11.30|  45.855|  41.807|  938.460|  -6.5|   0.0|  972.9| 0.000|   0.0|  46.594|  45.859| 99.86|   0.0|    0.0|    0.0|E               |
|  0|10.00|40634.5|  1| 9.00| 8.92|  45.645|  40.770| 1054.792|  -6.5|   0.0| 1084.2| 0.000|   0.0|  46.530|  45.484| 97.64|   0.0|    0.0|    0.0|E               |
|  0|10.00|40645.3|  1|14.40|14.25|  44.800|  36.533| 1529.383|  -6.2|   0.3| 1621.1| 0.000|   0.0|  46.060|  42.842|138.49|   0.0|    0.0|    0.0|F1              |
|  0|10.00|40656.1|  1|15.00|15.02|  44.923|  36.993| 1477.612|  -6.2|   0.3| 1572.1| 0.000|   0.0|  46.127|  43.194|143.25|   0.0|    0.0|    0.0|F2              |
|  0|10.00|40656.1|  1|26.40|26.56|  45.870|  41.688|  951.442|  -6.3|   0.2| 1098.4| 0.000|   0.0|  46.591|  45.817|188.22|   0.0|    0.0|    0.0|F2              |
|  0|10.00|40666.8|  1|12.60|12.47|  45.873|  41.894|  928.709|  -6.5|   0.0|  968.0| 0.000|   0.0|  46.625|  46.043|102.49|   0.0|    0.0|    0.0|E               |
|  0|10.00|40689.4|  1|23.40|23.62|  45.737|  40.967| 1032.211|  -6.3|   0.2| 1161.7| 0.000|   0.0|  46.519|  45.394|178.98|   0.0|    0.0|    0.0|F2              |
|  0|10.00|40689.4|  1|16.80|17.07|  44.940|  38.062| 1359.890|  -6.8|   0.4| 1462.9| 0.000|   0.0|  46.123|  43.787|154.24|   0.0|    0.0|    0.0|F2              |
|  0|10.00|40701.3|  1|12.60|12.47|  45.743|  41.902|  929.129|  -7.1|   0.0|  968.5| 0.000|   0.0|  46.565|  46.048|102.51|   0.0|    0.0|    0.0|E               |
|  0|10.00|40712.0|  1|24.00|24.25|  45.600|  41.148| 1013.602|  -7.0|   0.2| 1146.5| 0.000|   0.0|  46.477|  45.613|181.22|   0.0|    0.0|    0.0|F2              |
+---+-----+-------+---+-----+-----+--------+--------+---------+------+------+-------+------+------+--------+--------+------+------+-------+-------+----------------+
+---+-----+-------+---+-----+-----+--------+--------+---------+------+------+-------+------+------+--------+--------+------+------+-------+-------+----------------+
|0-x| fr  |  time |hop| d0  | d1  |   fi   |  teta  |   dist  |  at  |  dev |   p   |  df  |  l   |   fot  |   tot  |  rot | lsp  |   pf  |    s  |                |
+---+-----+-------+---+-----+-----+--------+--------+---------+------+------+-------+------+------+--------+--------+------+------+-------+-------+----------------+
|  0|10.00|40712.0|  1|13.20|12.99|  45.559|  41.158| 1012.952|  -7.2|   0.0| 1059.9| 0.000|   0.0|  46.475|  45.627|105.02|   0.0|    0.0|    0.0|E               |
|  0|10.00|40733.4|  1|15.60|15.74|  44.765|  37.404| 1433.908|  -6.9|   0.3| 1531.2| 0.000|   0.0|  46.077|  43.572|147.49|   0.0|    0.0|    0.0|F2              |
|  0|10.00|40744.2|  1|26.40|26.62|  45.872|  41.693|  950.822|  -6.3|   0.2| 1098.0| 0.000|   0.0|  46.591|  45.818|188.50|   0.0|    0.0|    0.0|F2              |
|  0|10.00|40744.2|  1|13.80|13.36|  44.284|  35.771| 1618.227|  -7.0|   0.2| 1708.8| 0.000|   0.0|  45.851|  42.494|133.58|   0.0|    0.0|    0.0|F2              |
|  0|10.00|40754.9|  1|29.40|29.45|  46.425|  42.189|  891.736|  -4.1|   0.2| 1059.3| 0.000|   0.0|  46.858|  46.087|197.62|   0.0|    0.0|    0.0|F2              |
|  0|10.00|40754.9|  1|12.00|11.89|  45.725|  41.926|  926.683|  -7.2|   0.0|  963.2| 0.000|   0.0|  46.530|  45.919|100.94|   0.0|    0.0|    0.0|E               |
|  0|10.00|40765.8|  1|25.80|26.05|  45.849|  41.569|  964.734|  -6.3|   0.2| 1108.3| 0.000|   0.0|  46.552|  45.585|185.69|   0.0|    0.0|    0.0|F2              |
|  0|10.00|40776.5|  1|28.20|28.34|  46.232|  42.008|  913.113|  -4.9|   0.2| 1072.2| 0.000|   0.0|  46.768|  46.013|194.12|   0.0|    0.0|    0.0|F2              |
|  0|10.00|40776.5|  1|10.80|10.71|  45.814|  41.605|  961.142|  -6.5|   0.0|  994.1| 0.000|   0.0|  46.591|  45.843| 99.41|   0.0|    0.0|    0.0|E               |
|  0|10.00|40801.2|  1|26.40|26.62|  46.340|  41.666|  950.193|  -4.2|   0.2| 1097.4| 0.000|   0.0|  46.818|  45.830|188.78|   0.0|    0.0|    0.0|F2              |
|  0|10.00|40816.5|  1| 8.40| 8.32|  45.387|  40.423| 1095.632|  -7.2|   0.0| 1124.1| 0.000|   0.0|  46.414|  45.307| 97.20|   0.0|    0.0|    0.0|E               |
|  0|10.00|40816.5|  1|27.60|27.81|  45.937|  41.925|  924.698|  -6.2|   0.2| 1079.9| 0.000|   0.0|  46.619|  45.918|192.25|   0.0|    0.0|    0.0|F2              |
|  0|10.00|40830.5|  1|26.40|26.67|  45.873|  41.699|  950.229|  -6.3|   0.2| 1097.7| 0.000|   0.0|  46.601|  45.875|188.91|   0.0|    0.0|    0.0|F2              |
|  0|10.00|40843.5|  1|13.80|13.30|  44.555|  35.644| 1629.546|  -6.3|   0.2| 1720.8| 0.000|   0.0|  46.006|  42.566|134.40|   0.0|    0.0|    0.0|F2              |
|  0|10.00|40843.5|  1|28.20|28.39|  45.935|  42.032|  912.862|  -6.3|   0.2| 1072.2| 0.000|   0.0|  46.629|  46.043|194.33|   0.0|    0.0|    0.0|F2              |
|  0|10.00|40858.7|  1|28.20|28.41|  45.639|  42.060|  912.883|  -7.7|   0.2| 1072.4| 0.000|   0.0|  46.489|  46.057|194.36|   0.0|    0.0|    0.0|F2              |
|  0|10.00|40858.7|  1|11.40|11.30|  45.850|  41.785|  940.965|  -6.5|   0.0|  975.5| 0.000|   0.0|  46.594|  45.859|100.03|   0.0|    0.0|    0.0|E               |
|  0|10.00|40869.5|  1| 9.00| 8.92|  45.643|  40.759| 1056.023|  -6.5|   0.0| 1085.5| 0.000|   0.0|  46.515|  45.398| 97.56|   0.0|    0.0|    0.0|E               |
|  0|10.00|40869.5|  1|30.00|30.07|  46.415|  42.281|  881.554|  -4.2|   0.2| 1053.9| 0.000|   0.0|  46.859|  46.182|199.87|   0.0|    0.0|    0.0|F2              |
|  0|10.00|40880.2|  1|10.80|10.71|  45.656|  41.614|  961.755|  -7.2|   0.0|  994.7| 0.000|   0.0|  46.517|  45.849| 99.45|   0.0|    0.0|    0.0|E               |
+---+-----+-------+---+-----+-----+--------+--------+---------+------+------+-------+------+------+--------+--------+------+------+-------+-------+----------------+
+---+-----+-------+---+-----+-----+--------+--------+---------+------+------+-------+------+------+--------+--------+------+------+-------+-------+----------------+
|0-x| fr  |  time |hop| d0  | d1  |   fi   |  teta  |   dist  |  at  |  dev |   p   |  df  |  l   |   fot  |   tot  |  rot | lsp  |   pf  |    s  |                |
+---+-----+-------+---+-----+-----+--------+--------+---------+------+------+-------+------+------+--------+--------+------+------+-------+-------+----------------+
|  0|10.00|40880.2|  1|25.80|26.14|  45.535|  41.605|  964.080|  -7.7|   0.2| 1108.1| 0.000|   0.0|  46.434|  45.791|187.20|   0.0|    0.0|    0.0|F2              |
|  0|10.00|40892.1|  1|27.60|27.84|  46.067|  41.919|  924.243|  -5.6|   0.2| 1079.6| 0.000|   0.0|  46.684|  45.932|192.55|   0.0|    0.0|    0.0|F2              |
|  0|10.00|40892.1|  1|12.60|12.46|  45.861|  41.833|  935.541|  -6.5|   0.0|  975.2| 0.000|   0.0|  46.618|  46.000|102.69|   0.0|    0.0|    0.0|E               |
|  0|10.00|40904.0|  1|27.60|27.85|  46.067|  41.919|  924.179|  -5.6|   0.2| 1079.6| 0.000|   0.0|  46.684|  45.932|192.59|   0.0|    0.0|    0.0|F2              |
|  0|10.00|40914.7|  1|13.20|12.96|  45.303|  40.809| 1054.173|  -7.9|   0.0| 1103.5| 0.000|   0.0|  46.362|  45.467|105.54|   0.0|    0.0|    0.0|E               |
|  0|10.00|40914.7|  1|27.00|27.29|  45.896|  41.821|  936.541|  -6.3|   0.2| 1088.1| 0.000|   0.0|  46.611|  45.935|190.96|   0.0|    0.0|    0.0|F2              |
|  0|10.00|40925.6|  1|27.00|27.30|  45.896|  41.821|  936.477|  -6.3|   0.2| 1088.0| 0.000|   0.0|  46.608|  45.917|190.96|   0.0|    0.0|    0.0|F2              |
|  0|10.00|40937.5|  1|28.20|28.43|  46.106|  42.023|  912.357|  -5.5|   0.2| 1071.9| 0.000|   0.0|  46.709|  46.028|194.59|   0.0|    0.0|    0.0|F2              |
|  0|10.00|40937.5|  1|11.40|11.30|  45.871|  41.775|  941.819|  -6.4|   0.0|  976.4| 0.000|   0.0|  46.604|  45.859|100.09|   0.0|    0.0|    0.0|E               |
|  0|10.00|40965.7|  1|32.40|32.31|  46.609|  42.570|  848.489|  -3.4|   0.2| 1040.7| 0.000|   0.0|  46.949|  46.313|207.52|   0.0|    0.0|    0.0|F2              |
|  0|10.00|40965.7|  1|14.40|14.13|  44.493|  36.503| 1535.784|  -7.0|   0.2| 1627.6| 0.000|   0.0|  45.945|  42.938|139.33|   0.0|    0.0|    0.0|F2              |
|  0|10.00|40977.5|  1| 8.40| 8.32|  45.568|  40.397| 1096.603|  -6.5|   0.0| 1125.2| 0.000|   0.0|  46.498|  45.299| 97.26|   0.0|    0.0|    0.0|E               |
|  0|10.00|40990.5|  1|13.20|12.90|  45.561|  40.326| 1104.529|  -6.5|   0.0| 1156.7| 0.000|   0.0|  46.495|  45.283|106.00|   0.0|    0.0|    0.0|E               |
|  0|10.00|41001.3|  1|31.20|31.30|  45.168|  42.572|  863.348| -10.6|   0.2| 1045.7| 0.000|   0.0|  46.265|  46.321|203.77|   0.0|    0.0|    0.0|F2              |
|  0|10.00|41001.3|  1|13.80|13.26|  44.244|  35.655| 1631.440|  -7.0|   0.2| 1722.8| 0.000|   0.0|  45.894|  42.704|134.87|   0.0|    0.0|    0.0|F2              |
|  0|10.00|41012.0|  1|31.20|31.28|  45.601|  42.515|  863.442|  -8.4|   0.2| 1045.8| 0.000|   0.0|  46.471|  46.294|203.84|   0.0|    0.0|    0.0|F2              |
|  0|10.00|41012.0|  1|10.20|10.11|  45.764|  41.351|  989.620|  -6.5|   0.0| 1021.3| 0.000|   0.0|  46.572|  45.733| 98.85|   0.0|    0.0|    0.0|E               |
|  0|10.00|41022.7|  1|32.40|32.39|  45.211|  42.707|  847.996| -10.6|   0.2| 1040.6| 0.000|   0.0|  46.271|  46.343|207.40|   0.0|    0.0|    0.0|F2              |
|  0|10.00|41022.7|  1|12.00|11.89|  45.717|  41.888|  930.906|  -7.2|   0.0|  967.6| 0.000|   0.0|  46.530|  45.919|101.19|   0.0|    0.0|    0.0|E               |
|  0|10.00|41035.8|  1|10.20|10.12|  45.440|  41.385|  989.323|  -7.9|   0.0| 1021.0| 0.000|   0.0|  46.421|  45.747| 98.84|   0.0|    0.0|    0.0|E               |
+---+-----+-------+---+-----+-----+--------+--------+---------+------+------+-------+------+------+--------+--------+------+------+-------+-------+----------------+
+---+-----+-------+---+-----+-----+--------+--------+---------+------+------+-------+------+------+--------+--------+------+------+-------+-------+----------------+
|0-x| fr  |  time |hop| d0  | d1  |   fi   |  teta  |   dist  |  at  |  dev |   p   |  df  |  l   |   fot  |   tot  |  rot | lsp  |   pf  |    s  |                |
+---+-----+-------+---+-----+-----+--------+--------+---------+------+------+-------+------+------+--------+--------+------+------+-------+-------+----------------+
|  0|10.00|41073.3|  1|30.00|30.23|  44.980|  42.438|  880.887| -11.3|   0.2| 1054.1| 0.000|   0.0|  46.172|  46.238|200.27|   0.0|    0.0|    0.0|F2              |
|  0|10.00|41073.3|  1|12.00|11.88|  45.866|  41.863|  932.167|  -6.5|   0.0|  968.9| 0.000|   0.0|  46.603|  45.912|101.25|   0.0|    0.0|    0.0|E               |
|  0|10.00|41084.1|  1| 9.00| 8.92|  45.641|  40.749| 1057.136|  -6.5|   0.0| 1086.6| 0.000|   0.0|  46.515|  45.398| 97.64|   0.0|    0.0|    0.0|E               |
|  0|10.00|41084.1|  1|30.60|30.76|  45.443|  42.458|  871.744|  -9.1|   0.2| 1049.5| 0.000|   0.0|  46.383|  46.211|202.03|   0.0|    0.0|    0.0|F2              |
|  0|10.00|41096.0|  1|31.81|31.89|  45.192|  42.645|  854.999| -10.6|   0.2| 1042.7| 0.000|   0.0|  46.250|  46.266|205.52|   0.0|    0.0|    0.0|F2              |
|  0|10.00|41106.8|  1| 6.60| 6.51|  45.315|  39.076| 1244.573|  -6.4|   0.0| 1270.9| 0.000|   0.0|  46.384|  44.571| 95.96|   0.0|    0.0|    0.0|E               |
|  0|10.00|41106.8|  1|28.79|29.10|  45.373|  42.198|  901.048|  -9.1|   0.2| 1065.4| 0.000|   0.0|  46.364|  46.131|196.81|   0.0|    0.0|    0.0|F2              |
|  0|10.00|41119.7|  1|12.00|11.89|  45.714|  41.874|  932.521|  -7.2|   0.0|  969.3| 0.000|   0.0|  46.530|  45.919|101.27|   0.0|    0.0|    0.0|E               |
|  0|10.00|41119.7|  1|28.80|29.12|  45.353|  42.203|  900.825|  -9.2|   0.2| 1065.2| 0.000|   0.0|  46.361|  46.161|196.90|   0.0|    0.0|    0.0|F2              |
|  0|10.00|41130.4|  1|12.00|11.89|  45.714|  41.872|  932.699|  -7.2|   0.0|  969.5| 0.000|   0.0|  46.530|  45.919|101.28|   0.0|    0.0|    0.0|E               |
|  0|10.00|41142.2|  1|12.00|11.88|  45.864|  41.853|  933.334|  -6.5|   0.0|  970.2| 0.000|   0.0|  46.603|  45.912|101.31|   0.0|    0.0|    0.0|E               |
|  0|10.00|41154.1|  1|32.40|32.38|  46.610|  42.574|  848.029|  -3.4|   0.2| 1040.6| 0.000|   0.0|  46.949|  46.309|207.96|   0.0|    0.0|    0.0|F2              |
|  0|10.00|41154.1|  1|10.80|10.71|  45.652|  41.593|  964.038|  -7.2|   0.0|  997.1| 0.000|   0.0|  46.517|  45.849| 99.58|   0.0|    0.0|    0.0|E               |
|  0|10.00|41164.8|  1|21.00|21.62|  45.599|  40.236| 1114.074|  -6.3|   0.2| 1233.3| 0.000|   0.0|  46.448|  44.974|173.37|   0.0|    0.0|    0.0|F2              |
|  0|10.00|41175.7|  1|13.80|13.17|  44.507|  35.509| 1644.797|  -6.3|   0.2| 1736.8| 0.000|   0.0|  45.983|  42.442|135.31|   0.0|    0.0|    0.0|F2              |
|  0|10.00|41175.7|  1|28.80|29.16|  45.065|  42.243|  900.652| -10.6|   0.2| 1065.3| 0.000|   0.0|  46.225|  46.180|197.03|   0.0|    0.0|    0.0|F2              |
|  0|10.00|41186.6|  1| 8.40| 8.32|  45.383|  40.406| 1097.456|  -7.2|   0.0| 1126.0| 0.000|   0.0|  46.414|  45.307| 97.31|   0.0|    0.0|    0.0|E               |
|  0|10.00|41186.6|  1|28.20|28.57|  45.643|  42.073|  911.384|  -7.7|   0.2| 1071.7| 0.000|   0.0|  46.484|  46.031|195.24|   0.0|    0.0|    0.0|F2              |
|  0|10.00|41198.4|  1|13.20|11.20|  39.305|  23.315| 3028.683|  -6.9|   0.3| 3190.7| 0.000|   0.0|  42.795|  31.076|129.25|   0.0|    0.0|    0.0|F2              |
|  0|10.00|41198.4|  1|27.60|28.01|  45.769|  41.957|  922.819|  -7.0|   0.2| 1079.0| 0.000|   0.0|  46.535|  45.919|193.32|   0.0|    0.0|    0.0|F2              |
+---+-----+-------+---+-----+-----+--------+--------+---------+------+------+-------+------+------+--------+--------+------+------+-------+-------+----------------+
+---+-----+-------+---+-----+-----+--------+--------+---------+------+------+-------+------+------+--------+--------+------+------+-------+-------+----------------+
|0-x| fr  |  time |hop| d0  | d1  |   fi   |  teta  |   dist  |  at  |  dev |   p   |  df  |  l   |   fot  |   tot  |  rot | lsp  |   pf  |    s  |                |
+---+-----+-------+---+-----+-----+--------+--------+---------+------+------+-------+------+------+--------+--------+------+------+-------+-------+----------------+
|  0|10.00|41210.2|  1|24.00|24.60|  45.609|  41.193| 1008.552|  -7.0|   0.2| 1142.9| 0.000|   0.0|  46.476|  45.606|183.01|   0.0|    0.0|    0.0|F2              |
|  0|10.00|41222.0|  1|26.99|27.46|  45.594|  41.862|  935.183|  -7.7|   0.2| 1087.5| 0.000|   0.0|  46.446|  45.847|191.49|   0.0|    0.0|    0.0|F2              |
|  0|10.00|41235.0|  1|31.80|31.89|  46.031|  42.549|  855.008|  -6.3|   0.2| 1042.7| 0.000|   0.0|  46.660|  46.219|205.92|   0.0|    0.0|    0.0|F2              |
|  0|10.00|41235.0|  1|13.20|11.93|  43.302|  31.035| 2147.654|  -6.2|   0.2| 2261.1| 0.000|   0.0|  45.642|  40.580|131.03|   0.0|    0.0|    0.0|F2              |
|  0|10.00|41245.8|  1|27.01|27.49|  45.595|  41.867|  934.651|  -7.7|   0.2| 1087.2| 0.000|   0.0|  46.473|  45.975|191.99|   0.0|    0.0|    0.0|F2              |
|  0|10.00|41257.6|  1|27.60|28.04|  45.770|  41.959|  922.536|  -7.0|   0.2| 1078.9| 0.000|   0.0|  46.539|  45.938|193.57|   0.0|    0.0|    0.0|F2              |
|  0|10.00|41268.3|  1|25.80|26.35|  45.855|  41.601|  961.201|  -6.3|   0.2| 1106.1| 0.000|   0.0|  46.579|  45.745|188.33|   0.0|    0.0|    0.0|F2              |
|  0|10.00|41279.1|  1|12.00|11.88|  45.709|  41.849|  935.289|  -7.2|   0.0|  972.2| 0.000|   0.0|  46.530|  45.919|101.42|   0.0|    0.0|    0.0|E               |
|  0|10.00|41295.3|  1|29.40|29.73|  45.830|  42.251|  889.812|  -7.0|   0.2| 1058.8| 0.000|   0.0|  46.564|  46.071|198.88|   0.0|    0.0|    0.0|F2              |
|  0|10.00|41295.3|  1|11.40|11.30|  45.710|  41.755|  945.603|  -7.1|   0.0|  980.4| 0.000|   0.0|  46.531|  45.865|100.33|   0.0|    0.0|    0.0|E               |
|  0|10.00|41307.2|  1|25.80|26.38|  45.541|  41.631|  961.161|  -7.7|   0.2| 1106.2| 0.000|   0.0|  46.428|  45.760|188.44|   0.0|    0.0|    0.0|F2              |
|  0|10.00|41317.9|  1|23.40|24.12|  45.239|  41.075| 1025.718|  -8.4|   0.2| 1157.2| 0.000|   0.0|  46.292|  45.501|181.55|   0.0|    0.0|    0.0|F2              |
|  0|10.00|41341.6|  1|16.20|16.32|  44.862|  37.727| 1397.462|  -6.8|   0.3| 1497.9| 0.000|   0.0|  46.138|  43.789|153.19|   0.0|    0.0|    0.0|F2              |
|  0|10.00|41353.5|  1|27.01|27.54|  45.749|  41.857|  934.020|  -7.0|   0.2| 1086.7| 0.000|   0.0|  46.491|  45.682|190.52|   0.0|    0.0|    0.0|F2              |
|  0|10.00|41364.3|  1| 9.60| 9.51|  45.535|  41.069| 1022.954|  -7.2|   0.0| 1053.6| 0.000|   0.0|  46.474|  45.621| 98.39|   0.0|    0.0|    0.0|E               |
|  0|10.00|41364.3|  1|27.60|28.10|  45.621|  41.978|  922.086|  -7.7|   0.2| 1078.7| 0.000|   0.0|  46.467|  45.946|193.86|   0.0|    0.0|    0.0|F2              |
|  0|10.00|41375.2|  1|30.00|30.31|  45.991|  42.326|  879.891|  -6.3|   0.2| 1053.5| 0.000|   0.0|  46.662|  46.232|201.20|   0.0|    0.0|    0.0|F2              |
|  0|10.00|41375.2|  1|19.80|20.63|  45.113|  39.786| 1168.631|  -7.6|   0.3| 1284.1| 0.000|   0.0|  46.212|  44.727|170.32|   0.0|    0.0|    0.0|F1              |
|  0|10.00|41386.0|  1|20.40|21.26|  45.169|  40.033| 1140.859|  -7.6|   0.3| 1259.0| 0.000|   0.0|  46.239|  44.851|172.46|   0.0|    0.0|    0.0|F1              |
|  0|10.00|41386.0|  1|21.60|22.41|  45.464|  40.504| 1085.931|  -7.0|   0.2| 1208.5| 0.000|   0.0|  46.394|  45.174|176.36|   0.0|    0.0|    0.0|F2              |
+---+-----+-------+---+-----+-----+--------+--------+---------+------+------+-------+------+------+--------+--------+------+------+-------+-------+----------------+
+---+-----+-------+---+-----+-----+--------+--------+---------+------+------+-------+------+------+--------+--------+------+------+-------+-------+----------------+
|0-x| fr  |  time |hop| d0  | d1  |   fi   |  teta  |   dist  |  at  |  dev |   p   |  df  |  l   |   fot  |   tot  |  rot | lsp  |   pf  |    s  |                |
+---+-----+-------+---+-----+-----+--------+--------+---------+------+------+-------+------+------+--------+--------+------+------+-------+-------+----------------+
|  0|10.00|41397.9|  1|28.80|29.28|  44.477|  42.348|  899.862| -13.5|   0.2| 1065.1| 0.000|   0.0|  45.940|  46.209|197.58|   0.0|    0.0|    0.0|F2              |
|  0|10.00|41397.9|  1| 7.20| 7.11|  45.186|  39.568| 1191.689|  -7.2|   0.0| 1218.7| 0.000|   0.0|  46.318|  44.811| 96.38|   0.0|    0.0|    0.0|E               |
+==============================================================================+
|   Medium characteristics Sunspot number=  28.5 IG=  28.5   GMT time:11:29    |
|------------------------------------------------------------------------------|
|   S   | fh |  I  |   D  | fd |  hd | fe |  he | ff1 | hf1 | ff2 | hf2 |   Hi |
|-------+----+-----+------+----+-----+----+-----+-----+-----+-----+-----+------|
|    0.0|1.21| 50.6|   2.5|0.23| 81.0|3.09|110.0| 4.45|173.5| 8.67|273.1|  41.7|
+==============================================================================+

+==================================+
|       Es-layer parametres        |
|----------------------------------|
|   S   | hEs | fbEs | f0Es | P Es |
|-------+-----+------+------+------|
|    0.0|118.3| 3.47 | 3.62 | 62.9 |
+==================================+

|  0|10.00|41409.7|  1|21.00|21.84|  45.417|  40.288| 1110.182|  -7.0|   0.2| 1230.2| 0.000|   0.0|  46.357|  44.975|174.33|   0.0|    0.0|    0.0|F2              |
|  0|10.00|41421.6|  1|27.00|27.55|  45.748|  41.857|  934.025|  -7.0|   0.2| 1086.8| 0.000|   0.0|  46.544|  45.968|192.46|   0.0|    0.0|    0.0|F2              |
|  0|10.00|41432.3|  1|25.80|26.43|  45.698|  41.621|  960.526|  -7.0|   0.2| 1105.8| 0.000|   0.0|  46.507|  45.768|188.84|   0.0|    0.0|    0.0|F2              |
|  0|10.00|41444.1|  1|29.39|29.77|  45.686|  42.266|  889.688|  -7.7|   0.2| 1058.9| 0.000|   0.0|  46.505|  46.133|199.41|   0.0|    0.0|    0.0|F2              |
|  0|10.00|41454.9|  1| 6.60| 6.51|  45.069|  39.089| 1245.626|  -7.2|   0.0| 1272.0| 0.000|   0.0|  46.273|  44.581| 96.05|   0.0|    0.0|    0.0|E               |
|  0|10.00|41465.8|  1|15.60|15.54|  44.960|  37.291| 1444.442|  -6.3|   0.2| 1542.3| 0.000|   0.0|  46.158|  43.358|149.65|   0.0|    0.0|    0.0|F2              |
|  0|10.00|41465.8|  1|13.80|13.08|  44.779|  35.400| 1654.465|  -5.7|   0.1| 1747.0| 0.000|   0.0|  46.157|  42.641|136.99|   0.0|    0.0|    0.0|F2              |
|  0|10.00|41465.8|  1|28.80|29.25|  45.210|  42.230|  899.851|  -9.9|   0.2| 1065.0| 0.000|   0.0|  46.287|  46.148|197.75|   0.0|    0.0|    0.0|F2              |
|  0|10.00|41476.6|  1|26.40|26.98|  45.877|  41.728|  946.908|  -6.3|   0.2| 1095.8| 0.000|   0.0|  46.601|  45.874|190.79|   0.0|    0.0|    0.0|F2              |
|  0|10.00|41487.3|  1|26.40|27.00|  45.414|  41.772|  947.175|  -8.4|   0.2| 1096.2| 0.000|   0.0|  46.380|  45.891|190.77|   0.0|    0.0|    0.0|F2              |
|  0|10.00|41498.0|  1|24.00|24.72|  45.609|  41.207| 1007.053|  -7.0|   0.2| 1141.9| 0.000|   0.0|  46.471|  45.584|183.80|   0.0|    0.0|    0.0|F2              |
|  0|10.00|41508.8|  1|22.20|23.00|  45.298|  40.719| 1064.118|  -7.8|   0.2| 1189.6| 0.000|   0.0|  46.326|  45.331|178.47|   0.0|    0.0|    0.0|F2              |
|  0|10.00|41521.7|  1|19.80|20.62|  45.503|  39.780| 1165.220|  -6.3|   0.2| 1280.2| 0.000|   0.0|  46.401|  44.709|170.66|   0.0|    0.0|    0.0|F2              |
|  0|10.00|41532.5|  1|22.80|23.57|  45.365|  40.897| 1043.713|  -7.7|   0.2| 1172.2| 0.000|   0.0|  46.350|  45.388|180.24|   0.0|    0.0|    0.0|F2              |
|  0|10.00|41544.3|  1|17.40|17.91|  44.997|  38.459| 1315.561|  -6.9|   0.3| 1422.0| 0.000|   0.0|  46.189|  44.123|160.94|   0.0|    0.0|    0.0|F2              |
|  0|10.00|41555.2|  1|13.80|13.09|  44.163|  35.447| 1655.091|  -7.1|   0.1| 1747.8| 0.000|   0.0|  45.895|  42.707|137.17|   0.0|    0.0|    0.0|F2              |
|  0|10.00|41565.9|  1|25.80|26.41|  45.852|  41.605|  960.761|  -6.3|   0.2| 1106.0| 0.000|   0.0|  46.579|  45.746|189.03|   0.0|    0.0|    0.0|F2              |
|  0|10.00|41576.6|  1|24.60|25.32|  44.301|  41.522|  991.938| -12.8|   0.2| 1130.6| 0.000|   0.0|  45.865|  45.786|185.65|   0.0|    0.0|    0.0|F2              |
+---+-----+-------+---+-----+-----+--------+--------+---------+------+------+-------+------+------+--------+--------+------+------+-------+-------+----------------+
+---+-----+-------+---+-----+-----+--------+--------+---------+------+------+-------+------+------+--------+--------+------+------+-------+-------+----------------+
|0-x| fr  |  time |hop| d0  | d1  |   fi   |  teta  |   dist  |  at  |  dev |   p   |  df  |  l   |   fot  |   tot  |  rot | lsp  |   pf  |    s  |                |
+---+-----+-------+---+-----+-----+--------+--------+---------+------+------+-------+------+------+--------+--------+------+------+-------+-------+----------------+
|  0|10.00|41588.4|  1|20.40|21.22|  45.134|  40.060| 1138.249|  -7.8|   0.2| 1255.9| 0.000|   0.0|  46.224|  44.853|172.75|   0.0|    0.0|    0.0|F2              |
|  0|10.00|41600.3|  1|27.60|28.10|  45.916|  41.949|  922.258|  -6.3|   0.2| 1079.0| 0.000|   0.0|  46.604|  45.895|194.15|   0.0|    0.0|    0.0|F2              |
|  0|10.00|41613.2|  1|25.80|26.42|  45.693|  41.618|  960.947|  -7.0|   0.2| 1106.2| 0.000|   0.0|  46.500|  45.734|189.03|   0.0|    0.0|    0.0|F2              |
|  0|10.00|41623.9|  1|12.00|11.88|  45.696|  41.787|  942.330|  -7.2|   0.0|  979.7| 0.000|   0.0|  46.530|  45.919|101.75|   0.0|    0.0|    0.0|E               |
|  0|10.00|41623.9|  1|27.00|27.55|  45.591|  41.868|  934.535|  -7.7|   0.2| 1087.4| 0.000|   0.0|  46.467|  45.952|192.77|   0.0|    0.0|    0.0|F2              |
|  0|10.00|41634.7|  1| 9.60| 9.51|  46.063|  41.002| 1025.592|  -5.0|   0.0| 1056.3| 0.000|   0.0|  46.719|  45.600| 98.53|   0.0|    0.0|    0.0|E               |
|  0|10.00|41634.7|  1|27.00|27.54|  45.895|  41.840|  934.456|  -6.3|   0.2| 1087.3| 0.000|   0.0|  46.611|  45.938|192.81|   0.0|    0.0|    0.0|F2              |
|  0|10.00|41646.6|  1|25.80|26.42|  45.692|  41.617|  961.024|  -7.0|   0.2| 1106.3| 0.000|   0.0|  46.500|  45.734|189.09|   0.0|    0.0|    0.0|F2              |
|  0|10.00|41657.4|  1|18.00|18.65|  45.072|  38.819| 1275.288|  -7.0|   0.2| 1384.2| 0.000|   0.0|  46.227|  44.319|164.31|   0.0|    0.0|    0.0|F2              |
|  0|10.00|41668.1|  1|15.60|15.61|  44.936|  37.260| 1448.112|  -6.3|   0.2| 1546.7| 0.000|   0.0|  46.160|  43.379|150.87|   0.0|    0.0|    0.0|F2              |
|  0|10.00|41679.9|  1|22.80|23.55|  45.359|  40.897| 1043.857|  -7.7|   0.2| 1172.3| 0.000|   0.0|  46.348|  45.378|180.45|   0.0|    0.0|    0.0|F2              |
|  0|10.00|41690.7|  1|21.60|22.38|  45.632|  40.494| 1085.263|  -6.3|   0.2| 1207.6| 0.000|   0.0|  46.486|  45.205|176.95|   0.0|    0.0|    0.0|F2              |
|  0|10.00|41690.7|  1|15.60|15.59|  44.418|  37.299| 1449.271|  -7.7|   0.2| 1547.9| 0.000|   0.0|  45.919|  43.403|150.70|   0.0|    0.0|    0.0|F2              |
|  0|10.00|41690.7|  1|18.60|19.32|  45.154|  39.179| 1234.789|  -7.0|   0.2| 1345.6| 0.000|   0.0|  46.243|  44.401|166.77|   0.0|    0.0|    0.0|F2              |
|  0|10.00|41713.2|  1|24.60|25.27|  45.633|  41.349|  991.104|  -7.0|   0.2| 1129.3| 0.000|   0.0|  46.489|  45.681|185.94|   0.0|    0.0|    0.0|F2              |
|  0|10.00|41725.0|  1|21.00|21.78|  45.589|  40.288| 1108.451|  -6.3|   0.2| 1228.0| 0.000|   0.0|  46.446|  44.976|174.82|   0.0|    0.0|    0.0|F2              |
|  0|10.00|41738.1|  1|19.80|20.58|  45.064|  39.816| 1165.814|  -7.8|   0.2| 1280.7| 0.000|   0.0|  46.205|  44.768|171.16|   0.0|    0.0|    0.0|F2              |
|  0|10.00|41754.2|  1|15.00|14.82|  44.542|  36.810| 1501.484|  -7.0|   0.2| 1597.7| 0.000|   0.0|  45.997|  43.189|147.21|   0.0|    0.0|    0.0|F2              |
|  0|10.00|41754.2|  1|16.20|16.42|  44.777|  37.684| 1403.031|  -7.0|   0.2| 1504.6| 0.000|   0.0|  46.092|  43.649|155.11|   0.0|    0.0|    0.0|F2              |
|  0|10.00|41766.2|  1|14.40|14.00|  44.389|  36.266| 1562.847|  -7.1|   0.1| 1656.8| 0.000|   0.0|  45.940|  42.920|142.87|   0.0|    0.0|    0.0|F2              |
+---+-----+-------+---+-----+-----+--------+--------+---------+------+------+-------+------+------+--------+--------+------+------+-------+-------+----------------+
+---+-----+-------+---+-----+-----+--------+--------+---------+------+------+-------+------+------+--------+--------+------+------+-------+-------+----------------+
|0-x| fr  |  time |hop| d0  | d1  |   fi   |  teta  |   dist  |  at  |  dev |   p   |  df  |  l   |   fot  |   tot  |  rot | lsp  |   pf  |    s  |                |
+---+-----+-------+---+-----+-----+--------+--------+---------+------+------+-------+------+------+--------+--------+------+------+-------+-------+----------------+
|  0|10.00|41766.2|  1|19.20|19.94|  44.820|  39.564| 1196.436|  -8.4|   0.2| 1308.9| 0.000|   0.0|  46.106|  44.701|169.22|   0.0|    0.0|    0.0|F2              |
|  0|10.00|41766.2|  1|16.80|17.18|  44.639|  38.093| 1359.662|  -7.7|   0.2| 1463.9| 0.000|   0.0|  45.988|  43.712|158.10|   0.0|    0.0|    0.0|F2              |
|  0|10.00|41766.2|  1|21.60|22.37|  44.877|  40.563| 1086.506|  -9.2|   0.2| 1209.0| 0.000|   0.0|  46.112|  45.165|176.84|   0.0|    0.0|    0.0|F2              |
|  0|10.00|41766.2|  1|24.00|24.71|  44.913|  41.277| 1008.098| -10.0|   0.1| 1143.1| 0.000|   0.0|  46.147|  45.626|184.20|   0.0|    0.0|    0.0|F2              |
|  0|10.00|41776.9|  1|19.20|19.94|  45.433|  39.524| 1194.061|  -6.3|   0.2| 1306.2| 0.000|   0.0|  46.378|  44.591|169.16|   0.0|    0.0|    0.0|F2              |
|  0|10.00|41787.5|  1| 6.60| 6.51|  44.853|  39.098| 1247.018|  -7.9|   0.0| 1273.4| 0.000|   0.0|  46.175|  44.591| 96.16|   0.0|    0.0|    0.0|E               |
|  0|10.00|41798.3|  1|18.60|19.31|  44.933|  39.202| 1234.720|  -7.7|   0.2| 1345.4| 0.000|   0.0|  46.141|  44.411|167.01|   0.0|    0.0|    0.0|F2              |
|  0|10.00|41798.3|  1|21.00|21.77|  44.815|  40.359| 1109.616|  -9.2|   0.2| 1229.3| 0.000|   0.0|  46.074|  45.016|174.88|   0.0|    0.0|    0.0|F2              |
|  0|10.00|41798.3|  1|19.80|20.57|  44.891|  39.835| 1165.883|  -8.4|   0.2| 1280.8| 0.000|   0.0|  46.124|  44.777|171.25|   0.0|    0.0|    0.0|F2              |
|  0|10.00|41809.0|  1|28.20|28.65|  45.952|  42.046|  911.187|  -6.3|   0.1| 1072.1| 0.000|   0.0|  46.629|  45.981|196.42|   0.0|    0.0|    0.0|F2              |
|  0|10.00|41820.8|  1|22.20|22.95|  45.487|  40.702| 1063.901|  -7.1|   0.1| 1189.2| 0.000|   0.0|  46.418|  45.312|178.97|   0.0|    0.0|    0.0|F2              |
|  0|10.00|41831.6|  1|19.80|20.56|  45.484|  39.799| 1163.268|  -6.3|   0.2| 1277.8| 0.000|   0.0|  46.416|  44.808|171.48|   0.0|    0.0|    0.0|F2              |
|  0|10.00|41831.6|  1|17.40|17.95|  44.965|  38.456| 1316.249|  -7.0|   0.2| 1423.0| 0.000|   0.0|  46.129|  43.830|161.21|   0.0|    0.0|    0.0|F2              |
|  0|10.00|41854.1|  1|27.00|27.53|  46.042|  41.824|  934.894|  -5.7|   0.1| 1087.7| 0.000|   0.0|  46.683|  45.932|193.20|   0.0|    0.0|    0.0|F2              |
|  0|10.00|41864.8|  1|12.60|12.45|  45.308|  41.499|  978.421|  -8.6|   0.0| 1020.5| 0.000|   0.0|  46.348|  45.770|103.76|   0.0|    0.0|    0.0|E               |
|  0|10.00|41890.7|  1|24.59|25.25|  45.626|  41.344|  991.726|  -7.1|   0.1| 1129.9| 0.000|   0.0|  46.488|  45.680|186.22|   0.0|    0.0|    0.0|F2              |
|  0|10.00|41903.3|  1|24.61|25.27|  45.627|  41.349|  991.228|  -7.1|   0.1| 1129.5| 0.000|   0.0|  46.488|  45.682|186.30|   0.0|    0.0|    0.0|F2              |
|  0|10.00|41933.5|  1|25.80|26.40|  45.841|  41.598|  961.615|  -6.4|   0.1| 1107.0| 0.000|   0.0|  46.575|  45.732|189.62|   0.0|    0.0|    0.0|F2              |
|  0|10.00|41945.5|  1|19.80|20.53|  45.280|  39.821| 1162.923|  -7.1|   0.1| 1277.3| 0.000|   0.0|  46.322|  44.817|171.66|   0.0|    0.0|    0.0|F2              |
|  0|10.00|41945.5|  1|22.20|22.93|  45.659|  40.686| 1063.848|  -6.4|   0.1| 1189.0| 0.000|   0.0|  46.493|  45.255|179.09|   0.0|    0.0|    0.0|F2              |
+---+-----+-------+---+-----+-----+--------+--------+---------+------+------+-------+------+------+--------+--------+------+------+-------+-------+----------------+
+---+-----+-------+---+-----+-----+--------+--------+---------+------+------+-------+------+------+--------+--------+------+------+-------+-------+----------------+
|0-x| fr  |  time |hop| d0  | d1  |   fi   |  teta  |   dist  |  at  |  dev |   p   |  df  |  l   |   fot  |   tot  |  rot | lsp  |   pf  |    s  |                |
+---+-----+-------+---+-----+-----+--------+--------+---------+------+------+-------+------+------+--------+--------+------+------+-------+-------+----------------+
|  0|10.00|41956.3|  1|24.60|25.26|  45.788|  41.331|  991.551|  -6.4|   0.1| 1129.8| 0.000|   0.0|  46.562|  45.655|186.35|   0.0|    0.0|    0.0|F2              |
|  0|10.00|41968.1|  1|15.60|15.71|  44.638|  37.241| 1453.218|  -7.1|   0.1| 1552.8| 0.000|   0.0|  46.008|  43.248|152.10|   0.0|    0.0|    0.0|F2              |
|  0|10.00|41981.0|  1|22.20|22.93|  45.658|  40.686| 1063.882|  -6.4|   0.1| 1189.1| 0.000|   0.0|  46.493|  45.255|179.15|   0.0|    0.0|    0.0|F2              |
|  0|10.00|41992.8|  1|15.60|15.73|  44.896|  37.223| 1452.576|  -6.4|   0.1| 1552.3| 0.000|   0.0|  46.131|  43.237|152.32|   0.0|    0.0|    0.0|F2              |
|  0|10.00|41992.8|  1|26.40|26.96|  45.864|  41.719|  948.082|  -6.4|   0.1| 1097.2| 0.000|   0.0|  46.587|  45.803|191.48|   0.0|    0.0|    0.0|F2              |
|  0|10.00|42008.0|  1|17.40|17.98|  45.407|  38.432| 1314.776|  -5.7|   0.1| 1421.5| 0.000|   0.0|  46.399|  44.115|162.90|   0.0|    0.0|    0.0|F2              |
|  0|10.00|42008.0|  1|27.00|27.52|  45.886|  41.834|  935.227|  -6.4|   0.1| 1088.1| 0.000|   0.0|  46.610|  45.938|193.44|   0.0|    0.0|    0.0|F2              |
|  0|10.00|42019.9|  1|28.80|29.21|  45.799|  42.155|  900.682|  -7.1|   0.1| 1065.8| 0.000|   0.0|  46.562|  46.069|198.62|   0.0|    0.0|    0.0|F2              |
|  0|10.00|42031.4|  1|12.60|12.42|  45.914|  41.245|  999.889|  -5.8|   0.0| 1043.1| 0.000|   0.0|  46.637|  45.656|104.22|   0.0|    0.0|    0.0|E               |
|  0|10.00|42031.4|  1|28.20|28.65|  45.778|  42.058|  911.566|  -7.1|   0.1| 1072.5| 0.000|   0.0|  46.544|  45.974|196.72|   0.0|    0.0|    0.0|F2              |
|  0|10.00|42043.9|  1|28.80|29.21|  45.945|  42.141|  900.728|  -6.4|   0.1| 1065.9| 0.000|   0.0|  46.632|  46.063|198.67|   0.0|    0.0|    0.0|F2              |
|  0|10.00|42054.6|  1|28.20|28.65|  45.926|  42.044|  911.627|  -6.4|   0.1| 1072.6| 0.000|   0.0|  46.617|  45.977|196.82|   0.0|    0.0|    0.0|F2              |
|  0|10.00|42065.5|  1|25.79|26.38|  45.679|  41.608|  962.152|  -7.1|   0.1| 1107.5| 0.000|   0.0|  46.495|  45.719|189.72|   0.0|    0.0|    0.0|F2              |
|  0|10.00|42076.2|  1|28.80|29.21|  45.798|  42.154|  900.769|  -7.1|   0.1| 1066.0| 0.000|   0.0|  46.562|  46.069|198.71|   0.0|    0.0|    0.0|F2              |
|  0|10.00|42088.1|  1|27.60|28.09|  45.755|  41.955|  923.204|  -7.1|   0.1| 1080.1| 0.000|   0.0|  46.528|  45.892|194.93|   0.0|    0.0|    0.0|F2              |
|  0|10.00|42100.2|  1|27.00|27.52|  45.731|  41.846|  935.414|  -7.1|   0.1| 1088.4| 0.000|   0.0|  46.536|  45.936|193.57|   0.0|    0.0|    0.0|F2              |
|  0|10.00|42110.9|  1|15.00|14.99|  44.771|  36.745| 1506.419|  -6.4|   0.1| 1604.0| 0.000|   0.0|  46.138|  43.282|149.61|   0.0|    0.0|    0.0|F2              |
|  0|10.00|42110.9|  1|27.00|27.52|  45.883|  41.832|  935.439|  -6.4|   0.1| 1088.4| 0.000|   0.0|  46.608|  45.929|193.61|   0.0|    0.0|    0.0|F2              |
|  0|10.00|42121.7|  1|25.21|25.83|  45.811|  41.468|  976.246|  -6.4|   0.1| 1118.1| 0.000|   0.0|  46.556|  45.623|188.04|   0.0|    0.0|    0.0|F2              |
|  0|10.00|42134.6|  1|25.80|26.39|  45.836|  41.595|  962.057|  -6.4|   0.1| 1107.4| 0.000|   0.0|  46.568|  45.694|189.78|   0.0|    0.0|    0.0|F2              |
+---+-----+-------+---+-----+-----+--------+--------+---------+------+------+-------+------+------+--------+--------+------+------+-------+-------+----------------+
+---+-----+-------+---+-----+-----+--------+--------+---------+------+------+-------+------+------+--------+--------+------+------+-------+-------+----------------+
|0-x| fr  |  time |hop| d0  | d1  |   fi   |  teta  |   dist  |  at  |  dev |   p   |  df  |  l   |   fot  |   tot  |  rot | lsp  |   pf  |    s  |                |
+---+-----+-------+---+-----+-----+--------+--------+---------+------+------+-------+------+------+--------+--------+------+------+-------+-------+----------------+
|  0|10.00|42157.4|  1|13.80|13.34|  44.152|  35.500| 1649.369|  -7.1|   0.1| 1743.5| 0.000|   0.0|  45.877|  42.627|140.84|   0.0|    0.0|    0.0|F2              |
|  0|10.00|42169.2|  1|12.00|11.87|  45.669|  41.662|  956.325|  -7.2|   0.0|  994.4| 0.000|   0.0|  46.530|  45.919|102.30|   0.0|    0.0|    0.0|E               |
|  0|10.00|42181.0|  1| 9.60| 9.51|  45.693|  40.998| 1029.142|  -6.5|   0.0| 1060.0| 0.000|   0.0|  46.545|  45.571| 98.71|   0.0|    0.0|    0.0|E               |
|  0|10.00|42193.9|  1|10.80|10.70|  45.473|  41.517|  974.436|  -7.9|   0.0| 1008.0| 0.000|   0.0|  46.444|  45.857|100.14|   0.0|    0.0|    0.0|E               |
|  0|10.00|42204.7|  1|13.80|13.37|  44.150|  35.504| 1649.004|  -7.1|   0.1| 1743.3| 0.000|   0.0|  45.882|  42.648|141.17|   0.0|    0.0|    0.0|F2              |
|  0|10.00|42217.6|  1| 7.20| 7.11|  45.178|  39.533| 1195.705|  -7.2|   0.0| 1222.9| 0.000|   0.0|  46.318|  44.811| 96.68|   0.0|    0.0|    0.0|E               |
|  0|10.00|42229.4|  1|14.40|14.23|  44.048|  36.218| 1571.830|  -7.8|   0.1| 1667.8| 0.000|   0.0|  45.771|  42.771|145.70|   0.0|    0.0|    0.0|F2              |
|  0|10.00|42229.4|  1|19.80|20.45|  44.651|  39.913| 1160.573|  -9.4|   0.0| 1274.3| 0.000|   0.0|  46.016|  44.800|171.86|   0.0|    0.0|    0.0|F2              |
|  0|10.00|42229.4|  1|21.00|21.67|  44.613|  40.402| 1107.779| -10.0|   0.1| 1226.8| 0.000|   0.0|  46.009|  45.126|175.76|   0.0|    0.0|    0.0|F2              |
|  0|10.00|42241.3|  1|10.80|10.70|  45.631|  41.493|  975.352|  -7.2|   0.0| 1009.0| 0.000|   0.0|  46.517|  45.850|100.18|   0.0|    0.0|    0.0|E               |
|  0|10.00|42252.0|  1|13.20|12.49|  43.791|  34.246| 1790.615|  -7.1|   0.1| 1886.6| 0.000|   0.0|  45.734|  41.949|136.23|   0.0|    0.0|    0.0|F2              |
|  0|10.00|42263.8|  1|13.20|12.50|  43.438|  34.241| 1795.078|  -7.8|   0.1| 1891.4| 0.000|   0.0|  45.584|  41.965|136.32|   0.0|    0.0|    0.0|F2              |
|  0|10.00|42286.6|  1|16.80|17.28|  44.544|  38.096| 1360.459|  -8.0|   0.0| 1465.4| 0.000|   0.0|  45.948|  43.634|160.15|   0.0|    0.0|    0.0|F2              |
|  0|10.00|42297.3|  1|18.00|18.63|  45.015|  38.855| 1271.863|  -7.2|   0.0| 1380.4| 0.000|   0.0|  46.225|  44.340|166.38|   0.0|    0.0|    0.0|F2              |
|  0|10.00|42310.2|  1|22.80|23.47|  44.621|  40.984| 1044.474| -10.7|   0.1| 1172.6| 0.000|   0.0|  46.015|  45.460|181.44|   0.0|    0.0|    0.0|F2              |
|  0|10.00|42320.9|  1|16.20|16.59|  44.456|  37.675| 1407.583|  -7.9|   0.0| 1510.6| 0.000|   0.0|  45.985|  43.724|158.11|   0.0|    0.0|    0.0|F2              |
|  0|10.00|42331.7|  1|16.20|16.60|  44.993|  37.641| 1405.696|  -6.4|   0.0| 1508.6| 0.000|   0.0|  46.225|  43.670|158.14|   0.0|    0.0|    0.0|F2              |
|  0|10.00|42342.4|  1|12.60|12.40|  45.684|  40.925| 1037.352|  -6.5|   0.0| 1082.7| 0.000|   0.0|  46.531|  45.494|104.87|   0.0|    0.0|    0.0|E               |
|  0|10.00|42342.4|  1| 6.60| 6.50|  45.489|  39.008| 1250.468|  -5.8|   0.0| 1277.0| 0.000|   0.0|  46.474|  44.607| 96.43|   0.0|    0.0|    0.0|E               |
|  0|10.00|42355.5|  1| 7.20| 7.11|  45.379|  39.506| 1196.633|  -6.5|   0.0| 1223.8| 0.000|   0.0|  46.411|  44.803| 96.75|   0.0|    0.0|    0.0|E               |
+---+-----+-------+---+-----+-----+--------+--------+---------+------+------+-------+------+------+--------+--------+------+------+-------+-------+----------------+
+---+-----+-------+---+-----+-----+--------+--------+---------+------+------+-------+------+------+--------+--------+------+------+-------+-------+----------------+
|0-x| fr  |  time |hop| d0  | d1  |   fi   |  teta  |   dist  |  at  |  dev |   p   |  df  |  l   |   fot  |   tot  |  rot | lsp  |   pf  |    s  |                |
+---+-----+-------+---+-----+-----+--------+--------+---------+------+------+-------+------+------+--------+--------+------+------+-------+-------+----------------+
|  0|10.00|42367.3|  1| 9.60| 9.51|  45.352|  41.023| 1030.031|  -7.9|   0.0| 1061.0| 0.000|   0.0|  46.387|  45.586| 98.78|   0.0|    0.0|    0.0|E               |
|  0|10.00|42367.3|  1|12.00|11.88|  45.348|  41.655|  960.860|  -8.6|   0.0|  999.2| 0.000|   0.0|  46.366|  45.850|102.39|   0.0|    0.0|    0.0|E               |
|  0|10.00|42382.4|  1|18.00|18.57|  44.101|  38.958| 1272.358| -10.1|  -0.0| 1380.7| 0.000|   0.0|  45.804|  44.389|166.55|   0.0|    0.0|    0.0|F2              |
|  0|10.00|42382.4|  1| 7.80| 7.71|  45.472|  39.936| 1148.323|  -6.5|   0.0| 1176.3| 0.000|   0.0|  46.448|  45.016| 97.18|   0.0|    0.0|    0.0|E               |
|  0|10.00|42382.4|  1|10.20|10.11|  45.580|  41.267| 1000.716|  -7.2|   0.0| 1032.9| 0.000|   0.0|  46.480|  45.655| 99.36|   0.0|    0.0|    0.0|E               |
|  0|10.00|42395.5|  1|16.20|16.61|  44.448|  37.677| 1407.516|  -7.9|  -0.0| 1510.6| 0.000|   0.0|  45.978|  43.694|158.49|   0.0|    0.0|    0.0|F2              |
|  0|10.00|42406.2|  1| 6.60| 6.51|  45.274|  39.026| 1250.419|  -6.5|   0.0| 1276.9| 0.000|   0.0|  46.378|  44.615| 96.44|   0.0|    0.0|    0.0|E               |
|  0|10.00|42418.0|  1|17.40|17.96|  44.449|  38.522| 1315.067|  -8.6|  -0.0| 1421.9| 0.000|   0.0|  45.955|  44.087|164.23|   0.0|    0.0|    0.0|F2              |
|  0|10.00|42418.0|  1|16.20|16.62|  44.445|  37.677| 1407.470|  -7.9|  -0.0| 1510.6| 0.000|   0.0|  45.978|  43.694|158.60|   0.0|    0.0|    0.0|F2              |
|  0|10.00|42428.8|  1|16.20|16.62|  44.695|  37.660| 1406.598|  -7.2|  -0.0| 1509.7| 0.000|   0.0|  46.033|  43.397|157.83|   0.0|    0.0|    0.0|F2              |
|  0|10.00|42440.6|  1|16.20|16.62|  44.192|  37.698| 1408.314|  -8.6|  -0.0| 1511.5| 0.000|   0.0|  45.863|  43.707|158.74|   0.0|    0.0|    0.0|F2              |
|  0|10.00|42452.4|  1|15.60|15.91|  44.578|  37.217| 1456.440|  -7.2|  -0.0| 1557.5| 0.000|   0.0|  46.050|  43.476|155.40|   0.0|    0.0|    0.0|F2              |
|  0|10.00|42476.2|  1|18.60|19.20|  45.104|  39.268| 1225.560|  -7.2|  -0.0| 1334.9| 0.000|   0.0|  46.270|  44.572|168.89|   0.0|    0.0|    0.0|F2              |
|  0|10.00|42488.0|  1|11.40|11.28|  45.968|  41.560|  964.705|  -5.8|   0.0| 1000.5| 0.000|   0.0|  46.655|  45.768|101.15|   0.0|    0.0|    0.0|E               |
|  0|10.00|42499.9|  1|16.20|16.64|  44.436|  37.681| 1407.211|  -8.0|  -0.1| 1510.5| 0.000|   0.0|  45.912|  43.410|158.22|   0.0|    0.0|    0.0|F2              |
|  0|10.00|42511.8|  1|15.00|15.19|  44.448|  36.738| 1510.375|  -7.2|  -0.0| 1609.4| 0.000|   0.0|  45.940|  42.946|151.53|   0.0|    0.0|    0.0|F2              |
|  0|10.00|42523.7|  1|18.60|19.14|  44.473|  39.344| 1225.070|  -9.3|  -0.0| 1334.1| 0.000|   0.0|  45.978|  44.605|168.92|   0.0|    0.0|    0.0|F2              |
|  0|10.00|42539.9|  1|15.00|15.20|  44.445|  36.738| 1510.429|  -7.2|  -0.0| 1609.6| 0.000|   0.0|  45.987|  43.172|152.19|   0.0|    0.0|    0.0|F2              |
|  0|10.00|42564.3|  1|14.40|14.44|  44.304|  36.200| 1570.996|  -7.2|  -0.0| 1668.2| 0.000|   0.0|  45.875|  42.636|147.73|   0.0|    0.0|    0.0|F2              |
|  0|10.00|42564.3|  1|16.20|16.66|  44.429|  37.685| 1406.888|  -8.0|  -0.1| 1510.2| 0.000|   0.0|  45.978|  43.705|159.34|   0.0|    0.0|    0.0|F2              |
+---+-----+-------+---+-----+-----+--------+--------+---------+------+------+-------+------+------+--------+--------+------+------+-------+-------+----------------+
+---+-----+-------+---+-----+-----+--------+--------+---------+------+------+-------+------+------+--------+--------+------+------+-------+-------+----------------+
|0-x| fr  |  time |hop| d0  | d1  |   fi   |  teta  |   dist  |  at  |  dev |   p   |  df  |  l   |   fot  |   tot  |  rot | lsp  |   pf  |    s  |                |
+---+-----+-------+---+-----+-----+--------+--------+---------+------+------+-------+------+------+--------+--------+------+------+-------+-------+----------------+
|  0|10.00|42564.3|  1|18.00|18.57|  44.529|  38.937| 1268.695|  -8.8|  -0.1| 1376.7| 0.000|   0.0|  46.000|  44.344|167.07|   0.0|    0.0|    0.0|F2              |
|  0|10.00|42575.2|  1|12.60|12.35|  45.572|  40.370| 1099.527|  -6.5|   0.0| 1148.3| 0.000|   0.0|  46.473|  45.156|105.59|   0.0|    0.0|    0.0|E               |
|  0|10.00|42585.9|  1|14.40|14.45|  44.302|  36.201| 1570.931|  -7.2|  -0.0| 1668.2| 0.000|   0.0|  45.875|  42.636|147.89|   0.0|    0.0|    0.0|F2              |
|  0|10.00|42585.9|  1|16.20|16.66|  44.427|  37.686| 1406.746|  -8.0|  -0.1| 1510.1| 0.000|   0.0|  45.978|  43.705|159.45|   0.0|    0.0|    0.0|F2              |
|  0|10.00|42596.6|  1|13.20|12.73|  43.514|  34.526| 1763.065|  -7.8|   0.1| 1859.0| 0.000|   0.0|  45.564|  41.885|138.52|   0.0|    0.0|    0.0|F2              |
|  0|10.00|42607.3|  1|13.80|13.62|  44.442|  35.539| 1642.196|  -6.5|   0.0| 1737.5| 0.000|   0.0|  46.012|  42.617|143.85|   0.0|    0.0|    0.0|F2              |
|  0|10.00|42618.0|  1|15.00|15.26|  44.159|  36.755| 1511.845|  -8.0|  -0.1| 1611.4| 0.000|   0.0|  45.814|  42.980|152.42|   0.0|    0.0|    0.0|F2              |
|  0|10.00|42629.9|  1|28.80|29.20|  46.080|  42.123|  901.595|  -5.7|   0.1| 1067.0| 0.000|   0.0|  46.697|  46.039|199.61|   0.0|    0.0|    0.0|F2              |
|  0|10.00|42629.9|  1|12.00|11.87|  45.483|  41.548|  970.922|  -7.9|   0.0| 1009.8| 0.000|   0.0|  46.440|  45.842|102.74|   0.0|    0.0|    0.0|E               |
|  0|10.00|42641.7|  1|13.20|12.77|  43.520|  34.557| 1759.637|  -7.8|   0.1| 1855.5| 0.000|   0.0|  45.593|  42.010|139.02|   0.0|    0.0|    0.0|F2              |
|  0|10.00|42653.5|  1| 8.40| 8.31|  45.551|  40.311| 1106.220|  -6.5|   0.0| 1135.2| 0.000|   0.0|  46.490|  45.257| 97.81|   0.0|    0.0|    0.0|E               |
|  0|10.00|42666.6|  1|14.40|14.51|  44.294|  36.204| 1570.643|  -7.2|  -0.0| 1668.2| 0.000|   0.0|  45.883|  42.678|148.60|   0.0|    0.0|    0.0|F2              |
|  0|10.00|42679.6|  1|18.00|18.53|  44.337|  38.980| 1266.611|  -9.4|  -0.1| 1374.2| 0.000|   0.0|  45.912|  44.355|167.34|   0.0|    0.0|    0.0|F2              |
|  0|10.00|42691.7|  1|15.00|15.29|  44.428|  36.742| 1510.176|  -7.3|  -0.1| 1609.8| 0.000|   0.0|  45.990|  43.194|153.15|   0.0|    0.0|    0.0|F2              |
|  0|10.00|42707.9|  1|14.40|14.53|  44.290|  36.206| 1570.434|  -7.3|  -0.1| 1668.1| 0.000|   0.0|  45.874|  42.637|148.77|   0.0|    0.0|    0.0|F2              |
|  0|10.00|42719.8|  1| 8.40| 8.32|  45.366|  40.328| 1106.316|  -7.2|   0.0| 1135.3| 0.000|   0.0|  46.406|  45.264| 97.83|   0.0|    0.0|    0.0|E               |
|  0|10.00|42719.8|  1|12.60|12.30|  45.039|  39.749| 1173.550|  -7.8|   0.1| 1226.4| 0.000|   0.0|  46.229|  44.836|106.14|   0.0|    0.0|    0.0|E               |
|  0|10.00|42731.7|  1|16.80|17.37|  45.016|  38.086| 1356.484|  -6.6|  -0.1| 1461.6| 0.000|   0.0|  46.230|  43.815|162.72|   0.0|    0.0|    0.0|F2              |
|  0|10.00|42754.2|  1|16.80|17.36|  44.535|  38.131| 1356.731|  -8.0|  -0.1| 1461.8| 0.000|   0.0|  46.005|  43.837|162.88|   0.0|    0.0|    0.0|F2              |
|  0|10.00|42768.3|  1|16.80|17.36|  44.534|  38.133| 1356.585|  -8.0|  -0.1| 1461.6| 0.000|   0.0|  46.005|  43.837|162.93|   0.0|    0.0|    0.0|F2              |
+---+-----+-------+---+-----+-----+--------+--------+---------+------+------+-------+------+------+--------+--------+------+------+-------+-------+----------------+
+---+-----+-------+---+-----+-----+--------+--------+---------+------+------+-------+------+------+--------+--------+------+------+-------+-------+----------------+
|0-x| fr  |  time |hop| d0  | d1  |   fi   |  teta  |   dist  |  at  |  dev |   p   |  df  |  l   |   fot  |   tot  |  rot | lsp  |   pf  |    s  |                |
+---+-----+-------+---+-----+-----+--------+--------+---------+------+------+-------+------+------+--------+--------+------+------+-------+-------+----------------+
|  0|10.00|42780.1|  1|17.40|17.99|  44.878|  38.513| 1310.995|  -7.3|  -0.1| 1417.6| 0.000|   0.0|  46.172|  44.095|165.50|   0.0|    0.0|    0.0|F2              |
|  0|10.00|42793.2|  1|13.20|12.81|  44.557|  34.653| 1738.669|  -5.8|   0.0| 1833.5| 0.000|   0.0|  46.062|  42.095|139.70|   0.0|    0.0|    0.0|F2              |
|  0|10.00|42806.2|  1|18.60|19.10|  44.671|  39.361| 1220.491|  -8.7|  -0.1| 1328.8| 0.000|   0.0|  46.075|  44.603|169.51|   0.0|    0.0|    0.0|F2              |
|  0|10.00|42806.2|  1|16.20|16.73|  44.407|  37.708| 1404.590|  -8.1|  -0.2| 1508.1| 0.000|   0.0|  45.910|  43.421|159.71|   0.0|    0.0|    0.0|F2              |
|  0|10.00|42806.2|  1|12.00|11.86|  45.626|  41.458|  979.176|  -7.2|   0.0| 1018.5| 0.000|   0.0|  46.498|  45.750|102.93|   0.0|    0.0|    0.0|E               |
|  0|10.00|42821.3|  1|18.00|18.55|  44.767|  38.953| 1263.948|  -8.0|  -0.1| 1371.4| 0.000|   0.0|  46.105|  44.291|167.57|   0.0|    0.0|    0.0|F2              |
|  0|10.00|42835.5|  1|16.20|16.73|  44.404|  37.711| 1404.248|  -8.1|  -0.2| 1507.8| 0.000|   0.0|  45.920|  43.462|160.04|   0.0|    0.0|    0.0|F2              |
|  0|10.00|42846.2|  1|16.20|16.74|  44.403|  37.713| 1404.109|  -8.1|  -0.2| 1507.6| 0.000|   0.0|  45.919|  43.462|160.09|   0.0|    0.0|    0.0|F2              |
|  0|10.00|42857.0|  1|14.40|14.61|  44.569|  36.206| 1567.613|  -6.6|  -0.1| 1665.5| 0.000|   0.0|  46.013|  42.646|149.66|   0.0|    0.0|    0.0|F2              |
|  0|10.00|42867.6|  1|14.40|14.65|  44.276|  36.219| 1569.208|  -7.3|  -0.1| 1667.4| 0.000|   0.0|  45.877|  42.659|149.97|   0.0|    0.0|    0.0|F2              |
|  0|10.00|42878.3|  1|12.00|11.86|  45.778|  41.404|  983.564|  -6.5|   0.0| 1023.1| 0.000|   0.0|  46.574|  45.743|103.07|   0.0|    0.0|    0.0|E               |
|  0|10.00|42899.8|  1|15.00|15.41|  44.407|  36.756| 1508.886|  -7.3|  -0.1| 1609.1| 0.000|   0.0|  45.927|  42.907|153.88|   0.0|    0.0|    0.0|F2              |
|  0|10.00|42899.8|  1|16.20|16.75|  44.399|  37.720| 1403.379|  -8.1|  -0.2| 1506.9| 0.000|   0.0|  45.961|  43.645|160.89|   0.0|    0.0|    0.0|F2              |
|  0|10.00|42910.6|  1| 6.00| 5.91|  45.153|  38.483| 1311.431|  -6.5|   0.0| 1337.4| 0.000|   0.0|  46.318|  44.279| 96.14|   0.0|    0.0|    0.0|E               |
|  0|10.00|42910.6|  1|16.80|17.39|  44.761|  38.124| 1354.872|  -7.4|  -0.2| 1459.9| 0.000|   0.0|  46.120|  43.846|163.47|   0.0|    0.0|    0.0|F2              |
|  0|10.00|42921.3|  1|17.40|17.97|  44.641|  38.556| 1309.000|  -8.1|  -0.2| 1415.3| 0.000|   0.0|  46.066|  44.116|165.95|   0.0|    0.0|    0.0|F2              |
|  0|10.00|42921.3|  1|13.20|12.99|  43.890|  34.719| 1737.831|  -7.2|   0.0| 1833.6| 0.000|   0.0|  45.759|  42.080|141.01|   0.0|    0.0|    0.0|F2              |
|  0|10.00|42921.3|  1|19.80|20.29|  44.850|  39.958| 1152.879|  -8.7|  -0.1| 1265.0| 0.000|   0.0|  46.130|  44.837|172.96|   0.0|    0.0|    0.0|F2              |
|  0|10.00|42921.3|  1| 7.80| 7.71|  45.466|  39.908| 1151.434|  -6.5|   0.0| 1179.6| 0.000|   0.0|  46.456|  45.059| 97.43|   0.0|    0.0|    0.0|E               |
|  0|10.00|42932.1|  1| 7.80| 7.71|  45.660|  39.889| 1151.821|  -5.8|   0.0| 1180.0| 0.000|   0.0|  46.544|  45.051| 97.45|   0.0|    0.0|    0.0|E               |
+---+-----+-------+---+-----+-----+--------+--------+---------+------+------+-------+------+------+--------+--------+------+------+-------+-------+----------------+
+---+-----+-------+---+-----+-----+--------+--------+---------+------+------+-------+------+------+--------+--------+------+------+-------+-------+----------------+
|0-x| fr  |  time |hop| d0  | d1  |   fi   |  teta  |   dist  |  at  |  dev |   p   |  df  |  l   |   fot  |   tot  |  rot | lsp  |   pf  |    s  |                |
+---+-----+-------+---+-----+-----+--------+--------+---------+------+------+-------+------+------+--------+--------+------+------+-------+-------+----------------+
|  0|10.00|42942.8|  1| 7.20| 7.11|  45.577|  39.457| 1200.136|  -5.8|   0.0| 1227.5| 0.000|   0.0|  46.497|  44.752| 96.87|   0.0|    0.0|    0.0|E               |
|  0|10.00|42942.8|  1|10.20|10.10|  45.735|  41.199| 1006.681|  -6.5|   0.0| 1039.2| 0.000|   0.0|  46.565|  45.690| 99.77|   0.0|    0.0|    0.0|E               |
|  0|10.00|42954.7|  1|12.00|11.87|  45.454|  41.425|  984.825|  -7.9|   0.0| 1024.4| 0.000|   0.0|  46.423|  45.757|103.11|   0.0|    0.0|    0.0|E               |
|  0|10.00|42954.7|  1| 9.00| 8.91|  45.443|  40.659| 1069.100|  -7.2|   0.0| 1099.1| 0.000|   0.0|  46.425|  45.363| 98.37|   0.0|    0.0|    0.0|E               |
|  0|10.00|42967.7|  1| 8.40| 8.31|  45.548|  40.293| 1108.231|  -6.5|   0.0| 1137.3| 0.000|   0.0|  46.475|  45.171| 97.81|   0.0|    0.0|    0.0|E               |
|  0|10.00|42980.6|  1|12.00|11.86|  45.633|  41.382|  987.504|  -7.1|   0.0| 1027.2| 0.000|   0.0|  46.509|  45.749|103.19|   0.0|    0.0|    0.0|E               |
|  0|10.00|42992.4|  1|10.80|10.69|  45.934|  41.370|  986.000|  -5.8|   0.0| 1020.2| 0.000|   0.0|  46.652|  45.751|100.63|   0.0|    0.0|    0.0|E               |
|  0|10.00|43004.3|  1|10.80|10.69|  45.773|  41.385|  985.729|  -6.5|   0.0| 1019.9| 0.000|   0.0|  46.576|  45.758|100.62|   0.0|    0.0|    0.0|E               |
|  0|10.00|43018.4|  1|18.60|19.07|  44.870|  39.365| 1217.570|  -8.1|  -0.2| 1325.5| 0.000|   0.0|  46.153|  44.512|169.67|   0.0|    0.0|    0.0|F2              |
|  0|10.00|43018.4|  1|21.00|21.57|  44.973|  40.367| 1106.571|  -8.7|  -0.1| 1225.0| 0.000|   0.0|  46.194|  45.112|177.08|   0.0|    0.0|    0.0|F2              |
|  0|10.00|43018.4|  1|14.40|14.76|  44.262|  36.236| 1567.476|  -7.3|  -0.1| 1666.2| 0.000|   0.0|  45.880|  42.680|151.09|   0.0|    0.0|    0.0|F2              |
|  0|10.00|43018.4|  1| 6.00| 5.90|  45.379|  38.455| 1312.404|  -5.8|   0.0| 1338.4| 0.000|   0.0|  46.421|  44.270| 96.19|   0.0|    0.0|    0.0|E               |
|  0|10.00|43018.4|  1|10.20|10.10|  45.733|  41.191| 1007.475|  -6.5|   0.0| 1040.0| 0.000|   0.0|  46.565|  45.690| 99.81|   0.0|    0.0|    0.0|E               |
|  0|10.00|43039.8|  1|10.80|10.70|  45.451|  41.420|  985.342|  -7.9|   0.0| 1019.5| 0.000|   0.0|  46.426|  45.772|100.61|   0.0|    0.0|    0.0|E               |
|  0|10.00|43050.6|  1| 7.20| 7.12|  45.169|  39.495| 1199.918|  -7.2|   0.0| 1227.3| 0.000|   0.0|  46.309|  44.768| 96.89|   0.0|    0.0|    0.0|E               |
|  0|10.00|43061.3|  1|15.60|16.17|  44.515|  37.257| 1452.757|  -7.4|  -0.2| 1554.9| 0.000|   0.0|  45.983|  43.192|158.12|   0.0|    0.0|    0.0|F2              |
|  0|10.00|43072.1|  1|19.20|19.68|  45.162|  39.659| 1181.982|  -7.3|  -0.1| 1291.7| 0.000|   0.0|  46.307|  44.781|171.79|   0.0|    0.0|    0.0|F2              |
|  0|10.00|43082.9|  1|16.80|17.40|  44.748|  38.145| 1352.807|  -7.4|  -0.2| 1457.8| 0.000|   0.0|  46.120|  43.857|164.11|   0.0|    0.0|    0.0|F2              |
|  0|10.00|43093.6|  1|18.00|18.52|  44.974|  38.976| 1259.099|  -7.4|  -0.2| 1365.9| 0.000|   0.0|  46.208|  44.291|168.14|   0.0|    0.0|    0.0|F2              |
|  0|10.00|43104.4|  1|12.60|12.04|  43.412|  33.031| 1927.781|  -7.1|   0.1| 2027.4| 0.000|   0.0|  45.389|  40.389|134.28|   0.0|    0.0|    0.0|F2              |
+---+-----+-------+---+-----+-----+--------+--------+---------+------+------+-------+------+------+--------+--------+------+------+-------+-------+----------------+
+---+-----+-------+---+-----+-----+--------+--------+---------+------+------+-------+------+------+--------+--------+------+------+-------+-------+----------------+
|0-x| fr  |  time |hop| d0  | d1  |   fi   |  teta  |   dist  |  at  |  dev |   p   |  df  |  l   |   fot  |   tot  |  rot | lsp  |   pf  |    s  |                |
+---+-----+-------+---+-----+-----+--------+--------+---------+------+------+-------+------+------+--------+--------+------+------+-------+-------+----------------+
|  0|10.00|43115.2|  1|16.80|17.40|  44.780|  38.145| 1352.391|  -7.3|  -0.2| 1457.4| 0.000|   0.0|  46.134|  43.845|164.19|   0.0|    0.0|    0.0|F2              |
|  0|10.00|43126.0|  1|11.40|11.27|  45.948|  41.441|  977.971|  -5.8|   0.0| 1014.4| 0.000|   0.0|  46.642|  45.684|101.60|   0.0|    0.0|    0.0|E               |
|  0|10.00|43139.8|  1|11.40|11.28|  45.788|  41.457|  977.659|  -6.5|   0.0| 1014.1| 0.000|   0.0|  46.565|  45.690|101.59|   0.0|    0.0|    0.0|E               |
|  0|10.00|43139.8|  1|15.60|16.20|  44.508|  37.268| 1451.628|  -7.4|  -0.2| 1553.9| 0.000|   0.0|  46.018|  43.356|159.00|   0.0|    0.0|    0.0|F2              |
|  0|10.00|43139.8|  1|22.80|23.38|  44.958|  40.935| 1044.725|  -9.4|  -0.1| 1172.6| 0.000|   0.0|  46.178|  45.407|182.77|   0.0|    0.0|    0.0|F2              |
|  0|10.00|43139.8|  1|21.00|21.55|  44.942|  40.373| 1106.398|  -8.8|  -0.1| 1224.7| 0.000|   0.0|  46.181|  45.113|177.27|   0.0|    0.0|    0.0|F2              |
|  0|10.00|43164.6|  1|15.00|15.54|  44.658|  36.765| 1505.231|  -6.7|  -0.2| 1605.8| 0.000|   0.0|  46.050|  42.876|155.17|   0.0|    0.0|    0.0|F2              |
|  0|10.00|43175.4|  1| 7.20| 7.11|  45.371|  39.466| 1201.039|  -6.5|   0.0| 1228.4| 0.000|   0.0|  46.403|  44.760| 96.95|   0.0|    0.0|    0.0|E               |
|  0|10.00|43175.4|  1|14.40|14.88|  44.250|  36.259| 1565.066|  -7.4|  -0.2| 1664.2| 0.000|   0.0|  45.919|  42.866|152.41|   0.0|    0.0|    0.0|F2              |
|  0|10.00|43186.2|  1|14.40|14.89|  44.249|  36.261| 1564.887|  -7.4|  -0.2| 1664.1| 0.000|   0.0|  45.919|  42.867|152.48|   0.0|    0.0|    0.0|F2              |
+---+-----+-------+---+-----+-----+--------+--------+---------+------+------+-------+------+------+--------+--------+------+------+-------+-------+----------------+