
delt0=     0.1  eps=   1e-05  ep=   1e-06  ep1=   0.001
Geomagnetic Field - const
fh= 1.34  i=  65.2  d=   6.8
Number TID: 1
Tid Parametres
  delt   lamb     t     b      a     fi
0.000   200.0  20.0 -45.0   45.0   0.000
delta=-0.000  r0= 200.0  lon=  39.000 lat=  55.000
Beta=  20.0  Alfa=   0.0 aX=  20.0 aY= 100.0 aZ=  20.0

lonIon=  40.000 latIon=  47.500 it=16.00 h_tec=450.0  TEC= 8.90000e+16
lonIon=  40.000 latIon=  47.500 it=16.25 h_tec=450.0  TEC= 8.90000e+16
lonIon=  40.000 latIon=  47.500 it=16.50 h_tec=450.0  TEC= 8.90000e+16
lonIon=  40.000 latIon=  47.500 it=16.75 h_tec=450.0  TEC= 8.90000e+16

Number diff. equation: 6

+==============================================================================+
|   Medium characteristics Sunspot number=  82.0 IG=  82.0   GMT time:16:00    |
|------------------------------------------------------------------------------|
|   S   | fh |  I  |   D  | fd |  hd | fe |  he | ff1 | hf1 | ff2 | hf2 |   Hi |
|-------+----+-----+------+----+-----+----+-----+-----+-----+-----+-----+------|
|    0.0|1.21| 50.6|   2.5|0.18| 83.7|0.83|110.0| 0.00|  0.0| 7.93|282.9|  95.1|
+==============================================================================+

+==================================+
|       Es-layer parametres        |
|----------------------------------|
|   S   | hEs | fbEs | f0Es | P Es |
|-------+-----+------+------+------|
|    0.0|117.3| 2.48 | 2.98 | 71.2 |
+==================================+

|  0|10.00|57590.4|  1|10.80|14.90|  44.230|  35.505| 1647.983|  -6.9|   0.3| 1747.3| 0.000|   0.0|  45.752|  42.019|205.09|   0.0|    0.0|    0.0|F2              |
|  0|10.00|57602.3|  1| 9.60|14.06|  44.023|  34.795| 1728.002|  -7.0|   0.2| 1823.8| 0.000|   0.0|  45.646|  41.535|202.04|   0.0|    0.0|    0.0|F2              |
|  0|10.00|57615.5|  1|12.60|16.18|  44.775|  36.420| 1542.061|  -6.2|   0.3| 1647.3| 0.000|   0.0|  46.023|  42.640|209.77|   0.0|    0.0|    0.0|F2              |
|  0|10.00|57628.4|  1|14.40|17.58|  44.726|  37.310| 1444.661|  -6.9|   0.3| 1556.4| 0.000|   0.0|  46.029|  43.337|214.31|   0.0|    0.0|    0.0|F2              |
|  0|10.00|57639.2|  1|14.40|17.60|  44.470|  37.345| 1443.588|  -7.6|   0.3| 1555.3| 0.000|   0.0|  45.908|  43.350|214.27|   0.0|    0.0|    0.0|F2              |
|  0|10.00|57652.1|  1| 8.40|13.24|  44.135|  33.974| 1817.119|  -6.3|   0.2| 1909.8| 0.000|   0.0|  45.696|  40.978|199.22|   0.0|    0.0|    0.0|F2              |
|  0|10.00|57666.2|  1|11.40|15.32|  44.615|  35.784| 1613.535|  -6.2|   0.3| 1715.0| 0.000|   0.0|  45.942|  42.221|207.14|   0.0|    0.0|    0.0|F2              |
|  0|10.00|57681.3|  1|10.80|14.91|  44.224|  35.488| 1649.927|  -6.9|   0.3| 1749.5| 0.000|   0.0|  45.751|  42.015|205.60|   0.0|    0.0|    0.0|F2              |
|  0|10.00|57695.4|  1|13.20|16.69|  44.302|  36.777| 1507.767|  -7.6|   0.3| 1615.3| 0.000|   0.0|  45.814|  42.939|211.69|   0.0|    0.0|    0.0|F2              |
|  0|10.00|57707.3|  1| 8.40|13.28|  43.786|  34.012| 1816.349|  -7.0|   0.2| 1909.1| 0.000|   0.0|  45.543|  41.077|199.57|   0.0|    0.0|    0.0|F2              |
|  0|10.00|57721.3|  1|12.60|16.25|  44.213|  36.479| 1541.395|  -7.6|   0.3| 1646.9| 0.000|   0.0|  45.778|  42.784|210.47|   0.0|    0.0|    0.0|F2              |
|  0|10.00|57742.8|  1|13.80|17.16|  44.384|  37.053| 1476.602|  -7.6|   0.3| 1586.5| 0.000|   0.0|  45.861|  43.145|213.43|   0.0|    0.0|    0.0|F2              |
|  0|10.00|57753.7|  1|13.20|16.68|  44.569|  36.728| 1510.250|  -6.9|   0.3| 1618.0| 0.000|   0.0|  45.945|  42.933|212.16|   0.0|    0.0|    0.0|F2              |
|  0|10.00|57768.9|  1|13.80|17.17|  44.383|  37.049| 1477.035|  -7.6|   0.3| 1587.0| 0.000|   0.0|  45.865|  43.165|213.60|   0.0|    0.0|    0.0|F2              |
|  0|10.00|57779.7|  1|12.00|15.84|  44.077|  36.173| 1576.463|  -7.7|   0.3| 1680.2| 0.000|   0.0|  45.710|  42.577|209.33|   0.0|    0.0|    0.0|F2              |
|  0|10.00|57790.7|  1|12.00|15.78|  44.689|  36.082| 1580.110|  -6.2|   0.3| 1684.0| 0.000|   0.0|  45.979|  42.412|209.28|   0.0|    0.0|    0.0|F2              |
+---+-----+-------+---+-----+-----+--------+--------+---------+------+------+-------+------+------+--------+--------+------+------+-------+-------+----------------+
+---+-----+-------+---+-----+-----+--------+--------+---------+------+------+-------+------+------+--------+--------+------+------+-------+-------+----------------+
|0-x| fr  |  time |hop| d0  | d1  |   fi   |  teta  |   dist  |  at  |  dev |   p   |  df  |  l   |   fot  |   tot  |  rot | lsp  |   pf  |    s  |                |
+---+-----+-------+---+-----+-----+--------+--------+---------+------+------+-------+------+------+--------+--------+------+------+-------+-------+----------------+
|  0|10.00|57802.5|  1|12.60|16.22|  44.765|  36.386| 1545.969|  -6.2|   0.3| 1651.9| 0.000|   0.0|  46.043|  42.753|211.15|   0.0|    0.0|    0.0|F2              |
|  0|10.00|57813.3|  1|12.60|16.22|  44.765|  36.384| 1546.148|  -6.2|   0.3| 1652.1| 0.000|   0.0|  46.043|  42.752|211.21|   0.0|    0.0|    0.0|F2              |
|  0|10.00|57827.6|  1|12.60|16.25|  44.485|  36.420| 1544.953|  -6.9|   0.3| 1650.9| 0.000|   0.0|  45.903|  42.734|211.15|   0.0|    0.0|    0.0|F2              |
|  0|10.00|57839.4|  1|12.60|16.26|  44.484|  36.418| 1545.197|  -6.9|   0.3| 1651.2| 0.000|   0.0|  45.911|  42.774|211.25|   0.0|    0.0|    0.0|F2              |
|  0|10.00|57850.2|  1|13.80|17.17|  44.641|  36.997| 1479.999|  -6.9|   0.3| 1590.3| 0.000|   0.0|  45.985|  43.129|214.17|   0.0|    0.0|    0.0|F2              |
|  0|10.00|57860.9|  1|15.00|18.10|  44.785|  37.536| 1419.282|  -6.9|   0.3| 1534.2| 0.000|   0.0|  46.055|  43.465|217.04|   0.0|    0.0|    0.0|F2              |
|  0|10.00|57871.6|  1|12.60|16.26|  44.482|  36.412| 1545.848|  -6.9|   0.3| 1652.0| 0.000|   0.0|  45.911|  42.773|211.43|   0.0|    0.0|    0.0|F2              |
|  0|10.00|57884.6|  1|13.20|16.72|  44.562|  36.705| 1512.803|  -6.9|   0.3| 1621.1| 0.000|   0.0|  45.946|  42.938|212.94|   0.0|    0.0|    0.0|F2              |
|  0|10.00|57898.7|  1|18.00|20.59|  44.648|  38.785| 1283.796|  -8.3|   0.3| 1411.4| 0.000|   0.0|  45.997|  44.233|223.83|   0.0|    0.0|    0.0|F2              |
|  0|10.00|57909.5|  1|10.80|14.96|  44.211|  35.446| 1654.653|  -6.9|   0.3| 1755.0| 0.000|   0.0|  45.768|  42.103|207.13|   0.0|    0.0|    0.0|F2              |
|  0|10.00|57922.5|  1|10.80|14.99|  43.906|  35.489| 1653.251|  -7.7|   0.2| 1753.6| 0.000|   0.0|  45.622|  42.118|207.08|   0.0|    0.0|    0.0|F2              |
|  0|10.00|57922.5|  1|12.60|16.27|  44.479|  36.402| 1546.914|  -6.9|   0.3| 1653.2| 0.000|   0.0|  45.908|  42.760|211.71|   0.0|    0.0|    0.0|F2              |
|  0|10.00|57937.7|  1|13.20|16.75|  44.289|  36.735| 1512.452|  -7.6|   0.3| 1620.9| 0.000|   0.0|  45.820|  42.970|213.14|   0.0|    0.0|    0.0|F2              |
|  0|10.00|57937.7|  1|14.40|17.65|  44.710|  37.256| 1450.730|  -6.9|   0.3| 1563.6| 0.000|   0.0|  46.022|  43.308|216.10|   0.0|    0.0|    0.0|F2              |
|  0|10.00|57951.7|  1|15.00|18.10|  45.068|  37.481| 1422.521|  -6.1|   0.3| 1537.8| 0.000|   0.0|  46.190|  43.450|217.71|   0.0|    0.0|    0.0|F2              |
|  0|10.00|57965.8|  1|12.00|15.84|  44.392|  36.087| 1582.405|  -6.9|   0.3| 1686.8| 0.000|   0.0|  45.856|  42.515|210.45|   0.0|    0.0|    0.0|F2              |
|  0|10.00|57978.7|  1|14.40|17.66|  44.708|  37.250| 1451.504|  -6.9|   0.3| 1564.5| 0.000|   0.0|  46.010|  43.247|216.27|   0.0|    0.0|    0.0|F2              |
|  0|10.00|57989.5|  1|17.40|20.08|  45.029|  38.485| 1312.459|  -6.9|   0.3| 1437.9| 0.000|   0.0|  46.174|  44.051|223.26|   0.0|    0.0|    0.0|F2              |
|  0|10.00|58006.9|  1|11.40|15.36|  44.895|  35.681| 1622.455|  -5.5|   0.3| 1725.1| 0.000|   0.0|  46.100|  42.294|209.45|   0.0|    0.0|    0.0|F2              |
|  0|10.00|58006.9|  1|16.80|19.57|  45.203|  38.221| 1339.804|  -6.2|   0.3| 1462.8| 0.000|   0.0|  46.254|  43.889|222.12|   0.0|    0.0|    0.0|F2              |
+---+-----+-------+---+-----+-----+--------+--------+---------+------+------+-------+------+------+--------+--------+------+------+-------+-------+----------------+
+---+-----+-------+---+-----+-----+--------+--------+---------+------+------+-------+------+------+--------+--------+------+------+-------+-------+----------------+
|0-x| fr  |  time |hop| d0  | d1  |   fi   |  teta  |   dist  |  at  |  dev |   p   |  df  |  l   |   fot  |   tot  |  rot | lsp  |   pf  |    s  |                |
+---+-----+-------+---+-----+-----+--------+--------+---------+------+------+-------+------+------+--------+--------+------+------+-------+-------+----------------+
|  0|10.00|58017.6|  1|12.00|15.85|  44.389|  36.077| 1583.604|  -6.9|   0.3| 1688.2| 0.000|   0.0|  45.853|  42.501|210.72|   0.0|    0.0|    0.0|F2              |
|  0|10.00|58029.4|  1|10.80|14.98|  44.204|  35.424| 1657.172|  -6.9|   0.3| 1757.9| 0.000|   0.0|  45.768|  42.102|207.79|   0.0|    0.0|    0.0|F2              |
|  0|10.00|58043.4|  1|12.60|16.30|  44.513|  36.375| 1549.597|  -6.8|   0.3| 1656.3| 0.000|   0.0|  45.922|  42.733|212.41|   0.0|    0.0|    0.0|F2              |
|  0|10.00|58055.4|  1|10.80|14.99|  44.202|  35.420| 1657.645|  -6.9|   0.3| 1758.4| 0.000|   0.0|  45.768|  42.102|207.94|   0.0|    0.0|    0.0|F2              |
|  0|10.00|58080.9|  1| 9.00|13.71|  44.218|  34.284| 1782.226|  -6.3|   0.2| 1877.7| 0.000|   0.0|  45.767|  41.342|203.37|   0.0|    0.0|    0.0|F2              |
|  0|10.00|58091.7|  1|13.20|16.74|  44.824|  36.631| 1518.411|  -6.2|   0.3| 1627.5| 0.000|   0.0|  46.074|  42.919|214.25|   0.0|    0.0|    0.0|F2              |
|  0|10.00|58138.3|  1|15.60|18.68|  44.594|  37.779| 1394.593|  -7.6|   0.3| 1513.0| 0.000|   0.0|  45.965|  43.609|219.96|   0.0|    0.0|    0.0|F2              |
|  0|10.00|58150.2|  1|14.40|17.77|  43.895|  37.344| 1450.849|  -9.1|   0.3| 1564.4| 0.000|   0.0|  45.622|  43.286|216.95|   0.0|    0.0|    0.0|F2              |
|  0|10.00|58174.9|  1|11.40|15.45|  44.290|  35.730| 1622.748|  -6.9|   0.3| 1725.8| 0.000|   0.0|  45.809|  42.294|210.14|   0.0|    0.0|    0.0|F2              |
|  0|10.00|58188.0|  1|12.00|15.86|  44.668|  36.005| 1588.715|  -6.2|   0.3| 1693.9| 0.000|   0.0|  45.992|  42.490|211.84|   0.0|    0.0|    0.0|F2              |
|  0|10.00|58205.0|  1|12.60|16.31|  44.745|  36.313| 1554.167|  -6.2|   0.3| 1661.5| 0.000|   0.0|  46.027|  42.676|213.42|   0.0|    0.0|    0.0|F2              |
|  0|10.00|58218.0|  1|12.00|15.89|  44.377|  36.040| 1587.733|  -6.9|   0.3| 1693.0| 0.000|   0.0|  45.853|  42.503|211.90|   0.0|    0.0|    0.0|F2              |
|  0|10.00|58231.0|  1|12.60|16.32|  44.744|  36.308| 1554.721|  -6.2|   0.3| 1662.1| 0.000|   0.0|  46.027|  42.675|213.58|   0.0|    0.0|    0.0|F2              |
|  0|10.00|58242.8|  1|10.80|15.04|  44.192|  35.387| 1661.349|  -7.0|   0.2| 1762.8| 0.000|   0.0|  45.732|  41.937|208.68|   0.0|    0.0|    0.0|F2              |
|  0|10.00|58254.7|  1|11.40|15.43|  44.583|  35.672| 1626.246|  -6.2|   0.3| 1729.6| 0.000|   0.0|  45.925|  42.142|210.39|   0.0|    0.0|    0.0|F2              |
|  0|10.00|58281.0|  1|11.40|15.47|  44.283|  35.709| 1625.075|  -6.9|   0.3| 1728.5| 0.000|   0.0|  45.798|  42.246|210.69|   0.0|    0.0|    0.0|F2              |
|  0|10.00|58291.8|  1|13.20|16.84|  44.268|  36.673| 1519.482|  -7.6|   0.3| 1629.2| 0.000|   0.0|  45.796|  42.868|215.14|   0.0|    0.0|    0.0|F2              |
|  0|10.00|58303.7|  1|12.60|16.34|  44.740|  36.294| 1556.247|  -6.2|   0.3| 1663.9| 0.000|   0.0|  46.026|  42.673|214.00|   0.0|    0.0|    0.0|F2              |
|  0|10.00|58315.6|  1|11.40|15.44|  44.579|  35.659| 1627.669|  -6.2|   0.3| 1731.3| 0.000|   0.0|  45.949|  42.271|211.05|   0.0|    0.0|    0.0|F2              |
|  0|10.00|58326.4|  1|12.00|15.94|  44.082|  36.063| 1588.465|  -7.6|   0.3| 1694.0| 0.000|   0.0|  45.709|  42.492|212.38|   0.0|    0.0|    0.0|F2              |
+---+-----+-------+---+-----+-----+--------+--------+---------+------+------+-------+------+------+--------+--------+------+------+-------+-------+----------------+
+---+-----+-------+---+-----+-----+--------+--------+---------+------+------+-------+------+------+--------+--------+------+------+-------+-------+----------------+
|0-x| fr  |  time |hop| d0  | d1  |   fi   |  teta  |   dist  |  at  |  dev |   p   |  df  |  l   |   fot  |   tot  |  rot | lsp  |   pf  |    s  |                |
+---+-----+-------+---+-----+-----+--------+--------+---------+------+------+-------+------+------+--------+--------+------+------+-------+-------+----------------+
|  0|10.00|58338.0|  1|12.00|15.97|  43.754|  36.113| 1586.893|  -8.5|   0.2| 1692.4| 0.000|   0.0|  45.550|  42.510|212.32|   0.0|    0.0|    0.0|F2              |
|  0|10.00|58348.8|  1|11.40|15.51|  43.982|  35.740| 1624.988|  -7.7|   0.2| 1728.6| 0.000|   0.0|  45.663|  42.298|211.00|   0.0|    0.0|    0.0|F2              |
|  0|10.00|58360.8|  1| 7.80|13.05|  42.904|  33.600| 1871.486|  -8.4|   0.2| 1964.3| 0.000|   0.0|  45.111|  40.765|201.01|   0.0|    0.0|    0.0|F2              |
|  0|10.00|58387.0|  1|11.40|15.46|  44.575|  35.644| 1629.296|  -6.2|   0.3| 1733.1| 0.000|   0.0|  45.941|  42.227|211.42|   0.0|    0.0|    0.0|F2              |
|  0|10.00|58397.6|  1|10.20|14.64|  44.081|  35.010| 1703.908|  -7.0|   0.2| 1803.9| 0.000|   0.0|  45.709|  41.834|208.27|   0.0|    0.0|    0.0|F2              |
|  0|10.00|58420.2|  1|13.20|16.84|  44.533|  36.609| 1523.667|  -6.9|   0.3| 1633.8| 0.000|   0.0|  45.928|  42.860|216.04|   0.0|    0.0|    0.0|F2              |
|  0|10.00|58430.9|  1|13.80|17.30|  44.611|  36.894| 1491.566|  -6.9|   0.3| 1604.0| 0.000|   0.0|  45.964|  43.030|217.56|   0.0|    0.0|    0.0|F2              |
|  0|10.00|58442.8|  1|12.60|16.34|  45.016|  36.230| 1560.900|  -5.5|   0.3| 1669.1| 0.000|   0.0|  46.162|  42.666|214.94|   0.0|    0.0|    0.0|F2              |
|  0|10.00|58454.7|  1|12.60|16.40|  44.450|  36.305| 1557.875|  -6.9|   0.3| 1666.0| 0.000|   0.0|  45.892|  42.690|214.77|   0.0|    0.0|    0.0|F2              |
|  0|10.00|58465.7|  1|13.20|16.90|  43.947|  36.690| 1521.545|  -8.4|   0.3| 1631.8| 0.000|   0.0|  45.647|  42.889|216.06|   0.0|    0.0|    0.0|F2              |
|  0|10.00|58477.5|  1|13.20|16.88|  44.257|  36.638| 1523.447|  -7.6|   0.3| 1633.8| 0.000|   0.0|  45.796|  42.872|216.26|   0.0|    0.0|    0.0|F2              |
|  0|10.00|58488.3|  1|13.80|17.32|  44.608|  36.884| 1492.736|  -6.9|   0.3| 1605.4| 0.000|   0.0|  45.967|  43.049|217.93|   0.0|    0.0|    0.0|F2              |
|  0|10.00|58499.1|  1|10.80|15.05|  44.483|  35.289| 1669.262|  -6.2|   0.3| 1771.5| 0.000|   0.0|  45.874|  41.881|210.22|   0.0|    0.0|    0.0|F2              |
+==============================================================================+
|   Medium characteristics Sunspot number=  82.0 IG=  82.0   GMT time:16:14    |
|------------------------------------------------------------------------------|
|   S   | fh |  I  |   D  | fd |  hd | fe |  he | ff1 | hf1 | ff2 | hf2 |   Hi |
|-------+----+-----+------+----+-----+----+-----+-----+-----+-----+-----+------|
|    0.0|1.21| 50.6|   2.5|0.18| 84.1|0.63|110.0| 0.00|  0.0| 7.95|289.0|  98.1|
+==============================================================================+

+==================================+
|       Es-layer parametres        |
|----------------------------------|
|   S   | hEs | fbEs | f0Es | P Es |
|-------+-----+------+------+------|
|    0.0|116.5| 2.45 | 2.96 | 70.5 |
+==================================+

|  0|10.00|58514.3|  1|13.80|17.35|  44.340|  36.918| 1491.831|  -7.6|   0.3| 1604.6| 0.000|   0.0|  45.840|  43.062|217.97|   0.0|    0.0|    0.0|F2              |
|  0|10.00|58527.4|  1|15.60|18.73|  45.067|  37.643| 1404.708|  -6.2|   0.3| 1524.7| 0.000|   0.0|  46.182|  43.506|222.53|   0.0|    0.0|    0.0|F2              |
|  0|10.00|58539.3|  1|13.20|16.89|  44.253|  36.626| 1524.868|  -7.6|   0.3| 1635.4| 0.000|   0.0|  45.796|  42.870|216.63|   0.0|    0.0|    0.0|F2              |
|  0|10.00|58579.4|  1|13.20|16.87|  44.524|  36.576| 1527.364|  -6.9|   0.3| 1638.1| 0.000|   0.0|  45.927|  42.857|217.00|   0.0|    0.0|    0.0|F2              |
|  0|10.00|58592.4|  1|13.80|17.31|  44.870|  36.824| 1496.772|  -6.2|   0.3| 1609.9| 0.000|   0.0|  46.087|  42.995|218.64|   0.0|    0.0|    0.0|F2              |
|  0|10.00|58606.8|  1|10.80|15.06|  44.476|  35.262| 1672.318|  -6.2|   0.3| 1774.9| 0.000|   0.0|  45.886|  41.949|211.08|   0.0|    0.0|    0.0|F2              |
|  0|10.00|58620.8|  1|12.00|15.99|  44.063|  36.002| 1595.320|  -7.7|   0.2| 1701.9| 0.000|   0.0|  45.671|  42.332|213.74|   0.0|    0.0|    0.0|F2              |
+---+-----+-------+---+-----+-----+--------+--------+---------+------+------+-------+------+------+--------+--------+------+------+-------+-------+----------------+
+---+-----+-------+---+-----+-----+--------+--------+---------+------+------+-------+------+------+--------+--------+------+------+-------+-------+----------------+
|0-x| fr  |  time |hop| d0  | d1  |   fi   |  teta  |   dist  |  at  |  dev |   p   |  df  |  l   |   fot  |   tot  |  rot | lsp  |   pf  |    s  |                |
+---+-----+-------+---+-----+-----+--------+--------+---------+------+------+-------+------+------+--------+--------+------+------+-------+-------+----------------+
|  0|10.00|58620.8|  1|12.00|15.99|  44.063|  36.002| 1595.320|  -7.7|   0.2| 1701.9| 0.000|   0.0|  45.671|  42.332|213.74|   0.0|    0.0|    0.0|F2              |
|  0|10.00|58632.6|  1|15.00|18.34|  44.205|  37.480| 1431.986|  -8.4|   0.3| 1549.8| 0.000|   0.0|  45.779|  43.415|221.44|   0.0|    0.0|    0.0|F2              |
|  0|10.00|58645.6|  1|13.20|16.88|  44.520|  36.561| 1529.035|  -6.9|   0.3| 1640.1| 0.000|   0.0|  45.927|  42.856|217.40|   0.0|    0.0|    0.0|F2              |
|  0|10.00|58645.6|  1|13.80|17.34|  44.599|  36.850| 1496.578|  -6.9|   0.3| 1609.9| 0.000|   0.0|  45.958|  43.007|218.85|   0.0|    0.0|    0.0|F2              |
|  0|10.00|58658.5|  1|14.40|17.82|  44.673|  37.124| 1465.623|  -6.9|   0.3| 1581.3| 0.000|   0.0|  45.996|  43.190|220.39|   0.0|    0.0|    0.0|F2              |
|  0|10.00|58658.5|  1|13.80|17.35|  44.598|  36.846| 1496.954|  -6.9|   0.3| 1610.3| 0.000|   0.0|  45.958|  43.007|218.93|   0.0|    0.0|    0.0|F2              |
|  0|10.00|58681.0|  1|13.20|16.81|  45.350|  36.444| 1534.725|  -4.8|   0.3| 1646.0| 0.000|   0.0|  46.316|  42.782|217.96|   0.0|    0.0|    0.0|F2              |
|  0|10.00|58681.0|  1|12.60|16.34|  45.291|  36.141| 1568.667|  -4.8|   0.3| 1677.8| 0.000|   0.0|  46.269|  42.459|216.09|   0.0|    0.0|    0.0|F2              |
|  0|10.00|58692.8|  1|12.00|15.98|  44.348|  35.941| 1598.897|  -6.9|   0.3| 1705.8| 0.000|   0.0|  45.830|  42.397|214.59|   0.0|    0.0|    0.0|F2              |
|  0|10.00|58692.8|  1|10.80|15.12|  43.854|  35.334| 1670.877|  -7.7|   0.2| 1773.7| 0.000|   0.0|  45.588|  41.985|211.35|   0.0|    0.0|    0.0|F2              |
|  0|10.00|58704.6|  1|12.00|15.95|  44.639|  35.896| 1601.059|  -6.2|   0.3| 1708.0| 0.000|   0.0|  45.976|  42.414|214.82|   0.0|    0.0|    0.0|F2              |
|  0|10.00|58718.7|  1|13.80|17.35|  44.594|  36.833| 1498.451|  -6.9|   0.3| 1612.0| 0.000|   0.0|  45.958|  43.006|219.30|   0.0|    0.0|    0.0|F2              |
|  0|10.00|58730.6|  1|11.40|15.53|  44.254|  35.610| 1636.273|  -6.9|   0.3| 1741.2| 0.000|   0.0|  45.790|  42.211|213.30|   0.0|    0.0|    0.0|F2              |
|  0|10.00|58754.2|  1|13.20|16.87|  44.790|  36.498| 1533.347|  -6.2|   0.3| 1644.8| 0.000|   0.0|  46.043|  42.762|218.09|   0.0|    0.0|    0.0|F2              |
|  0|10.00|58754.2|  1|13.80|17.33|  44.861|  36.787| 1500.858|  -6.2|   0.3| 1614.6| 0.000|   0.0|  46.086|  42.994|219.64|   0.0|    0.0|    0.0|F2              |
|  0|10.00|58768.2|  1|11.40|15.54|  44.252|  35.601| 1637.272|  -6.9|   0.3| 1742.4| 0.000|   0.0|  45.789|  42.210|213.53|   0.0|    0.0|    0.0|F2              |
|  0|10.00|58792.1|  1|12.60|16.45|  44.429|  36.230| 1566.360|  -6.9|   0.3| 1675.8| 0.000|   0.0|  45.851|  42.493|216.41|   0.0|    0.0|    0.0|F2              |
|  0|10.00|58803.9|  1|12.00|16.02|  44.050|  35.961| 1600.005|  -7.7|   0.2| 1707.3| 0.000|   0.0|  45.696|  42.441|215.19|   0.0|    0.0|    0.0|F2              |
|  0|10.00|58814.7|  1|12.00|15.99|  44.340|  35.913| 1602.094|  -6.9|   0.3| 1709.4| 0.000|   0.0|  45.836|  42.426|215.37|   0.0|    0.0|    0.0|F2              |
|  0|10.00|58828.9|  1|11.40|15.57|  43.948|  35.633| 1637.033|  -7.7|   0.2| 1742.3| 0.000|   0.0|  45.614|  42.092|213.44|   0.0|    0.0|    0.0|F2              |
+---+-----+-------+---+-----+-----+--------+--------+---------+------+------+-------+------+------+--------+--------+------+------+-------+-------+----------------+
+---+-----+-------+---+-----+-----+--------+--------+---------+------+------+-------+------+------+--------+--------+------+------+-------+-------+----------------+
|0-x| fr  |  time |hop| d0  | d1  |   fi   |  teta  |   dist  |  at  |  dev |   p   |  df  |  l   |   fot  |   tot  |  rot | lsp  |   pf  |    s  |                |
+---+-----+-------+---+-----+-----+--------+--------+---------+------+------+-------+------+------+--------+--------+------+------+-------+-------+----------------+
|  0|10.00|58844.0|  1|16.80|19.79|  44.929|  38.097| 1356.085|  -6.9|   0.3| 1482.6| 0.000|   0.0|  46.114|  43.765|227.14|   0.0|    0.0|    0.0|F2              |
|  0|10.00|58859.3|  1|13.80|17.35|  44.856|  36.764| 1503.457|  -6.2|   0.3| 1617.7| 0.000|   0.0|  46.086|  42.993|220.30|   0.0|    0.0|    0.0|F2              |
|  0|10.00|58871.1|  1|10.80|15.08|  44.505|  35.191| 1679.900|  -6.1|   0.3| 1783.4| 0.000|   0.0|  45.908|  41.949|212.71|   0.0|    0.0|    0.0|F2              |
|  0|10.00|58883.0|  1|15.60|18.82|  44.800|  37.602| 1411.892|  -6.9|   0.3| 1533.4| 0.000|   0.0|  46.049|  43.444|224.56|   0.0|    0.0|    0.0|F2              |
|  0|10.00|58893.8|  1|12.60|16.49|  44.099|  36.257| 1566.995|  -7.7|   0.3| 1676.7| 0.000|   0.0|  45.720|  42.630|217.25|   0.0|    0.0|    0.0|F2              |
|  0|10.00|58919.7|  1|30.60|31.86|  45.981|  41.685|  950.782|  -5.8|   0.7| 1161.7| 0.000|   0.0|  46.600|  45.839|259.10|   0.0|    0.0|    0.0|F2              |
|  0|10.00|58919.7|  1|13.20|16.90|  44.742|  36.467| 1537.289|  -6.3|   0.3| 1649.4| 0.000|   0.0|  46.023|  42.762|219.14|   0.0|    0.0|    0.0|F2              |
|  0|10.00|58931.6|  1|33.00|34.11|  45.615|  42.060|  913.152|  -7.8|   0.8| 1146.3| 0.000|   0.0|  46.408|  45.976|264.95|   0.0|    0.0|    0.0|F2              |
|  0|10.00|58931.6|  1|10.20|14.71|  44.046|  34.889| 1717.502|  -7.0|   0.2| 1819.3| 0.000|   0.0|  45.657|  41.600|211.06|   0.0|    0.0|    0.0|F2              |
|  0|10.00|58942.4|  1|16.80|19.79|  45.162|  38.045| 1359.612|  -6.2|   0.3| 1486.6| 0.000|   0.0|  46.207|  43.635|227.47|   0.0|    0.0|    0.0|F2              |
|  0|10.00|58954.2|  1|15.60|18.80|  45.045|  37.551| 1415.112|  -6.2|   0.3| 1536.9| 0.000|   0.0|  46.168|  43.432|225.15|   0.0|    0.0|    0.0|F2              |
|  0|10.00|58966.2|  1|10.80|15.12|  44.143|  35.219| 1680.259|  -7.0|   0.2| 1784.1| 0.000|   0.0|  45.731|  41.942|213.12|   0.0|    0.0|    0.0|F2              |
|  0|10.00|58966.2|  1|31.20|32.49|  45.542|  41.833|  938.907|  -7.9|   0.7| 1155.1| 0.000|   0.0|  46.391|  45.917|260.62|   0.0|    0.0|    0.0|F2              |
|  0|10.00|58978.0|  1|31.79|32.98|  45.868|  41.864|  932.016|  -6.5|   0.7| 1153.9| 0.000|   0.0|  46.529|  45.850|262.10|   0.0|    0.0|    0.0|F2              |
|  0|10.00|58992.2|  1|12.00|16.05|  44.038|  35.919| 1604.751|  -7.7|   0.2| 1712.7| 0.000|   0.0|  45.658|  42.277|215.97|   0.0|    0.0|    0.0|F2              |
|  0|10.00|58992.2|  1|30.00|31.39|  45.642|  41.623|  960.883|  -7.3|   0.6| 1167.2| 0.000|   0.0|  46.426|  45.725|257.61|   0.0|    0.0|    0.0|F2              |
|  0|10.00|59011.7|  1|30.59|31.92|  45.667|  41.712|  950.828|  -7.2|   0.7| 1162.1| 0.000|   0.0|  46.445|  45.816|259.42|   0.0|    0.0|    0.0|F2              |
|  0|10.00|59023.6|  1|30.59|31.98|  45.338|  41.764|  949.005|  -8.8|   0.6| 1160.2| 0.000|   0.0|  46.286|  45.835|259.24|   0.0|    0.0|    0.0|F2              |
|  0|10.00|59035.5|  1|31.20|32.46|  45.845|  41.775|  942.116|  -6.5|   0.7| 1159.0| 0.000|   0.0|  46.537|  45.901|261.37|   0.0|    0.0|    0.0|F2              |
|  0|10.00|59035.5|  1|10.20|14.69|  44.407|  34.810| 1722.613|  -6.2|   0.2| 1824.9| 0.000|   0.0|  45.853|  41.666|212.13|   0.0|    0.0|    0.0|F2              |
+---+-----+-------+---+-----+-----+--------+--------+---------+------+------+-------+------+------+--------+--------+------+------+-------+-------+----------------+
+---+-----+-------+---+-----+-----+--------+--------+---------+------+------+-------+------+------+--------+--------+------+------+-------+-------+----------------+
|0-x| fr  |  time |hop| d0  | d1  |   fi   |  teta  |   dist  |  at  |  dev |   p   |  df  |  l   |   fot  |   tot  |  rot | lsp  |   pf  |    s  |                |
+---+-----+-------+---+-----+-----+--------+--------+---------+------+------+-------+------+------+--------+--------+------+------+-------+-------+----------------+
|  0|10.00|59050.6|  1|30.00|31.38|  45.797|  41.590|  962.940|  -6.6|   0.6| 1169.7| 0.000|   0.0|  46.502|  45.716|258.18|   0.0|    0.0|    0.0|F2              |
|  0|10.00|59062.5|  1|30.60|31.89|  45.977|  41.661|  953.488|  -5.8|   0.7| 1165.4| 0.000|   0.0|  46.594|  45.802|260.07|   0.0|    0.0|    0.0|F2              |
|  0|10.00|59075.5|  1|29.40|30.84|  45.748|  41.489|  974.541|  -6.7|   0.6| 1176.6| 0.000|   0.0|  46.480|  45.659|256.87|   0.0|    0.0|    0.0|F2              |
|  0|10.00|59087.4|  1|30.60|31.93|  45.820|  41.678|  952.965|  -6.5|   0.7| 1165.0| 0.000|   0.0|  46.520|  45.809|260.14|   0.0|    0.0|    0.0|F2              |
|  0|10.00|59099.2|  1|12.60|16.49|  44.411|  36.161| 1574.146|  -6.9|   0.3| 1684.7| 0.000|   0.0|  45.873|  42.602|218.67|   0.0|    0.0|    0.0|F2              |
|  0|10.00|59099.2|  1|30.60|31.93|  45.820|  41.676|  953.193|  -6.5|   0.7| 1165.3| 0.000|   0.0|  46.520|  45.809|260.22|   0.0|    0.0|    0.0|F2              |
|  0|10.00|59109.9|  1|15.00|18.38|  44.719|  37.295| 1446.401|  -6.9|   0.3| 1566.4| 0.000|   0.0|  46.017|  43.293|224.65|   0.0|    0.0|    0.0|F2              |
|  0|10.00|59109.9|  1|28.20|29.79|  45.551|  41.287|  998.821|  -7.3|   0.6| 1191.9| 0.000|   0.0|  46.405|  45.636|254.46|   0.0|    0.0|    0.0|F2              |
|  0|10.00|59123.6|  1|29.40|30.85|  45.769|  41.478|  975.551|  -6.6|   0.6| 1177.9| 0.000|   0.0|  46.489|  45.648|257.20|   0.0|    0.0|    0.0|F2              |
|  0|10.00|59135.6|  1|27.60|29.21|  45.853|  41.119| 1014.326|  -5.9|   0.6| 1203.3| 0.000|   0.0|  46.528|  45.421|252.94|   0.0|    0.0|    0.0|F2              |
|  0|10.00|59146.4|  1|30.00|31.40|  45.794|  41.575|  964.639|  -6.6|   0.6| 1172.0| 0.000|   0.0|  46.507|  45.743|259.03|   0.0|    0.0|    0.0|F2              |
|  0|10.00|59146.4|  1|13.20|16.90|  45.050|  36.373| 1544.856|  -5.5|   0.3| 1658.0| 0.000|   0.0|  46.175|  42.748|220.74|   0.0|    0.0|    0.0|F2              |
|  0|10.00|59159.3|  1|25.80|27.63|  45.591|  40.755| 1056.905|  -6.7|   0.5| 1233.7| 0.000|   0.0|  46.406|  45.224|248.95|   0.0|    0.0|    0.0|F2              |
|  0|10.00|59159.3|  1|28.20|29.80|  45.550|  41.279|  999.713|  -7.3|   0.6| 1193.1| 0.000|   0.0|  46.385|  45.536|254.49|   0.0|    0.0|    0.0|F2              |
|  0|10.00|59159.3|  1|14.40|17.87|  44.947|  36.973| 1479.615|  -6.1|   0.3| 1597.4| 0.000|   0.0|  46.118|  43.063|223.59|   0.0|    0.0|    0.0|F2              |
|  0|10.00|59170.1|  1|21.00|23.38|  45.485|  39.459| 1200.778|  -6.1|   0.4| 1349.3| 0.000|   0.0|  46.380|  44.596|238.88|   0.0|    0.0|    0.0|F2              |
|  0|10.00|59170.1|  1|29.99|31.42|  45.636|  41.593|  964.307|  -7.3|   0.6| 1171.7| 0.000|   0.0|  46.424|  45.714|258.89|   0.0|    0.0|    0.0|F2              |
|  0|10.00|59170.1|  1|28.20|29.78|  45.713|  41.253| 1000.866|  -6.6|   0.6| 1194.4| 0.000|   0.0|  46.465|  45.528|254.70|   0.0|    0.0|    0.0|F2              |
|  0|10.00|59181.9|  1|10.20|14.65|  45.003|  34.694| 1730.575|  -4.8|   0.3| 1833.4| 0.000|   0.0|  46.143|  41.644|213.33|   0.0|    0.0|    0.0|F2              |
|  0|10.00|59181.9|  1|28.80|30.33|  45.741|  41.363|  988.491|  -6.6|   0.6| 1186.6| 0.000|   0.0|  46.471|  45.552|255.96|   0.0|    0.0|    0.0|F2              |
+---+-----+-------+---+-----+-----+--------+--------+---------+------+------+-------+------+------+--------+--------+------+------+-------+-------+----------------+
+---+-----+-------+---+-----+-----+--------+--------+---------+------+------+-------+------+------+--------+--------+------+------+-------+-------+----------------+
|0-x| fr  |  time |hop| d0  | d1  |   fi   |  teta  |   dist  |  at  |  dev |   p   |  df  |  l   |   fot  |   tot  |  rot | lsp  |   pf  |    s  |                |
+---+-----+-------+---+-----+-----+--------+--------+---------+------+------+-------+------+------+--------+--------+------+------+-------+-------+----------------+
|  0|10.00|59194.8|  1|29.40|30.87|  45.767|  41.467|  976.781|  -6.6|   0.6| 1179.6| 0.000|   0.0|  46.482|  45.612|257.51|   0.0|    0.0|    0.0|F2              |
|  0|10.00|59205.6|  1|28.81|30.34|  45.717|  41.365|  988.552|  -6.7|   0.6| 1186.9| 0.000|   0.0|  46.459|  45.554|256.15|   0.0|    0.0|    0.0|F2              |
|  0|10.00|59216.3|  1|15.60|18.88|  44.782|  37.532| 1419.745|  -6.9|   0.3| 1542.7| 0.000|   0.0|  46.048|  43.442|226.78|   0.0|    0.0|    0.0|F2              |
|  0|10.00|59216.3|  1|27.60|29.25|  45.683|  41.129| 1014.849|  -6.6|   0.6| 1204.3| 0.000|   0.0|  46.446|  45.429|253.43|   0.0|    0.0|    0.0|F2              |
|  0|10.00|59227.8|  1|10.80|15.23|  43.507|  35.262| 1682.851|  -8.4|   0.2| 1787.5| 0.000|   0.0|  45.417|  41.920|214.44|   0.0|    0.0|    0.0|F2              |
|  0|10.00|59227.8|  1|28.20|29.82|  45.547|  41.269| 1000.903|  -7.3|   0.6| 1194.7| 0.000|   0.0|  46.399|  45.608|255.27|   0.0|    0.0|    0.0|F2              |
|  0|10.00|59240.8|  1|17.40|20.36|  44.969|  38.248| 1339.125|  -6.9|   0.3| 1470.1| 0.000|   0.0|  46.129|  43.836|231.05|   0.0|    0.0|    0.0|F2              |
|  0|10.00|59240.8|  1|28.20|29.80|  45.711|  41.242| 1002.079|  -6.6|   0.6| 1196.0| 0.000|   0.0|  46.478|  45.600|255.48|   0.0|    0.0|    0.0|F2              |
|  0|10.00|59253.8|  1|16.20|19.38|  44.846|  37.774| 1392.496|  -6.9|   0.3| 1518.1| 0.000|   0.0|  46.081|  43.605|228.45|   0.0|    0.0|    0.0|F2              |
|  0|10.00|59253.8|  1|30.00|31.43|  45.791|  41.559|  966.440|  -6.6|   0.6| 1174.5| 0.000|   0.0|  46.497|  45.689|259.57|   0.0|    0.0|    0.0|F2              |
|  0|10.00|59264.6|  1|25.80|27.65|  45.588|  40.738| 1058.847|  -6.7|   0.5| 1236.2| 0.000|   0.0|  46.402|  45.204|249.61|   0.0|    0.0|    0.0|F2              |
|  0|10.00|59275.4|  1|25.20|27.10|  45.733|  40.574| 1075.611|  -6.0|   0.5| 1249.2| 0.000|   0.0|  46.473|  45.109|248.41|   0.0|    0.0|    0.0|F2              |
|  0|10.00|59289.4|  1|29.39|30.88|  45.764|  41.451|  978.531|  -6.6|   0.6| 1181.9| 0.000|   0.0|  46.482|  45.611|258.21|   0.0|    0.0|    0.0|F2              |
|  0|10.00|59302.3|  1|28.20|29.81|  45.709|  41.233| 1003.109|  -6.6|   0.6| 1197.4| 0.000|   0.0|  46.478|  45.600|255.91|   0.0|    0.0|    0.0|F2              |
|  0|10.00|59302.3|  1|13.20|16.99|  44.483|  36.419| 1545.108|  -6.9|   0.3| 1658.7| 0.000|   0.0|  45.893|  42.700|221.41|   0.0|    0.0|    0.0|F2              |
|  0|10.00|59314.1|  1|28.20|29.79|  45.874|  41.209| 1004.266|  -5.9|   0.6| 1198.7| 0.000|   0.0|  46.555|  45.587|256.10|   0.0|    0.0|    0.0|F2              |
|  0|10.00|59314.1|  1| 6.00|11.89|  44.364|  31.801| 2054.566|  -4.9|   0.2| 2146.2| 0.000|   0.0|  45.789|  39.448|201.93|   0.0|    0.0|    0.0|F2              |
|  0|10.00|59324.9|  1|27.00|28.77|  45.480|  41.015| 1029.505|  -7.4|   0.5| 1215.3| 0.000|   0.0|  46.350|  45.373|252.77|   0.0|    0.0|    0.0|F2              |
|  0|10.00|59338.0|  1|16.80|19.86|  45.144|  37.964| 1368.657|  -6.2|   0.3| 1497.4| 0.000|   0.0|  46.219|  43.712|230.51|   0.0|    0.0|    0.0|F2              |
|  0|10.00|59348.8|  1|21.00|23.45|  45.273|  39.455| 1203.227|  -6.8|   0.4| 1352.6| 0.000|   0.0|  46.282|  44.604|240.00|   0.0|    0.0|    0.0|F2              |
+---+-----+-------+---+-----+-----+--------+--------+---------+------+------+-------+------+------+--------+--------+------+------+-------+-------+----------------+
+---+-----+-------+---+-----+-----+--------+--------+---------+------+------+-------+------+------+--------+--------+------+------+-------+-------+----------------+
|0-x| fr  |  time |hop| d0  | d1  |   fi   |  teta  |   dist  |  at  |  dev |   p   |  df  |  l   |   fot  |   tot  |  rot | lsp  |   pf  |    s  |                |
+---+-----+-------+---+-----+-----+--------+--------+---------+------+------+-------+------+------+--------+--------+------+------+-------+-------+----------------+
|  0|10.00|59359.5|  1|10.20|14.87|  43.016|  34.958| 1722.318|  -9.2|   0.2| 1825.5| 0.000|   0.0|  45.188|  41.740|213.58|   0.0|    0.0|    0.0|F2              |
|  0|10.00|59359.5|  1|29.99|31.41|  45.946|  41.520|  969.253|  -5.8|   0.7| 1178.0| 0.000|   0.0|  46.570|  45.658|260.33|   0.0|    0.0|    0.0|F2              |
|  0|10.00|59373.6|  1|29.40|30.91|  45.762|  41.441|  979.667|  -6.6|   0.6| 1183.6| 0.000|   0.0|  46.484|  45.625|258.95|   0.0|    0.0|    0.0|F2              |
|  0|10.00|59373.6|  1|12.60|16.52|  44.683|  36.061| 1582.415|  -6.2|   0.3| 1694.1| 0.000|   0.0|  45.997|  42.526|220.55|   0.0|    0.0|    0.0|F2              |
|  0|10.00|59386.7|  1|30.60|32.00|  45.812|  41.635|  957.802|  -6.5|   0.7| 1171.7| 0.000|   0.0|  46.507|  45.741|262.07|   0.0|    0.0|    0.0|F2              |
|  0|10.00|59386.7|  1|13.20|16.95|  45.040|  36.322| 1550.559|  -5.5|   0.3| 1664.6| 0.000|   0.0|  46.163|  42.675|222.25|   0.0|    0.0|    0.0|F2              |
|  0|10.00|59398.6|  1|15.60|18.92|  44.773|  37.496| 1423.769|  -6.9|   0.3| 1547.5| 0.000|   0.0|  46.047|  43.441|227.99|   0.0|    0.0|    0.0|F2              |
|  0|10.00|59398.6|  1|28.80|30.32|  46.085|  41.285|  994.090|  -5.1|   0.6| 1193.6| 0.000|   0.0|  46.640|  45.532|257.86|   0.0|    0.0|    0.0|F2              |
+==============================================================================+
|   Medium characteristics Sunspot number=  82.0 IG=  82.0   GMT time:16:29    |
|------------------------------------------------------------------------------|
|   S   | fh |  I  |   D  | fd |  hd | fe |  he | ff1 | hf1 | ff2 | hf2 |   Hi |
|-------+----+-----+------+----+-----+----+-----+-----+-----+-----+-----+------|
|    0.0|1.21| 50.6|   2.5|0.18| 84.6|0.49|110.0| 0.00|  0.0| 7.98|295.9| 101.1|
+==============================================================================+

+==================================+
|       Es-layer parametres        |
|----------------------------------|
|   S   | hEs | fbEs | f0Es | P Es |
|-------+-----+------+------+------|
|    0.0|115.8| 2.42 | 2.94 | 69.7 |
+==================================+

|  0|10.00|59410.5|  1|30.60|31.98|  45.968|  41.609|  959.266|  -5.8|   0.7| 1173.4| 0.000|   0.0|  46.583|  45.734|262.38|   0.0|    0.0|    0.0|F2              |
|  0|10.00|59422.4|  1|31.80|33.11|  45.704|  41.822|  938.378|  -7.2|   0.7| 1163.3| 0.000|   0.0|  46.465|  45.913|265.57|   0.0|    0.0|    0.0|F2              |
|  0|10.00|59422.4|  1|15.60|18.89|  45.060|  37.448| 1426.265|  -6.1|   0.3| 1550.1| 0.000|   0.0|  46.156|  43.269|227.83|   0.0|    0.0|    0.0|F2              |
|  0|10.00|59434.2|  1|34.20|35.21|  46.080|  42.014|  913.537|  -5.6|   0.9| 1164.3| 0.000|   0.0|  46.631|  45.994|272.73|   0.0|    0.0|    0.0|F2              |
|  0|10.00|59444.9|  1|30.60|32.03|  45.654|  41.646|  958.193|  -7.2|   0.7| 1172.5| 0.000|   0.0|  46.431|  45.749|262.41|   0.0|    0.0|    0.0|F2              |
|  0|10.00|59444.9|  1|13.20|16.98|  44.795|  36.340| 1550.721|  -6.1|   0.3| 1665.0| 0.000|   0.0|  46.047|  42.685|222.53|   0.0|    0.0|    0.0|F2              |
|  0|10.00|59455.7|  1|28.21|29.85|  45.705|  41.208| 1005.888|  -6.6|   0.6| 1201.2| 0.000|   0.0|  46.457|  45.487|256.65|   0.0|    0.0|    0.0|F2              |
|  0|10.00|59467.6|  1|28.80|30.38|  45.732|  41.316|  993.794|  -6.6|   0.6| 1193.7| 0.000|   0.0|  46.488|  45.655|258.52|   0.0|    0.0|    0.0|F2              |
|  0|10.00|59480.5|  1|14.40|17.92|  44.893|  36.906| 1487.487|  -6.2|   0.3| 1606.6| 0.000|   0.0|  46.092|  43.023|225.66|   0.0|    0.0|    0.0|F2              |
|  0|10.00|59480.5|  1|29.40|30.92|  45.758|  41.419|  982.149|  -6.6|   0.6| 1186.8| 0.000|   0.0|  46.484|  45.625|259.80|   0.0|    0.0|    0.0|F2              |
|  0|10.00|59496.6|  1|26.40|28.25|  45.438|  40.854| 1047.632|  -7.4|   0.5| 1230.3| 0.000|   0.0|  46.328|  45.266|252.49|   0.0|    0.0|    0.0|F2              |
|  0|10.00|59496.6|  1|12.00|16.10|  44.300|  35.757| 1619.583|  -6.9|   0.3| 1729.5| 0.000|   0.0|  45.804|  42.279|219.58|   0.0|    0.0|    0.0|F2              |
+---+-----+-------+---+-----+-----+--------+--------+---------+------+------+-------+------+------+--------+--------+------+------+-------+-------+----------------+
+---+-----+-------+---+-----+-----+--------+--------+---------+------+------+-------+------+------+--------+--------+------+------+-------+-------+----------------+
|0-x| fr  |  time |hop| d0  | d1  |   fi   |  teta  |   dist  |  at  |  dev |   p   |  df  |  l   |   fot  |   tot  |  rot | lsp  |   pf  |    s  |                |
+---+-----+-------+---+-----+-----+--------+--------+---------+------+------+-------+------+------+--------+--------+------+------+-------+-------+----------------+
|  0|10.00|59507.2|  1|12.00|16.04|  44.895|  35.669| 1623.837|  -5.5|   0.3| 1733.9| 0.000|   0.0|  46.091|  42.254|219.93|   0.0|    0.0|    0.0|F2              |
|  0|10.00|59521.2|  1|30.00|31.47|  45.782|  41.511|  971.812|  -6.5|   0.7| 1181.7| 0.000|   0.0|  46.493|  45.666|261.53|   0.0|    0.0|    0.0|F2              |
|  0|10.00|59521.2|  1|31.80|33.12|  45.699|  41.798|  940.976|  -7.2|   0.7| 1166.7| 0.000|   0.0|  46.459|  45.879|266.29|   0.0|    0.0|    0.0|F2              |
|  0|10.00|59534.0|  1|30.60|32.04|  45.650|  41.626|  960.467|  -7.2|   0.7| 1175.5| 0.000|   0.0|  46.431|  45.749|263.13|   0.0|    0.0|    0.0|F2              |
|  0|10.00|59534.0|  1|21.00|23.47|  45.265|  39.414| 1207.882|  -6.8|   0.4| 1358.2| 0.000|   0.0|  46.267|  44.527|241.14|   0.0|    0.0|    0.0|F2              |
|  0|10.00|59549.2|  1|31.80|33.10|  45.851|  41.769|  942.723|  -6.5|   0.7| 1168.8| 0.000|   0.0|  46.532|  45.871|266.64|   0.0|    0.0|    0.0|F2              |
|  0|10.00|59549.2|  1|21.60|23.94|  45.713|  39.537| 1190.221|  -5.4|   0.4| 1344.0| 0.000|   0.0|  46.485|  44.638|242.89|   0.0|    0.0|    0.0|F2              |
|  0|10.00|59564.2|  1|26.40|28.16|  46.135|  40.747| 1053.301|  -4.5|   0.6| 1236.7| 0.000|   0.0|  46.668|  45.236|253.55|   0.0|    0.0|    0.0|F2              |
|  0|10.00|59577.1|  1|27.60|29.29|  45.839|  41.039| 1023.346|  -5.9|   0.6| 1215.1| 0.000|   0.0|  46.538|  45.489|256.57|   0.0|    0.0|    0.0|F2              |
|  0|10.00|59577.1|  1|28.80|30.37|  45.891|  41.269|  997.501|  -5.9|   0.6| 1198.3| 0.000|   0.0|  46.549|  45.540|259.16|   0.0|    0.0|    0.0|F2              |
|  0|10.00|59593.3|  1|21.00|23.47|  45.262|  39.399| 1209.516|  -6.8|   0.4| 1360.1| 0.000|   0.0|  46.267|  44.527|241.56|   0.0|    0.0|    0.0|F2              |
|  0|10.00|59607.4|  1|28.80|30.40|  45.726|  41.285|  997.281|  -6.6|   0.6| 1198.2| 0.000|   0.0|  46.469|  45.547|259.27|   0.0|    0.0|    0.0|F2              |
|  0|10.00|59618.1|  1|31.79|33.15|  45.542|  41.800|  942.523|  -7.9|   0.7| 1168.9| 0.000|   0.0|  46.385|  45.886|266.91|   0.0|    0.0|    0.0|F2              |
|  0|10.00|59635.5|  1|31.80|33.11|  45.848|  41.749|  944.877|  -6.5|   0.7| 1171.7| 0.000|   0.0|  46.532|  45.871|267.33|   0.0|    0.0|    0.0|F2              |
|  0|10.00|59635.5|  1|15.60|18.90|  45.013|  37.395| 1432.497|  -6.2|   0.3| 1557.3| 0.000|   0.0|  46.153|  43.350|229.59|   0.0|    0.0|    0.0|F2              |
|  0|10.00|59635.5|  1|28.20|29.86|  45.697|  41.166| 1010.592|  -6.6|   0.6| 1207.1| 0.000|   0.0|  46.470|  45.558|258.30|   0.0|    0.0|    0.0|F2              |
|  0|10.00|59652.8|  1|27.00|28.78|  45.661|  40.919| 1038.197|  -6.5|   0.6| 1226.1| 0.000|   0.0|  46.457|  45.432|255.64|   0.0|    0.0|    0.0|F2              |
|  0|10.00|59664.7|  1|27.60|29.35|  45.498|  41.067| 1023.545|  -7.3|   0.6| 1215.7| 0.000|   0.0|  46.377|  45.504|256.99|   0.0|    0.0|    0.0|F2              |
|  0|10.00|59664.7|  1|29.40|30.94|  45.751|  41.379|  986.683|  -6.6|   0.6| 1192.7| 0.000|   0.0|  46.481|  45.607|261.19|   0.0|    0.0|    0.0|F2              |
|  0|10.00|59676.6|  1|22.80|25.02|  45.582|  39.876| 1153.923|  -6.1|   0.4| 1315.1| 0.000|   0.0|  46.416|  44.799|246.26|   0.0|    0.0|    0.0|F2              |
+---+-----+-------+---+-----+-----+--------+--------+---------+------+------+-------+------+------+--------+--------+------+------+-------+-------+----------------+
+---+-----+-------+---+-----+-----+--------+--------+---------+------+------+-------+------+------+--------+--------+------+------+-------+-------+----------------+
|0-x| fr  |  time |hop| d0  | d1  |   fi   |  teta  |   dist  |  at  |  dev |   p   |  df  |  l   |   fot  |   tot  |  rot | lsp  |   pf  |    s  |                |
+---+-----+-------+---+-----+-----+--------+--------+---------+------+------+-------+------+------+--------+--------+------+------+-------+-------+----------------+
|  0|10.00|59676.6|  1|24.60|26.64|  45.502|  40.371| 1100.103|  -6.7|   0.5| 1272.2| 0.000|   0.0|  46.385|  45.126|250.30|   0.0|    0.0|    0.0|F2              |
|  0|10.00|59688.8|  1|13.80|17.42|  45.088|  36.528| 1527.491|  -5.5|   0.3| 1645.1| 0.000|   0.0|  46.188|  42.827|225.69|   0.0|    0.0|    0.0|F2              |
|  0|10.00|59688.8|  1|28.80|30.41|  45.723|  41.267|  999.232|  -6.6|   0.6| 1200.7| 0.000|   0.0|  46.463|  45.511|259.70|   0.0|    0.0|    0.0|F2              |
|  0|10.00|59700.7|  1|15.00|18.41|  44.946|  37.116| 1463.869|  -6.2|   0.3| 1586.4| 0.000|   0.0|  46.128|  43.219|228.61|   0.0|    0.0|    0.0|F2              |
|  0|10.00|59700.7|  1|27.00|28.76|  45.807|  40.888| 1040.238|  -5.9|   0.6| 1228.5| 0.000|   0.0|  46.527|  45.425|256.08|   0.0|    0.0|    0.0|F2              |
|  0|10.00|59712.5|  1|28.20|29.87|  45.694|  41.150| 1012.449|  -6.6|   0.6| 1209.5| 0.000|   0.0|  46.450|  45.449|258.46|   0.0|    0.0|    0.0|F2              |
|  0|10.00|59727.7|  1|28.20|29.84|  45.861|  41.124| 1013.790|  -5.9|   0.6| 1211.0| 0.000|   0.0|  46.532|  45.442|258.72|   0.0|    0.0|    0.0|F2              |
|  0|10.00|59740.7|  1|27.59|29.32|  45.663|  41.024| 1026.570|  -6.6|   0.6| 1219.3| 0.000|   0.0|  46.438|  45.386|257.26|   0.0|    0.0|    0.0|F2              |
|  0|10.00|59754.7|  1|12.00|16.04|  44.881|  35.595| 1632.127|  -5.5|   0.3| 1743.2| 0.000|   0.0|  46.089|  42.243|221.54|   0.0|    0.0|    0.0|F2              |
|  0|10.00|59754.7|  1|27.60|29.31|  45.833|  41.000| 1027.670|  -5.9|   0.6| 1220.6| 0.000|   0.0|  46.521|  45.379|257.53|   0.0|    0.0|    0.0|F2              |
|  0|10.00|59768.7|  1|31.80|33.18|  45.536|  41.770|  945.959|  -7.9|   0.7| 1173.6| 0.000|   0.0|  46.367|  45.800|267.79|   0.0|    0.0|    0.0|F2              |
|  0|10.00|59781.6|  1|12.00|16.04|  44.879|  35.586| 1633.071|  -5.5|   0.3| 1744.3| 0.000|   0.0|  46.089|  42.243|221.72|   0.0|    0.0|    0.0|F2              |
|  0|10.00|59781.6|  1|28.20|29.88|  45.691|  41.135| 1014.054|  -6.6|   0.6| 1211.5| 0.000|   0.0|  46.450|  45.450|259.02|   0.0|    0.0|    0.0|F2              |
|  0|10.00|59793.5|  1|25.20|27.18|  45.532|  40.490| 1086.705|  -6.7|   0.5| 1263.3| 0.000|   0.0|  46.399|  45.196|252.48|   0.0|    0.0|    0.0|F2              |
|  0|10.00|59793.5|  1|24.00|26.09|  45.648|  40.169| 1121.017|  -6.0|   0.5| 1290.1| 0.000|   0.0|  46.447|  44.969|249.79|   0.0|    0.0|    0.0|F2              |
|  0|10.00|59807.6|  1| 8.40|13.51|  44.000|  33.472| 1873.579|  -6.3|   0.2| 1973.2| 0.000|   0.0|  45.649|  40.767|211.94|   0.0|    0.0|    0.0|F2              |
|  0|10.00|59807.6|  1|28.20|29.88|  45.690|  41.130| 1014.665|  -6.6|   0.6| 1212.3| 0.000|   0.0|  46.470|  45.558|259.57|   0.0|    0.0|    0.0|F2              |
|  0|10.00|59821.6|  1|11.40|15.58|  44.801|  35.243| 1671.518|  -5.5|   0.3| 1780.7| 0.000|   0.0|  46.052|  42.033|220.40|   0.0|    0.0|    0.0|F2              |
|  0|10.00|59821.6|  1|26.40|28.26|  45.598|  40.758| 1056.572|  -6.7|   0.5| 1241.3| 0.000|   0.0|  46.426|  45.331|255.43|   0.0|    0.0|    0.0|F2              |
|  0|10.00|59836.8|  1|30.60|32.08|  45.637|  41.562|  967.641|  -7.2|   0.7| 1184.9| 0.000|   0.0|  46.417|  45.679|265.21|   0.0|    0.0|    0.0|F2              |
+---+-----+-------+---+-----+-----+--------+--------+---------+------+------+-------+------+------+--------+--------+------+------+-------+-------+----------------+
+---+-----+-------+---+-----+-----+--------+--------+---------+------+------+-------+------+------+--------+--------+------+------+-------+-------+----------------+
|0-x| fr  |  time |hop| d0  | d1  |   fi   |  teta  |   dist  |  at  |  dev |   p   |  df  |  l   |   fot  |   tot  |  rot | lsp  |   pf  |    s  |                |
+---+-----+-------+---+-----+-----+--------+--------+---------+------+------+-------+------+------+--------+--------+------+------+-------+-------+----------------+
|  0|10.00|59836.8|  1|15.60|18.88|  45.258|  37.307| 1440.130|  -5.5|   0.3| 1565.8| 0.000|   0.0|  46.265|  43.279|230.98|   0.0|    0.0|    0.0|F2              |
|  0|10.00|59850.3|  1|29.40|30.99|  45.581|  41.364|  989.988|  -7.3|   0.6| 1197.2| 0.000|   0.0|  46.395|  45.579|262.35|   0.0|    0.0|    0.0|F2              |
|  0|10.00|59861.1|  1|12.60|16.54|  44.695|  35.916| 1598.303|  -6.1|   0.3| 1712.0| 0.000|   0.0|  46.001|  42.442|223.68|   0.0|    0.0|    0.0|F2              |
|  0|10.00|59861.1|  1|28.20|29.88|  45.688|  41.119| 1015.867|  -6.6|   0.6| 1213.9| 0.000|   0.0|  46.463|  45.522|259.93|   0.0|    0.0|    0.0|F2              |
|  0|10.00|59872.9|  1|24.60|26.66|  45.494|  40.329| 1104.871|  -6.7|   0.5| 1278.1| 0.000|   0.0|  46.357|  44.976|251.19|   0.0|    0.0|    0.0|F2              |
|  0|10.00|59886.4|  1|25.20|27.17|  45.711|  40.446| 1089.912|  -6.0|   0.5| 1267.1| 0.000|   0.0|  46.479|  45.151|253.24|   0.0|    0.0|    0.0|F2              |
|  0|10.00|59901.2|  1|27.60|29.35|  45.658|  40.994| 1030.010|  -6.6|   0.6| 1223.8| 0.000|   0.0|  46.431|  45.350|258.33|   0.0|    0.0|    0.0|F2              |
|  0|10.00|59914.7|  1|27.00|28.81|  45.627|  40.868| 1044.184|  -6.6|   0.6| 1233.7| 0.000|   0.0|  46.419|  45.286|257.06|   0.0|    0.0|    0.0|F2              |
|  0|10.00|59940.5|  1|25.20|27.20|  45.526|  40.459| 1090.140|  -6.7|   0.5| 1267.6| 0.000|   0.0|  46.392|  45.158|253.51|   0.0|    0.0|    0.0|F2              |
|  0|10.00|59955.7|  1|19.80|22.44|  45.397|  38.897| 1263.491|  -6.0|   0.4| 1409.6| 0.000|   0.0|  46.334|  44.253|241.50|   0.0|    0.0|    0.0|F2              |
|  0|10.00|59955.7|  1|28.80|30.44|  45.713|  41.213| 1005.275|  -6.6|   0.6| 1208.5| 0.000|   0.0|  46.456|  45.475|261.62|   0.0|    0.0|    0.0|F2              |
|  0|10.00|59966.5|  1|19.20|21.92|  45.351|  38.691| 1286.629|  -6.0|   0.4| 1429.7| 0.000|   0.0|  46.313|  44.138|240.22|   0.0|    0.0|    0.0|F2              |
|  0|10.00|59966.5|  1|27.60|29.36|  45.655|  40.981| 1031.455|  -6.6|   0.6| 1225.7| 0.000|   0.0|  46.431|  45.350|258.85|   0.0|    0.0|    0.0|F2              |
|  0|10.00|59977.3|  1|16.80|19.91|  45.112|  37.802| 1386.838|  -6.2|   0.3| 1518.4| 0.000|   0.0|  46.203|  43.622|234.74|   0.0|    0.0|    0.0|F2              |
|  0|10.00|59977.3|  1|27.60|29.36|  45.655|  40.979| 1031.700|  -6.6|   0.6| 1226.0| 0.000|   0.0|  46.431|  45.350|258.94|   0.0|    0.0|    0.0|F2              |
|  0|10.00|59989.8|  1|17.40|20.38|  45.406|  38.002| 1362.193|  -5.4|   0.4| 1496.7| 0.000|   0.0|  46.335|  43.706|236.27|   0.0|    0.0|    0.0|F2              |
|  0|10.00|59989.8|  1|26.40|28.28|  45.592|  40.724| 1060.379|  -6.7|   0.5| 1246.2| 0.000|   0.0|  46.425|  45.331|256.65|   0.0|    0.0|    0.0|F2              |
|  0|10.00|60002.7|  1|25.20|27.21|  45.524|  40.447| 1091.560|  -6.7|   0.5| 1269.3| 0.000|   0.0|  46.392|  45.158|253.96|   0.0|    0.0|    0.0|F2              |
|  0|10.00|60014.9|  1|28.20|29.90|  45.683|  41.089| 1019.221|  -6.6|   0.6| 1218.2| 0.000|   0.0|  46.444|  45.413|260.65|   0.0|    0.0|    0.0|F2              |
|  0|10.00|60026.7|  1|22.20|24.56|  45.330|  39.657| 1180.456|  -6.8|   0.4| 1340.0| 0.000|   0.0|  46.307|  44.728|247.35|   0.0|    0.0|    0.0|F2              |
+---+-----+-------+---+-----+-----+--------+--------+---------+------+------+-------+------+------+--------+--------+------+------+-------+-------+----------------+
+---+-----+-------+---+-----+-----+--------+--------+---------+------+------+-------+------+------+--------+--------+------+------+-------+-------+----------------+
|0-x| fr  |  time |hop| d0  | d1  |   fi   |  teta  |   dist  |  at  |  dev |   p   |  df  |  l   |   fot  |   tot  |  rot | lsp  |   pf  |    s  |                |
+---+-----+-------+---+-----+-----+--------+--------+---------+------+------+-------+------+------+--------+--------+------+------+-------+-------+----------------+
|  0|10.00|60026.7|  1|13.80|17.48|  44.793|  36.473| 1536.087|  -6.2|   0.3| 1655.1| 0.000|   0.0|  46.042|  42.757|227.75|   0.0|    0.0|    0.0|F2              |
|  0|10.00|60037.9|  1|30.60|32.11|  45.607|  41.528|  971.718|  -7.3|   0.7| 1190.4| 0.000|   0.0|  46.406|  45.680|266.82|   0.0|    0.0|    0.0|F2              |
|  0|10.00|60037.9|  1|10.80|15.22|  44.069|  34.932| 1712.497|  -6.9|   0.3| 1820.4| 0.000|   0.0|  45.702|  41.809|219.95|   0.0|    0.0|    0.0|F2              |
|  0|10.00|60048.7|  1|22.80|25.09|  45.371|  39.821| 1161.997|  -6.8|   0.4| 1325.1| 0.000|   0.0|  46.316|  44.769|248.77|   0.0|    0.0|    0.0|F2              |
|  0|10.00|60060.6|  1|16.20|19.45|  44.801|  37.573| 1414.967|  -6.9|   0.3| 1544.2| 0.000|   0.0|  46.059|  43.494|233.79|   0.0|    0.0|    0.0|F2              |
|  0|10.00|60071.3|  1|22.20|24.54|  45.529|  39.620| 1182.663|  -6.1|   0.4| 1342.5| 0.000|   0.0|  46.376|  44.566|247.23|   0.0|    0.0|    0.0|F2              |
|  0|10.00|60085.4|  1|23.40|25.61|  45.437|  39.972| 1144.675|  -6.6|   0.5| 1311.6| 0.000|   0.0|  46.355|  44.902|250.48|   0.0|    0.0|    0.0|F2              |
|  0|10.00|60096.1|  1|27.60|29.37|  45.651|  40.956| 1034.189|  -6.6|   0.6| 1229.2| 0.000|   0.0|  46.451|  45.460|260.24|   0.0|    0.0|    0.0|F2              |
|  0|10.00|60107.9|  1|10.20|14.71|  44.620|  34.457| 1759.637|  -5.5|   0.3| 1865.9| 0.000|   0.0|  45.960|  41.506|219.08|   0.0|    0.0|    0.0|F2              |
|  0|10.00|60107.9|  1|27.60|29.37|  45.650|  40.954| 1034.449|  -6.6|   0.6| 1229.5| 0.000|   0.0|  46.451|  45.460|260.33|   0.0|    0.0|    0.0|F2              |
|  0|10.00|60121.8|  1|10.80|15.23|  44.063|  34.908| 1715.231|  -6.9|   0.3| 1823.4| 0.000|   0.0|  45.693|  41.768|220.50|   0.0|    0.0|    0.0|F2              |
|  0|10.00|60133.7|  1|24.60|26.69|  45.483|  40.275| 1110.832|  -6.7|   0.5| 1285.5| 0.000|   0.0|  46.350|  44.938|253.00|   0.0|    0.0|    0.0|F2              |
|  0|10.00|60146.7|  1|28.20|29.92|  45.678|  41.066| 1021.880|  -6.6|   0.6| 1221.7| 0.000|   0.0|  46.444|  45.414|261.70|   0.0|    0.0|    0.0|F2              |
|  0|10.00|60159.7|  1|21.60|24.02|  45.486|  39.424| 1204.613|  -6.1|   0.4| 1361.5| 0.000|   0.0|  46.375|  44.569|247.01|   0.0|    0.0|    0.0|F2              |
|  0|10.00|60159.7|  1|27.00|28.84|  45.618|  40.821| 1049.431|  -6.6|   0.6| 1240.5| 0.000|   0.0|  46.412|  45.250|258.75|   0.0|    0.0|    0.0|F2              |
|  0|10.00|60170.3|  1|26.40|28.30|  45.585|  40.690| 1064.208|  -6.7|   0.5| 1251.1| 0.000|   0.0|  46.399|  45.184|257.49|   0.0|    0.0|    0.0|F2              |
|  0|10.00|60184.4|  1| 7.80|13.12|  43.908|  32.934| 1933.479|  -6.1|   0.3| 2032.8| 0.000|   0.0|  45.596|  40.381|212.72|   0.0|    0.0|    0.0|F2              |
|  0|10.00|60184.4|  1|25.80|27.77|  45.552|  40.552| 1079.710|  -6.7|   0.5| 1262.5| 0.000|   0.0|  46.399|  45.190|256.60|   0.0|    0.0|    0.0|F2              |
|  0|10.00|60197.4|  1|28.80|30.47|  45.705|  41.170| 1010.143|  -6.6|   0.6| 1214.9| 0.000|   0.0|  46.456|  45.475|263.55|   0.0|    0.0|    0.0|F2              |
|  0|10.00|60209.3|  1|23.40|25.61|  45.598|  39.925| 1148.392|  -6.0|   0.5| 1316.0| 0.000|   0.0|  46.408|  44.743|250.93|   0.0|    0.0|    0.0|F2              |
+---+-----+-------+---+-----+-----+--------+--------+---------+------+------+-------+------+------+--------+--------+------+------+-------+-------+----------------+
+---+-----+-------+---+-----+-----+--------+--------+---------+------+------+-------+------+------+--------+--------+------+------+-------+-------+----------------+
|0-x| fr  |  time |hop| d0  | d1  |   fi   |  teta  |   dist  |  at  |  dev |   p   |  df  |  l   |   fot  |   tot  |  rot | lsp  |   pf  |    s  |                |
+---+-----+-------+---+-----+-----+--------+--------+---------+------+------+-------+------+------+--------+--------+------+------+-------+-------+----------------+
|  0|10.00|60221.1|  1|23.40|25.64|  45.404|  39.949| 1147.522|  -6.7|   0.5| 1315.2| 0.000|   0.0|  46.331|  44.846|251.37|   0.0|    0.0|    0.0|F2              |
|  0|10.00|60234.1|  1|25.81|27.78|  45.551|  40.545| 1080.437|  -6.7|   0.5| 1263.6| 0.000|   0.0|  46.399|  45.191|257.00|   0.0|    0.0|    0.0|F2              |
|  0|10.00|60245.9|  1|12.60|16.56|  44.673|  35.808| 1610.368|  -6.1|   0.3| 1725.6| 0.000|   0.0|  45.986|  42.360|226.27|   0.0|    0.0|    0.0|F2              |
|  0|10.00|60245.9|  1|27.00|28.85|  45.615|  40.806| 1051.148|  -6.6|   0.6| 1242.7| 0.000|   0.0|  46.412|  45.250|259.44|   0.0|    0.0|    0.0|F2              |
|  0|10.00|60261.2|  1|21.00|23.51|  45.441|  39.220| 1227.492|  -6.1|   0.4| 1381.5| 0.000|   0.0|  46.353|  44.445|246.36|   0.0|    0.0|    0.0|F2              |
|  0|10.00|60274.1|  1|21.60|24.03|  45.482|  39.401| 1207.245|  -6.1|   0.4| 1364.7| 0.000|   0.0|  46.374|  44.559|247.83|   0.0|    0.0|    0.0|F2              |
|  0|10.00|60285.9|  1|27.00|28.86|  45.614|  40.799| 1051.902|  -6.6|   0.6| 1243.7| 0.000|   0.0|  46.412|  45.250|259.76|   0.0|    0.0|    0.0|F2              |
|  0|10.00|60297.8|  1|26.41|28.33|  45.582|  40.670| 1066.462|  -6.7|   0.5| 1254.1| 0.000|   0.0|  46.412|  45.258|258.84|   0.0|    0.0|    0.0|F2              |
|  0|10.00|60311.8|  1|22.80|25.09|  45.558|  39.740| 1169.082|  -6.0|   0.5| 1333.6| 0.000|   0.0|  46.406|  44.741|250.79|   0.0|    0.0|    0.0|F2              |
|  0|10.00|60323.7|  1|27.00|28.86|  45.613|  40.793| 1052.612|  -6.6|   0.6| 1244.6| 0.000|   0.0|  46.412|  45.250|260.05|   0.0|    0.0|    0.0|F2              |
|  0|10.00|60336.7|  1|22.20|24.57|  45.519|  39.565| 1188.731|  -6.1|   0.4| 1349.9| 0.000|   0.0|  46.392|  44.661|249.65|   0.0|    0.0|    0.0|F2              |
|  0|10.00|60347.4|  1| 8.40|13.58|  43.596|  33.364| 1889.301|  -6.9|   0.3| 1990.9| 0.000|   0.0|  45.454|  40.697|215.43|   0.0|    0.0|    0.0|F2              |
|  0|10.00|60347.4|  1|27.00|28.87|  45.612|  40.789| 1053.057|  -6.6|   0.6| 1245.1| 0.000|   0.0|  46.425|  45.323|260.57|   0.0|    0.0|    0.0|F2              |
|  0|10.00|60358.2|  1|24.00|26.19|  45.438|  40.082| 1132.629|  -6.7|   0.5| 1304.7| 0.000|   0.0|  46.349|  44.940|253.76|   0.0|    0.0|    0.0|F2              |
|  0|10.00|60370.0|  1|13.20|17.04|  44.743|  36.083| 1579.461|  -6.1|   0.3| 1697.6| 0.000|   0.0|  46.024|  42.562|228.71|   0.0|    0.0|    0.0|F2              |
|  0|10.00|60370.0|  1|28.20|29.95|  45.672|  41.029| 1026.027|  -6.6|   0.6| 1227.2| 0.000|   0.0|  46.437|  45.378|263.21|   0.0|    0.0|    0.0|F2              |
|  0|10.00|60381.8|  1|15.00|18.43|  45.178|  36.902| 1485.444|  -5.5|   0.3| 1611.0| 0.000|   0.0|  46.226|  43.048|233.33|   0.0|    0.0|    0.0|F2              |
|  0|10.00|60381.8|  1|20.40|23.00|  45.394|  39.005| 1251.679|  -6.1|   0.4| 1403.0| 0.000|   0.0|  46.327|  44.298|245.80|   0.0|    0.0|    0.0|F2              |
|  0|10.00|60381.8|  1|24.60|26.72|  45.475|  40.230| 1115.935|  -6.7|   0.5| 1291.9| 0.000|   0.0|  46.364|  45.013|255.27|   0.0|    0.0|    0.0|F2              |
|  0|10.00|60393.6|  1|14.40|17.99|  44.844|  36.663| 1514.741|  -6.2|   0.3| 1637.7| 0.000|   0.0|  46.071|  42.911|231.85|   0.0|    0.0|    0.0|F2              |
+---+-----+-------+---+-----+-----+--------+--------+---------+------+------+-------+------+------+--------+--------+------+------+-------+-------+----------------+
+---+-----+-------+---+-----+-----+--------+--------+---------+------+------+-------+------+------+--------+--------+------+------+-------+-------+----------------+
|0-x| fr  |  time |hop| d0  | d1  |   fi   |  teta  |   dist  |  at  |  dev |   p   |  df  |  l   |   fot  |   tot  |  rot | lsp  |   pf  |    s  |                |
+---+-----+-------+---+-----+-----+--------+--------+---------+------+------+-------+------+------+--------+--------+------+------+-------+-------+----------------+
|  0|10.00|60393.6|  1|27.00|28.87|  45.610|  40.781| 1053.877|  -6.6|   0.6| 1246.2| 0.000|   0.0|  46.425|  45.323|260.92|   0.0|    0.0|    0.0|F2              |
|  0|10.00|60405.6|  1|22.81|25.14|  45.358|  39.753| 1169.565|  -6.7|   0.5| 1334.6| 0.000|   0.0|  46.312|  44.751|251.39|   0.0|    0.0|    0.0|F2              |
|  0|10.00|60417.4|  1|25.21|27.27|  45.510|  40.373| 1099.840|  -6.7|   0.5| 1280.0| 0.000|   0.0|  46.378|  45.085|256.91|   0.0|    0.0|    0.0|F2              |
|  0|10.00|60429.2|  1|22.20|24.58|  45.516|  39.547| 1190.738|  -6.1|   0.4| 1352.4| 0.000|   0.0|  46.392|  44.661|250.32|   0.0|    0.0|    0.0|F2              |
|  0|10.00|60440.0|  1|23.40|25.67|  45.396|  39.909| 1152.065|  -6.7|   0.5| 1320.8| 0.000|   0.0|  46.331|  44.846|252.99|   0.0|    0.0|    0.0|F2              |
|  0|10.00|60451.8|  1|21.00|23.56|  45.224|  39.212| 1230.517|  -6.8|   0.4| 1385.4| 0.000|   0.0|  46.257|  44.473|247.65|   0.0|    0.0|    0.0|F2              |
|  0|10.00|60463.6|  1|12.60|16.59|  44.620|  35.758| 1616.345|  -6.2|   0.3| 1732.5| 0.000|   0.0|  45.964|  42.351|227.81|   0.0|    0.0|    0.0|F2              |
|  0|10.00|60463.6|  1|25.80|27.81|  45.543|  40.504| 1085.076|  -6.7|   0.5| 1269.4| 0.000|   0.0|  46.395|  45.172|258.63|   0.0|    0.0|    0.0|F2              |
|  0|10.00|60474.3|  1|15.00|18.48|  44.907|  36.918| 1486.084|  -6.2|   0.3| 1612.0| 0.000|   0.0|  46.099|  43.058|233.88|   0.0|    0.0|    0.0|F2              |
|  0|10.00|60485.2|  1|22.80|25.14|  45.354|  39.736| 1171.469|  -6.7|   0.5| 1336.9| 0.000|   0.0|  46.312|  44.750|251.95|   0.0|    0.0|    0.0|F2              |
|  0|10.00|60498.2|  1|27.00|28.89|  45.608|  40.765| 1055.656|  -6.6|   0.6| 1248.6| 0.000|   0.0|  46.426|  45.328|261.70|   0.0|    0.0|    0.0|F2              |
|  0|10.00|60510.0|  1|22.80|25.14|  45.353|  39.732| 1171.965|  -6.7|   0.5| 1337.5| 0.000|   0.0|  46.312|  44.750|252.13|   0.0|    0.0|    0.0|F2              |
|  0|10.00|60521.9|  1|24.60|26.74|  45.470|  40.207| 1118.546|  -6.7|   0.5| 1295.3| 0.000|   0.0|  46.364|  45.013|256.31|   0.0|    0.0|    0.0|F2              |
|  0|10.00|60538.2|  1|21.60|24.10|  45.266|  39.379| 1211.629|  -6.8|   0.4| 1370.3| 0.000|   0.0|  46.276|  44.568|249.64|   0.0|    0.0|    0.0|F2              |
|  0|10.00|60551.1|  1|19.20|22.02|  45.071|  38.600| 1299.316|  -6.8|   0.4| 1445.1| 0.000|   0.0|  46.180|  44.091|244.24|   0.0|    0.0|    0.0|F2              |
|  0|10.00|60551.1|  1|31.80|33.20|  45.979|  41.572|  963.239|  -5.7|   0.8| 1196.5| 0.000|   0.0|  46.584|  45.730|274.07|   0.0|    0.0|    0.0|F2              |
|  0|10.00|60562.9|  1|24.00|26.22|  45.431|  40.047| 1136.532|  -6.7|   0.5| 1309.6| 0.000|   0.0|  46.349|  44.940|255.25|   0.0|    0.0|    0.0|F2              |
|  0|10.00|60575.9|  1|24.60|26.75|  45.468|  40.198| 1119.545|  -6.7|   0.5| 1296.5| 0.000|   0.0|  46.364|  45.013|256.70|   0.0|    0.0|    0.0|F2              |
|  0|10.00|60601.1|  1| 8.40|13.56|  43.943|  33.230| 1900.680|  -6.2|   0.3| 2003.3| 0.000|   0.0|  45.618|  40.619|217.42|   0.0|    0.0|    0.0|F2              |
|  0|10.00|60601.1|  1|26.40|28.37|  45.572|  40.620| 1072.057|  -6.7|   0.5| 1261.2| 0.000|   0.0|  46.389|  45.133|260.50|   0.0|    0.0|    0.0|F2              |
+---+-----+-------+---+-----+-----+--------+--------+---------+------+------+-------+------+------+--------+--------+------+------+-------+-------+----------------+
+---+-----+-------+---+-----+-----+--------+--------+---------+------+------+-------+------+------+--------+--------+------+------+-------+-------+----------------+
|0-x| fr  |  time |hop| d0  | d1  |   fi   |  teta  |   dist  |  at  |  dev |   p   |  df  |  l   |   fot  |   tot  |  rot | lsp  |   pf  |    s  |                |
+---+-----+-------+---+-----+-----+--------+--------+---------+------+------+-------+------+------+--------+--------+------+------+-------+-------+----------------+
|  0|10.00|60612.9|  1| 6.60|12.35|  43.978|  31.891| 2047.570|  -5.5|   0.3| 2145.4| 0.000|   0.0|  45.623|  39.680|212.54|   0.0|    0.0|    0.0|F2              |
|  0|10.00|60612.9|  1|25.80|27.83|  45.538|  40.481| 1087.622|  -6.7|   0.5| 1272.7| 0.000|   0.0|  46.399|  45.195|259.74|   0.0|    0.0|    0.0|F2              |
|  0|10.00|60623.6|  1|27.00|28.91|  45.579|  40.751| 1057.545|  -6.7|   0.6| 1251.1| 0.000|   0.0|  46.393|  45.219|262.14|   0.0|    0.0|    0.0|F2              |
|  0|10.00|60634.4|  1|13.80|17.54|  44.763|  36.321| 1553.109|  -6.2|   0.3| 1674.7| 0.000|   0.0|  46.036|  42.726|232.12|   0.0|    0.0|    0.0|F2              |
|  0|10.00|60634.4|  1|25.20|27.30|  45.503|  40.336| 1103.930|  -6.7|   0.5| 1285.1| 0.000|   0.0|  46.379|  45.089|258.49|   0.0|    0.0|    0.0|F2              |
|  0|10.00|60646.3|  1|25.20|27.30|  45.503|  40.335| 1104.121|  -6.7|   0.5| 1285.4| 0.000|   0.0|  46.379|  45.089|258.58|   0.0|    0.0|    0.0|F2              |
|  0|10.00|60657.1|  1|28.80|30.54|  45.693|  41.103| 1017.608|  -6.6|   0.6| 1224.9| 0.000|   0.0|  46.463|  45.516|267.13|   0.0|    0.0|    0.0|F2              |
|  0|10.00|60657.1|  1|15.60|18.99|  44.964|  37.143| 1460.802|  -6.2|   0.3| 1590.1| 0.000|   0.0|  46.124|  43.194|236.66|   0.0|    0.0|    0.0|F2              |
|  0|10.00|60668.9|  1|24.00|26.26|  45.237|  40.059| 1137.255|  -7.4|   0.5| 1310.8| 0.000|   0.0|  46.256|  44.935|255.89|   0.0|    0.0|    0.0|F2              |
|  0|10.00|60681.8|  1|18.00|21.02|  44.989|  38.137| 1351.084|  -6.7|   0.4| 1491.5| 0.000|   0.0|  46.143|  43.827|242.44|   0.0|    0.0|    0.0|F2              |
|  0|10.00|60681.8|  1|30.60|32.17|  45.772|  41.408|  983.189|  -6.5|   0.7| 1205.8| 0.000|   0.0|  46.479|  45.588|271.39|   0.0|    0.0|    0.0|F2              |
|  0|10.00|60692.7|  1|24.59|26.76|  45.464|  40.177| 1121.811|  -6.7|   0.5| 1299.3| 0.000|   0.0|  46.364|  45.017|257.53|   0.0|    0.0|    0.0|F2              |
|  0|10.00|60705.7|  1|22.20|24.65|  45.305|  39.528| 1194.911|  -6.8|   0.4| 1357.8| 0.000|   0.0|  46.281|  44.594|252.10|   0.0|    0.0|    0.0|F2              |
|  0|10.00|60717.6|  1|25.80|27.85|  45.536|  40.467| 1089.250|  -6.7|   0.5| 1274.9| 0.000|   0.0|  46.372|  45.047|259.94|   0.0|    0.0|    0.0|F2              |
|  0|10.00|60730.5|  1|14.40|18.03|  44.830|  36.585| 1523.445|  -6.2|   0.3| 1647.9| 0.000|   0.0|  46.055|  42.825|234.21|   0.0|    0.0|    0.0|F2              |
|  0|10.00|60730.5|  1|25.80|27.85|  45.535|  40.465| 1089.444|  -6.7|   0.5| 1275.1| 0.000|   0.0|  46.372|  45.047|260.04|   0.0|    0.0|    0.0|F2              |
|  0|10.00|60743.4|  1|20.40|23.08|  45.166|  38.968| 1257.922|  -6.8|   0.4| 1410.9| 0.000|   0.0|  46.224|  44.308|248.37|   0.0|    0.0|    0.0|F2              |
|  0|10.00|60755.3|  1|22.80|25.18|  45.346|  39.692| 1176.449|  -6.7|   0.5| 1343.1| 0.000|   0.0|  46.300|  44.688|253.81|   0.0|    0.0|    0.0|F2              |
|  0|10.00|60769.3|  1|22.20|24.65|  45.332|  39.514| 1196.193|  -6.7|   0.4| 1359.4| 0.000|   0.0|  46.301|  44.626|252.66|   0.0|    0.0|    0.0|F2              |
|  0|10.00|60783.3|  1|28.20|30.01|  45.686|  40.970| 1032.355|  -6.5|   0.6| 1235.6| 0.000|   0.0|  46.443|  45.345|266.16|   0.0|    0.0|    0.0|F2              |
+---+-----+-------+---+-----+-----+--------+--------+---------+------+------+-------+------+------+--------+--------+------+------+-------+-------+----------------+
+---+-----+-------+---+-----+-----+--------+--------+---------+------+------+-------+------+------+--------+--------+------+------+-------+-------+----------------+
|0-x| fr  |  time |hop| d0  | d1  |   fi   |  teta  |   dist  |  at  |  dev |   p   |  df  |  l   |   fot  |   tot  |  rot | lsp  |   pf  |    s  |                |
+---+-----+-------+---+-----+-----+--------+--------+---------+------+------+-------+------+------+--------+--------+------+------+-------+-------+----------------+
|  0|10.00|60783.3|  1|19.20|22.05|  45.095|  38.552| 1304.388|  -6.7|   0.4| 1451.3| 0.000|   0.0|  46.194|  44.079|245.95|   0.0|    0.0|    0.0|F2              |
|  0|10.00|60795.3|  1|13.20|17.06|  44.973|  35.945| 1592.755|  -5.5|   0.3| 1712.7| 0.000|   0.0|  46.130|  42.480|231.91|   0.0|    0.0|    0.0|F2              |
|  0|10.00|60795.3|  1|21.00|23.58|  45.424|  39.121| 1238.629|  -6.1|   0.4| 1395.2| 0.000|   0.0|  46.346|  44.402|250.23|   0.0|    0.0|    0.0|F2              |
|  0|10.00|60795.3|  1|24.00|26.25|  45.425|  40.012| 1140.472|  -6.7|   0.5| 1314.7| 0.000|   0.0|  46.347|  44.926|256.92|   0.0|    0.0|    0.0|F2              |
|  0|10.00|60810.4|  1|24.60|26.79|  45.462|  40.163| 1123.373|  -6.7|   0.5| 1301.5| 0.000|   0.0|  46.358|  44.980|258.35|   0.0|    0.0|    0.0|F2              |
|  0|10.00|60823.2|  1|15.60|19.01|  44.957|  37.107| 1464.722|  -6.2|   0.3| 1594.7| 0.000|   0.0|  46.124|  43.194|237.91|   0.0|    0.0|    0.0|F2              |
|  0|10.00|60823.2|  1|24.60|26.79|  45.462|  40.162| 1123.570|  -6.7|   0.5| 1301.7| 0.000|   0.0|  46.358|  44.981|258.45|   0.0|    0.0|    0.0|F2              |
|  0|10.00|60836.3|  1|22.20|24.67|  45.301|  39.508| 1197.183|  -6.8|   0.4| 1360.7| 0.000|   0.0|  46.288|  44.627|253.13|   0.0|    0.0|    0.0|F2              |
|  0|10.00|60836.3|  1|29.40|31.08|  45.884|  41.169| 1008.580|  -5.8|   0.7| 1221.7| 0.000|   0.0|  46.550|  45.551|269.95|   0.0|    0.0|    0.0|F2              |
|  0|10.00|60847.0|  1|16.80|20.04|  44.828|  37.644| 1406.891|  -6.9|   0.3| 1542.3| 0.000|   0.0|  46.066|  43.528|240.83|   0.0|    0.0|    0.0|F2              |
|  0|10.00|60861.0|  1|28.20|30.00|  45.831|  40.941| 1034.218|  -5.9|   0.6| 1237.9| 0.000|   0.0|  46.526|  45.411|267.17|   0.0|    0.0|    0.0|F2              |
|  0|10.00|60875.0|  1|27.00|28.95|  45.598|  40.716| 1061.174|  -6.6|   0.6| 1255.9| 0.000|   0.0|  46.399|  45.181|263.78|   0.0|    0.0|    0.0|F2              |
|  0|10.00|60889.1|  1|22.80|25.20|  45.342|  39.672| 1178.672|  -6.7|   0.5| 1346.0| 0.000|   0.0|  46.307|  44.726|254.86|   0.0|    0.0|    0.0|F2              |
|  0|10.00|60904.2|  1|17.40|20.55|  44.923|  37.866| 1381.552|  -6.7|   0.4| 1520.1| 0.000|   0.0|  46.106|  43.640|242.64|   0.0|    0.0|    0.0|F2              |
|  0|10.00|60904.2|  1|25.20|27.31|  45.682|  40.274| 1109.169|  -6.0|   0.5| 1291.7| 0.000|   0.0|  46.466|  45.080|260.53|   0.0|    0.0|    0.0|F2              |
|  0|10.00|60915.0|  1|28.80|30.57|  45.712|  41.072| 1020.868|  -6.5|   0.6| 1229.4| 0.000|   0.0|  46.455|  45.407|268.55|   0.0|    0.0|    0.0|F2              |
|  0|10.00|60915.0|  1|17.40|20.53|  45.095|  37.839| 1382.911|  -6.2|   0.4| 1521.5| 0.000|   0.0|  46.189|  43.632|242.82|   0.0|    0.0|    0.0|F2              |
|  0|10.00|60925.8|  1|21.60|24.19|  45.047|  39.347| 1217.482|  -7.5|   0.4| 1377.9| 0.000|   0.0|  46.165|  44.516|252.28|   0.0|    0.0|    0.0|F2              |
|  0|10.00|60925.8|  1|28.20|30.01|  45.830|  40.934| 1034.938|  -5.9|   0.6| 1238.9| 0.000|   0.0|  46.526|  45.411|267.63|   0.0|    0.0|    0.0|F2              |
|  0|10.00|60925.8|  1|25.80|27.88|  45.531|  40.440| 1092.197|  -6.7|   0.5| 1278.8| 0.000|   0.0|  46.369|  45.028|261.38|   0.0|    0.0|    0.0|F2              |
+---+-----+-------+---+-----+-----+--------+--------+---------+------+------+-------+------+------+--------+--------+------+------+-------+-------+----------------+
+---+-----+-------+---+-----+-----+--------+--------+---------+------+------+-------+------+------+--------+--------+------+------+-------+-------+----------------+
|0-x| fr  |  time |hop| d0  | d1  |   fi   |  teta  |   dist  |  at  |  dev |   p   |  df  |  l   |   fot  |   tot  |  rot | lsp  |   pf  |    s  |                |
+---+-----+-------+---+-----+-----+--------+--------+---------+------+------+-------+------+------+--------+--------+------+------+-------+-------+----------------+
|  0|10.00|60936.5|  1|24.60|26.81|  45.459|  40.147| 1125.225|  -6.7|   0.5| 1303.9| 0.000|   0.0|  46.358|  44.980|259.26|   0.0|    0.0|    0.0|F2              |
|  0|10.00|60949.4|  1|24.60|26.81|  45.459|  40.146| 1125.382|  -6.7|   0.5| 1304.1| 0.000|   0.0|  46.357|  44.980|259.35|   0.0|    0.0|    0.0|F2              |
|  0|10.00|60963.4|  1|27.00|28.96|  45.597|  40.707| 1062.237|  -6.6|   0.6| 1257.4| 0.000|   0.0|  46.399|  45.181|264.44|   0.0|    0.0|    0.0|F2              |
|  0|10.00|60963.4|  1|16.20|19.57|  44.759|  37.376| 1437.049|  -6.9|   0.3| 1570.2| 0.000|   0.0|  46.030|  43.349|240.25|   0.0|    0.0|    0.0|F2              |
|  0|10.00|60975.4|  1|19.80|22.57|  45.330|  38.700| 1285.895|  -6.1|   0.4| 1436.8| 0.000|   0.0|  46.299|  44.142|248.80|   0.0|    0.0|    0.0|F2              |
|  0|10.00|60975.4|  1|28.20|30.05|  45.658|  40.954| 1034.371|  -6.6|   0.6| 1238.5| 0.000|   0.0|  46.450|  45.455|267.89|   0.0|    0.0|    0.0|F2              |
|  0|10.00|60987.3|  1|24.00|26.28|  45.420|  39.986| 1143.336|  -6.7|   0.5| 1318.4| 0.000|   0.0|  46.339|  44.889|258.25|   0.0|    0.0|    0.0|F2              |
|  0|10.00|61001.3|  1|25.80|27.89|  45.529|  40.432| 1093.126|  -6.7|   0.5| 1280.0| 0.000|   0.0|  46.369|  45.029|261.94|   0.0|    0.0|    0.0|F2              |
|  0|10.00|61013.1|  1|18.60|21.55|  45.233|  38.271| 1333.999|  -6.1|   0.4| 1478.9| 0.000|   0.0|  46.249|  43.868|246.29|   0.0|    0.0|    0.0|F2              |
|  0|10.00|61027.5|  1|27.00|28.94|  45.773|  40.675| 1064.044|  -5.9|   0.6| 1259.5| 0.000|   0.0|  46.485|  45.174|265.05|   0.0|    0.0|    0.0|F2              |
|  0|10.00|61027.5|  1|16.20|19.58|  44.757|  37.365| 1438.319|  -6.9|   0.3| 1571.8| 0.000|   0.0|  46.023|  43.315|240.68|   0.0|    0.0|    0.0|F2              |
|  0|10.00|61041.4|  1|12.60|16.67|  44.595|  35.626| 1631.167|  -6.2|   0.3| 1749.7| 0.000|   0.0|  45.952|  42.289|232.09|   0.0|    0.0|    0.0|F2              |
|  0|10.00|61041.4|  1|24.60|26.83|  45.457|  40.135| 1126.607|  -6.7|   0.5| 1305.7| 0.000|   0.0|  46.357|  44.980|260.00|   0.0|    0.0|    0.0|F2              |
|  0|10.00|61052.1|  1|21.60|24.15|  45.459|  39.269| 1221.997|  -6.1|   0.4| 1383.1| 0.000|   0.0|  46.356|  44.459|253.39|   0.0|    0.0|    0.0|F2              |
|  0|10.00|61066.3|  1|15.60|19.06|  44.949|  37.061| 1469.902|  -6.2|   0.3| 1600.9| 0.000|   0.0|  46.117|  43.154|239.69|   0.0|    0.0|    0.0|F2              |
|  0|10.00|61080.3|  1|25.81|27.91|  45.528|  40.426| 1093.798|  -6.7|   0.5| 1281.1| 0.000|   0.0|  46.389|  45.140|263.02|   0.0|    0.0|    0.0|F2              |
|  0|10.00|61092.2|  1|27.00|28.99|  45.594|  40.695| 1063.576|  -6.6|   0.6| 1259.2| 0.000|   0.0|  46.418|  45.291|265.84|   0.0|    0.0|    0.0|F2              |
|  0|10.00|61107.3|  1|15.60|19.07|  44.948|  37.055| 1470.619|  -6.2|   0.3| 1601.8| 0.000|   0.0|  46.118|  43.159|240.02|   0.0|    0.0|    0.0|F2              |
|  0|10.00|61122.4|  1|24.60|26.84|  45.455|  40.126| 1127.561|  -6.7|   0.5| 1307.0| 0.000|   0.0|  46.357|  44.980|260.57|   0.0|    0.0|    0.0|F2              |
|  0|10.00|61135.4|  1|24.00|26.31|  45.417|  39.969| 1145.230|  -6.7|   0.5| 1320.9| 0.000|   0.0|  46.339|  44.888|259.31|   0.0|    0.0|    0.0|F2              |
+---+-----+-------+---+-----+-----+--------+--------+---------+------+------+-------+------+------+--------+--------+------+------+-------+-------+----------------+
+---+-----+-------+---+-----+-----+--------+--------+---------+------+------+-------+------+------+--------+--------+------+------+-------+-------+----------------+
|0-x| fr  |  time |hop| d0  | d1  |   fi   |  teta  |   dist  |  at  |  dev |   p   |  df  |  l   |   fot  |   tot  |  rot | lsp  |   pf  |    s  |                |
+---+-----+-------+---+-----+-----+--------+--------+---------+------+------+-------+------+------+--------+--------+------+------+-------+-------+----------------+
|  0|10.00|61147.2|  1|26.40|28.45|  45.586|  40.552| 1079.330|  -6.5|   0.6| 1270.9| 0.000|   0.0|  46.414|  45.206|264.84|   0.0|    0.0|    0.0|F2              |
|  0|10.00|61160.1|  1|28.20|30.08|  45.680|  40.935| 1036.206|  -6.5|   0.6| 1241.0| 0.000|   0.0|  46.436|  45.309|268.60|   0.0|    0.0|    0.0|F2              |
|  0|10.00|61174.1|  1|25.79|27.91|  45.526|  40.413| 1095.307|  -6.7|   0.5| 1282.8| 0.000|   0.0|  46.388|  45.138|263.62|   0.0|    0.0|    0.0|F2              |
+---+-----+-------+---+-----+-----+--------+--------+---------+------+------+-------+------+------+--------+--------+------+------+-------+-------+----------------+