
delt0=       1  eps=   1e-05  ep=   1e-06  ep1=   0.001
Geomagnetic Field - const
fh= 1.34  i=  65.2  d=   6.8
Number TID: 1
Tid Parametres
  delt   lamb     t     b      a     fi
0.000   200.0  20.0 -45.0   45.0   0.000
delta=-0.000  r0= 200.0  lon=  39.000 lat=  55.000
Beta=  20.0  Alfa=   0.0 aX=  20.0 aY= 100.0 aZ=  20.0


Number diff. equation: 6

+==============================================================================+
|   Medium characteristics Sunspot number=   3.1 IG= -13.1   GMT time:08:00    |
|------------------------------------------------------------------------------|
|   S   | fh |  I  |   D  | fd |  hd | fe |  he | ff1 | hf1 | ff2 | hf2 |   Hi |
|-------+----+-----+------+----+-----+----+-----+-----+-----+-----+-----+------|
|    0.0|1.21| 50.6|   2.5|0.21| 81.0|3.19|110.0| 4.29|171.1| 6.40|256.6|  34.0|
+==============================================================================+

+==================================+
|       Es-layer parametres        |
|----------------------------------|
|   S   | hEs | fbEs | f0Es | P Es |
|-------+-----+------+------+------|
|    0.0|117.3| 3.91 | 4.11 | 69.1 |
+==================================+

|  0|10.00|28809.9|  1| 9.60| 9.52|  46.248|  41.125| 1010.669|  -4.3|  -0.0| 1040.8| 0.000|   0.0|  46.795|  45.574| 97.95|   0.0|    0.0|    0.0|E               |
|  0|10.00|28876.3|  1| 9.60| 9.52|  45.890|  41.150| 1010.605|  -5.8|  -0.0| 1040.7| 0.000|   0.0|  46.627|  45.586| 97.94|   0.0|    0.0|    0.0|E               |
|  0|10.00|29005.3|  1|12.00|11.90|  46.359|  42.139|  897.667|  -4.4|  -0.0|  932.6| 0.000|   0.0|  46.851|  46.162|100.48|   0.0|    0.0|    0.0|E               |
|  0|10.00|29039.2|  1|10.80|10.71|  46.148|  41.719|  945.626|  -5.1|  -0.0|  977.8| 0.000|   0.0|  46.743|  45.863| 98.95|   0.0|    0.0|    0.0|E               |
|  0|10.00|29123.9|  1| 9.00| 8.92|  45.654|  40.828| 1048.289|  -6.5|  -0.0| 1077.4| 0.000|   0.0|  46.526|  45.462| 97.60|   0.0|    0.0|    0.0|E               |
|  0|10.00|29190.8|  1|10.80|10.72|  46.480|  41.702|  945.336|  -3.6|  -0.0|  977.5| 0.000|   0.0|  46.901|  45.854| 98.93|   0.0|    0.0|    0.0|E               |
|  0|10.00|29214.1|  1| 8.40| 8.32|  45.034|  40.513| 1089.913|  -8.6|  -0.0| 1118.2| 0.000|   0.0|  46.239|  45.293| 97.15|   0.0|    0.0|    0.0|E               |
|  0|10.00|29225.7|  1| 7.20| 7.12|  45.829|  39.569| 1185.807|  -5.0|  -0.0| 1212.6| 0.000|   0.0|  46.615|  44.819| 96.39|   0.0|    0.0|    0.0|E               |
|  0|10.00|29237.4|  1| 9.60| 9.52|  45.914|  41.152| 1010.174|  -5.7|  -0.0| 1040.2| 0.000|   0.0|  46.638|  45.585| 97.91|   0.0|    0.0|    0.0|E               |
|  0|10.00|29248.1|  1| 9.00| 8.92|  46.003|  40.802| 1048.143|  -5.1|  -0.0| 1077.3| 0.000|   0.0|  46.688|  45.450| 97.59|   0.0|    0.0|    0.0|E               |
|  0|10.00|29419.1|  1| 8.40| 8.32|  45.786|  40.442| 1089.695|  -5.7|  -0.0| 1118.0| 0.000|   0.0|  46.589|  45.259| 97.14|   0.0|    0.0|    0.0|E               |
|  0|10.00|29432.6|  1| 6.60| 6.52|  45.290|  39.116| 1240.394|  -6.5|  -0.0| 1266.6| 0.000|   0.0|  46.374|  44.594| 96.04|   0.0|    0.0|    0.0|E               |
|  0|10.00|29467.2|  1|12.60|12.49|  45.954|  42.332|  879.606|  -6.5|  -0.0|  916.2| 0.000|   0.0|  46.649|  46.185|101.13|   0.0|    0.0|    0.0|E               |
|  0|10.00|29490.5|  1|12.00|11.90|  45.780|  42.196|  896.404|  -7.2|  -0.0|  931.3| 0.000|   0.0|  46.580|  46.183|100.42|   0.0|    0.0|    0.0|E               |
|  0|10.00|29535.7|  1|16.20|16.01|  45.858|  43.175|  787.891|  -7.9|  -0.0|  835.2| 0.000|   0.0|  46.610|  46.674|108.96|   0.0|    0.0|    0.0|E               |
|  0|10.00|29548.4|  1|10.80|10.71|  45.840|  41.751|  944.761|  -6.5|  -0.0|  976.9| 0.000|   0.0|  46.596|  45.875| 98.89|   0.0|    0.0|    0.0|E               |
|  0|10.00|29673.7|  1|12.00|11.90|  45.636|  42.215|  895.924|  -7.9|  -0.0|  930.8| 0.000|   0.0|  46.512|  46.190|100.39|   0.0|    0.0|    0.0|E               |
+==============================================================================+
|   Medium characteristics Sunspot number=   3.1 IG= -13.1   GMT time:08:14    |
|------------------------------------------------------------------------------|
|   S   | fh |  I  |   D  | fd |  hd | fe |  he | ff1 | hf1 | ff2 | hf2 |   Hi |
|-------+----+-----+------+----+-----+----+-----+-----+-----+-----+-----+------|
|    0.0|1.21| 50.6|   2.5|0.21| 81.0|3.21|110.0| 4.31|170.1| 6.57|257.8|  32.3|
+==============================================================================+

+==================================+
|       Es-layer parametres        |
|----------------------------------|
|   S   | hEs | fbEs | f0Es | P Es |
|-------+-----+------+------+------|
|    0.0|116.5| 3.90 | 4.10 | 68.1 |
+==================================+

|  0|10.00|29821.0|  1|12.60|12.50|  46.993|  42.284|  878.789|  -1.4|  -0.0|  915.4| 0.000|   0.0|  47.144|  46.159|101.09|   0.0|    0.0|    0.0|E               |
+---+-----+-------+---+-----+-----+--------+--------+---------+------+------+-------+------+------+--------+--------+------+------+-------+-------+----------------+
+---+-----+-------+---+-----+-----+--------+--------+---------+------+------+-------+------+------+--------+--------+------+------+-------+-------+----------------+
|0-x| fr  |  time |hop| d0  | d1  |   fi   |  teta  |   dist  |  at  |  dev |   p   |  df  |  l   |   fot  |   tot  |  rot | lsp  |   pf  |    s  |                |
+---+-----+-------+---+-----+-----+--------+--------+---------+------+------+-------+------+------+--------+--------+------+------+-------+-------+----------------+
|  0|10.00|29936.1|  1|13.80|13.66|  45.989|  42.516|  859.024|  -6.5|  -0.0|  899.8| 0.000|   0.0|  46.666|  46.292|103.20|   0.0|    0.0|    0.0|E               |
|  0|10.00|29991.9|  1| 9.60| 9.52|  46.059|  41.149| 1009.350|  -5.1|  -0.0| 1039.4| 0.000|   0.0|  46.705|  45.580| 97.84|   0.0|    0.0|    0.0|E               |
|  0|10.00|30037.5|  1|10.80|10.72|  46.150|  41.732|  944.176|  -5.1|  -0.0|  976.3| 0.000|   0.0|  46.743|  45.863| 98.84|   0.0|    0.0|    0.0|E               |
|  0|10.00|30072.1|  1|10.80|10.72|  45.842|  41.757|  944.100|  -6.5|  -0.0|  976.2| 0.000|   0.0|  46.596|  45.875| 98.84|   0.0|    0.0|    0.0|E               |
|  0|10.00|30129.4|  1|15.60|15.40|  46.334|  42.830|  821.360|  -5.0|  -0.0|  868.2| 0.000|   0.0|  46.837|  46.513|108.45|   0.0|    0.0|    0.0|E               |
|  0|10.00|30141.0|  1|10.20|10.12|  46.291|  41.446|  974.828|  -4.3|  -0.0| 1005.9| 0.000|   0.0|  46.815|  45.747| 98.41|   0.0|    0.0|    0.0|E               |
|  0|10.00|30173.8|  1|10.80|10.72|  45.842|  41.758|  943.986|  -6.5|  -0.0|  976.1| 0.000|   0.0|  46.614|  45.981| 99.08|   0.0|    0.0|    0.0|E               |
|  0|10.00|30195.0|  1|14.40|14.18|  46.626|  41.356|  983.111|  -2.8|  -0.0| 1034.6| 0.000|   0.0|  46.976|  45.737|107.34|   0.0|    0.0|    0.0|E               |
|  0|10.00|30217.2|  1|12.60|12.50|  45.816|  42.362|  877.747|  -7.2|  -0.0|  914.3| 0.000|   0.0|  46.581|  46.191|101.02|   0.0|    0.0|    0.0|E               |
|  0|10.00|30217.2|  1|11.40|11.31|  45.740|  42.011|  917.129|  -7.2|  -0.0|  950.5| 0.000|   0.0|  46.552|  46.036| 99.57|   0.0|    0.0|    0.0|E               |
|  0|10.00|30253.3|  1|14.40|14.18|  46.088|  41.357|  986.145|  -5.1|  -0.0| 1037.8| 0.000|   0.0|  46.727|  45.750|107.33|   0.0|    0.0|    0.0|E               |
|  0|10.00|30266.0|  1|13.20|13.09|  45.979|  42.462|  865.062|  -6.5|  -0.0|  903.5| 0.000|   0.0|  46.662|  46.267|102.04|   0.0|    0.0|    0.0|E               |
|  0|10.00|30266.0|  1|13.20|13.09|  45.840|  42.475|  865.006|  -7.2|  -0.0|  903.5| 0.000|   0.0|  46.596|  46.273|102.04|   0.0|    0.0|    0.0|E               |
|  0|10.00|30279.9|  1|12.60|12.50|  45.816|  42.363|  877.606|  -7.2|  -0.0|  914.1| 0.000|   0.0|  46.581|  46.191|101.01|   0.0|    0.0|    0.0|E               |
|  0|10.00|30326.9|  1|14.40|14.18|  46.272|  41.328|  988.035|  -4.3|  -0.0| 1039.8| 0.000|   0.0|  46.808|  45.692|107.29|   0.0|    0.0|    0.0|E               |
|  0|10.00|30339.6|  1|16.20|15.96|  45.981|  43.147|  789.591|  -7.2|  -0.0|  837.0| 0.000|   0.0|  46.671|  46.681|108.91|   0.0|    0.0|    0.0|E               |
|  0|10.00|30350.2|  1|15.60|15.40|  46.201|  42.829|  822.495|  -5.7|  -0.0|  869.4| 0.000|   0.0|  46.775|  46.518|108.46|   0.0|    0.0|    0.0|E               |
|  0|10.00|30360.8|  1|12.60|12.50|  46.403|  42.318|  877.580|  -4.3|  -0.0|  914.1| 0.000|   0.0|  46.862|  46.170|101.01|   0.0|    0.0|    0.0|E               |
|  0|10.00|30385.2|  1|13.20|13.09|  46.118|  42.452|  864.828|  -5.8|  -0.0|  903.3| 0.000|   0.0|  46.729|  46.262|102.03|   0.0|    0.0|    0.0|E               |
|  0|10.00|30397.0|  1|13.20|13.09|  46.138|  42.451|  864.808|  -5.7|  -0.0|  903.2| 0.000|   0.0|  46.738|  46.261|102.03|   0.0|    0.0|    0.0|E               |
+---+-----+-------+---+-----+-----+--------+--------+---------+------+------+-------+------+------+--------+--------+------+------+-------+-------+----------------+
+---+-----+-------+---+-----+-----+--------+--------+---------+------+------+-------+------+------+--------+--------+------+------+-------+-------+----------------+
|0-x| fr  |  time |hop| d0  | d1  |   fi   |  teta  |   dist  |  at  |  dev |   p   |  df  |  l   |   fot  |   tot  |  rot | lsp  |   pf  |    s  |                |
+---+-----+-------+---+-----+-----+--------+--------+---------+------+------+-------+------+------+--------+--------+------+------+-------+-------+----------------+
|  0|10.00|30397.0|  1|13.80|13.67|  46.287|  42.503|  857.844|  -5.0|  -0.0|  898.6| 0.000|   0.0|  46.808|  46.281|103.13|   0.0|    0.0|    0.0|E               |
|  0|10.00|30408.6|  1|12.60|12.50|  45.816|  42.366|  877.318|  -7.2|  -0.0|  913.8| 0.000|   0.0|  46.581|  46.191|101.00|   0.0|    0.0|    0.0|E               |
|  0|10.00|30408.6|  1|10.80|10.72|  45.842|  41.760|  943.725|  -6.5|  -0.0|  975.9| 0.000|   0.0|  46.614|  45.981| 99.07|   0.0|    0.0|    0.0|E               |
|  0|10.00|30420.2|  1|14.40|14.17|  45.916|  41.313|  992.410|  -5.8|  -0.0| 1044.5| 0.000|   0.0|  46.643|  45.703|107.30|   0.0|    0.0|    0.0|E               |
|  0|10.00|30434.1|  1|15.00|14.81|  46.247|  42.377|  872.171|  -5.1|  -0.0|  919.5| 0.000|   0.0|  46.799|  46.292|108.00|   0.0|    0.0|    0.0|E               |
|  0|10.00|30445.7|  1|13.80|13.67|  46.149|  42.515|  857.637|  -5.7|  -0.0|  898.3| 0.000|   0.0|  46.742|  46.285|103.12|   0.0|    0.0|    0.0|E               |
|  0|10.00|30457.4|  1|15.60|15.40|  46.200|  42.824|  823.089|  -5.7|  -0.0|  870.0| 0.000|   0.0|  46.775|  46.518|108.46|   0.0|    0.0|    0.0|E               |
|  0|10.00|30457.4|  1|15.00|14.81|  46.247|  42.375|  872.334|  -5.1|  -0.0|  919.7| 0.000|   0.0|  46.799|  46.292|108.00|   0.0|    0.0|    0.0|E               |
|  0|10.00|30470.1|  1|14.40|14.17|  45.748|  41.304|  994.897|  -6.5|  -0.0| 1047.1| 0.000|   0.0|  46.567|  45.709|107.29|   0.0|    0.0|    0.0|E               |
|  0|10.00|30483.6|  1|14.40|14.17|  45.747|  41.300|  995.405|  -6.5|  -0.0| 1047.7| 0.000|   0.0|  46.567|  45.709|107.29|   0.0|    0.0|    0.0|E               |
|  0|10.00|30495.2|  1|14.40|14.17|  45.747|  41.296|  995.860|  -6.5|  -0.0| 1048.1| 0.000|   0.0|  46.567|  45.709|107.29|   0.0|    0.0|    0.0|E               |
|  0|10.00|30505.9|  1|14.40|14.17|  45.911|  41.285|  995.581|  -5.8|  -0.0| 1047.8| 0.000|   0.0|  46.643|  45.703|107.29|   0.0|    0.0|    0.0|E               |
|  0|10.00|30516.5|  1|13.80|13.67|  46.426|  42.497|  857.609|  -4.3|  -0.0|  898.3| 0.000|   0.0|  46.874|  46.277|103.12|   0.0|    0.0|    0.0|E               |
|  0|10.00|30537.7|  1|12.60|12.50|  45.817|  42.368|  877.013|  -7.2|  -0.0|  913.5| 0.000|   0.0|  46.581|  46.191|100.98|   0.0|    0.0|    0.0|E               |
|  0|10.00|30548.3|  1|13.20|13.09|  46.119|  42.456|  864.440|  -5.8|  -0.0|  902.9| 0.000|   0.0|  46.729|  46.262|102.01|   0.0|    0.0|    0.0|E               |
|  0|10.00|30560.0|  1|13.80|13.67|  45.992|  42.532|  857.199|  -6.5|  -0.0|  897.9| 0.000|   0.0|  46.666|  46.292|103.10|   0.0|    0.0|    0.0|E               |
+==============================================================================+
|   Medium characteristics Sunspot number=   3.1 IG= -13.1   GMT time:08:29    |
|------------------------------------------------------------------------------|
|   S   | fh |  I  |   D  | fd |  hd | fe |  he | ff1 | hf1 | ff2 | hf2 |   Hi |
|-------+----+-----+------+----+-----+----+-----+-----+-----+-----+-----+------|
|    0.0|1.21| 50.6|   2.5|0.21| 81.0|3.22|110.0| 4.32|169.3| 6.73|258.8|  30.9|
+==============================================================================+

+==================================+
|       Es-layer parametres        |
|----------------------------------|
|   S   | hEs | fbEs | f0Es | P Es |
|-------+-----+------+------+------|
|    0.0|115.8| 3.88 | 4.08 | 67.1 |
+==================================+

|  0|10.00|30603.0|  1|13.20|13.09|  46.119|  42.457|  864.302|  -5.8|  -0.0|  902.7| 0.000|   0.0|  46.729|  46.262|102.00|   0.0|    0.0|    0.0|E               |
|  0|10.00|30613.6|  1|15.60|15.40|  45.917|  42.842|  823.866|  -7.2|  -0.0|  870.8| 0.000|   0.0|  46.643|  46.529|108.46|   0.0|    0.0|    0.0|E               |
|  0|10.00|30625.3|  1|12.60|12.50|  45.536|  42.401|  876.726|  -8.6|  -0.0|  913.2| 0.000|   0.0|  46.446|  46.206|100.96|   0.0|    0.0|    0.0|E               |
|  0|10.00|30635.8|  1|10.80|10.72|  45.843|  41.762|  943.510|  -6.5|  -0.0|  975.6| 0.000|   0.0|  46.614|  45.981| 99.06|   0.0|    0.0|    0.0|E               |
+---+-----+-------+---+-----+-----+--------+--------+---------+------+------+-------+------+------+--------+--------+------+------+-------+-------+----------------+
+---+-----+-------+---+-----+-----+--------+--------+---------+------+------+-------+------+------+--------+--------+------+------+-------+-------+----------------+
|0-x| fr  |  time |hop| d0  | d1  |   fi   |  teta  |   dist  |  at  |  dev |   p   |  df  |  l   |   fot  |   tot  |  rot | lsp  |   pf  |    s  |                |
+---+-----+-------+---+-----+-----+--------+--------+---------+------+------+-------+------+------+--------+--------+------+------+-------+-------+----------------+
|  0|10.00|30658.8|  1|13.20|13.09|  45.980|  42.470|  864.169|  -6.5|  -0.0|  902.6| 0.000|   0.0|  46.662|  46.267|101.99|   0.0|    0.0|    0.0|E               |
|  0|10.00|30669.4|  1|11.40|11.31|  46.508|  41.959|  916.699|  -3.6|  -0.0|  950.1| 0.000|   0.0|  46.915|  46.009| 99.54|   0.0|    0.0|    0.0|E               |
|  0|10.00|30681.7|  1|11.40|11.31|  45.890|  42.002|  916.585|  -6.5|  -0.0|  949.9| 0.000|   0.0|  46.622|  46.029| 99.53|   0.0|    0.0|    0.0|E               |
|  0|10.00|30692.4|  1| 5.40| 5.31|  45.041|  38.013| 1364.247|  -6.5|  -0.0| 1389.3| 0.000|   0.0|  46.276|  44.049| 95.44|   0.0|    0.0|    0.0|E               |
|  0|10.00|30704.0|  1| 8.40| 8.33|  45.762|  40.453| 1088.624|  -5.8|  -0.0| 1116.9| 0.000|   0.0|  46.577|  45.260| 97.06|   0.0|    0.0|    0.0|E               |
|  0|10.00|30727.0|  1|12.00|11.91|  45.929|  42.202|  894.175|  -6.5|  -0.0|  929.0| 0.000|   0.0|  46.647|  46.177|100.31|   0.0|    0.0|    0.0|E               |
|  0|10.00|30737.6|  1|10.20|10.12|  45.948|  41.474|  974.297|  -5.8|  -0.0| 1005.3| 0.000|   0.0|  46.653|  45.758| 98.37|   0.0|    0.0|    0.0|E               |
|  0|10.00|30750.0|  1|10.80|10.72|  46.173|  41.737|  943.493|  -5.0|  -0.0|  975.6| 0.000|   0.0|  46.768|  45.969| 99.06|   0.0|    0.0|    0.0|E               |
|  0|10.00|30788.3|  1|15.60|15.39|  46.994|  42.764|  825.458|  -1.5|  -0.0|  872.5| 0.000|   0.0|  47.147|  46.500|108.50|   0.0|    0.0|    0.0|E               |
|  0|10.00|30811.5|  1|10.20|10.12|  45.971|  41.473|  974.262|  -5.7|  -0.0| 1005.3| 0.000|   0.0|  46.664|  45.758| 98.37|   0.0|    0.0|    0.0|E               |
|  0|10.00|30907.7|  1|12.60|12.50|  45.818|  42.373|  876.479|  -7.2|  -0.0|  912.9| 0.000|   0.0|  46.581|  46.191|100.95|   0.0|    0.0|    0.0|E               |
|  0|10.00|30961.7|  1|10.20|10.12|  45.789|  41.489|  974.145|  -6.5|  -0.0| 1005.1| 0.000|   0.0|  46.578|  45.765| 98.36|   0.0|    0.0|    0.0|E               |
|  0|10.00|30985.0|  1| 8.40| 8.33|  45.581|  40.470| 1088.478|  -6.5|  -0.0| 1116.7| 0.000|   0.0|  46.492|  45.267| 97.05|   0.0|    0.0|    0.0|E               |
|  0|10.00|31006.2|  1| 6.60| 6.52|  45.749|  39.091| 1239.259|  -5.0|  -0.0| 1265.4| 0.000|   0.0|  46.582|  44.577| 95.98|   0.0|    0.0|    0.0|E               |
|  0|10.00|31017.8|  1|13.20|13.09|  45.566|  42.519|  863.443|  -8.6|  -0.0|  901.8| 0.000|   0.0|  46.464|  46.287|101.95|   0.0|    0.0|    0.0|E               |
|  0|10.00|31030.6|  1|12.00|11.91|  46.074|  42.193|  893.896|  -5.8|  -0.0|  928.7| 0.000|   0.0|  46.715|  46.171|100.30|   0.0|    0.0|    0.0|E               |
|  0|10.00|31053.5|  1|10.80|10.72|  45.997|  41.752|  943.282|  -5.8|  -0.0|  975.4| 0.000|   0.0|  46.686|  45.975| 99.05|   0.0|    0.0|    0.0|E               |
|  0|10.00|31135.5|  1|10.20|10.12|  45.948|  41.476|  974.089|  -5.8|  -0.0| 1005.1| 0.000|   0.0|  46.653|  45.758| 98.36|   0.0|    0.0|    0.0|E               |
|  0|10.00|31150.1|  1|11.40|11.31|  46.039|  41.993|  916.256|  -5.8|  -0.0|  949.6| 0.000|   0.0|  46.693|  46.023| 99.51|   0.0|    0.0|    0.0|E               |
|  0|10.00|31161.7|  1|14.40|14.17|  45.537|  41.104| 1019.103|  -7.2|  -0.0| 1072.9| 0.000|   0.0|  46.461|  45.559|107.17|   0.0|    0.0|    0.0|E               |
+---+-----+-------+---+-----+-----+--------+--------+---------+------+------+-------+------+------+--------+--------+------+------+-------+-------+----------------+
+---+-----+-------+---+-----+-----+--------+--------+---------+------+------+-------+------+------+--------+--------+------+------+-------+-------+----------------+
|0-x| fr  |  time |hop| d0  | d1  |   fi   |  teta  |   dist  |  at  |  dev |   p   |  df  |  l   |   fot  |   tot  |  rot | lsp  |   pf  |    s  |                |
+---+-----+-------+---+-----+-----+--------+--------+---------+------+------+-------+------+------+--------+--------+------+------+-------+-------+----------------+
|  0|10.00|31174.6|  1|10.20|10.12|  45.629|  41.505|  974.006|  -7.2|  -0.0| 1005.0| 0.000|   0.0|  46.502|  45.772| 98.35|   0.0|    0.0|    0.0|E               |
|  0|10.00|31185.2|  1|10.80|10.72|  45.843|  41.765|  943.169|  -6.5|  -0.0|  975.3| 0.000|   0.0|  46.605|  45.928| 98.97|   0.0|    0.0|    0.0|E               |
|  0|10.00|31197.9|  1| 9.60| 9.52|  45.727|  41.183| 1008.483|  -6.5|  -0.0| 1038.5| 0.000|   0.0|  46.548|  45.592| 97.78|   0.0|    0.0|    0.0|E               |
|  0|10.00|31210.7|  1|10.20|10.12|  45.629|  41.505|  973.986|  -7.2|  -0.0| 1005.0| 0.000|   0.0|  46.502|  45.772| 98.35|   0.0|    0.0|    0.0|E               |
|  0|10.00|31223.4|  1| 9.60| 9.52|  45.561|  41.199| 1008.440|  -7.2|  -0.0| 1038.4| 0.000|   0.0|  46.470|  45.599| 97.78|   0.0|    0.0|    0.0|E               |
|  0|10.00|31234.0|  1|10.80|10.72|  45.690|  41.780|  943.102|  -7.2|  -0.0|  975.2| 0.000|   0.0|  46.533|  45.934| 98.96|   0.0|    0.0|    0.0|E               |
|  0|10.00|31247.5|  1|10.80|10.72|  45.843|  41.766|  943.131|  -6.5|  -0.0|  975.2| 0.000|   0.0|  46.605|  45.928| 98.97|   0.0|    0.0|    0.0|E               |
|  0|10.00|31258.0|  1|10.20|10.12|  45.789|  41.490|  973.994|  -6.5|  -0.0| 1005.0| 0.000|   0.0|  46.578|  45.765| 98.35|   0.0|    0.0|    0.0|E               |
|  0|10.00|31268.6|  1|11.40|11.31|  45.742|  42.021|  916.085|  -7.2|  -0.0|  949.4| 0.000|   0.0|  46.552|  46.036| 99.50|   0.0|    0.0|    0.0|E               |
|  0|10.00|31279.2|  1|11.40|11.31|  45.742|  42.021|  916.076|  -7.2|  -0.0|  949.4| 0.000|   0.0|  46.552|  46.036| 99.50|   0.0|    0.0|    0.0|E               |
|  0|10.00|31291.6|  1|11.40|11.31|  45.742|  42.021|  916.067|  -7.2|  -0.0|  949.4| 0.000|   0.0|  46.552|  46.036| 99.50|   0.0|    0.0|    0.0|E               |
|  0|10.00|31302.2|  1| 9.60| 9.53|  45.396|  41.216| 1008.367|  -7.9|  -0.0| 1038.4| 0.000|   0.0|  46.391|  45.607| 97.77|   0.0|    0.0|    0.0|E               |
|  0|10.00|31314.6|  1| 6.60| 6.52|  45.081|  39.148| 1239.053|  -7.2|  -0.0| 1265.2| 0.000|   0.0|  46.277|  44.602| 95.96|   0.0|    0.0|    0.0|E               |
|  0|10.00|31326.2|  1|11.40|11.31|  45.891|  42.007|  916.084|  -6.5|  -0.0|  949.4| 0.000|   0.0|  46.622|  46.029| 99.50|   0.0|    0.0|    0.0|E               |
|  0|10.00|31337.5|  1| 8.40| 8.33|  45.399|  40.488| 1088.337|  -7.2|  -0.0| 1116.6| 0.000|   0.0|  46.408|  45.275| 97.04|   0.0|    0.0|    0.0|E               |
|  0|10.00|31348.1|  1| 8.40| 8.33|  45.581|  40.471| 1088.312|  -6.5|  -0.0| 1116.6| 0.000|   0.0|  46.492|  45.267| 97.04|   0.0|    0.0|    0.0|E               |
|  0|10.00|31359.4|  1|11.40|11.31|  45.595|  42.037|  915.967|  -7.9|  -0.0|  949.3| 0.000|   0.0|  46.482|  46.043| 99.49|   0.0|    0.0|    0.0|E               |
|  0|10.00|31372.2|  1|11.40|11.31|  45.743|  42.021|  916.004|  -7.2|  -0.0|  949.3| 0.000|   0.0|  46.552|  46.036| 99.50|   0.0|    0.0|    0.0|E               |
|  0|10.00|31384.6|  1|10.20|10.12|  45.789|  41.491|  973.927|  -6.5|  -0.0| 1004.9| 0.000|   0.0|  46.578|  45.765| 98.34|   0.0|    0.0|    0.0|E               |
|  0|10.00|31396.2|  1|10.80|10.72|  45.690|  41.781|  943.009|  -7.2|  -0.0|  975.1| 0.000|   0.0|  46.533|  45.934| 98.96|   0.0|    0.0|    0.0|E               |
+---+-----+-------+---+-----+-----+--------+--------+---------+------+------+-------+------+------+--------+--------+------+------+-------+-------+----------------+
+---+-----+-------+---+-----+-----+--------+--------+---------+------+------+-------+------+------+--------+--------+------+------+-------+-------+----------------+
|0-x| fr  |  time |hop| d0  | d1  |   fi   |  teta  |   dist  |  at  |  dev |   p   |  df  |  l   |   fot  |   tot  |  rot | lsp  |   pf  |    s  |                |
+---+-----+-------+---+-----+-----+--------+--------+---------+------+------+-------+------+------+--------+--------+------+------+-------+-------+----------------+
|  0|10.00|31407.9|  1|12.60|12.50|  45.840|  42.377|  875.808|  -7.1|  -0.0|  912.2| 0.000|   0.0|  46.591|  46.190|100.91|   0.0|    0.0|    0.0|E               |
|  0|10.00|31418.5|  1|10.80|10.72|  45.712|  41.779|  943.001|  -7.1|  -0.0|  975.1| 0.000|   0.0|  46.543|  45.933| 98.96|   0.0|    0.0|    0.0|E               |
|  0|10.00|31430.1|  1| 9.60| 9.53|  45.561|  41.200| 1008.336|  -7.2|  -0.0| 1038.3| 0.000|   0.0|  46.470|  45.599| 97.77|   0.0|    0.0|    0.0|E               |
|  0|10.00|31443.6|  1|11.40|11.31|  45.722|  42.024|  915.942|  -7.3|  -0.0|  949.3| 0.000|   0.0|  46.542|  46.037| 99.49|   0.0|    0.0|    0.0|E               |
|  0|10.00|31480.6|  1| 9.00| 8.92|  45.856|  40.827| 1046.586|  -5.7|  -0.0| 1075.7| 0.000|   0.0|  46.626|  45.508| 97.57|   0.0|    0.0|    0.0|E               |
|  0|10.00|31504.0|  1| 8.40| 8.33|  45.607|  40.469| 1088.291|  -6.4|  -0.0| 1116.5| 0.000|   0.0|  46.504|  45.266| 97.04|   0.0|    0.0|    0.0|E               |
|  0|10.00|31525.2|  1|12.00|11.91|  45.622|  42.241|  893.224|  -8.0|  -0.0|  928.0| 0.000|   0.0|  46.502|  46.191|100.27|   0.0|    0.0|    0.0|E               |
|  0|10.00|31548.6|  1| 9.00| 8.92|  45.658|  40.844| 1046.522|  -6.5|  -0.0| 1075.6| 0.000|   0.0|  46.535|  45.516| 97.57|   0.0|    0.0|    0.0|E               |
|  0|10.00|31548.6|  1|14.40|14.15|  44.019|  40.944| 1059.329| -13.0|  -0.0| 1115.7| 0.000|   0.0|  45.722|  45.392|107.01|   0.0|    0.0|    0.0|E               |
|  0|10.00|31559.2|  1|11.40|11.31|  45.743|  42.023|  915.860|  -7.2|  -0.0|  949.2| 0.000|   0.0|  46.552|  46.036| 99.49|   0.0|    0.0|    0.0|E               |
|  0|10.00|31583.2|  1|10.20|10.12|  45.789|  41.492|  973.822|  -6.5|  -0.0| 1004.8| 0.000|   0.0|  46.578|  45.765| 98.34|   0.0|    0.0|    0.0|E               |
|  0|10.00|31609.5|  1|11.40|11.31|  45.764|  42.021|  915.828|  -7.1|  -0.0|  949.2| 0.000|   0.0|  46.562|  46.035| 99.49|   0.0|    0.0|    0.0|E               |
|  0|10.00|31635.0|  1| 9.00| 8.92|  45.115|  40.901| 1046.371|  -8.7|  -0.0| 1075.4| 0.000|   0.0|  46.285|  45.542| 97.56|   0.0|    0.0|    0.0|E               |
|  0|10.00|31646.6|  1|15.60|15.38|  45.623|  42.820|  829.741|  -8.7|  -0.0|  877.1| 0.000|   0.0|  46.506|  46.517|108.52|   0.0|    0.0|    0.0|Es              |
|  0|10.00|31679.2|  1|10.80|10.72|  45.691|  41.783|  942.830|  -7.2|  -0.0|  974.9| 0.000|   0.0|  46.533|  45.934| 98.95|   0.0|    0.0|    0.0|E               |
|  0|10.00|31691.6|  1|10.80|10.72|  45.844|  41.768|  942.870|  -6.5|  -0.0|  975.0| 0.000|   0.0|  46.605|  45.928| 98.95|   0.0|    0.0|    0.0|E               |
|  0|10.00|31702.2|  1|11.40|11.31|  45.891|  42.009|  915.798|  -6.5|  -0.0|  949.1| 0.000|   0.0|  46.622|  46.029| 99.48|   0.0|    0.0|    0.0|E               |
|  0|10.00|31714.6|  1|11.40|11.31|  45.743|  42.024|  915.741|  -7.2|  -0.0|  949.1| 0.000|   0.0|  46.552|  46.036| 99.48|   0.0|    0.0|    0.0|E               |
|  0|10.00|31725.2|  1|12.00|11.91|  45.807|  42.223|  893.093|  -7.1|  -0.0|  927.8| 0.000|   0.0|  46.589|  46.182|100.26|   0.0|    0.0|    0.0|E               |
|  0|10.00|31736.6|  1|10.80|10.72|  45.713|  41.781|  942.801|  -7.1|  -0.0|  974.9| 0.000|   0.0|  46.543|  45.933| 98.94|   0.0|    0.0|    0.0|E               |
+---+-----+-------+---+-----+-----+--------+--------+---------+------+------+-------+------+------+--------+--------+------+------+-------+-------+----------------+
+---+-----+-------+---+-----+-----+--------+--------+---------+------+------+-------+------+------+--------+--------+------+------+-------+-------+----------------+
|0-x| fr  |  time |hop| d0  | d1  |   fi   |  teta  |   dist  |  at  |  dev |   p   |  df  |  l   |   fot  |   tot  |  rot | lsp  |   pf  |    s  |                |
+---+-----+-------+---+-----+-----+--------+--------+---------+------+------+-------+------+------+--------+--------+------+------+-------+-------+----------------+
|  0|10.00|31748.3|  1|11.40|11.31|  45.743|  42.024|  915.725|  -7.2|  -0.0|  949.0| 0.000|   0.0|  46.552|  46.036| 99.48|   0.0|    0.0|    0.0|E               |
|  0|10.00|31761.1|  1|11.40|11.31|  45.743|  42.024|  915.715|  -7.2|  -0.0|  949.0| 0.000|   0.0|  46.552|  46.036| 99.48|   0.0|    0.0|    0.0|E               |
|  0|10.00|31773.8|  1|10.20|10.12|  45.789|  41.493|  973.721|  -6.5|  -0.0| 1004.7| 0.000|   0.0|  46.578|  45.765| 98.33|   0.0|    0.0|    0.0|E               |
|  0|10.00|31786.7|  1|10.80|10.72|  45.691|  41.783|  942.769|  -7.2|  -0.0|  974.9| 0.000|   0.0|  46.533|  45.934| 98.94|   0.0|    0.0|    0.0|E               |
|  0|10.00|31799.4|  1|11.40|11.31|  45.764|  42.022|  915.693|  -7.1|  -0.0|  949.0| 0.000|   0.0|  46.562|  46.035| 99.48|   0.0|    0.0|    0.0|E               |
|  0|10.00|31813.3|  1|11.40|11.31|  45.892|  42.010|  915.725|  -6.5|  -0.0|  949.0| 0.000|   0.0|  46.622|  46.029| 99.48|   0.0|    0.0|    0.0|E               |
|  0|10.00|31828.2|  1|11.40|11.31|  45.743|  42.024|  915.664|  -7.2|  -0.0|  949.0| 0.000|   0.0|  46.552|  46.036| 99.47|   0.0|    0.0|    0.0|E               |
|  0|10.00|31841.1|  1|10.80|10.72|  45.691|  41.783|  942.735|  -7.2|  -0.0|  974.8| 0.000|   0.0|  46.533|  45.934| 98.94|   0.0|    0.0|    0.0|E               |
|  0|10.00|31852.8|  1|10.80|10.72|  45.822|  41.771|  942.766|  -6.6|  -0.0|  974.9| 0.000|   0.0|  46.595|  45.929| 98.94|   0.0|    0.0|    0.0|E               |
|  0|10.00|31864.5|  1|10.80|10.72|  45.713|  41.781|  942.727|  -7.1|  -0.0|  974.8| 0.000|   0.0|  46.543|  45.933| 98.94|   0.0|    0.0|    0.0|E               |
|  0|10.00|31877.3|  1|11.40|11.31|  45.765|  42.023|  915.634|  -7.1|  -0.0|  948.9| 0.000|   0.0|  46.562|  46.035| 99.47|   0.0|    0.0|    0.0|E               |
|  0|10.00|31892.2|  1|10.80|10.72|  45.844|  41.769|  942.749|  -6.5|  -0.0|  974.8| 0.000|   0.0|  46.605|  45.928| 98.94|   0.0|    0.0|    0.0|E               |
|  0|10.00|31902.8|  1|10.80|10.72|  45.713|  41.782|  942.704|  -7.1|  -0.0|  974.8| 0.000|   0.0|  46.543|  45.933| 98.94|   0.0|    0.0|    0.0|E               |
|  0|10.00|31915.5|  1|12.00|11.91|  45.787|  42.227|  892.894|  -7.2|  -0.0|  927.6| 0.000|   0.0|  46.580|  46.183|100.25|   0.0|    0.0|    0.0|E               |
|  0|10.00|31926.1|  1|11.40|11.31|  45.892|  42.011|  915.640|  -6.5|  -0.0|  949.0| 0.000|   0.0|  46.622|  46.029| 99.47|   0.0|    0.0|    0.0|E               |
|  0|10.00|31936.7|  1|10.80|10.72|  45.844|  41.769|  942.722|  -6.5|  -0.0|  974.8| 0.000|   0.0|  46.605|  45.928| 98.94|   0.0|    0.0|    0.0|E               |
|  0|10.00|31950.6|  1|10.80|10.72|  45.691|  41.784|  942.668|  -7.2|  -0.0|  974.8| 0.000|   0.0|  46.533|  45.934| 98.94|   0.0|    0.0|    0.0|E               |
|  0|10.00|31962.2|  1|10.80|10.72|  45.691|  41.784|  942.661|  -7.2|  -0.0|  974.7| 0.000|   0.0|  46.533|  45.934| 98.94|   0.0|    0.0|    0.0|E               |
|  0|10.00|31974.0|  1|10.80|10.72|  45.844|  41.769|  942.700|  -6.5|  -0.0|  974.8| 0.000|   0.0|  46.605|  45.928| 98.94|   0.0|    0.0|    0.0|E               |
|  0|10.00|31985.6|  1|11.40|11.32|  45.892|  42.011|  915.581|  -6.5|  -0.0|  948.9| 0.000|   0.0|  46.622|  46.029| 99.47|   0.0|    0.0|    0.0|E               |
+---+-----+-------+---+-----+-----+--------+--------+---------+------+------+-------+------+------+--------+--------+------+------+-------+-------+----------------+
+---+-----+-------+---+-----+-----+--------+--------+---------+------+------+-------+------+------+--------+--------+------+------+-------+-------+----------------+
|0-x| fr  |  time |hop| d0  | d1  |   fi   |  teta  |   dist  |  at  |  dev |   p   |  df  |  l   |   fot  |   tot  |  rot | lsp  |   pf  |    s  |                |
+---+-----+-------+---+-----+-----+--------+--------+---------+------+------+-------+------+------+--------+--------+------+------+-------+-------+----------------+
|  0|10.00|31998.4|  1|10.80|10.72|  45.691|  41.784|  942.639|  -7.2|  -0.0|  974.7| 0.000|   0.0|  46.533|  45.934| 98.93|   0.0|    0.0|    0.0|E               |
|  0|10.00|32010.0|  1|10.20|10.12|  45.790|  41.494|  973.597|  -6.5|  -0.0| 1004.6| 0.000|   0.0|  46.578|  45.765| 98.32|   0.0|    0.0|    0.0|E               |
|  0|10.00|32021.7|  1|11.40|11.32|  45.913|  42.010|  915.562|  -6.4|  -0.0|  948.9| 0.000|   0.0|  46.633|  46.028| 99.47|   0.0|    0.0|    0.0|E               |
|  0|10.00|32032.3|  1|10.80|10.72|  45.713|  41.782|  942.625|  -7.1|  -0.0|  974.7| 0.000|   0.0|  46.543|  45.933| 98.93|   0.0|    0.0|    0.0|E               |
|  0|10.00|32044.7|  1|11.40|11.32|  45.913|  42.010|  915.545|  -6.4|  -0.0|  948.9| 0.000|   0.0|  46.633|  46.028| 99.47|   0.0|    0.0|    0.0|E               |
|  0|10.00|32055.3|  1|10.80|10.72|  45.516|  41.803|  942.547|  -8.0|  -0.0|  974.6| 0.000|   0.0|  46.451|  45.943| 98.93|   0.0|    0.0|    0.0|E               |
|  0|10.00|32065.9|  1|12.00|11.91|  45.787|  42.228|  892.746|  -7.2|  -0.0|  927.5| 0.000|   0.0|  46.580|  46.183|100.24|   0.0|    0.0|    0.0|E               |
|  0|10.00|32076.5|  1|10.80|10.72|  45.516|  41.803|  942.534|  -8.0|  -0.0|  974.6| 0.000|   0.0|  46.451|  45.943| 98.93|   0.0|    0.0|    0.0|E               |
|  0|10.00|32091.1|  1|11.40|11.32|  46.062|  41.998|  915.559|  -5.7|  -0.0|  948.9| 0.000|   0.0|  46.703|  46.023| 99.47|   0.0|    0.0|    0.0|E               |
|  0|10.00|32091.1|  1|10.20|10.12|  46.109|  41.469|  973.633|  -5.1|  -0.0| 1004.6| 0.000|   0.0|  46.728|  45.753| 98.32|   0.0|    0.0|    0.0|E               |
|  0|10.00|32102.4|  1|10.80|10.72|  45.998|  41.757|  942.667|  -5.8|  -0.0|  974.7| 0.000|   0.0|  46.678|  45.922| 98.94|   0.0|    0.0|    0.0|E               |
|  0|10.00|32114.0|  1|10.80|10.72|  45.845|  41.770|  942.616|  -6.5|  -0.0|  974.7| 0.000|   0.0|  46.605|  45.928| 98.93|   0.0|    0.0|    0.0|E               |
|  0|10.00|32125.7|  1|11.40|11.31|  46.190|  41.988|  915.573|  -5.1|  -0.0|  948.9| 0.000|   0.0|  46.764|  46.018| 99.47|   0.0|    0.0|    0.0|E               |
|  0|10.00|32138.5|  1|10.80|10.72|  45.691|  41.785|  942.554|  -7.2|  -0.0|  974.6| 0.000|   0.0|  46.533|  45.934| 98.93|   0.0|    0.0|    0.0|E               |
|  0|10.00|32161.9|  1|10.80|10.72|  45.845|  41.770|  942.587|  -6.5|  -0.0|  974.7| 0.000|   0.0|  46.605|  45.928| 98.93|   0.0|    0.0|    0.0|E               |
|  0|10.00|32173.5|  1|11.40|11.32|  45.892|  42.013|  915.442|  -6.5|  -0.0|  948.7| 0.000|   0.0|  46.622|  46.029| 99.46|   0.0|    0.0|    0.0|E               |
|  0|10.00|32186.2|  1|12.60|12.50|  46.245|  42.352|  874.937|  -5.1|  -0.0|  911.3| 0.000|   0.0|  46.784|  46.174|100.86|   0.0|    0.0|    0.0|E               |
|  0|10.00|32198.9|  1|10.80|10.72|  45.691|  41.785|  942.517|  -7.2|  -0.0|  974.6| 0.000|   0.0|  46.533|  45.934| 98.93|   0.0|    0.0|    0.0|E               |
|  0|10.00|32210.6|  1|13.20|13.09|  46.123|  42.477|  862.132|  -5.8|  -0.0|  900.4| 0.000|   0.0|  46.737|  46.314|101.96|   0.0|    0.0|    0.0|E               |
|  0|10.00|32221.2|  1|12.00|11.91|  45.788|  42.230|  892.593|  -7.2|  -0.0|  927.3| 0.000|   0.0|  46.580|  46.183|100.24|   0.0|    0.0|    0.0|E               |
+---+-----+-------+---+-----+-----+--------+--------+---------+------+------+-------+------+------+--------+--------+------+------+-------+-------+----------------+
+---+-----+-------+---+-----+-----+--------+--------+---------+------+------+-------+------+------+--------+--------+------+------+-------+-------+----------------+
|0-x| fr  |  time |hop| d0  | d1  |   fi   |  teta  |   dist  |  at  |  dev |   p   |  df  |  l   |   fot  |   tot  |  rot | lsp  |   pf  |    s  |                |
+---+-----+-------+---+-----+-----+--------+--------+---------+------+------+-------+------+------+--------+--------+------+------+-------+-------+----------------+
|  0|10.00|32232.8|  1|10.20|10.12|  45.631|  41.510|  973.437|  -7.2|  -0.0| 1004.4| 0.000|   0.0|  46.502|  45.772| 98.31|   0.0|    0.0|    0.0|E               |
|  0|10.00|32243.4|  1|12.00|11.91|  45.932|  42.216|  892.630|  -6.5|  -0.0|  927.3| 0.000|   0.0|  46.647|  46.177|100.24|   0.0|    0.0|    0.0|E               |
|  0|10.00|32256.1|  1|12.00|11.91|  45.788|  42.230|  892.558|  -7.2|  -0.0|  927.3| 0.000|   0.0|  46.580|  46.183|100.23|   0.0|    0.0|    0.0|E               |
|  0|10.00|32266.7|  1|11.40|11.32|  45.892|  42.013|  915.373|  -6.5|  -0.0|  948.7| 0.000|   0.0|  46.622|  46.029| 99.46|   0.0|    0.0|    0.0|E               |
|  0|10.00|32277.4|  1|11.40|11.32|  45.765|  42.025|  915.319|  -7.1|  -0.0|  948.6| 0.000|   0.0|  46.562|  46.035| 99.45|   0.0|    0.0|    0.0|E               |
|  0|10.00|32289.1|  1|12.00|11.91|  45.932|  42.216|  892.584|  -6.5|  -0.0|  927.3| 0.000|   0.0|  46.647|  46.177|100.24|   0.0|    0.0|    0.0|E               |
|  0|10.00|32299.6|  1|11.40|11.32|  45.892|  42.013|  915.349|  -6.5|  -0.0|  948.6| 0.000|   0.0|  46.622|  46.029| 99.46|   0.0|    0.0|    0.0|E               |
|  0|10.00|32310.3|  1|12.00|11.91|  45.932|  42.217|  892.563|  -6.5|  -0.0|  927.3| 0.000|   0.0|  46.647|  46.177|100.24|   0.0|    0.0|    0.0|E               |
|  0|10.00|32320.8|  1|11.40|11.32|  45.892|  42.014|  915.333|  -6.5|  -0.0|  948.6| 0.000|   0.0|  46.622|  46.029| 99.45|   0.0|    0.0|    0.0|E               |
|  0|10.00|32335.8|  1|12.00|11.91|  45.932|  42.217|  892.537|  -6.5|  -0.0|  927.2| 0.000|   0.0|  46.647|  46.177|100.23|   0.0|    0.0|    0.0|E               |
|  0|10.00|32346.3|  1|11.40|11.32|  45.892|  42.014|  915.314|  -6.5|  -0.0|  948.6| 0.000|   0.0|  46.622|  46.029| 99.45|   0.0|    0.0|    0.0|E               |
|  0|10.00|32358.1|  1|11.40|11.32|  45.765|  42.026|  915.259|  -7.1|  -0.0|  948.6| 0.000|   0.0|  46.562|  46.035| 99.45|   0.0|    0.0|    0.0|E               |
|  0|10.00|32369.7|  1|11.40|11.32|  45.744|  42.028|  915.242|  -7.2|  -0.0|  948.5| 0.000|   0.0|  46.552|  46.036| 99.45|   0.0|    0.0|    0.0|E               |
|  0|10.00|32381.4|  1|12.00|11.91|  45.809|  42.229|  892.439|  -7.1|  -0.0|  927.1| 0.000|   0.0|  46.589|  46.182|100.23|   0.0|    0.0|    0.0|E               |
+---+-----+-------+---+-----+-----+--------+--------+---------+------+------+-------+------+------+--------+--------+------+------+-------+-------+----------------+