
delt0=     0.1  eps=   1e-05  ep=   1e-06  ep1=   0.001
Geomagnetic Field - const
fh= 1.34  i=  65.2  d=   6.8
Number TID: 1
Tid Parametres
  delt   lamb     t     b      a     fi
0.000   200.0  20.0 -45.0   45.0   0.000
delta=-0.000  r0= 200.0  lon=  39.000 lat=  55.000
Beta=  20.0  Alfa=   0.0 aX=  20.0 aY= 100.0 aZ=  20.0

lonIon=  40.000 latIon=  47.500 it= 8.00 h_tec=450.0  TEC= 7.70000e+16
lonIon=  40.000 latIon=  47.500 it= 8.25 h_tec=450.0  TEC= 7.70000e+16
lonIon=  40.000 latIon=  47.500 it= 8.50 h_tec=450.0  TEC= 7.70000e+16
lonIon=  40.000 latIon=  47.500 it= 8.75 h_tec=450.0  TEC= 7.70000e+16

Number diff. equation: 6

+==============================================================================+
|   Medium characteristics Sunspot number=   0.0 IG= -11.5   GMT time:08:00    |
|------------------------------------------------------------------------------|
|   S   | fh |  I  |   D  | fd |  hd | fe |  he | ff1 | hf1 | ff2 | hf2 |   Hi |
|-------+----+-----+------+----+-----+----+-----+-----+-----+-----+-----+------|
|    0.0|1.25| 58.8|   3.1|0.18| 81.1|2.67|110.0| 0.00|  0.0| 5.21|219.1|  65.9|
+==============================================================================+

+==================================+
|       Es-layer parametres        |
|----------------------------------|
|   S   | hEs | fbEs | f0Es | P Es |
|-------+-----+------+------+------|
|    0.0|108.1| 3.01 | 3.47 | 67.8 |
+==================================+

|  0|17.65|28808.7|  1| 0.00| 0.00|   0.000|   0.000|    0.000|   0.0|   0.0|    0.0| 0.000|   0.0|   0.000|   0.000|  0.00|   0.0|    0.0|    0.0|                |
|  0|17.65|28808.7|  1| 5.80| 6.57|  72.638|  49.021| 2689.482|  93.0|  -0.1| 2793.5| 0.000|   0.0|  57.847|  44.844|190.30|   0.0|    0.0|    0.0|F2              |
|  0|17.65|28820.2|  1| 7.28| 8.08|  71.440|  48.660| 2581.720|  93.1|  -0.2| 2696.9| 0.000|   0.0|  57.162|  44.748|197.94|   0.0|    0.0|    0.0|F2              |
|  0|17.65|28831.8|  1| 8.57| 9.55|  72.221|  48.873| 2650.803|  93.0|  -0.2| 2790.0| 0.000|   0.0|  57.898|  44.868|208.52|   0.0|    0.0|    0.0|F2              |
|  0|17.65|28843.2|  1| 0.00| 0.00|   0.000|   0.000|    0.000|   0.0|   0.0|    0.0| 0.000|   0.0|   0.000|   0.000|  0.00|   0.0|    0.0|    0.0|                |
|  0|17.65|28854.6|  1| 3.22| 4.17|  76.176|  50.481| 3030.684|  93.1|  -0.1| 3126.0| 0.000|   0.0|  60.366|  45.419|181.26|   0.0|    0.0|    0.0|F2              |
|  0|17.65|28866.2|  1| 0.00| 0.00|   0.000|   0.000|    0.000|   0.0|   0.0|    0.0| 0.000|   0.0|   0.000|   0.000|  0.00|   0.0|    0.0|    0.0|                |
+---+-----+-------+---+-----+-----+--------+--------+---------+------+------+-------+------+------+--------+--------+------+------+-------+-------+----------------+
+---+-----+-------+---+-----+-----+--------+--------+---------+------+------+-------+------+------+--------+--------+------+------+-------+-------+----------------+
|0-x| fr  |  time |hop| d0  | d1  |   fi   |  teta  |   dist  |  at  |  dev |   p   |  df  |  l   |   fot  |   tot  |  rot | lsp  |   pf  |    s  |                |
+---+-----+-------+---+-----+-----+--------+--------+---------+------+------+-------+------+------+--------+--------+------+------+-------+-------+----------------+
|  0|17.65|28866.2|  1| 7.40| 8.20|  71.370|  48.678| 2577.330|  93.2|  -0.2| 2693.8| 0.000|   0.0|  56.872|  44.712|198.88|   0.0|    0.0|    0.0|F2              |
|  0|17.65|28877.8|  1| 6.78| 7.55|  71.734|  48.727| 2607.076|  93.0|  -0.2| 2717.6| 0.000|   0.0|  57.197|  44.734|195.16|   0.0|    0.0|    0.0|F2              |
|  0|17.65|28889.4|  1| 7.67| 8.49|  71.391|  48.594| 2574.917|  93.0|  -0.2| 2694.8| 0.000|   0.0|  57.059|  44.705|200.64|   0.0|    0.0|    0.0|F2              |
|  0|17.65|28901.1|  1| 7.57| 8.38|  71.366|  48.630| 2574.749|  93.1|  -0.2| 2693.3| 0.000|   0.0|  57.151|  44.745|199.80|   0.0|    0.0|    0.0|F2              |
|  0|17.65|28912.6|  1| 7.47| 8.27|  71.442|  48.571| 2577.591|  92.9|  -0.2| 2695.0| 0.000|   0.0|  57.009|  44.674|199.34|   0.0|    0.0|    0.0|F2              |
|  0|17.65|28924.2|  1| 7.88| 8.72|  71.385|  48.632| 2576.254|  93.1|  -0.2| 2699.2| 0.000|   0.0|  57.593|  44.832|201.39|   0.0|    0.0|    0.0|F2              |
|  0|17.65|28935.8|  1| 8.99|10.23|  74.793|  49.923| 2897.308|  93.1|  -0.3| 3065.2| 0.000|   0.0|  59.382|  45.227|215.45|   0.0|    0.0|    0.0|F2              |
|  0|17.65|28947.1|  1| 0.00| 0.00|   0.000|   0.000|    0.000|   0.0|   0.0|    0.0| 0.000|   0.0|   0.000|   0.000|  0.00|   0.0|    0.0|    0.0|                |
|  0|17.65|28958.8|  1| 0.00| 0.00|   0.000|   0.000|    0.000|   0.0|   0.0|    0.0| 0.000|   0.0|   0.000|   0.000|  0.00|   0.0|    0.0|    0.0|                |
|  0|17.65|28958.8|  1| 0.00| 0.00|   0.000|   0.000|    0.000|   0.0|   0.0|    0.0| 0.000|   0.0|   0.000|   0.000|  0.00|   0.0|    0.0|    0.0|                |
|  0|17.65|28970.4|  1| 0.00| 0.00|   0.000|   0.000|    0.000|   0.0|   0.0|    0.0| 0.000|   0.0|   0.000|   0.000|  0.00|   0.0|    0.0|    0.0|                |
|  0|17.65|28970.4|  1| 6.42| 7.18|  71.980|  48.864| 2632.289|  93.2|  -0.1| 2740.0| 0.000|   0.0|  57.565|  44.830|192.99|   0.0|    0.0|    0.0|F2              |
|  0|17.65|28970.4|  1| 0.00| 0.00|   0.000|   0.000|    0.000|   0.0|   0.0|    0.0| 0.000|   0.0|   0.000|   0.000|  0.00|   0.0|    0.0|    0.0|                |
|  0|17.65|28982.1|  1| 8.31| 9.22|  71.471|  48.919| 2596.615|  93.7|  -0.2| 2727.3| 0.000|   0.0|  56.888|  44.820|205.80|   0.0|    0.0|    0.0|F2              |
|  0|17.65|28982.1|  1| 0.00| 0.00|   0.000|   0.000|    0.000|   0.0|   0.0|    0.0| 0.000|   0.0|   0.000|   0.000|  0.00|   0.0|    0.0|    0.0|                |
|  0|17.65|28993.5|  1| 0.00| 0.00|   0.000|   0.000|    0.000|   0.0|   0.0|    0.0| 0.000|   0.0|   0.000|   0.000|  0.00|   0.0|    0.0|    0.0|                |
|  0|17.65|29005.2|  1| 5.54| 6.31|  72.900|  49.167| 2716.411|  93.1|  -0.1| 2819.0| 0.000|   0.0|  58.070|  44.913|189.11|   0.0|    0.0|    0.0|F2              |
|  0|17.65|29005.2|  1| 0.00| 0.00|   0.000|   0.000|    0.000|   0.0|   0.0|    0.0| 0.000|   0.0|   0.000|   0.000|  0.00|   0.0|    0.0|    0.0|                |
|  0|17.65|29017.0|  1| 0.00| 0.00|   0.000|   0.000|    0.000|   0.0|   0.0|    0.0| 0.000|   0.0|   0.000|   0.000|  0.00|   0.0|    0.0|    0.0|                |
|  0|17.65|29029.0|  1| 8.15| 9.03|  71.448|  48.737| 2586.077|  93.3|  -0.2| 2713.6| 0.000|   0.0|  56.840|  44.725|204.46|   0.0|    0.0|    0.0|F2              |
+---+-----+-------+---+-----+-----+--------+--------+---------+------+------+-------+------+------+--------+--------+------+------+-------+-------+----------------+
+---+-----+-------+---+-----+-----+--------+--------+---------+------+------+-------+------+------+--------+--------+------+------+-------+-------+----------------+
|0-x| fr  |  time |hop| d0  | d1  |   fi   |  teta  |   dist  |  at  |  dev |   p   |  df  |  l   |   fot  |   tot  |  rot | lsp  |   pf  |    s  |                |
+---+-----+-------+---+-----+-----+--------+--------+---------+------+------+-------+------+------+--------+--------+------+------+-------+-------+----------------+
|  0|17.65|29040.3|  1| 0.00| 0.00|   0.000|   0.000|    0.000|   0.0|   0.0|    0.0| 0.000|   0.0|   0.000|   0.000|  0.00|   0.0|    0.0|    0.0|                |
|  0|17.65|29051.6|  1| 0.00| 0.00|   0.000|   0.000|    0.000|   0.0|   0.0|    0.0| 0.000|   0.0|   0.000|   0.000|  0.00|   0.0|    0.0|    0.0|                |
|  0|17.65|29063.1|  1| 0.00| 0.00|   0.000|   0.000|    0.000|   0.0|   0.0|    0.0| 0.000|   0.0|   0.000|   0.000|  0.00|   0.0|    0.0|    0.0|                |
|  0|17.65|29063.1|  1| 7.95| 8.79|  71.367|  48.668| 2576.584|  93.2|  -0.2| 2700.4| 0.000|   0.0|  57.014|  44.738|202.69|   0.0|    0.0|    0.0|F2              |
|  0|17.65|29063.1|  1| 0.00| 0.00|   0.000|   0.000|    0.000|   0.0|   0.0|    0.0| 0.000|   0.0|   0.000|   0.000|  0.00|   0.0|    0.0|    0.0|                |
|  0|17.65|29074.7|  1| 0.00| 0.00|   0.000|   0.000|    0.000|   0.0|   0.0|    0.0| 0.000|   0.0|   0.000|   0.000|  0.00|   0.0|    0.0|    0.0|                |
|  0|17.65|29086.2|  1| 8.79| 9.84|  72.963|  49.137| 2719.616|  93.0|  -0.2| 2868.1| 0.000|   0.0|  58.014|  44.891|211.59|   0.0|    0.0|    0.0|F2              |
|  0|17.65|29097.8|  1| 8.60| 9.57|  72.121|  48.970| 2648.027|  93.3|  -0.2| 2787.3| 0.000|   0.0|  57.918|  44.941|208.51|   0.0|    0.0|    0.0|F2              |
|  0|17.65|29109.3|  1| 8.07| 8.93|  71.418|  48.684| 2581.257|  93.2|  -0.2| 2707.2| 0.000|   0.0|  56.994|  44.734|203.69|   0.0|    0.0|    0.0|F2              |
|  0|17.65|29121.0|  1| 8.44| 9.36|  71.850|  48.787| 2618.745|  93.1|  -0.2| 2753.1| 0.000|   0.0|  57.115|  44.735|207.24|   0.0|    0.0|    0.0|F2              |
|  0|17.65|29121.0|  1| 0.00| 0.00|   0.000|   0.000|    0.000|   0.0|   0.0|    0.0| 0.000|   0.0|   0.000|   0.000|  0.00|   0.0|    0.0|    0.0|                |
|  0|17.65|29121.0|  1| 0.00| 0.00|   0.000|   0.000|    0.000|   0.0|   0.0|    0.0| 0.000|   0.0|   0.000|   0.000|  0.00|   0.0|    0.0|    0.0|                |
|  0|17.65|29121.0|  1| 8.72| 9.73|  72.547|  49.078| 2685.381|  93.2|  -0.2| 2829.8| 0.000|   0.0|  58.249|  44.986|210.04|   0.0|    0.0|    0.0|F2              |
|  0|17.65|29133.0|  1| 0.00| 0.00|   0.000|   0.000|    0.000|   0.0|   0.0|    0.0| 0.000|   0.0|   0.000|   0.000|  0.00|   0.0|    0.0|    0.0|                |
|  0|17.65|29133.0|  1| 0.00| 0.00|   0.000|   0.000|    0.000|   0.0|   0.0|    0.0| 0.000|   0.0|   0.000|   0.000|  0.00|   0.0|    0.0|    0.0|                |
|  0|17.65|29133.0|  1| 0.00| 0.00|   0.000|   0.000|    0.000|   0.0|   0.0|    0.0| 0.000|   0.0|   0.000|   0.000|  0.00|   0.0|    0.0|    0.0|                |
|  0|17.65|29133.0|  1| 8.56| 9.51|  72.167|  48.808| 2643.620|  92.9|  -0.2| 2781.9| 0.000|   0.0|  57.940|  44.854|208.13|   0.0|    0.0|    0.0|F2              |
|  0|17.65|29133.0|  1| 7.99| 8.84|  71.187|  48.865| 2572.603|  93.8|  -0.2| 2696.7| 0.000|   0.0|  56.949|  44.855|202.82|   0.0|    0.0|    0.0|F2              |
|  0|17.65|29133.0|  1| 0.00| 0.00|   0.000|   0.000|    0.000|   0.0|   0.0|    0.0| 0.000|   0.0|   0.000|   0.000|  0.00|   0.0|    0.0|    0.0|                |
|  0|17.65|29145.0|  1| 0.00| 0.00|   0.000|   0.000|    0.000|   0.0|   0.0|    0.0| 0.000|   0.0|   0.000|   0.000|  0.00|   0.0|    0.0|    0.0|                |
+---+-----+-------+---+-----+-----+--------+--------+---------+------+------+-------+------+------+--------+--------+------+------+-------+-------+----------------+
+---+-----+-------+---+-----+-----+--------+--------+---------+------+------+-------+------+------+--------+--------+------+------+-------+-------+----------------+
|0-x| fr  |  time |hop| d0  | d1  |   fi   |  teta  |   dist  |  at  |  dev |   p   |  df  |  l   |   fot  |   tot  |  rot | lsp  |   pf  |    s  |                |
+---+-----+-------+---+-----+-----+--------+--------+---------+------+------+-------+------+------+--------+--------+------+------+-------+-------+----------------+
|  0|17.65|29156.5|  1| 0.00| 0.00|   0.000|   0.000|    0.000|   0.0|   0.0|    0.0| 0.000|   0.0|   0.000|   0.000|  0.00|   0.0|    0.0|    0.0|                |
|  0|17.65|29168.3|  1| 8.45| 9.37|  71.751|  48.884| 2615.977|  93.4|  -0.2| 2750.3| 0.000|   0.0|  57.087|  44.795|207.22|   0.0|    0.0|    0.0|F2              |
|  0|17.65|29180.2|  1| 0.00| 0.00|   0.000|   0.000|    0.000|   0.0|   0.0|    0.0| 0.000|   0.0|   0.000|   0.000|  0.00|   0.0|    0.0|    0.0|                |
|  0|17.65|29192.0|  1| 0.00| 0.00|   0.000|   0.000|    0.000|   0.0|   0.0|    0.0| 0.000|   0.0|   0.000|   0.000|  0.00|   0.0|    0.0|    0.0|                |
|  0|17.65|29203.6|  1| 7.11| 7.88|  71.531|  48.650| 2588.164|  93.0|  -0.2| 2701.5| 0.000|   0.0|  57.189|  44.732|196.88|   0.0|    0.0|    0.0|F2              |
|  0|17.65|29215.4|  1| 0.00| 0.00|   0.000|   0.000|    0.000|   0.0|   0.0|    0.0| 0.000|   0.0|   0.000|   0.000|  0.00|   0.0|    0.0|    0.0|                |
|  0|17.65|29215.4|  1| 8.80| 9.84|  72.776|  49.252| 2711.336|  93.4|  -0.2| 2859.2| 0.000|   0.0|  58.201|  45.022|211.24|   0.0|    0.0|    0.0|F2              |
|  0|17.65|29226.8|  1| 6.66| 7.41|  71.872|  48.689| 2615.644|  92.8|  -0.2| 2725.1| 0.000|   0.0|  57.185|  44.688|194.59|   0.0|    0.0|    0.0|F2              |
|  0|17.65|29238.5|  1| 0.00| 0.00|   0.000|   0.000|    0.000|   0.0|   0.0|    0.0| 0.000|   0.0|   0.000|   0.000|  0.00|   0.0|    0.0|    0.0|                |
|  0|17.65|29250.0|  1| 0.00| 0.00|   0.000|   0.000|    0.000|   0.0|   0.0|    0.0| 0.000|   0.0|   0.000|   0.000|  0.00|   0.0|    0.0|    0.0|                |
|  0|17.65|29261.9|  1| 0.00| 0.00|   0.000|   0.000|    0.000|   0.0|   0.0|    0.0| 0.000|   0.0|   0.000|   0.000|  0.00|   0.0|    0.0|    0.0|                |
|  0|17.65|29273.6|  1| 0.00| 0.00|   0.000|   0.000|    0.000|   0.0|   0.0|    0.0| 0.000|   0.0|   0.000|   0.000|  0.00|   0.0|    0.0|    0.0|                |
|  0|17.65|29285.1|  1| 8.85| 9.91|  73.278|  49.204| 2746.751|  92.8|  -0.3| 2898.5| 0.000|   0.0|  58.143|  44.893|212.43|   0.0|    0.0|    0.0|F2              |
|  0|17.65|29296.9|  1| 8.20| 9.06|  71.657|  48.546| 2592.624|  92.7|  -0.2| 2721.2| 0.000|   0.0|  56.897|  44.607|204.97|   0.0|    0.0|    0.0|F2              |
|  0|17.65|29308.5|  1| 8.08| 8.92|  71.568|  48.517| 2584.570|  92.7|  -0.2| 2710.8| 0.000|   0.0|  57.030|  44.633|203.87|   0.0|    0.0|    0.0|F2              |
|  0|17.65|29320.0|  1| 0.00| 0.00|   0.000|   0.000|    0.000|   0.0|   0.0|    0.0| 0.000|   0.0|   0.000|   0.000|  0.00|   0.0|    0.0|    0.0|                |
|  0|17.65|29320.0|  1| 8.02| 8.85|  71.536|  48.507| 2581.709|  92.7|  -0.2| 2706.8| 0.000|   0.0|  57.083|  44.643|203.33|   0.0|    0.0|    0.0|F2              |
|  0|17.65|29331.8|  1| 5.57| 6.31|  73.013|  48.976| 2715.544|  92.6|  -0.1| 2818.3| 0.000|   0.0|  58.355|  44.855|188.83|   0.0|    0.0|    0.0|F2              |
|  0|17.65|29343.3|  1| 5.13| 5.89|  73.461|  49.286| 2764.576|  92.9|  -0.1| 2865.3| 0.000|   0.0|  58.357|  44.926|187.60|   0.0|    0.0|    0.0|F2              |
|  0|17.65|29355.1|  1| 8.32| 9.20|  71.775|  48.585| 2603.397|  92.7|  -0.2| 2734.6| 0.000|   0.0|  57.737|  44.769|205.38|   0.0|    0.0|    0.0|F2              |
+---+-----+-------+---+-----+-----+--------+--------+---------+------+------+-------+------+------+--------+--------+------+------+-------+-------+----------------+
+---+-----+-------+---+-----+-----+--------+--------+---------+------+------+-------+------+------+--------+--------+------+------+-------+-------+----------------+
|0-x| fr  |  time |hop| d0  | d1  |   fi   |  teta  |   dist  |  at  |  dev |   p   |  df  |  l   |   fot  |   tot  |  rot | lsp  |   pf  |    s  |                |
+---+-----+-------+---+-----+-----+--------+--------+---------+------+------+-------+------+------+--------+--------+------+------+-------+-------+----------------+
|  0|17.65|29366.8|  1| 8.90| 9.99|  73.660|  49.297| 2780.085|  92.7|  -0.3| 2935.5| 0.000|   0.0|  58.303|  44.902|213.30|   0.0|    0.0|    0.0|F2              |
|  0|17.65|29378.7|  1| 7.93| 8.74|  71.494|  48.494| 2577.909|  92.7|  -0.2| 2701.4| 0.000|   0.0|  56.861|  44.601|202.68|   0.0|    0.0|    0.0|F2              |
|  0|17.65|29390.3|  1| 5.78| 6.51|  72.722|  48.959| 2692.772|  92.8|  -0.1| 2796.6| 0.000|   0.0|  57.847|  44.799|190.27|   0.0|    0.0|    0.0|F2              |
|  0|17.65|29401.8|  1| 8.41| 9.30|  71.756|  48.753| 2610.031|  93.1|  -0.2| 2743.1| 0.000|   0.0|  57.098|  44.732|206.78|   0.0|    0.0|    0.0|F2              |
|  0|17.65|29413.3|  1| 7.93| 8.75|  71.396|  48.590| 2575.090|  93.0|  -0.2| 2698.4| 0.000|   0.0|  57.067|  44.705|202.45|   0.0|    0.0|    0.0|F2              |
|  0|17.65|29425.0|  1| 0.00| 0.00|   0.000|   0.000|    0.000|   0.0|   0.0|    0.0| 0.000|   0.0|   0.000|   0.000|  0.00|   0.0|    0.0|    0.0|                |
|  0|17.65|29436.8|  1| 0.00| 0.00|   0.000|   0.000|    0.000|   0.0|   0.0|    0.0| 0.000|   0.0|   0.000|   0.000|  0.00|   0.0|    0.0|    0.0|                |
|  0|17.65|29448.5|  1| 8.07| 8.90|  71.516|  48.543| 2581.863|  92.8|  -0.2| 2707.7| 0.000|   0.0|  57.685|  44.782|202.81|   0.0|    0.0|    0.0|F2              |
|  0|17.65|29460.3|  1| 5.82| 6.55|  72.679|  48.943| 2688.739|  92.8|  -0.1| 2792.7| 0.000|   0.0|  57.825|  44.794|190.44|   0.0|    0.0|    0.0|F2              |
|  0|17.65|29471.8|  1| 8.42| 9.31|  71.904|  48.628| 2615.118|  92.7|  -0.2| 2748.7| 0.000|   0.0|  57.812|  44.783|206.37|   0.0|    0.0|    0.0|F2              |
|  0|17.65|29483.4|  1| 8.84| 9.87|  73.181|  49.121| 2735.291|  92.7|  -0.3| 2885.7| 0.000|   0.0|  58.156|  44.873|212.09|   0.0|    0.0|    0.0|F2              |
|  0|17.65|29495.0|  1| 0.00| 0.00|   0.000|   0.000|    0.000|   0.0|   0.0|    0.0| 0.000|   0.0|   0.000|   0.000|  0.00|   0.0|    0.0|    0.0|                |
|  0|17.65|29506.7|  1| 8.35| 9.22|  71.727|  48.656| 2603.169|  92.9|  -0.2| 2734.7| 0.000|   0.0|  57.708|  44.808|205.58|   0.0|    0.0|    0.0|F2              |
|  0|17.65|29518.3|  1| 8.06| 8.88|  71.508|  48.540| 2581.144|  92.8|  -0.2| 2706.7| 0.000|   0.0|  57.632|  44.771|202.80|   0.0|    0.0|    0.0|F2              |
|  0|17.65|29529.8|  1| 8.31| 9.17|  71.674|  48.637| 2598.261|  92.9|  -0.2| 2728.8| 0.000|   0.0|  57.638|  44.794|205.22|   0.0|    0.0|    0.0|F2              |
|  0|17.65|29541.5|  1| 8.00| 8.82|  71.476|  48.530| 2578.262|  92.8|  -0.2| 2702.7| 0.000|   0.0|  56.797|  44.610|203.17|   0.0|    0.0|    0.0|F2              |
|  0|17.65|29553.2|  1| 7.71| 8.49|  71.479|  48.448| 2574.575|  92.6|  -0.2| 2694.7| 0.000|   0.0|  57.046|  44.616|200.89|   0.0|    0.0|    0.0|F2              |
|  0|17.65|29565.0|  1| 6.82| 7.55|  71.872|  48.509| 2607.076|  92.4|  -0.2| 2717.9| 0.000|   0.0|  57.256|  44.614|195.42|   0.0|    0.0|    0.0|F2              |
|  0|17.65|29576.6|  1| 8.67| 9.62|  72.366|  48.876| 2661.878|  92.9|  -0.2| 2803.1| 0.000|   0.0|  57.870|  44.839|209.39|   0.0|    0.0|    0.0|F2              |
|  0|17.65|29588.3|  1| 0.00| 0.00|   0.000|   0.000|    0.000|   0.0|   0.0|    0.0| 0.000|   0.0|   0.000|   0.000|  0.00|   0.0|    0.0|    0.0|                |
+---+-----+-------+---+-----+-----+--------+--------+---------+------+------+-------+------+------+--------+--------+------+------+-------+-------+----------------+
+---+-----+-------+---+-----+-----+--------+--------+---------+------+------+-------+------+------+--------+--------+------+------+-------+-------+----------------+
|0-x| fr  |  time |hop| d0  | d1  |   fi   |  teta  |   dist  |  at  |  dev |   p   |  df  |  l   |   fot  |   tot  |  rot | lsp  |   pf  |    s  |                |
+---+-----+-------+---+-----+-----+--------+--------+---------+------+------+-------+------+------+--------+--------+------+------+-------+-------+----------------+
|  0|17.65|29599.9|  1| 7.85| 8.65|  71.396|  48.548| 2573.064|  92.9|  -0.2| 2695.0| 0.000|   0.0|  56.764|  44.626|201.96|   0.0|    0.0|    0.0|F2              |
|  0|17.65|29611.6|  1| 7.60| 8.37|  71.450|  48.483| 2574.120|  92.7|  -0.2| 2692.7| 0.000|   0.0|  56.768|  44.585|200.22|   0.0|    0.0|    0.0|F2              |
|  0|17.65|29623.2|  1| 7.49| 8.25|  71.440|  48.525| 2575.261|  92.8|  -0.2| 2692.5| 0.000|   0.0|  56.779|  44.608|199.47|   0.0|    0.0|    0.0|F2              |
|  0|17.65|29634.9|  1| 6.74| 7.46|  71.956|  48.495| 2612.741|  92.3|  -0.2| 2722.9| 0.000|   0.0|  57.360|  44.612|194.94|   0.0|    0.0|    0.0|F2              |
|  0|17.65|29646.7|  1| 7.19| 7.93|  71.573|  48.532| 2585.619|  92.7|  -0.2| 2699.6| 0.000|   0.0|  57.149|  44.658|197.41|   0.0|    0.0|    0.0|F2              |
|  0|17.65|29658.0|  1| 2.75| 3.72|  77.102|  50.604| 3107.021|  92.6|  -0.1| 3201.4| 0.000|   0.0|  61.047|  45.442|180.00|   0.0|    0.0|    0.0|F2              |
|  0|17.65|29669.5|  1| 0.00| 0.00|   0.000|   0.000|    0.000|   0.0|   0.0|    0.0| 0.000|   0.0|   0.000|   0.000|  0.00|   0.0|    0.0|    0.0|                |
|  0|17.65|29681.1|  1| 7.44| 8.13|  72.324|  47.558| 2597.886|  89.9|  -0.2| 2715.8| 0.000|   0.0|  57.064|  44.043|199.84|   0.0|    0.0|    0.0|F2              |
|  0|17.65|29681.1|  1| 0.00| 0.00|   0.000|   0.000|    0.000|   0.0|   0.0|    0.0| 0.000|   0.0|   0.000|   0.000|  0.00|   0.0|    0.0|    0.0|                |
|  0|17.65|29692.9|  1| 8.86| 9.88|  73.109|  49.187| 2733.156|  92.9|  -0.3| 2883.6| 0.000|   0.0|  58.131|  44.914|212.10|   0.0|    0.0|    0.0|F2              |
+==============================================================================+
|   Medium characteristics Sunspot number=   0.0 IG= -11.5   GMT time:08:14    |
|------------------------------------------------------------------------------|
|   S   | fh |  I  |   D  | fd |  hd | fe |  he | ff1 | hf1 | ff2 | hf2 |   Hi |
|-------+----+-----+------+----+-----+----+-----+-----+-----+-----+-----+------|
|    0.0|1.25| 58.8|   3.1|0.18| 81.1|2.70|110.0| 0.00|  0.0| 5.27|221.1|  64.8|
+==============================================================================+

+==================================+
|       Es-layer parametres        |
|----------------------------------|
|   S   | hEs | fbEs | f0Es | P Es |
|-------+-----+------+------+------|
|    0.0|108.1| 3.02 | 3.47 | 67.2 |
+==================================+

|  0|17.65|29704.5|  1| 8.83| 9.83|  72.889|  49.153| 2714.856|  93.0|  -0.3| 2863.2| 0.000|   0.0|  58.190|  44.950|211.44|   0.0|    0.0|    0.0|F2              |
|  0|17.65|29715.9|  1| 0.00| 0.00|   0.000|   0.000|    0.000|   0.0|   0.0|    0.0| 0.000|   0.0|   0.000|   0.000|  0.00|   0.0|    0.0|    0.0|                |
|  0|17.65|29727.6|  1| 7.42| 8.17|  71.453|  48.530| 2576.534|  92.8|  -0.2| 2692.9| 0.000|   0.0|  56.867|  44.625|198.96|   0.0|    0.0|    0.0|F2              |
|  0|17.65|29739.3|  1| 9.04|10.21|  74.813|  49.926| 2898.909|  93.1|  -0.3| 3067.1| 0.000|   0.0|  59.310|  45.211|215.45|   0.0|    0.0|    0.0|F2              |
|  0|17.65|29751.0|  1| 0.00| 0.00|   0.000|   0.000|    0.000|   0.0|   0.0|    0.0| 0.000|   0.0|   0.000|   0.000|  0.00|   0.0|    0.0|    0.0|                |
|  0|17.65|29762.7|  1| 8.16| 8.98|  71.552|  48.553| 2585.040|  92.8|  -0.2| 2712.3| 0.000|   0.0|  57.563|  44.758|203.78|   0.0|    0.0|    0.0|F2              |
|  0|17.65|29774.2|  1| 0.00| 0.00|   0.000|   0.000|    0.000|   0.0|   0.0|    0.0| 0.000|   0.0|   0.000|   0.000|  0.00|   0.0|    0.0|    0.0|                |
|  0|17.65|29786.6|  1| 0.00| 0.00|   0.000|   0.000|    0.000|   0.0|   0.0|    0.0| 0.000|   0.0|   0.000|   0.000|  0.00|   0.0|    0.0|    0.0|                |
|  0|17.65|29798.5|  1| 6.81| 7.57|  71.143|  49.350| 2593.387|  95.0|  -0.1| 2703.2| 0.000|   0.0|  57.022|  45.115|194.81|   0.0|    0.0|    0.0|F2              |
|  0|17.65|29798.5|  1| 0.31| 2.50|  79.753|  53.219| 3454.655|  95.0|  -0.1| 3546.6| 0.000|   0.0|  63.240|  46.718|177.43|   0.0|    0.0|    0.0|F2              |
+---+-----+-------+---+-----+-----+--------+--------+---------+------+------+-------+------+------+--------+--------+------+------+-------+-------+----------------+
+---+-----+-------+---+-----+-----+--------+--------+---------+------+------+-------+------+------+--------+--------+------+------+-------+-------+----------------+
|0-x| fr  |  time |hop| d0  | d1  |   fi   |  teta  |   dist  |  at  |  dev |   p   |  df  |  l   |   fot  |   tot  |  rot | lsp  |   pf  |    s  |                |
+---+-----+-------+---+-----+-----+--------+--------+---------+------+------+-------+------+------+--------+--------+------+------+-------+-------+----------------+
|  0|17.65|29798.5|  1| 8.64| 9.56|  72.207|  48.863| 2649.290|  93.0|  -0.2| 2788.9| 0.000|   0.0|  57.873|  44.863|208.77|   0.0|    0.0|    0.0|F2              |
|  0|17.65|29810.0|  1| 8.05| 8.86|  71.450|  48.562| 2577.820|  92.9|  -0.2| 2702.9| 0.000|   0.0|  57.056|  44.681|203.36|   0.0|    0.0|    0.0|F2              |
|  0|17.65|29821.4|  1| 7.62| 8.39|  71.319|  48.611| 2570.270|  93.1|  -0.2| 2688.8| 0.000|   0.0|  56.729|  44.662|200.22|   0.0|    0.0|    0.0|F2              |
|  0|17.65|29832.6|  1| 8.69| 9.63|  72.351|  48.914| 2662.633|  93.0|  -0.2| 2804.2| 0.000|   0.0|  58.025|  44.893|209.30|   0.0|    0.0|    0.0|F2              |
|  0|17.65|29844.4|  1| 6.93| 7.66|  71.590|  48.716| 2595.736|  93.1|  -0.2| 2707.1| 0.000|   0.0|  57.350|  44.786|195.59|   0.0|    0.0|    0.0|F2              |
|  0|17.65|29856.0|  1| 8.08| 8.89|  71.430|  48.599| 2578.075|  93.0|  -0.2| 2703.6| 0.000|   0.0|  57.007|  44.693|203.60|   0.0|    0.0|    0.0|F2              |
|  0|17.65|29867.6|  1| 2.94| 3.40|  79.727|  47.252| 3141.900|  84.3|  -0.2| 3238.1| 0.000|   0.0|  61.434|  43.345|182.70|   0.0|    0.0|    0.0|F2              |
|  0|17.65|29867.6|  1| 0.00| 0.00|   0.000|   0.000|    0.000|   0.0|   0.0|    0.0| 0.000|   0.0|   0.000|   0.000|  0.00|   0.0|    0.0|    0.0|                |
|  0|17.65|29867.6|  1| 8.18| 9.00|  71.591|  48.522| 2586.558|  92.7|  -0.2| 2714.1| 0.000|   0.0|  56.934|  44.614|204.58|   0.0|    0.0|    0.0|F2              |
|  0|17.65|29879.8|  1| 8.76| 9.72|  72.518|  49.063| 2682.559|  93.2|  -0.2| 2826.9| 0.000|   0.0|  57.811|  44.895|210.44|   0.0|    0.0|    0.0|F2              |
|  0|17.65|29891.3|  1| 7.52| 8.27|  71.423|  48.518| 2573.696|  92.8|  -0.2| 2691.1| 0.000|   0.0|  56.824|  44.617|199.60|   0.0|    0.0|    0.0|F2              |
|  0|17.65|29902.7|  1| 7.62| 8.37|  71.469|  48.445| 2573.702|  92.6|  -0.2| 2692.4| 0.000|   0.0|  56.768|  44.563|200.33|   0.0|    0.0|    0.0|F2              |
|  0|17.65|29914.0|  1| 6.83| 7.56|  71.652|  48.739| 2601.518|  93.1|  -0.2| 2712.0| 0.000|   0.0|  57.195|  44.755|195.28|   0.0|    0.0|    0.0|F2              |
|  0|17.65|29925.6|  1| 6.71| 7.43|  71.737|  48.771| 2609.454|  93.1|  -0.2| 2719.0| 0.000|   0.0|  57.281|  44.773|194.59|   0.0|    0.0|    0.0|F2              |
|  0|17.65|29937.1|  1| 8.54| 9.43|  71.848|  48.870| 2622.647|  93.3|  -0.2| 2758.5| 0.000|   0.0|  57.062|  44.768|207.86|   0.0|    0.0|    0.0|F2              |
|  0|17.65|29948.7|  1| 8.20| 9.03|  71.404|  48.718| 2581.849|  93.3|  -0.2| 2709.4| 0.000|   0.0|  57.534|  44.863|203.87|   0.0|    0.0|    0.0|F2              |
|  0|17.65|29960.2|  1| 8.06| 8.87|  71.255|  48.755| 2572.383|  93.5|  -0.2| 2697.2| 0.000|   0.0|  57.003|  44.801|203.22|   0.0|    0.0|    0.0|F2              |
|  0|17.65|29971.5|  1| 8.43| 9.30|  71.553|  48.899| 2601.770|  93.6|  -0.2| 2734.3| 0.000|   0.0|  57.731|  44.971|205.83|   0.0|    0.0|    0.0|F2              |
|  0|17.65|29983.2|  1| 7.80| 8.58|  71.248|  48.669| 2567.750|  93.3|  -0.2| 2688.5| 0.000|   0.0|  56.925|  44.743|201.32|   0.0|    0.0|    0.0|F2              |
|  0|17.65|29994.8|  1| 6.97| 7.70|  71.590|  48.670| 2593.533|  93.0|  -0.2| 2705.2| 0.000|   0.0|  57.052|  44.705|196.14|   0.0|    0.0|    0.0|F2              |
+---+-----+-------+---+-----+-----+--------+--------+---------+------+------+-------+------+------+--------+--------+------+------+-------+-------+----------------+
+---+-----+-------+---+-----+-----+--------+--------+---------+------+------+-------+------+------+--------+--------+------+------+-------+-------+----------------+
|0-x| fr  |  time |hop| d0  | d1  |   fi   |  teta  |   dist  |  at  |  dev |   p   |  df  |  l   |   fot  |   tot  |  rot | lsp  |   pf  |    s  |                |
+---+-----+-------+---+-----+-----+--------+--------+---------+------+------+-------+------+------+--------+--------+------+------+-------+-------+----------------+
|  0|17.65|30006.4|  1| 0.00| 0.00|   0.000|   0.000|    0.000|   0.0|   0.0|    0.0| 0.000|   0.0|   0.000|   0.000|  0.00|   0.0|    0.0|    0.0|                |
|  0|17.65|30017.8|  1| 5.76| 6.47|  72.619|  49.102| 2692.072|  93.2|  -0.1| 2795.5| 0.000|   0.0|  57.796|  44.879|190.11|   0.0|    0.0|    0.0|F2              |
|  0|17.65|30029.3|  1| 6.60| 7.31|  71.847|  48.766| 2617.477|  93.0|  -0.2| 2726.1| 0.000|   0.0|  57.428|  44.780|193.92|   0.0|    0.0|    0.0|F2              |
|  0|17.65|30040.9|  1| 6.82| 7.54|  71.626|  48.773| 2601.183|  93.2|  -0.2| 2711.5| 0.000|   0.0|  57.479|  44.834|194.77|   0.0|    0.0|    0.0|F2              |
|  0|17.65|30052.8|  1| 4.96| 5.68|  73.770|  49.259| 2786.500|  92.6|  -0.1| 2886.4| 0.000|   0.0|  58.575|  44.901|186.92|   0.0|    0.0|    0.0|F2              |
|  0|17.65|30064.5|  1| 6.59| 7.30|  71.883|  48.735| 2618.683|  92.9|  -0.2| 2727.3| 0.000|   0.0|  57.441|  44.761|193.89|   0.0|    0.0|    0.0|F2              |
|  0|17.65|30076.2|  1| 8.48| 9.35|  71.841|  48.734| 2615.506|  93.0|  -0.2| 2749.8| 0.000|   0.0|  57.109|  44.712|207.28|   0.0|    0.0|    0.0|F2              |
|  0|17.65|30087.4|  1| 6.42| 7.12|  72.025|  48.787| 2631.920|  92.9|  -0.2| 2739.3| 0.000|   0.0|  57.583|  44.789|192.94|   0.0|    0.0|    0.0|F2              |
|  0|17.65|30099.0|  1| 0.00| 0.00|   0.000|   0.000|    0.000|   0.0|   0.0|    0.0| 0.000|   0.0|   0.000|   0.000|  0.00|   0.0|    0.0|    0.0|                |
|  0|17.65|30110.4|  1| 0.00| 0.00|   0.000|   0.000|    0.000|   0.0|   0.0|    0.0| 0.000|   0.0|   0.000|   0.000|  0.00|   0.0|    0.0|    0.0|                |
|  0|17.65|30121.8|  1| 0.00| 0.00|   0.000|   0.000|    0.000|   0.0|   0.0|    0.0| 0.000|   0.0|   0.000|   0.000|  0.00|   0.0|    0.0|    0.0|                |
|  0|17.65|30133.8|  1| 8.27| 9.10|  71.495|  48.704| 2587.970|  93.2|  -0.2| 2716.9| 0.000|   0.0|  57.002|  44.735|205.16|   0.0|    0.0|    0.0|F2              |
|  0|17.65|30145.2|  1| 8.60| 9.50|  72.012|  48.882| 2635.505|  93.2|  -0.2| 2773.3| 0.000|   0.0|  57.645|  44.862|208.24|   0.0|    0.0|    0.0|F2              |
|  0|17.65|30157.0|  1| 7.50| 8.24|  71.360|  48.581| 2571.949|  93.0|  -0.2| 2688.9| 0.000|   0.0|  56.759|  44.647|199.40|   0.0|    0.0|    0.0|F2              |
|  0|17.65|30168.5|  1| 7.84| 8.60|  71.435|  48.471| 2572.365|  92.7|  -0.2| 2693.9| 0.000|   0.0|  56.784|  44.587|201.83|   0.0|    0.0|    0.0|F2              |
|  0|17.65|30180.0|  1| 0.00| 0.00|   0.000|   0.000|    0.000|   0.0|   0.0|    0.0| 0.000|   0.0|   0.000|   0.000|  0.00|   0.0|    0.0|    0.0|                |
|  0|17.65|30180.0|  1| 0.00| 0.00|   0.000|   0.000|    0.000|   0.0|   0.0|    0.0| 0.000|   0.0|   0.000|   0.000|  0.00|   0.0|    0.0|    0.0|                |
|  0|17.65|30180.0|  1| 0.00| 0.00|   0.000|   0.000|    0.000|   0.0|   0.0|    0.0| 0.000|   0.0|   0.000|   0.000|  0.00|   0.0|    0.0|    0.0|                |
|  0|17.65|30191.6|  1| 0.00| 0.00|   0.000|   0.000|    0.000|   0.0|   0.0|    0.0| 0.000|   0.0|   0.000|   0.000|  0.00|   0.0|    0.0|    0.0|                |
|  0|17.65|30203.2|  1| 7.52| 8.27|  71.261|  48.677| 2569.099|  93.3|  -0.2| 2686.2| 0.000|   0.0|  56.785|  44.716|199.43|   0.0|    0.0|    0.0|F2              |
+---+-----+-------+---+-----+-----+--------+--------+---------+------+------+-------+------+------+--------+--------+------+------+-------+-------+----------------+
+---+-----+-------+---+-----+-----+--------+--------+---------+------+------+-------+------+------+--------+--------+------+------+-------+-------+----------------+
|0-x| fr  |  time |hop| d0  | d1  |   fi   |  teta  |   dist  |  at  |  dev |   p   |  df  |  l   |   fot  |   tot  |  rot | lsp  |   pf  |    s  |                |
+---+-----+-------+---+-----+-----+--------+--------+---------+------+------+-------+------+------+--------+--------+------+------+-------+-------+----------------+
|  0|17.65|30214.7|  1| 0.00| 0.00|   0.000|   0.000|    0.000|   0.0|   0.0|    0.0| 0.000|   0.0|   0.000|   0.000|  0.00|   0.0|    0.0|    0.0|                |
|  0|17.65|30226.2|  1| 8.31| 9.13|  71.596|  48.650| 2593.024|  93.0|  -0.2| 2722.9| 0.000|   0.0|  56.831|  44.659|205.59|   0.0|    0.0|    0.0|F2              |
|  0|17.65|30237.9|  1| 0.00| 0.00|   0.000|   0.000|    0.000|   0.0|   0.0|    0.0| 0.000|   0.0|   0.000|   0.000|  0.00|   0.0|    0.0|    0.0|                |
|  0|17.65|30249.6|  1| 0.00| 0.00|   0.000|   0.000|    0.000|   0.0|   0.0|    0.0| 0.000|   0.0|   0.000|   0.000|  0.00|   0.0|    0.0|    0.0|                |
|  0|17.65|30261.4|  1| 0.00| 0.00|   0.000|   0.000|    0.000|   0.0|   0.0|    0.0| 0.000|   0.0|   0.000|   0.000|  0.00|   0.0|    0.0|    0.0|                |
|  0|17.65|30272.9|  1| 0.00| 0.00|   0.000|   0.000|    0.000|   0.0|   0.0|    0.0| 0.000|   0.0|   0.000|   0.000|  0.00|   0.0|    0.0|    0.0|                |
|  0|17.65|30284.7|  1| 8.70| 9.60|  72.523|  48.791| 2669.630|  92.6|  -0.2| 2811.6| 0.000|   0.0|  57.886|  44.774|209.63|   0.0|    0.0|    0.0|F2              |
|  0|17.65|30296.2|  1| 8.37| 9.21|  71.596|  48.737| 2597.169|  93.2|  -0.2| 2728.3| 0.000|   0.0|  57.676|  44.869|205.36|   0.0|    0.0|    0.0|F2              |
|  0|17.65|30307.7|  1| 8.72| 9.64|  72.343|  48.997| 2666.089|  93.2|  -0.2| 2808.2| 0.000|   0.0|  57.798|  44.893|209.67|   0.0|    0.0|    0.0|F2              |
|  0|17.65|30319.1|  1| 8.16| 8.96|  71.495|  48.573| 2581.745|  92.9|  -0.2| 2708.5| 0.000|   0.0|  57.556|  44.778|203.57|   0.0|    0.0|    0.0|F2              |
|  0|17.65|30330.6|  1| 8.33| 9.15|  71.648|  48.624| 2595.634|  92.9|  -0.2| 2726.0| 0.000|   0.0|  56.975|  44.664|205.77|   0.0|    0.0|    0.0|F2              |
|  0|17.65|30342.3|  1| 0.00| 0.00|   0.000|   0.000|    0.000|   0.0|   0.0|    0.0| 0.000|   0.0|   0.000|   0.000|  0.00|   0.0|    0.0|    0.0|                |
|  0|17.65|30354.0|  1| 7.97| 8.74|  71.428|  48.510| 2573.702|  92.8|  -0.2| 2697.2| 0.000|   0.0|  56.809|  44.613|202.75|   0.0|    0.0|    0.0|F2              |
|  0|17.65|30365.8|  1| 7.39| 8.08|  71.810|  48.126| 2584.570|  91.6|  -0.2| 2700.8| 0.000|   0.0|  57.289|  44.444|198.75|   0.0|    0.0|    0.0|F2              |
|  0|17.65|30377.5|  1| 8.23| 9.04|  71.478|  48.653| 2584.318|  93.1|  -0.2| 2712.3| 0.000|   0.0|  56.855|  44.685|204.80|   0.0|    0.0|    0.0|F2              |
|  0|17.65|30389.0|  1| 7.91| 8.68|  71.378|  48.536| 2571.145|  92.9|  -0.2| 2693.6| 0.000|   0.0|  56.912|  44.654|202.21|   0.0|    0.0|    0.0|F2              |
|  0|17.65|30400.6|  1| 6.78| 7.49|  71.673|  48.744| 2603.308|  93.1|  -0.2| 2713.2| 0.000|   0.0|  57.248|  44.766|194.91|   0.0|    0.0|    0.0|F2              |
|  0|17.65|30412.0|  1| 7.51| 8.24|  71.410|  48.510| 2572.313|  92.8|  -0.2| 2689.4| 0.000|   0.0|  56.771|  44.607|199.48|   0.0|    0.0|    0.0|F2              |
|  0|17.65|30423.6|  1| 6.85| 7.55|  71.773|  48.558| 2601.964|  92.6|  -0.2| 2712.6| 0.000|   0.0|  57.227|  44.652|195.44|   0.0|    0.0|    0.0|F2              |
|  0|17.65|30435.2|  1| 0.00| 0.00|   0.000|   0.000|    0.000|   0.0|   0.0|    0.0| 0.000|   0.0|   0.000|   0.000|  0.00|   0.0|    0.0|    0.0|                |
+---+-----+-------+---+-----+-----+--------+--------+---------+------+------+-------+------+------+--------+--------+------+------+-------+-------+----------------+
+---+-----+-------+---+-----+-----+--------+--------+---------+------+------+-------+------+------+--------+--------+------+------+-------+-------+----------------+
|0-x| fr  |  time |hop| d0  | d1  |   fi   |  teta  |   dist  |  at  |  dev |   p   |  df  |  l   |   fot  |   tot  |  rot | lsp  |   pf  |    s  |                |
+---+-----+-------+---+-----+-----+--------+--------+---------+------+------+-------+------+------+--------+--------+------+------+-------+-------+----------------+
|  0|17.65|30446.8|  1| 9.11|10.35|  77.297|  50.762| 3130.171|  92.7|  -0.4| 3319.6| 0.000|   0.0|  60.236|  45.338|217.39|   0.0|    0.0|    0.0|F2              |
|  0|17.65|30458.3|  1| 7.57| 8.30|  71.396|  48.504| 2571.006|  92.8|  -0.2| 2688.8| 0.000|   0.0|  56.716|  44.596|199.87|   0.0|    0.0|    0.0|F2              |
|  0|17.65|30470.0|  1| 8.62| 9.50|  72.156|  48.796| 2642.230|  92.9|  -0.2| 2780.7| 0.000|   0.0|  57.919|  44.849|208.21|   0.0|    0.0|    0.0|F2              |
|  0|17.65|30481.4|  1| 0.00| 0.00|   0.000|   0.000|    0.000|   0.0|   0.0|    0.0| 0.000|   0.0|   0.000|   0.000|  0.00|   0.0|    0.0|    0.0|                |
|  0|17.65|30493.1|  1| 0.00| 0.00|   0.000|   0.000|    0.000|   0.0|   0.0|    0.0| 0.000|   0.0|   0.000|   0.000|  0.00|   0.0|    0.0|    0.0|                |
|  0|17.65|30505.0|  1| 0.00| 0.00|   0.000|   0.000|    0.000|   0.0|   0.0|    0.0| 0.000|   0.0|   0.000|   0.000|  0.00|   0.0|    0.0|    0.0|                |
|  0|17.65|30516.7|  1| 0.00| 0.00|   0.000|   0.000|    0.000|   0.0|   0.0|    0.0| 0.000|   0.0|   0.000|   0.000|  0.00|   0.0|    0.0|    0.0|                |
|  0|17.65|30528.2|  1| 7.68| 8.32|  72.394|  47.441| 2598.087|  89.6|  -0.2| 2718.9| 0.000|   0.0|  57.068|  43.979|201.46|   0.0|    0.0|    0.0|F2              |
|  0|17.65|30528.2|  1| 0.00| 0.00|   0.000|   0.000|    0.000|   0.0|   0.0|    0.0| 0.000|   0.0|   0.000|   0.000|  0.00|   0.0|    0.0|    0.0|                |
|  0|17.65|30540.0|  1| 0.00| 0.00|   0.000|   0.000|    0.000|   0.0|   0.0|    0.0| 0.000|   0.0|   0.000|   0.000|  0.00|   0.0|    0.0|    0.0|                |
|  0|17.65|30551.6|  1| 0.00| 0.00|   0.000|   0.000|    0.000|   0.0|   0.0|    0.0| 0.000|   0.0|   0.000|   0.000|  0.00|   0.0|    0.0|    0.0|                |
|  0|17.65|30563.3|  1| 0.00| 0.00|   0.000|   0.000|    0.000|   0.0|   0.0|    0.0| 0.000|   0.0|   0.000|   0.000|  0.00|   0.0|    0.0|    0.0|                |
|  0|17.65|30574.9|  1| 9.07|10.20|  75.868|  50.078| 2986.257|  92.6|  -0.3| 3161.9| 0.000|   0.0|  59.798|  45.190|216.07|   0.0|    0.0|    0.0|F2              |
|  0|17.65|30586.4|  1| 0.00| 0.00|   0.000|   0.000|    0.000|   0.0|   0.0|    0.0| 0.000|   0.0|   0.000|   0.000|  0.00|   0.0|    0.0|    0.0|                |
|  0|17.65|30598.2|  1| 0.00| 0.00|   0.000|   0.000|    0.000|   0.0|   0.0|    0.0| 0.000|   0.0|   0.000|   0.000|  0.00|   0.0|    0.0|    0.0|                |
+==============================================================================+
|   Medium characteristics Sunspot number=   0.0 IG= -11.5   GMT time:08:29    |
|------------------------------------------------------------------------------|
|   S   | fh |  I  |   D  | fd |  hd | fe |  he | ff1 | hf1 | ff2 | hf2 |   Hi |
|-------+----+-----+------+----+-----+----+-----+-----+-----+-----+-----+------|
|    0.0|1.25| 58.8|   3.1|0.18| 81.1|2.72|110.0| 0.00|  0.0| 5.32|223.1|  63.9|
+==============================================================================+

+==================================+
|       Es-layer parametres        |
|----------------------------------|
|   S   | hEs | fbEs | f0Es | P Es |
|-------+-----+------+------+------|
|    0.0|108.1| 3.02 | 3.46 | 66.5 |
+==================================+

|  0|17.65|30609.7|  1| 0.00| 0.00|   0.000|   0.000|    0.000|   0.0|   0.0|    0.0| 0.000|   0.0|   0.000|   0.000|  0.00|   0.0|    0.0|    0.0|                |
|  0|17.65|30621.3|  1| 0.00| 0.00|   0.000|   0.000|    0.000|   0.0|   0.0|    0.0| 0.000|   0.0|   0.000|   0.000|  0.00|   0.0|    0.0|    0.0|                |
|  0|17.65|30633.0|  1| 7.18| 7.87|  71.640|  48.419| 2585.372|  92.4|  -0.2| 2698.9| 0.000|   0.0|  57.177|  44.598|197.29|   0.0|    0.0|    0.0|F2              |
|  0|17.65|30644.8|  1| 9.02|10.15|  71.257|  51.056| 2693.024|  98.6|  -0.2| 2842.9| 0.000|   0.0|  57.351|  46.032|211.72|   0.0|    0.0|    0.0|F2              |
|  0|17.65|30644.8|  1| 9.09|10.25|  76.825|  50.406| 3075.596|  92.4|  -0.4| 3259.4| 0.000|   0.0|  60.080|  45.226|216.85|   0.0|    0.0|    0.0|F2              |
+---+-----+-------+---+-----+-----+--------+--------+---------+------+------+-------+------+------+--------+--------+------+------+-------+-------+----------------+
+---+-----+-------+---+-----+-----+--------+--------+---------+------+------+-------+------+------+--------+--------+------+------+-------+-------+----------------+
|0-x| fr  |  time |hop| d0  | d1  |   fi   |  teta  |   dist  |  at  |  dev |   p   |  df  |  l   |   fot  |   tot  |  rot | lsp  |   pf  |    s  |                |
+---+-----+-------+---+-----+-----+--------+--------+---------+------+------+-------+------+------+--------+--------+------+------+-------+-------+----------------+
|  0|17.65|30656.6|  1| 8.88| 9.84|  73.292|  49.152| 2745.186|  92.7|  -0.3| 2896.4| 0.000|   0.0|  57.887|  44.819|212.21|   0.0|    0.0|    0.0|F2              |
|  0|17.65|30668.1|  1| 0.00| 0.00|   0.000|   0.000|    0.000|   0.0|   0.0|    0.0| 0.000|   0.0|   0.000|   0.000|  0.00|   0.0|    0.0|    0.0|                |
|  0|17.65|30679.7|  1| 0.00| 0.00|   0.000|   0.000|    0.000|   0.0|   0.0|    0.0| 0.000|   0.0|   0.000|   0.000|  0.00|   0.0|    0.0|    0.0|                |
|  0|17.65|30691.4|  1| 8.39| 9.21|  71.683|  48.676| 2600.814|  93.0|  -0.2| 2732.4| 0.000|   0.0|  57.629|  44.814|205.67|   0.0|    0.0|    0.0|F2              |
|  0|17.65|30703.1|  1| 0.00| 0.00|   0.000|   0.000|    0.000|   0.0|   0.0|    0.0| 0.000|   0.0|   0.000|   0.000|  0.00|   0.0|    0.0|    0.0|                |
|  0|17.65|30714.5|  1| 8.26| 9.05|  71.608|  48.564| 2589.785|  92.8|  -0.2| 2718.5| 0.000|   0.0|  57.496|  44.744|204.62|   0.0|    0.0|    0.0|F2              |
|  0|17.65|30726.2|  1| 4.63| 5.33|  74.199|  49.420| 2826.872|  92.6|  -0.1| 2925.3| 0.000|   0.0|  58.872|  44.962|185.70|   0.0|    0.0|    0.0|F2              |
|  0|17.65|30738.0|  1| 6.94| 7.63|  71.647|  48.598| 2594.349|  92.8|  -0.2| 2705.5| 0.000|   0.0|  57.370|  44.723|195.61|   0.0|    0.0|    0.0|F2              |
|  0|17.65|30749.6|  1| 6.09| 6.76|  72.343|  48.857| 2659.235|  92.8|  -0.2| 2764.3| 0.000|   0.0|  57.990|  44.849|190.90|   0.0|    0.0|    0.0|F2              |
|  0|17.65|30761.2|  1| 8.54| 9.38|  71.983|  48.734| 2626.151|  92.9|  -0.2| 2761.9| 0.000|   0.0|  57.722|  44.810|207.37|   0.0|    0.0|    0.0|F2              |
|  0|17.65|30772.8|  1| 0.00| 0.00|   0.000|   0.000|    0.000|   0.0|   0.0|    0.0| 0.000|   0.0|   0.000|   0.000|  0.00|   0.0|    0.0|    0.0|                |
|  0|17.65|30784.4|  1| 0.00| 0.00|   0.000|   0.000|    0.000|   0.0|   0.0|    0.0| 0.000|   0.0|   0.000|   0.000|  0.00|   0.0|    0.0|    0.0|                |
|  0|17.65|30784.4|  1| 0.00| 0.00|   0.000|   0.000|    0.000|   0.0|   0.0|    0.0| 0.000|   0.0|   0.000|   0.000|  0.00|   0.0|    0.0|    0.0|                |
|  0|17.65|30784.4|  1| 1.82| 3.09|  77.662|  52.119| 3233.196|  94.9|  -0.1| 3325.5| 0.000|   0.0|  61.803|  46.280|177.78|   0.0|    0.0|    0.0|F2              |
|  0|17.65|30784.4|  1| 5.44| 6.16|  72.681|  49.540| 2718.654|  94.1|  -0.1| 2819.9| 0.000|   0.0|  58.065|  45.144|188.36|   0.0|    0.0|    0.0|F2              |
|  0|17.65|30784.4|  1| 0.00| 0.00|   0.000|   0.000|    0.000|   0.0|   0.0|    0.0| 0.000|   0.0|   0.000|   0.000|  0.00|   0.0|    0.0|    0.0|                |
|  0|17.65|30784.4|  1| 8.60| 9.46|  72.084|  48.813| 2637.621|  93.0|  -0.2| 2775.3| 0.000|   0.0|  57.662|  44.820|208.15|   0.0|    0.0|    0.0|F2              |
|  0|17.65|30795.6|  1| 8.47| 9.30|  71.778|  48.751| 2611.533|  93.1|  -0.2| 2745.1| 0.000|   0.0|  57.561|  44.823|206.60|   0.0|    0.0|    0.0|F2              |
|  0|17.65|30807.2|  1| 5.30| 5.97|  73.284|  49.117| 2742.862|  92.7|  -0.1| 2843.8| 0.000|   0.0|  58.561|  44.920|187.56|   0.0|    0.0|    0.0|F2              |
|  0|17.65|30819.0|  1| 0.00| 0.00|   0.000|   0.000|    0.000|   0.0|   0.0|    0.0| 0.000|   0.0|   0.000|   0.000|  0.00|   0.0|    0.0|    0.0|                |
+---+-----+-------+---+-----+-----+--------+--------+---------+------+------+-------+------+------+--------+--------+------+------+-------+-------+----------------+
+---+-----+-------+---+-----+-----+--------+--------+---------+------+------+-------+------+------+--------+--------+------+------+-------+-------+----------------+
|0-x| fr  |  time |hop| d0  | d1  |   fi   |  teta  |   dist  |  at  |  dev |   p   |  df  |  l   |   fot  |   tot  |  rot | lsp  |   pf  |    s  |                |
+---+-----+-------+---+-----+-----+--------+--------+---------+------+------+-------+------+------+--------+--------+------+------+-------+-------+----------------+
|  0|17.65|30830.4|  1| 7.60| 8.32|  71.355|  48.530| 2569.131|  92.9|  -0.2| 2687.1| 0.000|   0.0|  56.696|  44.613|200.00|   0.0|    0.0|    0.0|F2              |
|  0|17.65|30842.1|  1| 7.01| 7.70|  71.543|  48.648| 2588.937|  93.0|  -0.2| 2700.6| 0.000|   0.0|  57.264|  44.746|196.02|   0.0|    0.0|    0.0|F2              |
|  0|17.65|30853.8|  1| 7.75| 8.48|  71.412|  48.460| 2570.145|  92.7|  -0.2| 2690.1| 0.000|   0.0|  57.023|  44.632|200.94|   0.0|    0.0|    0.0|F2              |
|  0|17.65|30865.3|  1| 6.54| 7.21|  71.932|  48.703| 2620.893|  92.8|  -0.2| 2728.8| 0.000|   0.0|  57.503|  44.750|193.51|   0.0|    0.0|    0.0|F2              |
|  0|17.65|30876.9|  1| 9.01|10.04|  74.503|  49.743| 2866.179|  93.0|  -0.3| 3030.0| 0.000|   0.0|  58.913|  45.100|214.36|   0.0|    0.0|    0.0|F2              |
|  0|17.65|30888.4|  1| 8.20| 8.61|  74.590|  45.908| 2701.292|  84.6|  -0.3| 2836.0| 0.000|   0.0|  58.855|  43.132|206.93|   0.0|    0.0|    0.0|F2              |
|  0|17.65|30888.4|  1| 8.53| 9.14|  74.272|  47.010| 2721.307|  87.3|  -0.3| 2863.4| 0.000|   0.0|  58.656|  43.719|209.58|   0.0|    0.0|    0.0|F2              |
|  0|17.65|30888.4|  1| 9.06|10.15|  75.772|  50.136| 2982.035|  92.7|  -0.4| 3156.8| 0.000|   0.0|  59.782|  45.237|215.70|   0.0|    0.0|    0.0|F2              |
|  0|17.65|30888.4|  1| 0.00| 0.00|   0.000|   0.000|    0.000|   0.0|   0.0|    0.0| 0.000|   0.0|   0.000|   0.000|  0.00|   0.0|    0.0|    0.0|                |
|  0|17.65|30900.0|  1| 7.97| 8.71|  71.523|  48.407| 2575.964|  92.5|  -0.2| 2699.4| 0.000|   0.0|  56.833|  44.553|202.76|   0.0|    0.0|    0.0|F2              |
|  0|17.65|30911.7|  1| 5.58| 6.25|  72.883|  49.058| 2709.727|  92.8|  -0.2| 2811.9| 0.000|   0.0|  58.324|  44.918|188.66|   0.0|    0.0|    0.0|F2              |
|  0|17.65|30923.1|  1| 7.60| 8.32|  71.355|  48.529| 2569.071|  92.9|  -0.2| 2687.0| 0.000|   0.0|  56.696|  44.613|199.99|   0.0|    0.0|    0.0|F2              |
|  0|17.65|30935.0|  1| 0.00| 0.00|   0.000|   0.000|    0.000|   0.0|   0.0|    0.0| 0.000|   0.0|   0.000|   0.000|  0.00|   0.0|    0.0|    0.0|                |
|  0|17.65|30935.0|  1| 0.00| 0.00|   0.000|   0.000|    0.000|   0.0|   0.0|    0.0| 0.000|   0.0|   0.000|   0.000|  0.00|   0.0|    0.0|    0.0|                |
|  0|17.65|30946.6|  1| 7.34| 8.04|  71.386|  48.587| 2574.167|  93.0|  -0.2| 2689.0| 0.000|   0.0|  57.145|  44.722|198.00|   0.0|    0.0|    0.0|F2              |
|  0|17.65|30958.3|  1| 0.00| 0.00|   0.000|   0.000|    0.000|   0.0|   0.0|    0.0| 0.000|   0.0|   0.000|   0.000|  0.00|   0.0|    0.0|    0.0|                |
|  0|17.65|30969.4|  1| 0.00| 0.00|   0.000|   0.000|    0.000|   0.0|   0.0|    0.0| 0.000|   0.0|   0.000|   0.000|  0.00|   0.0|    0.0|    0.0|                |
|  0|17.65|30981.1|  1| 8.82| 9.73|  72.913|  49.103| 2714.203|  92.9|  -0.3| 2861.6| 0.000|   0.0|  58.006|  44.888|211.04|   0.0|    0.0|    0.0|F2              |
|  0|17.65|30992.5|  1| 7.85| 8.59|  71.328|  48.558| 2568.456|  93.0|  -0.2| 2689.7| 0.000|   0.0|  56.757|  44.645|201.70|   0.0|    0.0|    0.0|F2              |
|  0|17.65|31004.3|  1| 7.50| 8.21|  71.371|  48.535| 2570.569|  92.9|  -0.2| 2687.3| 0.000|   0.0|  56.998|  44.671|199.19|   0.0|    0.0|    0.0|F2              |
+---+-----+-------+---+-----+-----+--------+--------+---------+------+------+-------+------+------+--------+--------+------+------+-------+-------+----------------+
+---+-----+-------+---+-----+-----+--------+--------+---------+------+------+-------+------+------+--------+--------+------+------+-------+-------+----------------+
|0-x| fr  |  time |hop| d0  | d1  |   fi   |  teta  |   dist  |  at  |  dev |   p   |  df  |  l   |   fot  |   tot  |  rot | lsp  |   pf  |    s  |                |
+---+-----+-------+---+-----+-----+--------+--------+---------+------+------+-------+------+------+--------+--------+------+------+-------+-------+----------------+
|  0|17.65|31015.9|  1| 7.25| 7.95|  71.357|  48.665| 2575.752|  93.2|  -0.2| 2689.6| 0.000|   0.0|  57.025|  44.742|197.52|   0.0|    0.0|    0.0|F2              |
|  0|17.65|31027.5|  1| 8.00| 8.75|  71.339|  48.603| 2571.360|  93.1|  -0.2| 2694.9| 0.000|   0.0|  56.775|  44.670|202.81|   0.0|    0.0|    0.0|F2              |
|  0|17.65|31039.1|  1| 7.55| 8.27|  71.297|  48.595| 2567.893|  93.1|  -0.2| 2685.1| 0.000|   0.0|  56.760|  44.668|199.58|   0.0|    0.0|    0.0|F2              |
|  0|17.65|31051.0|  1| 7.74| 8.47|  71.284|  48.588| 2566.557|  93.1|  -0.2| 2686.2| 0.000|   0.0|  57.510|  44.815|199.90|   0.0|    0.0|    0.0|F2              |
|  0|17.65|31062.7|  1| 7.79| 8.53|  71.255|  48.620| 2565.884|  93.2|  -0.2| 2686.1| 0.000|   0.0|  56.938|  44.723|201.09|   0.0|    0.0|    0.0|F2              |
|  0|17.65|31074.3|  1| 0.00| 0.00|   0.000|   0.000|    0.000|   0.0|   0.0|    0.0| 0.000|   0.0|   0.000|   0.000|  0.00|   0.0|    0.0|    0.0|                |
|  0|17.65|31085.9|  1| 0.00| 0.00|   0.000|   0.000|    0.000|   0.0|   0.0|    0.0| 0.000|   0.0|   0.000|   0.000|  0.00|   0.0|    0.0|    0.0|                |
|  0|17.65|31097.4|  1| 6.81| 7.48|  71.693|  48.657| 2600.650|  92.9|  -0.2| 2710.6| 0.000|   0.0|  57.509|  44.773|194.64|   0.0|    0.0|    0.0|F2              |
|  0|17.65|31109.0|  1| 7.85| 8.59|  71.231|  48.654| 2565.680|  93.3|  -0.2| 2686.7| 0.000|   0.0|  56.905|  44.738|201.52|   0.0|    0.0|    0.0|F2              |
|  0|17.65|31120.7|  1| 9.12|10.51|  83.109|  53.638| 3732.291|  92.9|  -0.6| 3973.7| 0.000|   0.0|  61.459|  45.729|217.94|   0.0|    0.0|    0.0|F2              |
|  0|17.65|31132.5|  1| 7.69| 8.41|  71.283|  48.587| 2566.447|  93.1|  -0.2| 2685.3| 0.000|   0.0|  57.045|  44.723|200.30|   0.0|    0.0|    0.0|F2              |
|  0|17.65|31143.9|  1| 7.57| 8.28|  71.294|  48.593| 2567.546|  93.1|  -0.2| 2684.9| 0.000|   0.0|  56.694|  44.655|199.72|   0.0|    0.0|    0.0|F2              |
|  0|17.65|31155.5|  1| 5.28| 5.95|  73.169|  49.258| 2741.177|  93.0|  -0.2| 2841.8| 0.000|   0.0|  58.336|  44.968|187.79|   0.0|    0.0|    0.0|F2              |
|  0|17.65|31167.0|  1| 7.29| 7.99|  71.369|  48.624| 2574.679|  93.1|  -0.2| 2688.9| 0.000|   0.0|  57.045|  44.724|197.76|   0.0|    0.0|    0.0|F2              |
|  0|17.65|31178.7|  1| 6.37| 7.03|  72.005|  48.817| 2631.844|  93.0|  -0.2| 2738.4| 0.000|   0.0|  57.657|  44.826|192.44|   0.0|    0.0|    0.0|F2              |
|  0|17.65|31190.6|  1| 7.33| 8.03|  71.323|  48.650| 2572.461|  93.2|  -0.2| 2687.1| 0.000|   0.0|  56.962|  44.729|198.03|   0.0|    0.0|    0.0|F2              |
|  0|17.65|31201.9|  1| 6.86| 7.54|  71.595|  48.709| 2595.803|  93.1|  -0.2| 2706.0| 0.000|   0.0|  57.125|  44.741|195.34|   0.0|    0.0|    0.0|F2              |
|  0|17.65|31213.5|  1| 9.02|10.04|  74.693|  49.959| 2891.599|  93.3|  -0.3| 3057.6| 0.000|   0.0|  58.713|  45.129|214.53|   0.0|    0.0|    0.0|F2              |
|  0|17.65|31225.0|  1| 8.20| 8.97|  71.395|  48.704| 2580.440|  93.3|  -0.2| 2707.5| 0.000|   0.0|  57.507|  44.857|203.66|   0.0|    0.0|    0.0|F2              |
|  0|17.65|31237.0|  1| 5.79| 6.45|  72.577|  49.032| 2685.439|  93.0|  -0.2| 2788.5| 0.000|   0.0|  58.247|  44.948|189.21|   0.0|    0.0|    0.0|F2              |
+---+-----+-------+---+-----+-----+--------+--------+---------+------+------+-------+------+------+--------+--------+------+------+-------+-------+----------------+
+---+-----+-------+---+-----+-----+--------+--------+---------+------+------+-------+------+------+--------+--------+------+------+-------+-------+----------------+
|0-x| fr  |  time |hop| d0  | d1  |   fi   |  teta  |   dist  |  at  |  dev |   p   |  df  |  l   |   fot  |   tot  |  rot | lsp  |   pf  |    s  |                |
+---+-----+-------+---+-----+-----+--------+--------+---------+------+------+-------+------+------+--------+--------+------+------+-------+-------+----------------+
|  0|17.65|31248.8|  1| 8.11| 8.88|  71.263|  48.746| 2572.549|  93.5|  -0.2| 2697.7| 0.000|   0.0|  56.671|  44.734|203.56|   0.0|    0.0|    0.0|F2              |
|  0|17.65|31260.6|  1| 8.65| 9.49|  72.235|  48.904| 2653.417|  93.0|  -0.3| 2792.9| 0.000|   0.0|  57.863|  44.882|208.51|   0.0|    0.0|    0.0|F2              |
|  0|17.65|31272.3|  1| 8.74| 9.61|  72.469|  49.077| 2679.483|  93.2|  -0.3| 2822.6| 0.000|   0.0|  57.812|  44.917|209.76|   0.0|    0.0|    0.0|F2              |
|  0|17.65|31283.9|  1| 0.00| 0.00|   0.000|   0.000|    0.000|   0.0|   0.0|    0.0| 0.000|   0.0|   0.000|   0.000|  0.00|   0.0|    0.0|    0.0|                |
|  0|17.65|31295.5|  1| 0.00| 0.00|   0.000|   0.000|    0.000|   0.0|   0.0|    0.0| 0.000|   0.0|   0.000|   0.000|  0.00|   0.0|    0.0|    0.0|                |
|  0|17.65|31307.2|  1| 8.40| 9.18|  71.736|  48.688| 2605.371|  93.0|  -0.2| 2737.2| 0.000|   0.0|  57.625|  44.813|205.73|   0.0|    0.0|    0.0|F2              |
|  0|17.65|31318.6|  1| 0.00| 0.00|   0.000|   0.000|    0.000|   0.0|   0.0|    0.0| 0.000|   0.0|   0.000|   0.000|  0.00|   0.0|    0.0|    0.0|                |
|  0|17.65|31318.6|  1| 7.71| 8.42|  71.315|  48.553| 2567.201|  93.0|  -0.2| 2686.4| 0.000|   0.0|  56.873|  44.668|200.60|   0.0|    0.0|    0.0|F2              |
|  0|17.65|31330.2|  1| 8.31| 9.09|  71.575|  48.677| 2592.750|  93.1|  -0.2| 2722.3| 0.000|   0.0|  56.825|  44.678|205.39|   0.0|    0.0|    0.0|F2              |
|  0|17.65|31341.7|  1| 0.00| 0.00|   0.000|   0.000|    0.000|   0.0|   0.0|    0.0| 0.000|   0.0|   0.000|   0.000|  0.00|   0.0|    0.0|    0.0|                |
|  0|17.65|31341.7|  1| 8.62| 9.44|  72.201|  48.847| 2648.031|  92.9|  -0.3| 2786.6| 0.000|   0.0|  57.456|  44.779|208.51|   0.0|    0.0|    0.0|F2              |
|  0|17.65|31353.5|  1| 7.03| 7.70|  71.551|  48.602| 2587.291|  92.9|  -0.2| 2699.0| 0.000|   0.0|  57.292|  44.730|196.06|   0.0|    0.0|    0.0|F2              |
|  0|17.65|31364.9|  1| 0.00| 0.00|   0.000|   0.000|    0.000|   0.0|   0.0|    0.0| 0.000|   0.0|   0.000|   0.000|  0.00|   0.0|    0.0|    0.0|                |
|  0|17.65|31364.9|  1| 8.43| 9.20|  71.937|  48.580| 2615.333|  92.6|  -0.2| 2748.3| 0.000|   0.0|  57.819|  44.761|206.00|   0.0|    0.0|    0.0|F2              |
|  0|17.65|31376.6|  1| 7.48| 8.16|  71.435|  48.467| 2572.225|  92.7|  -0.2| 2688.7| 0.000|   0.0|  57.022|  44.633|199.07|   0.0|    0.0|    0.0|F2              |
|  0|17.65|31388.0|  1| 8.72| 9.56|  72.586|  48.936| 2681.409|  92.8|  -0.3| 2824.2| 0.000|   0.0|  57.826|  44.829|209.67|   0.0|    0.0|    0.0|F2              |
|  0|17.65|31399.4|  1| 0.00| 0.00|   0.000|   0.000|    0.000|   0.0|   0.0|    0.0| 0.000|   0.0|   0.000|   0.000|  0.00|   0.0|    0.0|    0.0|                |
|  0|17.65|31399.4|  1| 7.48| 8.17|  71.372|  48.532| 2570.497|  92.9|  -0.2| 2686.8| 0.000|   0.0|  57.007|  44.673|199.01|   0.0|    0.0|    0.0|F2              |
|  0|17.65|31411.2|  1| 6.30| 6.94|  72.151|  48.735| 2638.918|  92.7|  -0.2| 2745.0| 0.000|   0.0|  57.747|  44.776|192.10|   0.0|    0.0|    0.0|F2              |
|  0|17.65|31423.0|  1| 0.00| 0.00|   0.000|   0.000|    0.000|   0.0|   0.0|    0.0| 0.000|   0.0|   0.000|   0.000|  0.00|   0.0|    0.0|    0.0|                |
+---+-----+-------+---+-----+-----+--------+--------+---------+------+------+-------+------+------+--------+--------+------+------+-------+-------+----------------+
+---+-----+-------+---+-----+-----+--------+--------+---------+------+------+-------+------+------+--------+--------+------+------+-------+-------+----------------+
|0-x| fr  |  time |hop| d0  | d1  |   fi   |  teta  |   dist  |  at  |  dev |   p   |  df  |  l   |   fot  |   tot  |  rot | lsp  |   pf  |    s  |                |
+---+-----+-------+---+-----+-----+--------+--------+---------+------+------+-------+------+------+--------+--------+------+------+-------+-------+----------------+
|  0|17.65|31423.0|  1| 8.09| 8.83|  71.458|  48.552| 2577.950|  92.9|  -0.2| 2703.1| 0.000|   0.0|  57.470|  44.761|202.90|   0.0|    0.0|    0.0|F2              |
|  0|17.65|31434.9|  1| 7.05| 7.71|  71.570|  48.564| 2586.899|  92.8|  -0.2| 2698.8| 0.000|   0.0|  57.291|  44.707|196.20|   0.0|    0.0|    0.0|F2              |
|  0|17.65|31446.6|  1| 8.56| 9.37|  72.052|  48.794| 2634.284|  92.9|  -0.3| 2770.8| 0.000|   0.0|  57.536|  44.794|207.70|   0.0|    0.0|    0.0|F2              |
|  0|17.65|31458.1|  1| 0.00| 0.00|   0.000|   0.000|    0.000|   0.0|   0.0|    0.0| 0.000|   0.0|   0.000|   0.000|  0.00|   0.0|    0.0|    0.0|                |
|  0|17.65|31470.0|  1| 8.62| 9.47|  71.883|  49.090| 2636.006|  93.7|  -0.3| 2773.7| 0.000|   0.0|  57.615|  44.990|207.95|   0.0|    0.0|    0.0|F2              |
|  0|17.65|31470.0|  1| 5.65| 6.28|  72.849|  48.947| 2701.780|  92.6|  -0.2| 2804.1| 0.000|   0.0|  58.418|  44.890|188.56|   0.0|    0.0|    0.0|F2              |
|  0|17.65|31481.5|  1| 8.20| 8.94|  71.577|  48.546| 2586.648|  92.8|  -0.2| 2714.0| 0.000|   0.0|  57.549|  44.754|203.84|   0.0|    0.0|    0.0|F2              |
|  0|17.65|31493.1|  1| 7.47| 8.15|  71.406|  48.500| 2571.505|  92.8|  -0.2| 2687.7| 0.000|   0.0|  57.019|  44.653|198.96|   0.0|    0.0|    0.0|F2              |
|  0|17.65|31504.7|  1| 0.00| 0.00|   0.000|   0.000|    0.000|   0.0|   0.0|    0.0| 0.000|   0.0|   0.000|   0.000|  0.00|   0.0|    0.0|    0.0|                |
|  0|17.65|31504.7|  1| 8.39| 9.14|  71.920|  48.529| 2611.661|  92.4|  -0.3| 2743.7| 0.000|   0.0|  57.671|  44.710|205.82|   0.0|    0.0|    0.0|F2              |
|  0|17.65|31516.3|  1| 0.00| 0.00|   0.000|   0.000|    0.000|   0.0|   0.0|    0.0| 0.000|   0.0|   0.000|   0.000|  0.00|   0.0|    0.0|    0.0|                |
|  0|17.65|31516.3|  1| 8.66| 9.44|  72.783|  48.597| 2679.948|  91.9|  -0.3| 2821.4| 0.000|   0.0|  57.494|  44.564|209.45|   0.0|    0.0|    0.0|F2              |
|  0|17.65|31528.2|  1| 0.00| 0.00|   0.000|   0.000|    0.000|   0.0|   0.0|    0.0| 0.000|   0.0|   0.000|   0.000|  0.00|   0.0|    0.0|    0.0|                |
|  0|17.65|31528.2|  1| 7.12| 7.77|  71.594|  48.483| 2584.942|  92.6|  -0.2| 2697.5| 0.000|   0.0|  57.218|  44.649|196.73|   0.0|    0.0|    0.0|F2              |
|  0|17.65|31540.0|  1| 0.00| 0.00|   0.000|   0.000|    0.000|   0.0|   0.0|    0.0| 0.000|   0.0|   0.000|   0.000|  0.00|   0.0|    0.0|    0.0|                |
|  0|17.65|31540.0|  1| 7.13| 7.77|  71.653|  48.415| 2586.153|  92.4|  -0.2| 2698.9| 0.000|   0.0|  57.460|  44.651|196.49|   0.0|    0.0|    0.0|F2              |
|  0|17.65|31551.5|  1| 6.51| 7.13|  72.093|  48.532| 2624.798|  92.3|  -0.2| 2732.4| 0.000|   0.0|  57.531|  44.644|193.46|   0.0|    0.0|    0.0|F2              |
|  0|17.65|31563.1|  1| 0.00| 0.00|   0.000|   0.000|    0.000|   0.0|   0.0|    0.0| 0.000|   0.0|   0.000|   0.000|  0.00|   0.0|    0.0|    0.0|                |
|  0|17.65|31563.1|  1| 6.43| 7.04|  72.222|  48.489| 2632.559|  92.1|  -0.2| 2739.7| 0.000|   0.0|  57.702|  44.632|192.93|   0.0|    0.0|    0.0|F2              |
|  0|17.65|31574.6|  1| 0.00| 0.00|   0.000|   0.000|    0.000|   0.0|   0.0|    0.0| 0.000|   0.0|   0.000|   0.000|  0.00|   0.0|    0.0|    0.0|                |
+---+-----+-------+---+-----+-----+--------+--------+---------+------+------+-------+------+------+--------+--------+------+------+-------+-------+----------------+
+---+-----+-------+---+-----+-----+--------+--------+---------+------+------+-------+------+------+--------+--------+------+------+-------+-------+----------------+
|0-x| fr  |  time |hop| d0  | d1  |   fi   |  teta  |   dist  |  at  |  dev |   p   |  df  |  l   |   fot  |   tot  |  rot | lsp  |   pf  |    s  |                |
+---+-----+-------+---+-----+-----+--------+--------+---------+------+------+-------+------+------+--------+--------+------+------+-------+-------+----------------+
|  0|17.65|31574.6|  1| 7.79| 8.47|  71.519|  48.359| 2573.387|  92.4|  -0.2| 2693.9| 0.000|   0.0|  56.770|  44.520|201.37|   0.0|    0.0|    0.0|F2              |
|  0|17.65|31586.2|  1| 0.00| 0.00|   0.000|   0.000|    0.000|   0.0|   0.0|    0.0| 0.000|   0.0|   0.000|   0.000|  0.00|   0.0|    0.0|    0.0|                |
|  0|17.65|31586.2|  1| 0.00| 0.00|   0.000|   0.000|    0.000|   0.0|   0.0|    0.0| 0.000|   0.0|   0.000|   0.000|  0.00|   0.0|    0.0|    0.0|                |
|  0|17.65|31586.2|  1| 8.89| 9.77|  73.766|  49.265| 2786.473|  92.6|  -0.3| 2940.7| 0.000|   0.0|  58.630|  44.944|212.20|   0.0|    0.0|    0.0|F2              |
|  0|17.65|31598.0|  1| 0.00| 0.00|   0.000|   0.000|    0.000|   0.0|   0.0|    0.0| 0.000|   0.0|   0.000|   0.000|  0.00|   0.0|    0.0|    0.0|                |
|  0|17.65|31598.0|  1| 7.28| 7.92|  71.619|  48.357| 2580.848|  92.3|  -0.2| 2695.1| 0.000|   0.0|  57.285|  44.596|197.66|   0.0|    0.0|    0.0|F2              |
|  0|17.65|31609.8|  1| 0.00| 0.00|   0.000|   0.000|    0.000|   0.0|   0.0|    0.0| 0.000|   0.0|   0.000|   0.000|  0.00|   0.0|    0.0|    0.0|                |
|  0|17.65|31609.8|  1| 0.00| 0.00|   0.000|   0.000|    0.000|   0.0|   0.0|    0.0| 0.000|   0.0|   0.000|   0.000|  0.00|   0.0|    0.0|    0.0|                |
|  0|17.65|31609.8|  1| 7.72| 8.39|  71.481|  48.390| 2572.018|  92.5|  -0.2| 2691.5| 0.000|   0.0|  57.080|  44.599|200.66|   0.0|    0.0|    0.0|F2              |
|  0|17.65|31621.4|  1| 0.00| 0.00|   0.000|   0.000|    0.000|   0.0|   0.0|    0.0| 0.000|   0.0|   0.000|   0.000|  0.00|   0.0|    0.0|    0.0|                |
|  0|17.65|31621.4|  1| 7.55| 8.21|  71.519|  48.362| 2573.545|  92.4|  -0.2| 2690.9| 0.000|   0.0|  56.987|  44.561|199.62|   0.0|    0.0|    0.0|F2              |
|  0|17.65|31633.0|  1| 7.11| 7.73|  71.789|  48.287| 2590.368|  92.0|  -0.2| 2703.1| 0.000|   0.0|  57.501|  44.571|196.49|   0.0|    0.0|    0.0|F2              |
|  0|17.65|31633.0|  1| 0.00| 0.00|   0.000|   0.000|    0.000|   0.0|   0.0|    0.0| 0.000|   0.0|   0.000|   0.000|  0.00|   0.0|    0.0|    0.0|                |
|  0|17.65|31644.8|  1| 0.00| 0.00|   0.000|   0.000|    0.000|   0.0|   0.0|    0.0| 0.000|   0.0|   0.000|   0.000|  0.00|   0.0|    0.0|    0.0|                |
|  0|17.65|31644.8|  1| 6.46| 7.05|  72.260|  48.412| 2631.719|  91.9|  -0.2| 2739.1| 0.000|   0.0|  57.906|  44.626|192.71|   0.0|    0.0|    0.0|F2              |
|  0|17.65|31656.4|  1| 8.62| 9.27|  73.633|  47.929| 2713.050|  89.8|  -0.3| 2855.9| 0.000|   0.0|  58.391|  44.249|209.57|   0.0|    0.0|    0.0|F2              |
|  0|17.65|31656.4|  1| 0.00| 0.00|   0.000|   0.000|    0.000|   0.0|   0.0|    0.0| 0.000|   0.0|   0.000|   0.000|  0.00|   0.0|    0.0|    0.0|                |
|  0|17.65|31656.4|  1| 6.38| 6.97|  72.298|  48.471| 2637.393|  92.0|  -0.2| 2744.1| 0.000|   0.0|  57.735|  44.616|192.70|   0.0|    0.0|    0.0|F2              |
|  0|17.65|31667.9|  1| 0.00| 0.00|   0.000|   0.000|    0.000|   0.0|   0.0|    0.0| 0.000|   0.0|   0.000|   0.000|  0.00|   0.0|    0.0|    0.0|                |
|  0|17.65|31667.9|  1| 7.84| 8.53|  71.463|  48.425| 2572.248|  92.6|  -0.2| 2693.4| 0.000|   0.0|  56.792|  44.567|201.66|   0.0|    0.0|    0.0|F2              |
+---+-----+-------+---+-----+-----+--------+--------+---------+------+------+-------+------+------+--------+--------+------+------+-------+-------+----------------+
+---+-----+-------+---+-----+-----+--------+--------+---------+------+------+-------+------+------+--------+--------+------+------+-------+-------+----------------+
|0-x| fr  |  time |hop| d0  | d1  |   fi   |  teta  |   dist  |  at  |  dev |   p   |  df  |  l   |   fot  |   tot  |  rot | lsp  |   pf  |    s  |                |
+---+-----+-------+---+-----+-----+--------+--------+---------+------+------+-------+------+------+--------+--------+------+------+-------+-------+----------------+
|  0|17.65|31679.5|  1| 0.00| 0.00|   0.000|   0.000|    0.000|   0.0|   0.0|    0.0| 0.000|   0.0|   0.000|   0.000|  0.00|   0.0|    0.0|    0.0|                |
|  0|17.65|31679.5|  1| 0.00| 0.00|   0.000|   0.000|    0.000|   0.0|   0.0|    0.0| 0.000|   0.0|   0.000|   0.000|  0.00|   0.0|    0.0|    0.0|                |
|  0|17.65|31691.0|  1| 7.02| 7.64|  71.771|  48.369| 2592.834|  92.2|  -0.2| 2704.6| 0.000|   0.0|  57.122|  44.544|196.41|   0.0|    0.0|    0.0|F2              |
|  0|17.65|31691.0|  1| 0.00| 0.00|   0.000|   0.000|    0.000|   0.0|   0.0|    0.0| 0.000|   0.0|   0.000|   0.000|  0.00|   0.0|    0.0|    0.0|                |
|  0|17.65|31702.7|  1| 7.38| 8.02|  71.586|  48.344| 2577.791|  92.3|  -0.2| 2693.1| 0.000|   0.0|  57.241|  44.587|198.31|   0.0|    0.0|    0.0|F2              |
|  0|17.65|31713.9|  1| 0.00| 0.00|   0.000|   0.000|    0.000|   0.0|   0.0|    0.0| 0.000|   0.0|   0.000|   0.000|  0.00|   0.0|    0.0|    0.0|                |
|  0|17.65|31713.9|  1| 0.00| 0.00|   0.000|   0.000|    0.000|   0.0|   0.0|    0.0| 0.000|   0.0|   0.000|   0.000|  0.00|   0.0|    0.0|    0.0|                |
|  0|17.65|31713.9|  1| 8.75| 9.55|  73.125|  48.803| 2715.541|  92.1|  -0.3| 2861.3| 0.000|   0.0|  57.674|  44.641|210.54|   0.0|    0.0|    0.0|F2              |
|  0|17.65|31725.7|  1| 0.00| 0.00|   0.000|   0.000|    0.000|   0.0|   0.0|    0.0| 0.000|   0.0|   0.000|   0.000|  0.00|   0.0|    0.0|    0.0|                |
|  0|17.65|31725.7|  1| 7.98| 8.66|  71.610|  48.341| 2579.493|  92.3|  -0.2| 2703.0| 0.000|   0.0|  57.564|  44.646|202.05|   0.0|    0.0|    0.0|F2              |
|  0|17.65|31737.2|  1| 0.00| 0.00|   0.000|   0.000|    0.000|   0.0|   0.0|    0.0| 0.000|   0.0|   0.000|   0.000|  0.00|   0.0|    0.0|    0.0|                |
|  0|17.65|31737.2|  1| 0.00| 0.00|   0.000|   0.000|    0.000|   0.0|   0.0|    0.0| 0.000|   0.0|   0.000|   0.000|  0.00|   0.0|    0.0|    0.0|                |
|  0|17.65|31737.2|  1| 8.53| 9.29|  72.256|  48.595| 2640.103|  92.3|  -0.3| 2776.4| 0.000|   0.0|  57.540|  44.661|207.63|   0.0|    0.0|    0.0|F2              |
|  0|17.65|31748.7|  1| 6.96| 7.65|  71.265|  48.936| 2581.989|  93.9|  -0.2| 2692.6| 0.000|   0.0|  57.041|  44.898|195.60|   0.0|    0.0|    0.0|F2              |
|  0|17.65|31748.7|  1| 0.00| 0.00|   0.000|   0.000|    0.000|   0.0|   0.0|    0.0| 0.000|   0.0|   0.000|   0.000|  0.00|   0.0|    0.0|    0.0|                |
|  0|17.65|31748.7|  1| 0.00| 0.00|   0.000|   0.000|    0.000|   0.0|   0.0|    0.0| 0.000|   0.0|   0.000|   0.000|  0.00|   0.0|    0.0|    0.0|                |
|  0|17.65|31748.7|  1| 8.24| 8.95|  71.809|  48.403| 2597.344|  92.3|  -0.2| 2725.9| 0.000|   0.0|  56.942|  44.529|204.97|   0.0|    0.0|    0.0|F2              |
|  0|17.65|31760.5|  1| 7.86| 8.52|  71.669|  48.233| 2578.877|  92.0|  -0.2| 2700.6| 0.000|   0.0|  56.771|  44.436|201.99|   0.0|    0.0|    0.0|F2              |
|  0|17.65|31760.5|  1| 0.00| 0.00|   0.000|   0.000|    0.000|   0.0|   0.0|    0.0| 0.000|   0.0|   0.000|   0.000|  0.00|   0.0|    0.0|    0.0|                |
|  0|17.65|31760.5|  1| 0.00| 0.00|   0.000|   0.000|    0.000|   0.0|   0.0|    0.0| 0.000|   0.0|   0.000|   0.000|  0.00|   0.0|    0.0|    0.0|                |
+---+-----+-------+---+-----+-----+--------+--------+---------+------+------+-------+------+------+--------+--------+------+------+-------+-------+----------------+
+---+-----+-------+---+-----+-----+--------+--------+---------+------+------+-------+------+------+--------+--------+------+------+-------+-------+----------------+
|0-x| fr  |  time |hop| d0  | d1  |   fi   |  teta  |   dist  |  at  |  dev |   p   |  df  |  l   |   fot  |   tot  |  rot | lsp  |   pf  |    s  |                |
+---+-----+-------+---+-----+-----+--------+--------+---------+------+------+-------+------+------+--------+--------+------+------+-------+-------+----------------+
|  0|17.65|31772.1|  1| 9.00| 9.93|  75.520|  49.921| 2951.942|  92.5|  -0.4| 3122.0| 0.000|   0.0|  59.406|  45.105|214.59|   0.0|    0.0|    0.0|F2              |
|  0|17.65|31772.1|  1| 0.00| 0.00|   0.000|   0.000|    0.000|   0.0|   0.0|    0.0| 0.000|   0.0|   0.000|   0.000|  0.00|   0.0|    0.0|    0.0|                |
|  0|17.65|31772.1|  1| 0.00| 0.00|   0.000|   0.000|    0.000|   0.0|   0.0|    0.0| 0.000|   0.0|   0.000|   0.000|  0.00|   0.0|    0.0|    0.0|                |
|  0|17.65|31783.5|  1| 0.00| 0.00|   0.000|   0.000|    0.000|   0.0|   0.0|    0.0| 0.000|   0.0|   0.000|   0.000|  0.00|   0.0|    0.0|    0.0|                |
|  0|17.65|31783.5|  1| 0.00| 0.00|   0.000|   0.000|    0.000|   0.0|   0.0|    0.0| 0.000|   0.0|   0.000|   0.000|  0.00|   0.0|    0.0|    0.0|                |
|  0|17.65|31795.1|  1| 0.00| 0.00|   0.000|   0.000|    0.000|   0.0|   0.0|    0.0| 0.000|   0.0|   0.000|   0.000|  0.00|   0.0|    0.0|    0.0|                |
|  0|17.65|31795.1|  1| 0.00| 0.00|   0.000|   0.000|    0.000|   0.0|   0.0|    0.0| 0.000|   0.0|   0.000|   0.000|  0.00|   0.0|    0.0|    0.0|                |
|  0|17.65|31806.8|  1| 0.00| 0.00|   0.000|   0.000|    0.000|   0.0|   0.0|    0.0| 0.000|   0.0|   0.000|   0.000|  0.00|   0.0|    0.0|    0.0|                |
|  0|17.65|31806.8|  1| 0.00| 0.00|   0.000|   0.000|    0.000|   0.0|   0.0|    0.0| 0.000|   0.0|   0.000|   0.000|  0.00|   0.0|    0.0|    0.0|                |
|  0|17.65|31818.5|  1| 7.91| 8.59|  71.516|  48.397| 2574.962|  92.5|  -0.2| 2697.2| 0.000|   0.0|  56.944|  44.573|202.15|   0.0|    0.0|    0.0|F2              |
|  0|17.65|31829.9|  1| 0.00| 0.00|   0.000|   0.000|    0.000|   0.0|   0.0|    0.0| 0.000|   0.0|   0.000|   0.000|  0.00|   0.0|    0.0|    0.0|                |
|  0|17.65|31829.9|  1| 0.00| 0.00|   0.000|   0.000|    0.000|   0.0|   0.0|    0.0| 0.000|   0.0|   0.000|   0.000|  0.00|   0.0|    0.0|    0.0|                |
|  0|17.65|31841.5|  1| 0.00| 0.00|   0.000|   0.000|    0.000|   0.0|   0.0|    0.0| 0.000|   0.0|   0.000|   0.000|  0.00|   0.0|    0.0|    0.0|                |
|  0|17.65|31841.5|  1| 0.00| 0.00|   0.000|   0.000|    0.000|   0.0|   0.0|    0.0| 0.000|   0.0|   0.000|   0.000|  0.00|   0.0|    0.0|    0.0|                |
|  0|17.65|31852.9|  1| 0.00| 0.00|   0.000|   0.000|    0.000|   0.0|   0.0|    0.0| 0.000|   0.0|   0.000|   0.000|  0.00|   0.0|    0.0|    0.0|                |
|  0|17.65|31852.9|  1| 0.00| 0.00|   0.000|   0.000|    0.000|   0.0|   0.0|    0.0| 0.000|   0.0|   0.000|   0.000|  0.00|   0.0|    0.0|    0.0|                |
|  0|17.65|31864.5|  1| 0.00| 0.00|   0.000|   0.000|    0.000|   0.0|   0.0|    0.0| 0.000|   0.0|   0.000|   0.000|  0.00|   0.0|    0.0|    0.0|                |
|  0|17.65|31864.5|  1| 7.07| 7.70|  71.614|  48.487| 2586.601|  92.6|  -0.2| 2698.6| 0.000|   0.0|  57.414|  44.687|196.13|   0.0|    0.0|    0.0|F2              |
|  0|17.65|31876.2|  1| 8.76| 9.29|  75.684|  47.735| 2859.020|  87.9|  -0.4| 3015.2| 0.000|   0.0|  59.490|  43.999|212.64|   0.0|    0.0|    0.0|F2              |
|  0|17.65|31876.2|  1| 0.00| 0.00|   0.000|   0.000|    0.000|   0.0|   0.0|    0.0| 0.000|   0.0|   0.000|   0.000|  0.00|   0.0|    0.0|    0.0|                |
+---+-----+-------+---+-----+-----+--------+--------+---------+------+------+-------+------+------+--------+--------+------+------+-------+-------+----------------+
+---+-----+-------+---+-----+-----+--------+--------+---------+------+------+-------+------+------+--------+--------+------+------+-------+-------+----------------+
|0-x| fr  |  time |hop| d0  | d1  |   fi   |  teta  |   dist  |  at  |  dev |   p   |  df  |  l   |   fot  |   tot  |  rot | lsp  |   pf  |    s  |                |
+---+-----+-------+---+-----+-----+--------+--------+---------+------+------+-------+------+------+--------+--------+------+------+-------+-------+----------------+
|  0|17.65|31876.2|  1| 0.00| 0.00|   0.000|   0.000|    0.000|   0.0|   0.0|    0.0| 0.000|   0.0|   0.000|   0.000|  0.00|   0.0|    0.0|    0.0|                |
|  0|17.65|31888.0|  1| 5.57| 6.27|  72.307|  49.616| 2694.426|  94.5|  -0.2| 2795.7| 0.000|   0.0|  57.945|  45.233|188.54|   0.0|    0.0|    0.0|F2              |
|  0|17.65|31888.0|  1| 0.00| 0.00|   0.000|   0.000|    0.000|   0.0|   0.0|    0.0| 0.000|   0.0|   0.000|   0.000|  0.00|   0.0|    0.0|    0.0|                |
|  0|17.65|31888.0|  1| 5.65| 6.34|  72.252|  49.548| 2686.793|  94.4|  -0.2| 2788.4| 0.000|   0.0|  58.024|  45.227|188.61|   0.0|    0.0|    0.0|F2              |
|  0|17.65|31888.0|  1| 7.49| 8.21|  70.944|  48.942| 2558.079|  94.2|  -0.2| 2673.8| 0.000|   0.0|  57.010|  44.955|198.49|   0.0|    0.0|    0.0|F2              |
|  0|17.65|31888.0|  1| 0.00| 0.00|   0.000|   0.000|    0.000|   0.0|   0.0|    0.0| 0.000|   0.0|   0.000|   0.000|  0.00|   0.0|    0.0|    0.0|                |
|  0|17.65|31888.0|  1| 7.63| 8.29|  71.478|  48.388| 2571.653|  92.5|  -0.2| 2689.8| 0.000|   0.0|  56.772|  44.542|200.18|   0.0|    0.0|    0.0|F2              |
|  0|17.65|31888.0|  1| 0.00| 0.00|   0.000|   0.000|    0.000|   0.0|   0.0|    0.0| 0.000|   0.0|   0.000|   0.000|  0.00|   0.0|    0.0|    0.0|                |
|  0|17.65|31899.6|  1| 0.00| 0.00|   0.000|   0.000|    0.000|   0.0|   0.0|    0.0| 0.000|   0.0|   0.000|   0.000|  0.00|   0.0|    0.0|    0.0|                |
|  0|17.65|31899.6|  1| 7.82| 8.51|  71.358|  48.517| 2568.732|  92.9|  -0.2| 2689.3| 0.000|   0.0|  57.008|  44.671|201.26|   0.0|    0.0|    0.0|F2              |
|  0|17.65|31899.6|  1| 0.00| 0.00|   0.000|   0.000|    0.000|   0.0|   0.0|    0.0| 0.000|   0.0|   0.000|   0.000|  0.00|   0.0|    0.0|    0.0|                |
|  0|17.65|31911.5|  1| 0.00| 0.00|   0.000|   0.000|    0.000|   0.0|   0.0|    0.0| 0.000|   0.0|   0.000|   0.000|  0.00|   0.0|    0.0|    0.0|                |
|  0|17.65|31911.5|  1| 7.08| 7.77|  71.225|  48.874| 2575.905|  93.8|  -0.2| 2687.5| 0.000|   0.0|  57.081|  44.884|196.18|   0.0|    0.0|    0.0|F2              |
|  0|17.65|31923.4|  1| 0.00| 0.00|   0.000|   0.000|    0.000|   0.0|   0.0|    0.0| 0.000|   0.0|   0.000|   0.000|  0.00|   0.0|    0.0|    0.0|                |
|  0|17.65|31923.4|  1| 0.00| 0.00|   0.000|   0.000|    0.000|   0.0|   0.0|    0.0| 0.000|   0.0|   0.000|   0.000|  0.00|   0.0|    0.0|    0.0|                |
|  0|17.65|31935.1|  1| 0.00| 0.00|   0.000|   0.000|    0.000|   0.0|   0.0|    0.0| 0.000|   0.0|   0.000|   0.000|  0.00|   0.0|    0.0|    0.0|                |
|  0|17.65|31946.5|  1| 0.00| 0.00|   0.000|   0.000|    0.000|   0.0|   0.0|    0.0| 0.000|   0.0|   0.000|   0.000|  0.00|   0.0|    0.0|    0.0|                |
|  0|17.65|31958.1|  1| 8.49| 9.26|  71.864|  48.812| 2620.998|  93.1|  -0.3| 2755.2| 0.000|   0.0|  57.347|  44.801|206.89|   0.0|    0.0|    0.0|F2              |
|  0|17.65|31970.0|  1| 0.00| 0.00|   0.000|   0.000|    0.000|   0.0|   0.0|    0.0| 0.000|   0.0|   0.000|   0.000|  0.00|   0.0|    0.0|    0.0|                |
|  0|17.65|31981.6|  1| 0.00| 0.00|   0.000|   0.000|    0.000|   0.0|   0.0|    0.0| 0.000|   0.0|   0.000|   0.000|  0.00|   0.0|    0.0|    0.0|                |
+---+-----+-------+---+-----+-----+--------+--------+---------+------+------+-------+------+------+--------+--------+------+------+-------+-------+----------------+
+---+-----+-------+---+-----+-----+--------+--------+---------+------+------+-------+------+------+--------+--------+------+------+-------+-------+----------------+
|0-x| fr  |  time |hop| d0  | d1  |   fi   |  teta  |   dist  |  at  |  dev |   p   |  df  |  l   |   fot  |   tot  |  rot | lsp  |   pf  |    s  |                |
+---+-----+-------+---+-----+-----+--------+--------+---------+------+------+-------+------+------+--------+--------+------+------+-------+-------+----------------+
|  0|17.65|31993.0|  1| 0.00| 0.00|   0.000|   0.000|    0.000|   0.0|   0.0|    0.0| 0.000|   0.0|   0.000|   0.000|  0.00|   0.0|    0.0|    0.0|                |
|  0|17.65|31993.0|  1| 0.00| 0.00|   0.000|   0.000|    0.000|   0.0|   0.0|    0.0| 0.000|   0.0|   0.000|   0.000|  0.00|   0.0|    0.0|    0.0|                |
|  0|17.65|31993.0|  1| 0.00| 0.00|   0.000|   0.000|    0.000|   0.0|   0.0|    0.0| 0.000|   0.0|   0.000|   0.000|  0.00|   0.0|    0.0|    0.0|                |
|  0|17.65|32004.5|  1| 6.60| 7.28|  71.500|  49.025| 2603.993|  93.9|  -0.2| 2711.5| 0.000|   0.0|  57.353|  44.964|193.41|   0.0|    0.0|    0.0|F2              |
|  0|17.65|32016.3|  1| 0.00| 0.00|   0.000|   0.000|    0.000|   0.0|   0.0|    0.0| 0.000|   0.0|   0.000|   0.000|  0.00|   0.0|    0.0|    0.0|                |
|  0|17.65|32016.3|  1| 5.61| 6.16|  73.171|  48.646| 2711.481|  91.7|  -0.2| 2813.6| 0.000|   0.0|  58.519|  44.699|188.61|   0.0|    0.0|    0.0|F2              |
|  0|17.65|32016.3|  1| 0.00| 0.00|   0.000|   0.000|    0.000|   0.0|   0.0|    0.0| 0.000|   0.0|   0.000|   0.000|  0.00|   0.0|    0.0|    0.0|                |
|  0|17.65|32028.0|  1| 0.00| 0.00|   0.000|   0.000|    0.000|   0.0|   0.0|    0.0| 0.000|   0.0|   0.000|   0.000|  0.00|   0.0|    0.0|    0.0|                |
|  0|17.65|32028.0|  1| 7.94| 8.64|  71.359|  48.558| 2570.779|  93.0|  -0.2| 2693.2| 0.000|   0.0|  57.523|  44.794|201.37|   0.0|    0.0|    0.0|F2              |
|  0|17.65|32039.6|  1| 0.00| 0.00|   0.000|   0.000|    0.000|   0.0|   0.0|    0.0| 0.000|   0.0|   0.000|   0.000|  0.00|   0.0|    0.0|    0.0|                |
|  0|17.65|32039.6|  1| 0.00| 0.00|   0.000|   0.000|    0.000|   0.0|   0.0|    0.0| 0.000|   0.0|   0.000|   0.000|  0.00|   0.0|    0.0|    0.0|                |
|  0|17.65|32051.1|  1| 0.00| 0.00|   0.000|   0.000|    0.000|   0.0|   0.0|    0.0| 0.000|   0.0|   0.000|   0.000|  0.00|   0.0|    0.0|    0.0|                |
|  0|17.65|32062.7|  1| 0.00| 0.00|   0.000|   0.000|    0.000|   0.0|   0.0|    0.0| 0.000|   0.0|   0.000|   0.000|  0.00|   0.0|    0.0|    0.0|                |
|  0|17.65|32062.7|  1| 7.14| 7.78|  71.511|  48.536| 2581.151|  92.8|  -0.2| 2693.6| 0.000|   0.0|  57.366|  44.721|196.46|   0.0|    0.0|    0.0|F2              |
|  0|17.65|32074.2|  1| 7.45| 8.12|  71.272|  48.622| 2567.243|  93.2|  -0.2| 2682.8| 0.000|   0.0|  57.311|  44.798|198.17|   0.0|    0.0|    0.0|F2              |
|  0|17.65|32085.8|  1| 0.00| 0.00|   0.000|   0.000|    0.000|   0.0|   0.0|    0.0| 0.000|   0.0|   0.000|   0.000|  0.00|   0.0|    0.0|    0.0|                |
|  0|17.65|32085.8|  1| 7.76| 8.44|  71.316|  48.545| 2566.906|  93.0|  -0.2| 2686.6| 0.000|   0.0|  57.053|  44.702|200.72|   0.0|    0.0|    0.0|F2              |
|  0|17.65|32097.4|  1| 0.00| 0.00|   0.000|   0.000|    0.000|   0.0|   0.0|    0.0| 0.000|   0.0|   0.000|   0.000|  0.00|   0.0|    0.0|    0.0|                |
|  0|17.65|32097.4|  1| 7.68| 8.36|  71.277|  48.576| 2565.500|  93.1|  -0.2| 2684.0| 0.000|   0.0|  56.820|  44.679|200.29|   0.0|    0.0|    0.0|F2              |
|  0|17.65|32108.9|  1| 0.00| 0.00|   0.000|   0.000|    0.000|   0.0|   0.0|    0.0| 0.000|   0.0|   0.000|   0.000|  0.00|   0.0|    0.0|    0.0|                |
+---+-----+-------+---+-----+-----+--------+--------+---------+------+------+-------+------+------+--------+--------+------+------+-------+-------+----------------+
+---+-----+-------+---+-----+-----+--------+--------+---------+------+------+-------+------+------+--------+--------+------+------+-------+-------+----------------+
|0-x| fr  |  time |hop| d0  | d1  |   fi   |  teta  |   dist  |  at  |  dev |   p   |  df  |  l   |   fot  |   tot  |  rot | lsp  |   pf  |    s  |                |
+---+-----+-------+---+-----+-----+--------+--------+---------+------+------+-------+------+------+--------+--------+------+------+-------+-------+----------------+
|  0|17.65|32108.9|  1| 0.00| 0.00|   0.000|   0.000|    0.000|   0.0|   0.0|    0.0| 0.000|   0.0|   0.000|   0.000|  0.00|   0.0|    0.0|    0.0|                |
|  0|17.65|32108.9|  1| 8.97| 9.90|  74.289|  49.935| 2859.943|  93.5|  -0.4| 3021.7| 0.000|   0.0|  58.732|  45.204|213.27|   0.0|    0.0|    0.0|F2              |
|  0|17.65|32120.6|  1| 0.00| 0.00|   0.000|   0.000|    0.000|   0.0|   0.0|    0.0| 0.000|   0.0|   0.000|   0.000|  0.00|   0.0|    0.0|    0.0|                |
|  0|17.65|32131.9|  1| 8.57| 9.35|  72.066|  48.880| 2639.493|  93.1|  -0.3| 2776.3| 0.000|   0.0|  57.743|  44.880|207.46|   0.0|    0.0|    0.0|F2              |
|  0|17.65|32143.6|  1| 7.70| 8.35|  71.444|  48.416| 2570.466|  92.6|  -0.2| 2689.5| 0.000|   0.0|  57.139|  44.632|200.35|   0.0|    0.0|    0.0|F2              |
|  0|17.65|32155.1|  1| 0.00| 0.00|   0.000|   0.000|    0.000|   0.0|   0.0|    0.0| 0.000|   0.0|   0.000|   0.000|  0.00|   0.0|    0.0|    0.0|                |
|  0|17.65|32155.1|  1| 8.46| 9.25|  71.583|  48.976| 2607.843|  93.7|  -0.3| 2740.7| 0.000|   0.0|  57.478|  44.961|206.09|   0.0|    0.0|    0.0|F2              |
|  0|17.65|32166.8|  1| 0.00| 0.00|   0.000|   0.000|    0.000|   0.0|   0.0|    0.0| 0.000|   0.0|   0.000|   0.000|  0.00|   0.0|    0.0|    0.0|                |
|  0|17.65|32178.7|  1| 0.00| 0.00|   0.000|   0.000|    0.000|   0.0|   0.0|    0.0| 0.000|   0.0|   0.000|   0.000|  0.00|   0.0|    0.0|    0.0|                |
|  0|17.65|32190.1|  1| 0.00| 0.00|   0.000|   0.000|    0.000|   0.0|   0.0|    0.0| 0.000|   0.0|   0.000|   0.000|  0.00|   0.0|    0.0|    0.0|                |
|  0|17.65|32201.7|  1| 7.25| 7.88|  71.462|  48.516| 2576.539|  92.8|  -0.2| 2690.1| 0.000|   0.0|  57.231|  44.694|197.27|   0.0|    0.0|    0.0|F2              |
|  0|17.65|32213.3|  1| 8.40| 9.16|  71.599|  48.850| 2602.893|  93.4|  -0.3| 2734.4| 0.000|   0.0|  57.584|  44.916|205.42|   0.0|    0.0|    0.0|F2              |
|  0|17.65|32225.0|  1| 8.33| 9.08|  71.533|  48.784| 2594.669|  93.3|  -0.3| 2724.4| 0.000|   0.0|  56.794|  44.735|205.38|   0.0|    0.0|    0.0|F2              |
|  0|17.65|32236.6|  1| 7.92| 8.62|  71.250|  48.648| 2566.820|  93.3|  -0.2| 2688.7| 0.000|   0.0|  57.506|  44.857|201.03|   0.0|    0.0|    0.0|F2              |
|  0|17.65|32248.2|  1| 8.51| 9.29|  71.766|  48.951| 2620.366|  93.5|  -0.3| 2754.9| 0.000|   0.0|  57.533|  44.928|206.71|   0.0|    0.0|    0.0|F2              |
|  0|17.65|32248.2|  1| 0.00| 0.00|   0.000|   0.000|    0.000|   0.0|   0.0|    0.0| 0.000|   0.0|   0.000|   0.000|  0.00|   0.0|    0.0|    0.0|                |
|  0|17.65|32260.0|  1| 0.00| 0.00|   0.000|   0.000|    0.000|   0.0|   0.0|    0.0| 0.000|   0.0|   0.000|   0.000|  0.00|   0.0|    0.0|    0.0|                |
|  0|17.65|32260.0|  1| 0.00| 0.00|   0.000|   0.000|    0.000|   0.0|   0.0|    0.0| 0.000|   0.0|   0.000|   0.000|  0.00|   0.0|    0.0|    0.0|                |
|  0|17.65|32271.7|  1| 0.00| 0.00|   0.000|   0.000|    0.000|   0.0|   0.0|    0.0| 0.000|   0.0|   0.000|   0.000|  0.00|   0.0|    0.0|    0.0|                |
|  0|17.65|32271.7|  1| 0.00| 0.00|   0.000|   0.000|    0.000|   0.0|   0.0|    0.0| 0.000|   0.0|   0.000|   0.000|  0.00|   0.0|    0.0|    0.0|                |
+---+-----+-------+---+-----+-----+--------+--------+---------+------+------+-------+------+------+--------+--------+------+------+-------+-------+----------------+
+---+-----+-------+---+-----+-----+--------+--------+---------+------+------+-------+------+------+--------+--------+------+------+-------+-------+----------------+
|0-x| fr  |  time |hop| d0  | d1  |   fi   |  teta  |   dist  |  at  |  dev |   p   |  df  |  l   |   fot  |   tot  |  rot | lsp  |   pf  |    s  |                |
+---+-----+-------+---+-----+-----+--------+--------+---------+------+------+-------+------+------+--------+--------+------+------+-------+-------+----------------+
|  0|17.65|32283.1|  1| 0.00| 0.00|   0.000|   0.000|    0.000|   0.0|   0.0|    0.0| 0.000|   0.0|   0.000|   0.000|  0.00|   0.0|    0.0|    0.0|                |
|  0|17.65|32294.9|  1| 6.90| 7.54|  71.476|  48.744| 2588.494|  93.3|  -0.2| 2698.5| 0.000|   0.0|  57.377|  44.834|194.96|   0.0|    0.0|    0.0|F2              |
|  0|17.65|32294.9|  1| 0.00| 0.00|   0.000|   0.000|    0.000|   0.0|   0.0|    0.0| 0.000|   0.0|   0.000|   0.000|  0.00|   0.0|    0.0|    0.0|                |
|  0|17.65|32306.7|  1| 0.00| 0.00|   0.000|   0.000|    0.000|   0.0|   0.0|    0.0| 0.000|   0.0|   0.000|   0.000|  0.00|   0.0|    0.0|    0.0|                |
|  0|17.65|32306.7|  1| 7.99| 8.72|  71.070|  48.844| 2562.796|  93.9|  -0.2| 2685.4| 0.000|   0.0|  56.801|  44.845|202.28|   0.0|    0.0|    0.0|F2              |
|  0|17.65|32318.9|  1| 0.00| 0.00|   0.000|   0.000|    0.000|   0.0|   0.0|    0.0| 0.000|   0.0|   0.000|   0.000|  0.00|   0.0|    0.0|    0.0|                |
|  0|17.65|32318.9|  1| 8.74| 9.58|  72.372|  49.302| 2683.358|  93.8|  -0.3| 2826.5| 0.000|   0.0|  57.534|  44.994|209.56|   0.0|    0.0|    0.0|F2              |
|  0|17.65|32330.5|  1| 0.00| 0.00|   0.000|   0.000|    0.000|   0.0|   0.0|    0.0| 0.000|   0.0|   0.000|   0.000|  0.00|   0.0|    0.0|    0.0|                |
|  0|17.65|32330.5|  1| 0.00| 0.00|   0.000|   0.000|    0.000|   0.0|   0.0|    0.0| 0.000|   0.0|   0.000|   0.000|  0.00|   0.0|    0.0|    0.0|                |
|  0|17.65|32330.5|  1| 0.00| 0.00|   0.000|   0.000|    0.000|   0.0|   0.0|    0.0| 0.000|   0.0|   0.000|   0.000|  0.00|   0.0|    0.0|    0.0|                |
|  0|17.65|32330.5|  1| 0.00| 0.00|   0.000|   0.000|    0.000|   0.0|   0.0|    0.0| 0.000|   0.0|   0.000|   0.000|  0.00|   0.0|    0.0|    0.0|                |
|  0|17.65|32341.8|  1| 0.00| 0.00|   0.000|   0.000|    0.000|   0.0|   0.0|    0.0| 0.000|   0.0|   0.000|   0.000|  0.00|   0.0|    0.0|    0.0|                |
|  0|17.65|32341.8|  1| 9.06|10.08|  77.640|  51.414| 3191.626|  93.6|  -0.5| 3383.1| 0.000|   0.0|  60.095|  45.564|215.62|   0.0|    0.0|    0.0|F2              |
|  0|17.65|32353.7|  1| 0.00| 0.00|   0.000|   0.000|    0.000|   0.0|   0.0|    0.0| 0.000|   0.0|   0.000|   0.000|  0.00|   0.0|    0.0|    0.0|                |
|  0|17.65|32365.1|  1| 8.83| 9.67|  73.144|  49.355| 2744.142|  93.3|  -0.3| 2893.6| 0.000|   0.0|  57.715|  44.918|211.10|   0.0|    0.0|    0.0|F2              |
|  0|17.65|32376.6|  1| 8.29| 9.04|  71.338|  48.889| 2585.117|  93.7|  -0.3| 2713.6| 0.000|   0.0|  57.430|  44.952|204.27|   0.0|    0.0|    0.0|F2              |
|  0|17.65|32376.6|  1| 0.00| 0.00|   0.000|   0.000|    0.000|   0.0|   0.0|    0.0| 0.000|   0.0|   0.000|   0.000|  0.00|   0.0|    0.0|    0.0|                |
|  0|17.65|32388.1|  1| 0.00| 0.00|   0.000|   0.000|    0.000|   0.0|   0.0|    0.0| 0.000|   0.0|   0.000|   0.000|  0.00|   0.0|    0.0|    0.0|                |
|  0|17.65|32388.1|  1| 8.30| 9.06|  71.310|  48.923| 2584.723|  93.8|  -0.3| 2713.4| 0.000|   0.0|  57.446|  44.977|204.28|   0.0|    0.0|    0.0|F2              |
|  0|17.65|32399.9|  1| 8.62| 9.42|  71.983|  49.115| 2644.810|  93.7|  -0.3| 2782.9| 0.000|   0.0|  57.644|  44.995|207.87|   0.0|    0.0|    0.0|F2              |
+---+-----+-------+---+-----+-----+--------+--------+---------+------+------+-------+------+------+--------+--------+------+------+-------+-------+----------------+
+---+-----+-------+---+-----+-----+--------+--------+---------+------+------+-------+------+------+--------+--------+------+------+-------+-------+----------------+