
delt0=     0.1  eps=   1e-05  ep=   1e-06  ep1=   0.001
Geomagnetic Field - const
fh= 1.34  i=  65.2  d=   6.8
Number TID: 1
Tid Parametres
  delt   lamb     t     b      a     fi
0.000   200.0  20.0 -45.0   45.0   0.000
delta=-0.000  r0= 200.0  lon=  39.000 lat=  55.000
Beta=  20.0  Alfa=   0.0 aX=  20.0 aY= 100.0 aZ=  20.0

lonIon=  40.000 latIon=  47.500 it= 8.00 h_tec=450.0  TEC= 7.40000e+16
lonIon=  40.000 latIon=  47.500 it= 8.25 h_tec=450.0  TEC= 7.40000e+16
lonIon=  40.000 latIon=  47.500 it= 8.50 h_tec=450.0  TEC= 7.40000e+16
lonIon=  40.000 latIon=  47.500 it= 8.75 h_tec=450.0  TEC= 7.40000e+16

Number diff. equation: 6

+==============================================================================+
|   Medium characteristics Sunspot number=   1.3 IG= -10.2   GMT time:08:00    |
|------------------------------------------------------------------------------|
|   S   | fh |  I  |   D  | fd |  hd | fe |  he | ff1 | hf1 | ff2 | hf2 |   Hi |
|-------+----+-----+------+----+-----+----+-----+-----+-----+-----+-----+------|
|    0.0|1.25| 58.8|   3.1|0.18| 81.1|2.16|110.0| 0.00|  0.0| 5.11|219.1|  67.1|
+==============================================================================+

+==================================+
|       Es-layer parametres        |
|----------------------------------|
|   S   | hEs | fbEs | f0Es | P Es |
|-------+-----+------+------+------|
|    0.0|108.1| 3.01 | 3.47 | 67.8 |
+==================================+

|  0|17.65|28809.4|  1| 5.71| 6.57|  72.548|  48.947| 2679.102|  92.9|  -0.1| 2783.5| 0.000|   0.0|  57.665|  44.786|191.81|   0.0|    0.0|    0.0|F2              |
|  0|17.65|28821.0|  1| 5.18| 6.04|  73.108|  49.020| 2724.876|  92.6|  -0.1| 2826.0| 0.000|   0.0|  57.967|  44.780|189.47|   0.0|    0.0|    0.0|F2              |
|  0|17.65|28832.8|  1| 2.16| 3.35|  77.094|  50.510| 3101.360|  92.4|  -0.1| 3191.8| 0.000|   0.0|  60.633|  45.298|180.36|   0.0|    0.0|    0.0|F2              |
|  0|17.65|28844.3|  1| 4.58| 5.45|  73.750|  49.265| 2785.287|  92.6|  -0.1| 2883.2| 0.000|   0.0|  58.201|  44.828|187.12|   0.0|    0.0|    0.0|F2              |
|  0|17.65|28855.8|  1| 4.65| 5.52|  73.670|  49.234| 2777.725|  92.6|  -0.1| 2876.0| 0.000|   0.0|  58.300|  44.847|187.33|   0.0|    0.0|    0.0|F2              |
|  0|17.65|28867.2|  1| 6.60| 7.49|  72.003|  48.783| 2630.113|  93.0|  -0.1| 2742.3| 0.000|   0.0|  57.555|  44.784|196.47|   0.0|    0.0|    0.0|F2              |
|  0|17.65|28878.7|  1| 6.03| 6.89|  72.345|  48.824| 2657.793|  92.8|  -0.1| 2764.7| 0.000|   0.0|  57.385|  44.708|193.50|   0.0|    0.0|    0.0|F2              |
|  0|17.65|28890.3|  1| 4.91| 5.71|  74.666|  47.611| 2776.795|  88.4|  -0.1| 2877.9| 0.000|   0.0|  59.287|  44.034|188.25|   0.0|    0.0|    0.0|F2              |
|  0|17.65|28890.3|  1| 5.44| 6.29|  72.894|  48.893| 2702.514|  92.5|  -0.1| 2805.2| 0.000|   0.0|  57.995|  44.762|190.47|   0.0|    0.0|    0.0|F2              |
|  0|17.65|28902.1|  1| 6.34| 7.21|  72.198|  48.722| 2641.815|  92.7|  -0.1| 2751.5| 0.000|   0.0|  57.392|  44.687|195.19|   0.0|    0.0|    0.0|F2              |
|  0|17.65|28913.6|  1| 6.31| 7.18|  72.182|  48.762| 2642.523|  92.8|  -0.1| 2751.8| 0.000|   0.0|  57.442|  44.719|194.96|   0.0|    0.0|    0.0|F2              |
|  0|17.65|28925.2|  1| 6.66| 7.55|  72.014|  48.742| 2628.914|  92.9|  -0.1| 2741.7| 0.000|   0.0|  57.175|  44.688|197.10|   0.0|    0.0|    0.0|F2              |
|  0|17.65|28936.6|  1| 0.49| 2.43|  79.250|  51.741| 3331.167|  92.9|  -0.1| 3419.3| 0.000|   0.0|  62.913|  45.987|177.39|   0.0|    0.0|    0.0|F2              |
|  0|17.65|28948.2|  1| 5.66| 6.51|  72.615|  48.926| 2683.060|  92.8|  -0.1| 2787.1| 0.000|   0.0|  57.716|  44.774|191.53|   0.0|    0.0|    0.0|F2              |
|  0|17.65|28959.6|  1| 5.84| 6.69|  72.475|  48.873| 2670.001|  92.8|  -0.1| 2775.3| 0.000|   0.0|  57.415|  44.714|192.50|   0.0|    0.0|    0.0|F2              |
|  0|17.65|28971.2|  1| 7.62| 8.61|  72.349|  48.800| 2656.941|  92.7|  -0.2| 2785.0| 0.000|   0.0|  57.381|  44.703|204.44|   0.0|    0.0|    0.0|F2              |
|  0|17.65|28982.5|  1| 6.22| 7.07|  72.288|  48.711| 2648.015|  92.6|  -0.1| 2756.5| 0.000|   0.0|  57.591|  44.703|194.39|   0.0|    0.0|    0.0|F2              |
|  0|17.65|28994.1|  1| 5.93| 6.78|  72.409|  48.848| 2663.763|  92.8|  -0.1| 2769.7| 0.000|   0.0|  57.698|  44.770|192.76|   0.0|    0.0|    0.0|F2              |
+---+-----+-------+---+-----+-----+--------+--------+---------+------+------+-------+------+------+--------+--------+------+------+-------+-------+----------------+
+---+-----+-------+---+-----+-----+--------+--------+---------+------+------+-------+------+------+--------+--------+------+------+-------+-------+----------------+
|0-x| fr  |  time |hop| d0  | d1  |   fi   |  teta  |   dist  |  at  |  dev |   p   |  df  |  l   |   fot  |   tot  |  rot | lsp  |   pf  |    s  |                |
+---+-----+-------+---+-----+-----+--------+--------+---------+------+------+-------+------+------+--------+--------+------+------+-------+-------+----------------+
|  0|17.65|29005.9|  1| 6.16| 7.01|  72.260|  48.791| 2649.848|  92.8|  -0.1| 2757.7| 0.000|   0.0|  57.634|  44.757|193.96|   0.0|    0.0|    0.0|F2              |
|  0|17.65|29017.4|  1| 5.40| 6.24|  72.869|  48.976| 2704.660|  92.7|  -0.1| 2806.9| 0.000|   0.0|  57.670|  44.743|190.41|   0.0|    0.0|    0.0|F2              |
|  0|17.65|29028.8|  1| 7.54| 8.51|  72.140|  48.862| 2644.188|  93.0|  -0.2| 2770.1| 0.000|   0.0|  58.032|  44.900|202.84|   0.0|    0.0|    0.0|F2              |
|  0|17.65|29040.4|  1| 7.14| 8.05|  72.082|  48.624| 2628.362|  92.5|  -0.2| 2747.4| 0.000|   0.0|  57.220|  44.629|200.41|   0.0|    0.0|    0.0|F2              |
|  0|17.65|29051.7|  1| 6.39| 7.24|  72.199|  48.677| 2639.717|  92.6|  -0.1| 2749.7| 0.000|   0.0|  57.476|  44.681|195.38|   0.0|    0.0|    0.0|F2              |
|  0|17.65|29063.2|  1| 6.34| 7.19|  72.221|  48.685| 2641.780|  92.6|  -0.1| 2751.3| 0.000|   0.0|  57.400|  44.666|195.14|   0.0|    0.0|    0.0|F2              |
|  0|17.65|29074.8|  1| 7.57| 8.54|  72.305|  48.740| 2650.716|  92.6|  -0.2| 2777.5| 0.000|   0.0|  58.111|  44.824|203.23|   0.0|    0.0|    0.0|F2              |
|  0|17.65|29086.3|  1| 7.43| 8.38|  72.142|  48.730| 2637.970|  92.7|  -0.2| 2761.8| 0.000|   0.0|  57.219|  44.672|202.64|   0.0|    0.0|    0.0|F2              |
|  0|17.65|29097.9|  1| 7.20| 8.11|  71.990|  48.724| 2626.214|  92.8|  -0.2| 2745.9| 0.000|   0.0|  57.957|  44.840|199.89|   0.0|    0.0|    0.0|F2              |
|  0|17.65|29109.4|  1| 5.40| 6.23|  72.838|  49.010| 2704.010|  92.8|  -0.1| 2806.2| 0.000|   0.0|  57.777|  44.787|190.32|   0.0|    0.0|    0.0|F2              |
|  0|17.65|29121.0|  1| 6.18| 7.02|  72.213|  48.819| 2647.664|  92.9|  -0.1| 2755.6| 0.000|   0.0|  57.644|  44.781|193.95|   0.0|    0.0|    0.0|F2              |
|  0|17.65|29132.6|  1| 7.49| 8.44|  72.180|  48.742| 2641.456|  92.7|  -0.2| 2766.3| 0.000|   0.0|  58.094|  44.844|202.30|   0.0|    0.0|    0.0|F2              |
|  0|17.65|29144.1|  1| 6.81| 7.68|  71.999|  48.689| 2625.264|  92.7|  -0.2| 2739.6| 0.000|   0.0|  57.370|  44.703|197.88|   0.0|    0.0|    0.0|F2              |
|  0|17.65|29155.7|  1| 7.65| 8.63|  72.347|  48.799| 2656.751|  92.7|  -0.2| 2785.1| 0.000|   0.0|  57.512|  44.728|204.53|   0.0|    0.0|    0.0|F2              |
|  0|17.65|29167.4|  1| 7.10| 7.99|  71.996|  48.683| 2624.716|  92.7|  -0.2| 2742.9| 0.000|   0.0|  57.121|  44.654|199.97|   0.0|    0.0|    0.0|F2              |
|  0|17.65|29179.0|  1| 4.80| 5.63|  73.537|  49.134| 2762.782|  92.5|  -0.1| 2861.6| 0.000|   0.0|  58.356|  44.835|187.71|   0.0|    0.0|    0.0|F2              |
|  0|17.65|29190.7|  1| 7.81| 8.82|  72.515|  48.946| 2676.548|  92.9|  -0.2| 2808.8| 0.000|   0.0|  58.098|  44.890|205.65|   0.0|    0.0|    0.0|F2              |
|  0|17.65|29202.2|  1| 8.00| 9.06|  73.086|  49.058| 2725.024|  92.7|  -0.2| 2864.2| 0.000|   0.0|  58.563|  44.937|207.87|   0.0|    0.0|    0.0|F2              |
|  0|17.65|29213.7|  1| 7.37| 8.29|  72.082|  48.709| 2632.485|  92.7|  -0.2| 2754.9| 0.000|   0.0|  57.317|  44.691|202.00|   0.0|    0.0|    0.0|F2              |
|  0|17.65|29225.3|  1| 7.79| 8.79|  72.547|  48.867| 2675.155|  92.7|  -0.2| 2807.0| 0.000|   0.0|  58.110|  44.846|205.49|   0.0|    0.0|    0.0|F2              |
+---+-----+-------+---+-----+-----+--------+--------+---------+------+------+-------+------+------+--------+--------+------+------+-------+-------+----------------+
+---+-----+-------+---+-----+-----+--------+--------+---------+------+------+-------+------+------+--------+--------+------+------+-------+-------+----------------+
|0-x| fr  |  time |hop| d0  | d1  |   fi   |  teta  |   dist  |  at  |  dev |   p   |  df  |  l   |   fot  |   tot  |  rot | lsp  |   pf  |    s  |                |
+---+-----+-------+---+-----+-----+--------+--------+---------+------+------+-------+------+------+--------+--------+------+------+-------+-------+----------------+
|  0|17.65|29236.7|  1| 5.17| 5.99|  73.087|  49.058| 2725.134|  92.7|  -0.1| 2825.9| 0.000|   0.0|  58.023|  44.814|189.22|   0.0|    0.0|    0.0|F2              |
|  0|17.65|29260.2|  1| 4.64| 5.47|  73.749|  49.167| 2780.366|  92.4|  -0.1| 2878.4| 0.000|   0.0|  58.266|  44.794|187.26|   0.0|    0.0|    0.0|F2              |
|  0|17.65|29271.9|  1| 5.89| 6.71|  72.492|  48.787| 2667.050|  92.6|  -0.1| 2772.6| 0.000|   0.0|  57.621|  44.710|192.59|   0.0|    0.0|    0.0|F2              |
|  0|17.65|29283.4|  1| 7.23| 8.12|  72.077|  48.620| 2627.791|  92.5|  -0.2| 2747.9| 0.000|   0.0|  57.969|  44.774|200.13|   0.0|    0.0|    0.0|F2              |
|  0|17.65|29295.2|  1| 5.97| 6.79|  72.403|  48.799| 2660.987|  92.7|  -0.1| 2767.1| 0.000|   0.0|  57.440|  44.697|193.03|   0.0|    0.0|    0.0|F2              |
|  0|17.65|29306.8|  1| 6.28| 7.11|  72.180|  48.760| 2642.281|  92.8|  -0.1| 2750.9| 0.000|   0.0|  57.429|  44.716|194.62|   0.0|    0.0|    0.0|F2              |
|  0|17.65|29318.4|  1| 7.55| 8.49|  72.200|  48.748| 2643.212|  92.7|  -0.2| 2768.9| 0.000|   0.0|  58.055|  44.836|202.77|   0.0|    0.0|    0.0|F2              |
|  0|17.65|29329.8|  1| 0.00| 0.00|   0.000|   0.000|    0.000|   0.0|   0.0|    0.0| 0.000|   0.0|   0.000|   0.000|  0.00|   0.0|    0.0|    0.0|                |
|  0|17.65|29341.3|  1| 7.51| 8.44|  72.124|  48.766| 2638.344|  92.8|  -0.2| 2763.1| 0.000|   0.0|  57.220|  44.694|203.08|   0.0|    0.0|    0.0|F2              |
|  0|17.65|29352.8|  1| 6.19| 7.01|  72.228|  48.779| 2646.842|  92.8|  -0.1| 2754.7| 0.000|   0.0|  57.648|  44.759|193.93|   0.0|    0.0|    0.0|F2              |
|  0|17.65|29364.3|  1| 3.82| 4.68|  74.765|  49.560| 2876.573|  92.4|  -0.1| 2971.2| 0.000|   0.0|  58.970|  44.938|184.41|   0.0|    0.0|    0.0|F2              |
|  0|17.65|29375.7|  1| 6.10| 6.94|  71.344|  49.848| 2634.046|  95.9|  -0.1| 2739.9| 0.000|   0.0|  57.105|  45.337|192.93|   0.0|    0.0|    0.0|F2              |
|  0|17.65|29375.7|  1| 0.02| 2.26|  80.450|  51.287| 3396.349|  91.2|  -0.1| 3484.3| 0.000|   0.0|  63.648|  45.655|177.56|   0.0|    0.0|    0.0|F2              |
|  0|17.65|29387.2|  1| 6.13| 6.94|  72.295|  48.758| 2650.863|  92.7|  -0.1| 2758.2| 0.000|   0.0|  57.586|  44.725|193.71|   0.0|    0.0|    0.0|F2              |
|  0|17.65|29398.7|  1| 6.98| 7.84|  72.025|  48.606| 2623.205|  92.5|  -0.2| 2739.5| 0.000|   0.0|  57.264|  44.638|198.99|   0.0|    0.0|    0.0|F2              |
|  0|17.65|29410.2|  1| 6.51| 7.33|  72.190|  48.582| 2634.505|  92.4|  -0.1| 2745.5| 0.000|   0.0|  57.216|  44.587|196.08|   0.0|    0.0|    0.0|F2              |
|  0|17.65|29410.2|  1| 7.63| 8.57|  72.265|  48.769| 2649.135|  92.7|  -0.2| 2776.4| 0.000|   0.0|  58.063|  44.837|203.50|   0.0|    0.0|    0.0|F2              |
|  0|17.65|29422.1|  1| 6.84| 7.69|  71.971|  48.678| 2622.616|  92.7|  -0.2| 2737.0| 0.000|   0.0|  57.285|  44.687|197.97|   0.0|    0.0|    0.0|F2              |
|  0|17.65|29433.5|  1| 5.54| 6.34|  72.801|  48.856| 2693.743|  92.5|  -0.1| 2796.7| 0.000|   0.0|  57.607|  44.686|190.96|   0.0|    0.0|    0.0|F2              |
|  0|17.65|29445.1|  1| 7.14| 8.01|  71.970|  48.673| 2622.280|  92.7|  -0.2| 2740.6| 0.000|   0.0|  57.893|  44.805|199.30|   0.0|    0.0|    0.0|F2              |
+---+-----+-------+---+-----+-----+--------+--------+---------+------+------+-------+------+------+--------+--------+------+------+-------+-------+----------------+
+---+-----+-------+---+-----+-----+--------+--------+---------+------+------+-------+------+------+--------+--------+------+------+-------+-------+----------------+
|0-x| fr  |  time |hop| d0  | d1  |   fi   |  teta  |   dist  |  at  |  dev |   p   |  df  |  l   |   fot  |   tot  |  rot | lsp  |   pf  |    s  |                |
+---+-----+-------+---+-----+-----+--------+--------+---------+------+------+-------+------+------+--------+--------+------+------+-------+-------+----------------+
|  0|17.65|29456.9|  1| 7.30| 8.19|  72.013|  48.685| 2626.112|  92.7|  -0.2| 2746.9| 0.000|   0.0|  57.893|  44.804|200.59|   0.0|    0.0|    0.0|F2              |
|  0|17.65|29468.5|  1| 6.46| 7.28|  72.145|  48.656| 2634.674|  92.6|  -0.1| 2745.0| 0.000|   0.0|  57.254|  44.638|195.69|   0.0|    0.0|    0.0|F2              |
|  0|17.65|29480.0|  1| 6.15| 6.96|  72.248|  48.786| 2648.626|  92.8|  -0.1| 2756.0| 0.000|   0.0|  57.640|  44.758|193.67|   0.0|    0.0|    0.0|F2              |
|  0|17.65|29491.4|  1| 6.66| 7.49|  72.039|  48.660| 2626.833|  92.6|  -0.2| 2739.1| 0.000|   0.0|  57.191|  44.647|196.86|   0.0|    0.0|    0.0|F2              |
|  0|17.65|29502.7|  1| 5.91| 6.70|  72.441|  48.813| 2664.549|  92.7|  -0.1| 2770.0| 0.000|   0.0|  57.602|  44.729|192.57|   0.0|    0.0|    0.0|F2              |
|  0|17.65|29514.4|  1| 4.97| 5.76|  73.326|  49.100| 2745.226|  92.6|  -0.1| 2844.7| 0.000|   0.0|  57.909|  44.769|188.45|   0.0|    0.0|    0.0|F2              |
|  0|17.65|29525.9|  1| 3.76| 4.61|  74.816|  49.628| 2883.842|  92.5|  -0.1| 2978.2| 0.000|   0.0|  59.021|  44.973|184.17|   0.0|    0.0|    0.0|F2              |
|  0|17.65|29537.4|  1| 7.70| 8.64|  72.246|  48.851| 2651.661|  92.9|  -0.2| 2780.0| 0.000|   0.0|  57.375|  44.746|204.59|   0.0|    0.0|    0.0|F2              |
|  0|17.65|29548.8|  1| 6.20| 7.00|  72.185|  48.808| 2644.961|  92.9|  -0.1| 2752.7| 0.000|   0.0|  57.591|  44.770|193.91|   0.0|    0.0|    0.0|F2              |
|  0|17.65|29560.5|  1| 0.00| 0.00|   0.000|   0.000|    0.000|   0.0|   0.0|    0.0| 0.000|   0.0|   0.000|   0.000|  0.00|   0.0|    0.0|    0.0|                |
|  0|17.65|29572.0|  1| 6.68| 7.50|  72.028|  48.656| 2625.843|  92.6|  -0.2| 2738.3| 0.000|   0.0|  57.470|  44.701|196.77|   0.0|    0.0|    0.0|F2              |
|  0|17.65|29583.4|  1| 7.48| 8.38|  72.128|  48.678| 2634.438|  92.6|  -0.2| 2758.3| 0.000|   0.0|  58.023|  44.807|201.92|   0.0|    0.0|    0.0|F2              |
|  0|17.65|29595.0|  1| 0.00| 0.00|   0.000|   0.000|    0.000|   0.0|   0.0|    0.0| 0.000|   0.0|   0.000|   0.000|  0.00|   0.0|    0.0|    0.0|                |
|  0|17.65|29595.0|  1| 7.88| 8.86|  72.611|  48.888| 2680.938|  92.7|  -0.2| 2814.3| 0.000|   0.0|  58.301|  44.884|205.85|   0.0|    0.0|    0.0|F2              |
|  0|17.65|29606.4|  1| 7.12| 7.97|  71.982|  48.632| 2621.211|  92.6|  -0.2| 2739.1| 0.000|   0.0|  57.092|  44.627|199.88|   0.0|    0.0|    0.0|F2              |
|  0|17.65|29617.8|  1| 6.11| 6.90|  72.300|  48.760| 2651.313|  92.7|  -0.1| 2758.3| 0.000|   0.0|  57.554|  44.719|193.53|   0.0|    0.0|    0.0|F2              |
|  0|17.65|29629.4|  1| 0.00| 0.00|   0.000|   0.000|    0.000|   0.0|   0.0|    0.0| 0.000|   0.0|   0.000|   0.000|  0.00|   0.0|    0.0|    0.0|                |
|  0|17.65|29640.8|  1| 6.30| 7.09|  72.186|  48.717| 2640.652|  92.7|  -0.1| 2749.2| 0.000|   0.0|  57.341|  44.677|194.65|   0.0|    0.0|    0.0|F2              |
|  0|17.65|29652.3|  1| 6.41| 7.21|  72.129|  48.695| 2635.326|  92.7|  -0.1| 2744.9| 0.000|   0.0|  57.285|  44.666|195.28|   0.0|    0.0|    0.0|F2              |
|  0|17.65|29664.0|  1| 6.31| 7.10|  72.180|  48.714| 2640.093|  92.7|  -0.1| 2748.7| 0.000|   0.0|  57.336|  44.676|194.70|   0.0|    0.0|    0.0|F2              |
+---+-----+-------+---+-----+-----+--------+--------+---------+------+------+-------+------+------+--------+--------+------+------+-------+-------+----------------+
+---+-----+-------+---+-----+-----+--------+--------+---------+------+------+-------+------+------+--------+--------+------+------+-------+-------+----------------+
|0-x| fr  |  time |hop| d0  | d1  |   fi   |  teta  |   dist  |  at  |  dev |   p   |  df  |  l   |   fot  |   tot  |  rot | lsp  |   pf  |    s  |                |
+---+-----+-------+---+-----+-----+--------+--------+---------+------+------+-------+------+------+--------+--------+------+------+-------+-------+----------------+
|  0|17.65|29675.7|  1| 6.15| 6.94|  72.242|  48.783| 2648.058|  92.8|  -0.1| 2755.3| 0.000|   0.0|  57.640|  44.758|193.58|   0.0|    0.0|    0.0|F2              |
|  0|17.65|29687.2|  1| 0.00| 0.00|   0.000|   0.000|    0.000|   0.0|   0.0|    0.0| 0.000|   0.0|   0.000|   0.000|  0.00|   0.0|    0.0|    0.0|                |
|  0|17.65|29698.7|  1| 7.94| 8.91|  73.003|  48.706| 2701.700|  92.0|  -0.2| 2837.5| 0.000|   0.0|  58.323|  44.725|206.94|   0.0|    0.0|    0.0|F2              |
+==============================================================================+
|   Medium characteristics Sunspot number=   1.3 IG= -10.2   GMT time:08:14    |
|------------------------------------------------------------------------------|
|   S   | fh |  I  |   D  | fd |  hd | fe |  he | ff1 | hf1 | ff2 | hf2 |   Hi |
|-------+----+-----+------+----+-----+----+-----+-----+-----+-----+-----+------|
|    0.0|1.25| 58.8|   3.1|0.18| 81.1|2.19|110.0| 0.00|  0.0| 5.17|220.9|  66.0|
+==============================================================================+

+==================================+
|       Es-layer parametres        |
|----------------------------------|
|   S   | hEs | fbEs | f0Es | P Es |
|-------+-----+------+------+------|
|    0.0|108.1| 3.02 | 3.47 | 67.2 |
+==================================+

|  0|17.65|29710.3|  1| 0.06| 2.33|  79.651|  52.040| 3378.246|  93.1|  -0.1| 3465.8| 0.000|   0.0|  62.788|  46.016|177.98|   0.0|    0.0|    0.0|F2              |
|  0|17.65|29722.1|  1| 6.31| 7.09|  72.239|  48.645| 2641.231|  92.5|  -0.1| 2749.9| 0.000|   0.0|  57.352|  44.635|194.73|   0.0|    0.0|    0.0|F2              |
|  0|17.65|29733.8|  1| 6.20| 6.98|  72.270|  48.703| 2646.350|  92.6|  -0.1| 2754.0| 0.000|   0.0|  57.616|  44.708|193.91|   0.0|    0.0|    0.0|F2              |
|  0|17.65|29745.5|  1| 6.80| 7.61|  72.049|  48.572| 2623.404|  92.4|  -0.2| 2737.1| 0.000|   0.0|  57.400|  44.643|197.55|   0.0|    0.0|    0.0|F2              |
|  0|17.65|29757.0|  1| 0.39| 2.34|  79.518|  51.625| 3344.883|  92.5|  -0.1| 3432.7| 0.000|   0.0|  63.061|  45.905|177.35|   0.0|    0.0|    0.0|F2              |
|  0|17.65|29768.5|  1| 5.64| 6.41|  72.649|  48.890| 2683.890|  92.7|  -0.1| 2787.2| 0.000|   0.0|  57.577|  44.724|191.26|   0.0|    0.0|    0.0|F2              |
|  0|17.65|29780.1|  1| 5.66| 6.42|  72.694|  48.815| 2683.709|  92.5|  -0.1| 2787.3| 0.000|   0.0|  57.510|  44.667|191.41|   0.0|    0.0|    0.0|F2              |
|  0|17.65|29791.6|  1| 5.89| 6.66|  72.480|  48.781| 2665.861|  92.6|  -0.1| 2771.0| 0.000|   0.0|  57.737|  44.732|192.28|   0.0|    0.0|    0.0|F2              |
|  0|17.65|29803.2|  1| 5.83| 6.60|  72.525|  48.798| 2670.079|  92.6|  -0.1| 2774.8| 0.000|   0.0|  57.784|  44.742|191.96|   0.0|    0.0|    0.0|F2              |
|  0|17.65|29814.9|  1| 5.63| 6.39|  72.717|  48.824| 2685.827|  92.5|  -0.1| 2789.2| 0.000|   0.0|  57.729|  44.709|191.18|   0.0|    0.0|    0.0|F2              |
|  0|17.65|29826.5|  1| 5.57| 6.33|  72.739|  48.878| 2690.078|  92.6|  -0.1| 2793.0| 0.000|   0.0|  57.769|  44.740|190.86|   0.0|    0.0|    0.0|F2              |
|  0|17.65|29838.1|  1| 6.00| 6.77|  72.367|  48.784| 2657.564|  92.7|  -0.1| 2763.5| 0.000|   0.0|  57.655|  44.739|192.83|   0.0|    0.0|    0.0|F2              |
|  0|17.65|29849.6|  1| 6.11| 6.88|  72.292|  48.756| 2650.548|  92.7|  -0.1| 2757.3| 0.000|   0.0|  57.554|  44.719|193.45|   0.0|    0.0|    0.0|F2              |
|  0|17.65|29861.2|  1| 4.72| 5.49|  73.598|  49.202| 2770.715|  92.6|  -0.1| 2868.8| 0.000|   0.0|  58.356|  44.858|187.25|   0.0|    0.0|    0.0|F2              |
|  0|17.65|29872.7|  1| 7.45| 8.32|  72.002|  48.722| 2627.064|  92.8|  -0.2| 2749.7| 0.000|   0.0|  57.333|  44.716|202.14|   0.0|    0.0|    0.0|F2              |
|  0|17.65|29884.1|  1| 0.00| 0.00|   0.000|   0.000|    0.000|   0.0|   0.0|    0.0| 0.000|   0.0|   0.000|   0.000|  0.00|   0.0|    0.0|    0.0|                |
|  0|17.65|29895.5|  1| 7.59| 8.47|  72.145|  48.725| 2637.940|  92.7|  -0.2| 2763.4| 0.000|   0.0|  58.067|  44.838|202.59|   0.0|    0.0|    0.0|F2              |
+---+-----+-------+---+-----+-----+--------+--------+---------+------+------+-------+------+------+--------+--------+------+------+-------+-------+----------------+
+---+-----+-------+---+-----+-----+--------+--------+---------+------+------+-------+------+------+--------+--------+------+------+-------+-------+----------------+
|0-x| fr  |  time |hop| d0  | d1  |   fi   |  teta  |   dist  |  at  |  dev |   p   |  df  |  l   |   fot  |   tot  |  rot | lsp  |   pf  |    s  |                |
+---+-----+-------+---+-----+-----+--------+--------+---------+------+------+-------+------+------+--------+--------+------+------+-------+-------+----------------+
|  0|17.65|29906.9|  1| 6.38| 7.16|  72.101|  48.729| 2634.847|  92.8|  -0.1| 2743.9| 0.000|   0.0|  57.163|  44.664|195.02|   0.0|    0.0|    0.0|F2              |
|  0|17.65|29918.3|  1| 6.23| 7.00|  72.183|  48.760| 2642.539|  92.8|  -0.1| 2750.2| 0.000|   0.0|  57.570|  44.744|193.97|   0.0|    0.0|    0.0|F2              |
|  0|17.65|29929.8|  1| 0.00| 0.00|   0.000|   0.000|    0.000|   0.0|   0.0|    0.0| 0.000|   0.0|   0.000|   0.000|  0.00|   0.0|    0.0|    0.0|                |
|  0|17.65|29941.4|  1| 5.24| 5.99|  73.136|  48.887| 2720.453|  92.3|  -0.1| 2821.3| 0.000|   0.0|  57.943|  44.706|189.47|   0.0|    0.0|    0.0|F2              |
|  0|17.65|29941.4|  1| 0.00| 0.00|   0.000|   0.000|    0.000|   0.0|   0.0|    0.0| 0.000|   0.0|   0.000|   0.000|  0.00|   0.0|    0.0|    0.0|                |
|  0|17.65|29953.1|  1| 0.00| 0.00|   0.000|   0.000|    0.000|   0.0|   0.0|    0.0| 0.000|   0.0|   0.000|   0.000|  0.00|   0.0|    0.0|    0.0|                |
|  0|17.65|29953.1|  1| 3.99| 4.78|  74.519|  49.510| 2855.506|  92.5|  -0.1| 2950.4| 0.000|   0.0|  58.793|  44.925|184.82|   0.0|    0.0|    0.0|F2              |
|  0|17.65|29964.9|  1| 6.85| 7.64|  71.996|  48.595| 2620.531|  92.5|  -0.2| 2734.5| 0.000|   0.0|  57.354|  44.656|197.78|   0.0|    0.0|    0.0|F2              |
|  0|17.65|29976.6|  1| 0.00| 0.00|   0.000|   0.000|    0.000|   0.0|   0.0|    0.0| 0.000|   0.0|   0.000|   0.000|  0.00|   0.0|    0.0|    0.0|                |
|  0|17.65|29976.6|  1| 6.49| 7.26|  72.139|  48.606| 2631.858|  92.4|  -0.2| 2742.0| 0.000|   0.0|  57.175|  44.601|195.70|   0.0|    0.0|    0.0|F2              |
|  0|17.65|29988.3|  1| 6.39| 7.16|  72.092|  48.725| 2633.968|  92.8|  -0.1| 2743.0| 0.000|   0.0|  57.345|  44.699|194.98|   0.0|    0.0|    0.0|F2              |
|  0|17.65|29999.9|  1| 6.67| 7.45|  71.976|  48.680| 2623.063|  92.7|  -0.2| 2734.9| 0.000|   0.0|  57.179|  44.667|196.68|   0.0|    0.0|    0.0|F2              |
|  0|17.65|30011.4|  1| 6.39| 7.16|  72.091|  48.724| 2633.867|  92.8|  -0.1| 2742.9| 0.000|   0.0|  57.345|  44.699|194.97|   0.0|    0.0|    0.0|F2              |
|  0|17.65|30023.1|  1| 0.00| 0.00|   0.000|   0.000|    0.000|   0.0|   0.0|    0.0| 0.000|   0.0|   0.000|   0.000|  0.00|   0.0|    0.0|    0.0|                |
|  0|17.65|30034.5|  1| 0.00| 0.00|   0.000|   0.000|    0.000|   0.0|   0.0|    0.0| 0.000|   0.0|   0.000|   0.000|  0.00|   0.0|    0.0|    0.0|                |
|  0|17.65|30046.1|  1| 7.38| 8.22|  72.016|  48.638| 2624.119|  92.6|  -0.2| 2745.5| 0.000|   0.0|  57.838|  44.770|200.98|   0.0|    0.0|    0.0|F2              |
|  0|17.65|30057.7|  1| 0.00| 0.00|   0.000|   0.000|    0.000|   0.0|   0.0|    0.0| 0.000|   0.0|   0.000|   0.000|  0.00|   0.0|    0.0|    0.0|                |
|  0|17.65|30069.4|  1| 0.00| 0.00|   0.000|   0.000|    0.000|   0.0|   0.0|    0.0| 0.000|   0.0|   0.000|   0.000|  0.00|   0.0|    0.0|    0.0|                |
|  0|17.65|30080.8|  1| 0.00| 0.00|   0.000|   0.000|    0.000|   0.0|   0.0|    0.0| 0.000|   0.0|   0.000|   0.000|  0.00|   0.0|    0.0|    0.0|                |
|  0|17.65|30092.5|  1| 8.30| 9.39|  74.048|  49.546| 2821.825|  92.9|  -0.3| 2973.1| 0.000|   0.0|  58.347|  44.962|211.45|   0.0|    0.0|    0.0|F2              |
+---+-----+-------+---+-----+-----+--------+--------+---------+------+------+-------+------+------+--------+--------+------+------+-------+-------+----------------+
+---+-----+-------+---+-----+-----+--------+--------+---------+------+------+-------+------+------+--------+--------+------+------+-------+-------+----------------+
|0-x| fr  |  time |hop| d0  | d1  |   fi   |  teta  |   dist  |  at  |  dev |   p   |  df  |  l   |   fot  |   tot  |  rot | lsp  |   pf  |    s  |                |
+---+-----+-------+---+-----+-----+--------+--------+---------+------+------+-------+------+------+--------+--------+------+------+-------+-------+----------------+
|  0|17.65|30092.5|  1| 0.00| 0.00|   0.000|   0.000|    0.000|   0.0|   0.0|    0.0| 0.000|   0.0|   0.000|   0.000|  0.00|   0.0|    0.0|    0.0|                |
|  0|17.65|30104.1|  1| 0.00| 0.00|   0.000|   0.000|    0.000|   0.0|   0.0|    0.0| 0.000|   0.0|   0.000|   0.000|  0.00|   0.0|    0.0|    0.0|                |
|  0|17.65|30115.5|  1| 6.04| 6.79|  72.328|  48.768| 2653.871|  92.7|  -0.1| 2759.9| 0.000|   0.0|  57.620|  44.732|192.96|   0.0|    0.0|    0.0|F2              |
|  0|17.65|30127.0|  1| 5.61| 6.35|  72.664|  48.894| 2685.223|  92.7|  -0.1| 2788.1| 0.000|   0.0|  57.768|  44.762|190.92|   0.0|    0.0|    0.0|F2              |
|  0|17.65|30138.6|  1| 6.18| 6.93|  72.204|  48.767| 2644.454|  92.8|  -0.1| 2751.6| 0.000|   0.0|  57.539|  44.738|193.68|   0.0|    0.0|    0.0|F2              |
|  0|17.65|30150.1|  1| 6.24| 6.99|  72.167|  48.753| 2640.977|  92.8|  -0.1| 2748.6| 0.000|   0.0|  58.068|  44.843|193.05|   0.0|    0.0|    0.0|F2              |
|  0|17.65|30161.5|  1| 0.00| 0.00|   0.000|   0.000|    0.000|   0.0|   0.0|    0.0| 0.000|   0.0|   0.000|   0.000|  0.00|   0.0|    0.0|    0.0|                |
|  0|17.65|30173.1|  1| 5.99| 6.73|  72.332|  48.815| 2656.392|  92.8|  -0.1| 2762.0| 0.000|   0.0|  57.422|  44.715|192.82|   0.0|    0.0|    0.0|F2              |
|  0|17.65|30184.5|  1| 6.00| 6.74|  72.324|  48.812| 2655.660|  92.8|  -0.1| 2761.3| 0.000|   0.0|  57.417|  44.714|192.87|   0.0|    0.0|    0.0|F2              |
|  0|17.65|30195.9|  1| 5.95| 6.69|  72.359|  48.825| 2658.892|  92.8|  -0.1| 2764.1| 0.000|   0.0|  57.371|  44.705|192.64|   0.0|    0.0|    0.0|F2              |
|  0|17.65|30207.5|  1| 6.16| 6.90|  72.215|  48.771| 2645.480|  92.8|  -0.1| 2752.4| 0.000|   0.0|  58.095|  44.848|192.58|   0.0|    0.0|    0.0|F2              |
|  0|17.65|30219.1|  1| 6.06| 6.80|  72.279|  48.795| 2651.465|  92.8|  -0.1| 2757.5| 0.000|   0.0|  57.284|  44.688|193.20|   0.0|    0.0|    0.0|F2              |
|  0|17.65|30230.7|  1| 5.58| 6.31|  72.687|  48.902| 2687.389|  92.7|  -0.1| 2790.0| 0.000|   0.0|  57.756|  44.759|190.77|   0.0|    0.0|    0.0|F2              |
|  0|17.65|30242.3|  1| 0.00| 0.00|   0.000|   0.000|    0.000|   0.0|   0.0|    0.0| 0.000|   0.0|   0.000|   0.000|  0.00|   0.0|    0.0|    0.0|                |
|  0|17.65|30242.3|  1| 4.60| 5.34|  73.763|  49.216| 2783.857|  92.5|  -0.1| 2881.2| 0.000|   0.0|  58.573|  44.879|186.59|   0.0|    0.0|    0.0|F2              |
|  0|17.65|30254.1|  1| 7.22| 8.03|  71.878|  48.680| 2615.704|  92.8|  -0.2| 2734.1| 0.000|   0.0|  57.032|  44.658|200.23|   0.0|    0.0|    0.0|F2              |
|  0|17.65|30265.5|  1| 7.28| 8.09|  71.893|  48.684| 2617.039|  92.8|  -0.2| 2736.4| 0.000|   0.0|  57.908|  44.830|199.75|   0.0|    0.0|    0.0|F2              |
|  0|17.65|30277.3|  1| 7.21| 8.01|  71.874|  48.679| 2615.352|  92.8|  -0.2| 2733.6| 0.000|   0.0|  57.037|  44.659|200.15|   0.0|    0.0|    0.0|F2              |
|  0|17.65|30288.9|  1| 5.70| 6.43|  72.553|  48.898| 2677.072|  92.8|  -0.1| 2780.4| 0.000|   0.0|  57.637|  44.758|191.32|   0.0|    0.0|    0.0|F2              |
|  0|17.65|30300.7|  1| 0.00| 0.00|   0.000|   0.000|    0.000|   0.0|   0.0|    0.0| 0.000|   0.0|   0.000|   0.000|  0.00|   0.0|    0.0|    0.0|                |
+---+-----+-------+---+-----+-----+--------+--------+---------+------+------+-------+------+------+--------+--------+------+------+-------+-------+----------------+
+---+-----+-------+---+-----+-----+--------+--------+---------+------+------+-------+------+------+--------+--------+------+------+-------+-------+----------------+
|0-x| fr  |  time |hop| d0  | d1  |   fi   |  teta  |   dist  |  at  |  dev |   p   |  df  |  l   |   fot  |   tot  |  rot | lsp  |   pf  |    s  |                |
+---+-----+-------+---+-----+-----+--------+--------+---------+------+------+-------+------+------+--------+--------+------+------+-------+-------+----------------+
|  0|17.65|30300.7|  1| 4.87| 5.60|  73.363|  49.205| 2753.199|  92.8|  -0.1| 2851.7| 0.000|   0.0|  58.272|  44.887|187.62|   0.0|    0.0|    0.0|F2              |
|  0|17.65|30312.6|  1| 0.00| 0.00|   0.000|   0.000|    0.000|   0.0|   0.0|    0.0| 0.000|   0.0|   0.000|   0.000|  0.00|   0.0|    0.0|    0.0|                |
|  0|17.65|30312.6|  1| 3.76| 4.55|  74.684|  49.770| 2881.216|  92.9|  -0.1| 2975.0| 0.000|   0.0|  58.826|  45.029|184.05|   0.0|    0.0|    0.0|F2              |
|  0|17.65|30324.5|  1| 6.97| 7.75|  71.894|  48.645| 2615.185|  92.7|  -0.2| 2730.2| 0.000|   0.0|  57.900|  44.807|197.50|   0.0|    0.0|    0.0|F2              |
|  0|17.65|30336.4|  1| 6.22| 6.96|  72.171|  48.753| 2641.273|  92.8|  -0.1| 2748.6| 0.000|   0.0|  57.345|  44.700|193.96|   0.0|    0.0|    0.0|F2              |
|  0|17.65|30348.2|  1| 6.06| 6.79|  72.307|  48.759| 2651.795|  92.7|  -0.1| 2757.8| 0.000|   0.0|  57.292|  44.668|193.18|   0.0|    0.0|    0.0|F2              |
|  0|17.65|30360.2|  1| 0.00| 0.00|   0.000|   0.000|    0.000|   0.0|   0.0|    0.0| 0.000|   0.0|   0.000|   0.000|  0.00|   0.0|    0.0|    0.0|                |
|  0|17.65|30371.7|  1| 0.00| 0.00|   0.000|   0.000|    0.000|   0.0|   0.0|    0.0| 0.000|   0.0|   0.000|   0.000|  0.00|   0.0|    0.0|    0.0|                |
|  0|17.65|30371.7|  1| 4.57| 5.31|  73.700|  49.334| 2785.022|  92.8|  -0.1| 2882.0| 0.000|   0.0|  58.307|  44.895|186.66|   0.0|    0.0|    0.0|F2              |
|  0|17.65|30383.3|  1| 5.97| 6.69|  72.369|  48.782| 2657.618|  92.7|  -0.1| 2762.9| 0.000|   0.0|  57.715|  44.750|192.45|   0.0|    0.0|    0.0|F2              |
|  0|17.65|30394.9|  1| 5.89| 6.61|  72.397|  48.839| 2662.452|  92.8|  -0.1| 2767.1| 0.000|   0.0|  57.605|  44.751|192.16|   0.0|    0.0|    0.0|F2              |
|  0|17.65|30406.5|  1| 5.33| 6.04|  72.947|  48.953| 2709.411|  92.6|  -0.1| 2810.4| 0.000|   0.0|  58.081|  44.802|189.44|   0.0|    0.0|    0.0|F2              |
|  0|17.65|30418.2|  1| 5.67| 6.38|  72.637|  48.836| 2680.379|  92.6|  -0.1| 2783.5| 0.000|   0.0|  57.497|  44.686|191.28|   0.0|    0.0|    0.0|F2              |
|  0|17.65|30429.6|  1| 6.01| 6.73|  72.308|  48.805| 2654.088|  92.8|  -0.1| 2759.6| 0.000|   0.0|  57.512|  44.733|192.78|   0.0|    0.0|    0.0|F2              |
|  0|17.65|30441.1|  1| 6.05| 6.77|  72.310|  48.760| 2652.110|  92.7|  -0.1| 2758.0| 0.000|   0.0|  57.384|  44.686|193.08|   0.0|    0.0|    0.0|F2              |
|  0|17.65|30452.5|  1| 5.97| 6.69|  72.335|  48.815| 2656.654|  92.8|  -0.1| 2761.9| 0.000|   0.0|  57.707|  44.771|192.40|   0.0|    0.0|    0.0|F2              |
|  0|17.65|30464.3|  1| 5.77| 6.48|  72.553|  48.805| 2672.538|  92.6|  -0.1| 2776.3| 0.000|   0.0|  57.601|  44.706|191.66|   0.0|    0.0|    0.0|F2              |
|  0|17.65|30475.8|  1| 4.58| 5.30|  73.752|  49.258| 2785.123|  92.6|  -0.1| 2882.2| 0.000|   0.0|  58.577|  44.903|186.44|   0.0|    0.0|    0.0|F2              |
|  0|17.65|30487.3|  1| 4.31| 5.05|  74.073|  49.382| 2815.440|  92.6|  -0.1| 2911.3| 0.000|   0.0|  58.601|  44.909|185.70|   0.0|    0.0|    0.0|F2              |
|  0|17.65|30498.8|  1| 7.32| 8.12|  71.920|  48.647| 2617.312|  92.7|  -0.2| 2737.1| 0.000|   0.0|  57.885|  44.802|200.04|   0.0|    0.0|    0.0|F2              |
+---+-----+-------+---+-----+-----+--------+--------+---------+------+------+-------+------+------+--------+--------+------+------+-------+-------+----------------+
+---+-----+-------+---+-----+-----+--------+--------+---------+------+------+-------+------+------+--------+--------+------+------+-------+-------+----------------+
|0-x| fr  |  time |hop| d0  | d1  |   fi   |  teta  |   dist  |  at  |  dev |   p   |  df  |  l   |   fot  |   tot  |  rot | lsp  |   pf  |    s  |                |
+---+-----+-------+---+-----+-----+--------+--------+---------+------+------+-------+------+------+--------+--------+------+------+-------+-------+----------------+
|  0|17.65|30510.0|  1| 0.00| 0.00|   0.000|   0.000|    0.000|   0.0|   0.0|    0.0| 0.000|   0.0|   0.000|   0.000|  0.00|   0.0|    0.0|    0.0|                |
|  0|17.65|30521.4|  1| 7.14| 7.92|  71.880|  48.636| 2613.738|  92.7|  -0.2| 2730.8| 0.000|   0.0|  57.894|  44.805|198.60|   0.0|    0.0|    0.0|F2              |
|  0|17.65|30532.9|  1| 6.99| 7.75|  71.910|  48.604| 2614.475|  92.6|  -0.2| 2729.6| 0.000|   0.0|  57.253|  44.658|198.48|   0.0|    0.0|    0.0|F2              |
|  0|17.65|30544.6|  1| 4.39| 5.12|  73.945|  49.380| 2805.733|  92.7|  -0.1| 2901.9| 0.000|   0.0|  58.695|  44.952|185.75|   0.0|    0.0|    0.0|F2              |
|  0|17.65|30556.3|  1| 6.05| 6.76|  72.337|  48.724| 2652.417|  92.6|  -0.1| 2758.3| 0.000|   0.0|  57.392|  44.665|193.07|   0.0|    0.0|    0.0|F2              |
|  0|17.65|30567.8|  1| 6.39| 7.11|  72.097|  48.679| 2632.173|  92.6|  -0.2| 2740.8| 0.000|   0.0|  57.354|  44.679|194.81|   0.0|    0.0|    0.0|F2              |
|  0|17.65|30579.3|  1| 0.00| 0.00|   0.000|   0.000|    0.000|   0.0|   0.0|    0.0| 0.000|   0.0|   0.000|   0.000|  0.00|   0.0|    0.0|    0.0|                |
|  0|17.65|30579.3|  1| 3.84| 4.59|  74.646|  49.654| 2872.378|  92.7|  -0.1| 2966.4| 0.000|   0.0|  58.971|  45.011|184.15|   0.0|    0.0|    0.0|F2              |
|  0|17.65|30591.2|  1| 6.97| 7.72|  71.975|  48.538| 2616.256|  92.4|  -0.2| 2731.2| 0.000|   0.0|  57.926|  44.743|197.47|   0.0|    0.0|    0.0|F2              |
|  0|17.65|30591.2|  1| 7.02| 7.78|  71.906|  48.602| 2614.120|  92.6|  -0.2| 2729.6| 0.000|   0.0|  57.871|  44.778|197.80|   0.0|    0.0|    0.0|F2              |
|  0|17.65|30591.2|  1| 6.89| 7.64|  71.951|  48.576| 2616.207|  92.5|  -0.2| 2730.1| 0.000|   0.0|  57.797|  44.741|197.14|   0.0|    0.0|    0.0|F2              |
+==============================================================================+
|   Medium characteristics Sunspot number=   1.3 IG= -10.2   GMT time:08:29    |
|------------------------------------------------------------------------------|
|   S   | fh |  I  |   D  | fd |  hd | fe |  he | ff1 | hf1 | ff2 | hf2 |   Hi |
|-------+----+-----+------+----+-----+----+-----+-----+-----+-----+-----+------|
|    0.0|1.25| 58.8|   3.1|0.18| 81.1|2.21|110.0| 0.00|  0.0| 5.22|222.7|  65.1|
+==============================================================================+

+==================================+
|       Es-layer parametres        |
|----------------------------------|
|   S   | hEs | fbEs | f0Es | P Es |
|-------+-----+------+------+------|
|    0.0|108.1| 3.02 | 3.46 | 66.5 |
+==================================+

|  0|17.65|30602.6|  1| 3.31| 4.11|  75.401|  49.906| 2942.169|  92.6|  -0.1| 3034.5| 0.000|   0.0|  59.707|  45.144|182.31|   0.0|    0.0|    0.0|F2              |
|  0|17.65|30614.3|  1| 7.06| 7.82|  71.869|  48.633| 2612.793|  92.7|  -0.2| 2728.7| 0.000|   0.0|  57.199|  44.669|198.91|   0.0|    0.0|    0.0|F2              |
|  0|17.65|30625.8|  1| 6.27| 6.99|  72.130|  48.737| 2637.396|  92.7|  -0.2| 2744.9| 0.000|   0.0|  58.010|  44.831|193.12|   0.0|    0.0|    0.0|F2              |
|  0|17.65|30637.4|  1| 6.14| 6.85|  72.178|  48.800| 2644.103|  92.9|  -0.1| 2750.5| 0.000|   0.0|  57.292|  44.711|193.45|   0.0|    0.0|    0.0|F2              |
|  0|17.65|30649.1|  1| 7.74| 8.57|  72.338|  48.651| 2648.976|  92.4|  -0.2| 2776.9| 0.000|   0.0|  58.016|  44.758|203.88|   0.0|    0.0|    0.0|F2              |
|  0|17.65|30660.7|  1| 7.80| 8.64|  72.426|  48.680| 2656.947|  92.4|  -0.2| 2786.4| 0.000|   0.0|  57.977|  44.750|204.60|   0.0|    0.0|    0.0|F2              |
|  0|17.65|30672.4|  1| 8.09| 9.01|  73.071|  48.948| 2718.533|  92.5|  -0.2| 2857.3| 0.000|   0.0|  58.206|  44.817|207.96|   0.0|    0.0|    0.0|F2              |
|  0|17.65|30683.9|  1| 8.25| 9.23|  73.814|  49.214| 2787.616|  92.4|  -0.3| 2934.6| 0.000|   0.0|  58.993|  44.976|209.85|   0.0|    0.0|    0.0|F2              |
|  0|17.65|30695.5|  1| 8.41| 9.50|  75.507|  49.799| 2944.671|  92.3|  -0.3| 3107.6| 0.000|   0.0|  59.278|  45.009|213.32|   0.0|    0.0|    0.0|F2              |
+---+-----+-------+---+-----+-----+--------+--------+---------+------+------+-------+------+------+--------+--------+------+------+-------+-------+----------------+
+---+-----+-------+---+-----+-----+--------+--------+---------+------+------+-------+------+------+--------+--------+------+------+-------+-------+----------------+
|0-x| fr  |  time |hop| d0  | d1  |   fi   |  teta  |   dist  |  at  |  dev |   p   |  df  |  l   |   fot  |   tot  |  rot | lsp  |   pf  |    s  |                |
+---+-----+-------+---+-----+-----+--------+--------+---------+------+------+-------+------+------+--------+--------+------+------+-------+-------+----------------+
|  0|17.65|30707.1|  1| 0.00| 0.00|   0.000|   0.000|    0.000|   0.0|   0.0|    0.0| 0.000|   0.0|   0.000|   0.000|  0.00|   0.0|    0.0|    0.0|                |
|  0|17.65|30707.1|  1| 0.68| 2.33|  78.998|  51.614| 3305.054|  92.9|  -0.1| 3392.4| 0.000|   0.0|  62.432|  45.865|177.80|   0.0|    0.0|    0.0|F2              |
|  0|17.65|30719.1|  1| 7.58| 8.39|  72.057|  48.689| 2629.579|  92.7|  -0.2| 2753.7| 0.000|   0.0|  57.701|  44.765|202.51|   0.0|    0.0|    0.0|F2              |
|  0|17.65|30730.6|  1| 6.13| 6.83|  72.246|  48.734| 2645.957|  92.6|  -0.2| 2752.3| 0.000|   0.0|  57.314|  44.672|193.43|   0.0|    0.0|    0.0|F2              |
|  0|17.65|30742.4|  1| 0.00| 0.00|   0.000|   0.000|    0.000|   0.0|   0.0|    0.0| 0.000|   0.0|   0.000|   0.000|  0.00|   0.0|    0.0|    0.0|                |
|  0|17.65|30754.1|  1| 0.00| 0.00|   0.000|   0.000|    0.000|   0.0|   0.0|    0.0| 0.000|   0.0|   0.000|   0.000|  0.00|   0.0|    0.0|    0.0|                |
|  0|17.65|30765.8|  1| 7.66| 8.46|  72.319|  48.555| 2642.908|  92.2|  -0.2| 2769.1| 0.000|   0.0|  57.823|  44.676|203.39|   0.0|    0.0|    0.0|F2              |
|  0|17.65|30777.4|  1| 4.26| 4.97|  74.071|  49.475| 2820.005|  92.8|  -0.1| 2915.5| 0.000|   0.0|  58.632|  44.963|185.43|   0.0|    0.0|    0.0|F2              |
|  0|17.65|30788.9|  1| 7.78| 8.62|  72.282|  48.763| 2650.172|  92.7|  -0.2| 2778.8| 0.000|   0.0|  58.117|  44.847|203.93|   0.0|    0.0|    0.0|F2              |
|  0|17.65|30800.5|  1| 0.00| 0.00|   0.000|   0.000|    0.000|   0.0|   0.0|    0.0| 0.000|   0.0|   0.000|   0.000|  0.00|   0.0|    0.0|    0.0|                |
|  0|17.65|30812.0|  1| 7.77| 8.59|  72.342|  48.694| 2651.304|  92.5|  -0.2| 2779.8| 0.000|   0.0|  57.709|  44.721|204.44|   0.0|    0.0|    0.0|F2              |
|  0|17.65|30823.5|  1| 8.18| 9.11|  73.394|  49.108| 2750.722|  92.5|  -0.3| 2893.4| 0.000|   0.0|  57.934|  44.786|209.23|   0.0|    0.0|    0.0|F2              |
|  0|17.65|30835.0|  1| 0.00| 0.00|   0.000|   0.000|    0.000|   0.0|   0.0|    0.0| 0.000|   0.0|   0.000|   0.000|  0.00|   0.0|    0.0|    0.0|                |
|  0|17.65|30846.6|  1| 0.00| 0.00|   0.000|   0.000|    0.000|   0.0|   0.0|    0.0| 0.000|   0.0|   0.000|   0.000|  0.00|   0.0|    0.0|    0.0|                |
|  0|17.65|30858.1|  1| 8.36| 9.38|  74.847|  49.545| 2882.033|  92.3|  -0.3| 3038.6| 0.000|   0.0|  59.058|  44.964|212.16|   0.0|    0.0|    0.0|F2              |
|  0|17.65|30869.7|  1| 0.00| 0.00|   0.000|   0.000|    0.000|   0.0|   0.0|    0.0| 0.000|   0.0|   0.000|   0.000|  0.00|   0.0|    0.0|    0.0|                |
|  0|17.65|30881.3|  1| 6.17| 6.87|  72.153|  48.788| 2641.660|  92.8|  -0.2| 2748.1| 0.000|   0.0|  57.162|  44.686|193.58|   0.0|    0.0|    0.0|F2              |
|  0|17.65|30892.7|  1| 7.56| 8.35|  72.078|  48.650| 2629.305|  92.6|  -0.2| 2753.1| 0.000|   0.0|  57.661|  44.735|202.38|   0.0|    0.0|    0.0|F2              |
|  0|17.65|30904.3|  1| 5.92| 6.60|  72.391|  48.787| 2659.466|  92.6|  -0.2| 2764.1| 0.000|   0.0|  57.598|  44.727|192.21|   0.0|    0.0|    0.0|F2              |
|  0|17.65|30915.6|  1| 0.00| 0.00|   0.000|   0.000|    0.000|   0.0|   0.0|    0.0| 0.000|   0.0|   0.000|   0.000|  0.00|   0.0|    0.0|    0.0|                |
+---+-----+-------+---+-----+-----+--------+--------+---------+------+------+-------+------+------+--------+--------+------+------+-------+-------+----------------+
+---+-----+-------+---+-----+-----+--------+--------+---------+------+------+-------+------+------+--------+--------+------+------+-------+-------+----------------+
|0-x| fr  |  time |hop| d0  | d1  |   fi   |  teta  |   dist  |  at  |  dev |   p   |  df  |  l   |   fot  |   tot  |  rot | lsp  |   pf  |    s  |                |
+---+-----+-------+---+-----+-----+--------+--------+---------+------+------+-------+------+------+--------+--------+------+------+-------+-------+----------------+
|  0|17.65|30915.6|  1| 0.00| 0.00|   0.000|   0.000|    0.000|   0.0|   0.0|    0.0| 0.000|   0.0|   0.000|   0.000|  0.00|   0.0|    0.0|    0.0|                |
|  0|17.65|30927.2|  1| 0.00| 0.00|   0.000|   0.000|    0.000|   0.0|   0.0|    0.0| 0.000|   0.0|   0.000|   0.000|  0.00|   0.0|    0.0|    0.0|                |
|  0|17.65|30938.9|  1| 0.00| 0.00|   0.000|   0.000|    0.000|   0.0|   0.0|    0.0| 0.000|   0.0|   0.000|   0.000|  0.00|   0.0|    0.0|    0.0|                |
|  0|17.65|30950.5|  1| 7.62| 8.41|  72.128|  48.665| 2633.823|  92.6|  -0.2| 2758.8| 0.000|   0.0|  57.162|  44.638|203.22|   0.0|    0.0|    0.0|F2              |
|  0|17.65|30962.1|  1| 0.00| 0.00|   0.000|   0.000|    0.000|   0.0|   0.0|    0.0| 0.000|   0.0|   0.000|   0.000|  0.00|   0.0|    0.0|    0.0|                |
|  0|17.65|30973.6|  1| 0.00| 0.00|   0.000|   0.000|    0.000|   0.0|   0.0|    0.0| 0.000|   0.0|   0.000|   0.000|  0.00|   0.0|    0.0|    0.0|                |
|  0|17.65|30985.3|  1| 0.00| 0.00|   0.000|   0.000|    0.000|   0.0|   0.0|    0.0| 0.000|   0.0|   0.000|   0.000|  0.00|   0.0|    0.0|    0.0|                |
|  0|17.65|30996.7|  1| 8.24| 9.18|  73.624|  49.282| 2776.689|  92.7|  -0.3| 2922.4| 0.000|   0.0|  58.177|  44.880|209.90|   0.0|    0.0|    0.0|F2              |
|  0|17.65|31008.2|  1| 7.51| 8.29|  71.965|  48.699| 2623.103|  92.8|  -0.2| 2745.7| 0.000|   0.0|  57.680|  44.783|201.75|   0.0|    0.0|    0.0|F2              |
|  0|17.65|31020.1|  1| 7.49| 8.27|  71.951|  48.694| 2621.904|  92.8|  -0.2| 2744.1| 0.000|   0.0|  57.860|  44.819|201.28|   0.0|    0.0|    0.0|F2              |
|  0|17.65|31031.4|  1| 0.00| 0.00|   0.000|   0.000|    0.000|   0.0|   0.0|    0.0| 0.000|   0.0|   0.000|   0.000|  0.00|   0.0|    0.0|    0.0|                |
|  0|17.65|31043.2|  1| 4.46| 5.14|  73.853|  49.340| 2796.782|  92.7|  -0.1| 2893.0| 0.000|   0.0|  58.634|  44.939|185.92|   0.0|    0.0|    0.0|F2              |
|  0|17.65|31054.6|  1| 7.96| 8.82|  72.540|  48.939| 2678.071|  92.9|  -0.2| 2811.4| 0.000|   0.0|  57.684|  44.805|206.28|   0.0|    0.0|    0.0|F2              |
|  0|17.65|31066.3|  1| 8.11| 9.00|  73.116|  49.005| 2724.743|  92.5|  -0.3| 2864.0| 0.000|   0.0|  57.820|  44.763|208.22|   0.0|    0.0|    0.0|F2              |
|  0|17.65|31077.9|  1| 8.51| 9.78|  79.660|  51.726| 3361.205|  92.6|  -0.4| 3561.1| 0.000|   0.0|  60.933|  45.472|215.87|   0.0|    0.0|    0.0|F2              |
|  0|17.65|31089.4|  1| 7.71| 8.51|  72.113|  48.791| 2638.738|  92.9|  -0.2| 2765.3| 0.000|   0.0|  57.687|  44.806|203.55|   0.0|    0.0|    0.0|F2              |
|  0|17.65|31101.0|  1| 0.00| 0.00|   0.000|   0.000|    0.000|   0.0|   0.0|    0.0| 0.000|   0.0|   0.000|   0.000|  0.00|   0.0|    0.0|    0.0|                |
|  0|17.65|31112.5|  1| 7.07| 7.79|  71.892|  48.591| 2612.509|  92.6|  -0.2| 2728.3| 0.000|   0.0|  57.030|  44.615|198.94|   0.0|    0.0|    0.0|F2              |
|  0|17.65|31124.0|  1| 0.00| 0.00|   0.000|   0.000|    0.000|   0.0|   0.0|    0.0| 0.000|   0.0|   0.000|   0.000|  0.00|   0.0|    0.0|    0.0|                |
|  0|17.65|31135.5|  1| 0.00| 0.00|   0.000|   0.000|    0.000|   0.0|   0.0|    0.0| 0.000|   0.0|   0.000|   0.000|  0.00|   0.0|    0.0|    0.0|                |
+---+-----+-------+---+-----+-----+--------+--------+---------+------+------+-------+------+------+--------+--------+------+------+-------+-------+----------------+
+---+-----+-------+---+-----+-----+--------+--------+---------+------+------+-------+------+------+--------+--------+------+------+-------+-------+----------------+
|0-x| fr  |  time |hop| d0  | d1  |   fi   |  teta  |   dist  |  at  |  dev |   p   |  df  |  l   |   fot  |   tot  |  rot | lsp  |   pf  |    s  |                |
+---+-----+-------+---+-----+-----+--------+--------+---------+------+------+-------+------+------+--------+--------+------+------+-------+-------+----------------+
|  0|17.65|31147.2|  1| 0.00| 0.00|   0.000|   0.000|    0.000|   0.0|   0.0|    0.0| 0.000|   0.0|   0.000|   0.000|  0.00|   0.0|    0.0|    0.0|                |
|  0|17.65|31158.8|  1| 6.09| 6.77|  72.198|  48.803| 2645.674|  92.8|  -0.2| 2751.4| 0.000|   0.0|  57.607|  44.773|192.85|   0.0|    0.0|    0.0|F2              |
|  0|17.65|31170.6|  1| 7.14| 7.87|  71.830|  48.656| 2610.921|  92.8|  -0.2| 2727.5| 0.000|   0.0|  56.968|  44.646|199.36|   0.0|    0.0|    0.0|F2              |
|  0|17.65|31182.0|  1| 8.18| 9.08|  73.269|  49.197| 2745.715|  92.8|  -0.3| 2887.8| 0.000|   0.0|  57.909|  44.849|208.94|   0.0|    0.0|    0.0|F2              |
|  0|17.65|31193.5|  1| 8.19| 9.09|  73.318|  49.215| 2750.222|  92.8|  -0.3| 2892.8| 0.000|   0.0|  58.656|  45.002|208.57|   0.0|    0.0|    0.0|F2              |
|  0|17.65|31205.0|  1| 6.11| 6.78|  72.183|  48.796| 2644.256|  92.8|  -0.2| 2750.1| 0.000|   0.0|  57.438|  44.740|193.10|   0.0|    0.0|    0.0|F2              |
|  0|17.65|31216.5|  1| 4.51| 5.17|  73.854|  49.242| 2792.023|  92.5|  -0.1| 2888.4| 0.000|   0.0|  58.374|  44.838|186.40|   0.0|    0.0|    0.0|F2              |
|  0|17.65|31228.3|  1| 8.43| 9.48|  75.527|  50.100| 2961.684|  92.9|  -0.3| 3125.9| 0.000|   0.0|  59.186|  45.137|213.14|   0.0|    0.0|    0.0|F2              |
|  0|17.65|31228.3|  1| 8.50| 9.69|  78.797|  51.344| 3274.900|  92.6|  -0.4| 3466.9| 0.000|   0.0|  60.952|  45.476|215.38|   0.0|    0.0|    0.0|F2              |
|  0|17.65|31240.2|  1| 7.00| 7.71|  71.823|  48.655| 2610.382|  92.8|  -0.2| 2725.0| 0.000|   0.0|  57.692|  44.787|197.68|   0.0|    0.0|    0.0|F2              |
|  0|17.65|31252.2|  1| 7.06| 7.78|  71.788|  48.686| 2609.158|  92.9|  -0.2| 2724.5| 0.000|   0.0|  57.011|  44.676|198.74|   0.0|    0.0|    0.0|F2              |
|  0|17.65|31264.0|  1| 0.00| 0.00|   0.000|   0.000|    0.000|   0.0|   0.0|    0.0| 0.000|   0.0|   0.000|   0.000|  0.00|   0.0|    0.0|    0.0|                |
|  0|17.65|31275.8|  1| 7.06| 7.76|  71.956|  48.523| 2614.127|  92.4|  -0.2| 2729.8| 0.000|   0.0|  57.050|  44.575|198.89|   0.0|    0.0|    0.0|F2              |
|  0|17.65|31287.6|  1| 0.00| 0.00|   0.000|   0.000|    0.000|   0.0|   0.0|    0.0| 0.000|   0.0|   0.000|   0.000|  0.00|   0.0|    0.0|    0.0|                |
|  0|17.65|31287.6|  1| 3.96| 4.64|  74.508|  49.543| 2856.331|  92.6|  -0.1| 2950.4| 0.000|   0.0|  58.979|  44.987|184.35|   0.0|    0.0|    0.0|F2              |
|  0|17.65|31299.3|  1| 7.75| 8.54|  72.161|  48.805| 2643.013|  92.9|  -0.2| 2770.3| 0.000|   0.0|  57.927|  44.854|203.56|   0.0|    0.0|    0.0|F2              |
|  0|17.65|31310.9|  1| 4.06| 4.73|  74.412|  49.457| 2844.776|  92.5|  -0.1| 2939.3| 0.000|   0.0|  59.074|  44.982|184.41|   0.0|    0.0|    0.0|F2              |
|  0|17.65|31310.9|  1| 0.00| 0.00|   0.000|   0.000|    0.000|   0.0|   0.0|    0.0| 0.000|   0.0|   0.000|   0.000|  0.00|   0.0|    0.0|    0.0|                |
|  0|17.65|31322.8|  1| 0.00| 0.00|   0.000|   0.000|    0.000|   0.0|   0.0|    0.0| 0.000|   0.0|   0.000|   0.000|  0.00|   0.0|    0.0|    0.0|                |
|  0|17.65|31334.6|  1| 0.00| 0.00|   0.000|   0.000|    0.000|   0.0|   0.0|    0.0| 0.000|   0.0|   0.000|   0.000|  0.00|   0.0|    0.0|    0.0|                |
+---+-----+-------+---+-----+-----+--------+--------+---------+------+------+-------+------+------+--------+--------+------+------+-------+-------+----------------+
+---+-----+-------+---+-----+-----+--------+--------+---------+------+------+-------+------+------+--------+--------+------+------+-------+-------+----------------+
|0-x| fr  |  time |hop| d0  | d1  |   fi   |  teta  |   dist  |  at  |  dev |   p   |  df  |  l   |   fot  |   tot  |  rot | lsp  |   pf  |    s  |                |
+---+-----+-------+---+-----+-----+--------+--------+---------+------+------+-------+------+------+--------+--------+------+------+-------+-------+----------------+
|  0|17.65|31346.3|  1| 0.00| 0.00|   0.000|   0.000|    0.000|   0.0|   0.0|    0.0| 0.000|   0.0|   0.000|   0.000|  0.00|   0.0|    0.0|    0.0|                |
|  0|17.65|31358.0|  1| 7.63| 8.40|  72.058|  48.725| 2631.388|  92.8|  -0.2| 2756.1| 0.000|   0.0|  57.658|  44.778|202.74|   0.0|    0.0|    0.0|F2              |
|  0|17.65|31369.8|  1| 6.32| 6.98|  72.146|  48.645| 2634.215|  92.5|  -0.2| 2741.8| 0.000|   0.0|  57.412|  44.668|194.24|   0.0|    0.0|    0.0|F2              |
|  0|17.65|31381.4|  1| 3.16| 3.88|  75.717|  49.872| 2964.246|  92.3|  -0.1| 3055.8| 0.000|   0.0|  59.688|  45.064|182.22|   0.0|    0.0|    0.0|F2              |
|  0|17.65|31393.1|  1| 7.47| 8.21|  71.969|  48.652| 2621.239|  92.7|  -0.2| 2742.9| 0.000|   0.0|  57.792|  44.783|201.14|   0.0|    0.0|    0.0|F2              |
|  0|17.65|31404.5|  1| 0.00| 0.00|   0.000|   0.000|    0.000|   0.0|   0.0|    0.0| 0.000|   0.0|   0.000|   0.000|  0.00|   0.0|    0.0|    0.0|                |
|  0|17.65|31416.3|  1| 0.00| 0.00|   0.000|   0.000|    0.000|   0.0|   0.0|    0.0| 0.000|   0.0|   0.000|   0.000|  0.00|   0.0|    0.0|    0.0|                |
|  0|17.65|31428.2|  1| 7.69| 8.44|  72.237|  48.652| 2641.410|  92.5|  -0.2| 2767.6| 0.000|   0.0|  58.001|  44.777|203.00|   0.0|    0.0|    0.0|F2              |
|  0|17.65|31439.7|  1| 7.19| 7.89|  71.932|  48.555| 2613.775|  92.5|  -0.2| 2731.1| 0.000|   0.0|  57.875|  44.755|198.78|   0.0|    0.0|    0.0|F2              |
|  0|17.65|31451.5|  1| 7.87| 8.64|  72.596|  48.683| 2669.919|  92.3|  -0.2| 2800.9| 0.000|   0.0|  57.886|  44.709|205.24|   0.0|    0.0|    0.0|F2              |
|  0|17.65|31463.0|  1| 0.11| 2.13|  79.805|  51.740| 3372.913|  92.5|  -0.1| 3459.6| 0.000|   0.0|  62.984|  45.885|177.84|   0.0|    0.0|    0.0|F2              |
|  0|17.65|31474.6|  1| 0.00| 0.00|   0.000|   0.000|    0.000|   0.0|   0.0|    0.0| 0.000|   0.0|   0.000|   0.000|  0.00|   0.0|    0.0|    0.0|                |
|  0|17.65|31486.1|  1| 6.95| 7.62|  71.992|  48.491| 2615.246|  92.3|  -0.2| 2729.4| 0.000|   0.0|  57.714|  44.679|197.51|   0.0|    0.0|    0.0|F2              |
|  0|17.65|31497.7|  1| 5.87| 6.49|  72.513|  48.689| 2663.980|  92.3|  -0.2| 2768.0| 0.000|   0.0|  57.765|  44.692|191.79|   0.0|    0.0|    0.0|F2              |
|  0|17.65|31509.2|  1| 7.05| 7.74|  71.848|  48.616| 2610.381|  92.7|  -0.2| 2725.6| 0.000|   0.0|  57.664|  44.759|198.03|   0.0|    0.0|    0.0|F2              |
|  0|17.65|31520.7|  1| 8.32| 9.23|  74.478|  49.445| 2849.188|  92.4|  -0.3| 3001.6| 0.000|   0.0|  58.882|  44.951|211.04|   0.0|    0.0|    0.0|F2              |
|  0|17.65|31532.4|  1| 0.00| 0.00|   0.000|   0.000|    0.000|   0.0|   0.0|    0.0| 0.000|   0.0|   0.000|   0.000|  0.00|   0.0|    0.0|    0.0|                |
|  0|17.65|31544.0|  1| 7.05| 7.72|  71.985|  48.486| 2614.516|  92.3|  -0.2| 2729.9| 0.000|   0.0|  57.697|  44.675|198.18|   0.0|    0.0|    0.0|F2              |
|  0|17.65|31544.0|  1| 0.00| 0.00|   0.000|   0.000|    0.000|   0.0|   0.0|    0.0| 0.000|   0.0|   0.000|   0.000|  0.00|   0.0|    0.0|    0.0|                |
|  0|17.65|31555.6|  1| 7.77| 8.53|  72.346|  48.687| 2651.291|  92.5|  -0.2| 2779.3| 0.000|   0.0|  57.911|  44.759|203.96|   0.0|    0.0|    0.0|F2              |
+---+-----+-------+---+-----+-----+--------+--------+---------+------+------+-------+------+------+--------+--------+------+------+-------+-------+----------------+
+---+-----+-------+---+-----+-----+--------+--------+---------+------+------+-------+------+------+--------+--------+------+------+-------+-------+----------------+
|0-x| fr  |  time |hop| d0  | d1  |   fi   |  teta  |   dist  |  at  |  dev |   p   |  df  |  l   |   fot  |   tot  |  rot | lsp  |   pf  |    s  |                |
+---+-----+-------+---+-----+-----+--------+--------+---------+------+------+-------+------+------+--------+--------+------+------+-------+-------+----------------+
|  0|17.65|31567.1|  1| 6.75| 7.41|  71.992|  48.537| 2617.482|  92.4|  -0.2| 2729.2| 0.000|   0.0|  57.901|  44.738|195.78|   0.0|    0.0|    0.0|F2              |
|  0|17.65|31578.7|  1| 0.00| 0.00|   0.000|   0.000|    0.000|   0.0|   0.0|    0.0| 0.000|   0.0|   0.000|   0.000|  0.00|   0.0|    0.0|    0.0|                |
|  0|17.65|31590.5|  1| 4.21| 4.85|  74.184|  49.414| 2825.476|  92.6|  -0.1| 2920.4| 0.000|   0.0|  58.685|  44.926|185.22|   0.0|    0.0|    0.0|F2              |
|  0|17.65|31602.1|  1| 4.01| 4.65|  74.511|  49.443| 2851.596|  92.4|  -0.1| 2945.8| 0.000|   0.0|  59.134|  44.970|184.22|   0.0|    0.0|    0.0|F2              |
|  0|17.65|31613.6|  1| 6.09| 6.72|  72.283|  48.694| 2646.889|  92.5|  -0.2| 2752.4| 0.000|   0.0|  57.574|  44.699|192.89|   0.0|    0.0|    0.0|F2              |
|  0|17.65|31624.8|  1| 6.95| 7.62|  71.920|  48.553| 2612.792|  92.5|  -0.2| 2726.8| 0.000|   0.0|  57.698|  44.721|197.39|   0.0|    0.0|    0.0|F2              |
|  0|17.65|31636.3|  1| 6.54| 7.18|  72.064|  48.565| 2624.236|  92.4|  -0.2| 2733.8| 0.000|   0.0|  57.181|  44.601|195.54|   0.0|    0.0|    0.0|F2              |
|  0|17.65|31648.0|  1| 6.45| 7.09|  72.105|  48.581| 2628.090|  92.4|  -0.2| 2736.7| 0.000|   0.0|  57.269|  44.618|195.00|   0.0|    0.0|    0.0|F2              |
|  0|17.65|31659.4|  1| 7.76| 8.51|  72.248|  48.741| 2646.487|  92.7|  -0.2| 2774.0| 0.000|   0.0|  57.927|  44.808|203.64|   0.0|    0.0|    0.0|F2              |
|  0|17.65|31671.0|  1| 0.00| 0.00|   0.000|   0.000|    0.000|   0.0|   0.0|    0.0| 0.000|   0.0|   0.000|   0.000|  0.00|   0.0|    0.0|    0.0|                |
|  0|17.65|31682.6|  1| 6.97| 7.64|  71.883|  48.583| 2611.447|  92.6|  -0.2| 2725.6| 0.000|   0.0|  57.680|  44.740|197.48|   0.0|    0.0|    0.0|F2              |
|  0|17.65|31694.2|  1| 7.36| 8.06|  71.941|  48.597| 2616.476|  92.6|  -0.2| 2736.1| 0.000|   0.0|  57.792|  44.760|200.13|   0.0|    0.0|    0.0|F2              |
|  0|17.65|31705.7|  1| 7.43| 8.14|  71.975|  48.607| 2619.481|  92.6|  -0.2| 2740.3| 0.000|   0.0|  57.000|  44.608|201.42|   0.0|    0.0|    0.0|F2              |
|  0|17.65|31717.4|  1| 5.74| 6.35|  72.546|  48.791| 2671.308|  92.5|  -0.2| 2774.2| 0.000|   0.0|  57.849|  44.754|191.00|   0.0|    0.0|    0.0|F2              |
|  0|17.65|31729.2|  1| 6.65| 7.30|  71.952|  48.612| 2618.012|  92.6|  -0.2| 2728.5| 0.000|   0.0|  57.198|  44.648|196.07|   0.0|    0.0|    0.0|F2              |
|  0|17.65|31740.9|  1| 7.77| 8.52|  72.267|  48.746| 2648.148|  92.7|  -0.2| 2775.9| 0.000|   0.0|  57.894|  44.801|203.78|   0.0|    0.0|    0.0|F2              |
|  0|17.65|31752.5|  1| 5.73| 6.33|  72.621|  48.726| 2673.867|  92.3|  -0.2| 2776.7| 0.000|   0.0|  57.886|  44.716|190.99|   0.0|    0.0|    0.0|F2              |
|  0|17.65|31764.1|  1| 6.52| 7.16|  72.036|  48.599| 2623.731|  92.5|  -0.2| 2732.9| 0.000|   0.0|  57.183|  44.623|195.37|   0.0|    0.0|    0.0|F2              |
|  0|17.65|31775.5|  1| 7.31| 8.00|  71.884|  48.621| 2613.333|  92.7|  -0.2| 2732.1| 0.000|   0.0|  56.973|  44.624|200.44|   0.0|    0.0|    0.0|F2              |
|  0|17.65|31787.0|  1| 6.43| 7.06|  72.044|  48.647| 2626.655|  92.6|  -0.2| 2734.9| 0.000|   0.0|  57.133|  44.636|194.85|   0.0|    0.0|    0.0|F2              |
+---+-----+-------+---+-----+-----+--------+--------+---------+------+------+-------+------+------+--------+--------+------+------+-------+-------+----------------+
+---+-----+-------+---+-----+-----+--------+--------+---------+------+------+-------+------+------+--------+--------+------+------+-------+-------+----------------+
|0-x| fr  |  time |hop| d0  | d1  |   fi   |  teta  |   dist  |  at  |  dev |   p   |  df  |  l   |   fot  |   tot  |  rot | lsp  |   pf  |    s  |                |
+---+-----+-------+---+-----+-----+--------+--------+---------+------+------+-------+------+------+--------+--------+------+------+-------+-------+----------------+
|  0|17.65|31798.5|  1| 6.17| 6.80|  72.158|  48.736| 2639.491|  92.7|  -0.2| 2745.5| 0.000|   0.0|  57.430|  44.715|193.30|   0.0|    0.0|    0.0|F2              |
|  0|17.65|31810.3|  1| 7.99| 8.79|  72.579|  48.988| 2683.444|  92.9|  -0.3| 2817.2| 0.000|   0.0|  57.636|  44.817|206.30|   0.0|    0.0|    0.0|F2              |
|  0|17.65|31821.9|  1| 5.99| 6.61|  72.248|  48.815| 2650.087|  92.8|  -0.2| 2754.6| 0.000|   0.0|  57.400|  44.732|192.42|   0.0|    0.0|    0.0|F2              |
|  0|17.65|31833.6|  1| 6.50| 7.13|  72.011|  48.634| 2623.555|  92.6|  -0.2| 2732.5| 0.000|   0.0|  57.214|  44.651|195.19|   0.0|    0.0|    0.0|F2              |
|  0|17.65|31845.1|  1| 8.02| 8.81|  72.796|  48.928| 2696.851|  92.6|  -0.3| 2832.0| 0.000|   0.0|  57.734|  44.769|206.76|   0.0|    0.0|    0.0|F2              |
|  0|17.65|31856.6|  1| 0.00| 0.00|   0.000|   0.000|    0.000|   0.0|   0.0|    0.0| 0.000|   0.0|   0.000|   0.000|  0.00|   0.0|    0.0|    0.0|                |
|  0|17.65|31868.5|  1| 8.16| 8.97|  73.415|  49.053| 2749.581|  92.4|  -0.3| 2891.0| 0.000|   0.0|  58.607|  44.896|208.14|   0.0|    0.0|    0.0|F2              |
|  0|17.65|31880.0|  1| 4.18| 4.79|  74.288|  49.354| 2830.290|  92.4|  -0.1| 2925.0| 0.000|   0.0|  58.739|  44.889|185.13|   0.0|    0.0|    0.0|F2              |
|  0|17.65|31891.5|  1| 8.28| 9.15|  73.920|  49.425| 2806.123|  92.8|  -0.3| 2954.1| 0.000|   0.0|  58.749|  45.020|209.85|   0.0|    0.0|    0.0|F2              |
|  0|17.65|31903.0|  1| 7.67| 8.39|  72.091|  48.730| 2634.134|  92.8|  -0.2| 2759.3| 0.000|   0.0|  57.528|  44.752|203.05|   0.0|    0.0|    0.0|F2              |
|  0|17.65|31914.9|  1| 0.00| 0.00|   0.000|   0.000|    0.000|   0.0|   0.0|    0.0| 0.000|   0.0|   0.000|   0.000|  0.00|   0.0|    0.0|    0.0|                |
|  0|17.65|31926.5|  1| 0.00| 0.00|   0.000|   0.000|    0.000|   0.0|   0.0|    0.0| 0.000|   0.0|   0.000|   0.000|  0.00|   0.0|    0.0|    0.0|                |
|  0|17.65|31938.0|  1| 6.71| 7.34|  71.995|  48.535| 2617.625|  92.4|  -0.2| 2728.7| 0.000|   0.0|  57.171|  44.599|196.45|   0.0|    0.0|    0.0|F2              |
|  0|17.65|31949.5|  1| 4.09| 4.74|  74.150|  49.640| 2834.302|  93.1|  -0.1| 2928.4| 0.000|   0.0|  58.867|  45.084|184.46|   0.0|    0.0|    0.0|F2              |
|  0|17.65|31960.9|  1| 5.66| 6.26|  72.541|  48.879| 2675.245|  92.7|  -0.2| 2777.4| 0.000|   0.0|  57.675|  44.765|190.76|   0.0|    0.0|    0.0|F2              |
|  0|17.65|31972.4|  1| 6.18| 6.80|  72.114|  48.763| 2637.430|  92.8|  -0.2| 2743.3| 0.000|   0.0|  57.604|  44.772|193.06|   0.0|    0.0|    0.0|F2              |
|  0|17.65|31984.0|  1| 6.82| 7.47|  71.827|  48.652| 2610.503|  92.8|  -0.2| 2722.6| 0.000|   0.0|  57.820|  44.812|196.02|   0.0|    0.0|    0.0|F2              |
|  0|17.65|31995.6|  1| 0.00| 0.00|   0.000|   0.000|    0.000|   0.0|   0.0|    0.0| 0.000|   0.0|   0.000|   0.000|  0.00|   0.0|    0.0|    0.0|                |
|  0|17.65|32007.1|  1| 0.57| 2.18|  79.113|  51.648| 3315.613|  92.9|  -0.1| 3402.2| 0.000|   0.0|  62.705|  45.933|177.25|   0.0|    0.0|    0.0|F2              |
|  0|17.65|32018.7|  1| 6.63| 7.26|  71.918|  48.642| 2616.872|  92.7|  -0.2| 2726.9| 0.000|   0.0|  57.114|  44.653|195.89|   0.0|    0.0|    0.0|F2              |
+---+-----+-------+---+-----+-----+--------+--------+---------+------+------+-------+------+------+--------+--------+------+------+-------+-------+----------------+
+---+-----+-------+---+-----+-----+--------+--------+---------+------+------+-------+------+------+--------+--------+------+------+-------+-------+----------------+
|0-x| fr  |  time |hop| d0  | d1  |   fi   |  teta  |   dist  |  at  |  dev |   p   |  df  |  l   |   fot  |   tot  |  rot | lsp  |   pf  |    s  |                |
+---+-----+-------+---+-----+-----+--------+--------+---------+------+------+-------+------+------+--------+--------+------+------+-------+-------+----------------+
|  0|17.65|32030.2|  1| 7.39| 8.07|  71.911|  48.626| 2615.561|  92.7|  -0.2| 2735.4| 0.000|   0.0|  57.842|  44.792|200.09|   0.0|    0.0|    0.0|F2              |
|  0|17.65|32041.9|  1| 5.92| 6.52|  72.361|  48.764| 2656.111|  92.6|  -0.2| 2760.0| 0.000|   0.0|  57.584|  44.724|191.98|   0.0|    0.0|    0.0|F2              |
|  0|17.65|32053.4|  1| 7.98| 8.74|  72.639|  48.915| 2684.424|  92.7|  -0.3| 2817.9| 0.000|   0.0|  57.757|  44.796|206.12|   0.0|    0.0|    0.0|F2              |
|  0|17.65|32065.2|  1| 7.32| 7.99|  71.882|  48.617| 2612.967|  92.7|  -0.2| 2731.7| 0.000|   0.0|  57.773|  44.779|199.65|   0.0|    0.0|    0.0|F2              |
|  0|17.65|32076.6|  1| 6.86| 7.49|  71.922|  48.550| 2612.778|  92.5|  -0.2| 2725.4| 0.000|   0.0|  57.812|  44.743|196.42|   0.0|    0.0|    0.0|F2              |
|  0|17.65|32087.7|  1| 6.23| 6.84|  72.080|  48.749| 2634.220|  92.8|  -0.2| 2740.5| 0.000|   0.0|  57.377|  44.727|193.54|   0.0|    0.0|    0.0|F2              |
|  0|17.65|32099.1|  1| 6.34| 6.95|  72.049|  48.692| 2629.140|  92.7|  -0.2| 2736.4| 0.000|   0.0|  57.487|  44.726|194.00|   0.0|    0.0|    0.0|F2              |
|  0|17.65|32110.7|  1| 6.96| 7.60|  71.872|  48.575| 2610.260|  92.6|  -0.2| 2724.0| 0.000|   0.0|  56.994|  44.608|197.96|   0.0|    0.0|    0.0|F2              |
|  0|17.65|32122.3|  1| 8.12| 8.90|  73.146|  49.047| 2729.021|  92.6|  -0.3| 2868.0| 0.000|   0.0|  57.738|  44.769|207.88|   0.0|    0.0|    0.0|F2              |
|  0|17.65|32133.8|  1| 6.55| 7.15|  72.049|  48.554| 2622.554|  92.4|  -0.2| 2731.9| 0.000|   0.0|  57.350|  44.633|195.37|   0.0|    0.0|    0.0|F2              |
|  0|17.65|32145.4|  1| 0.00| 0.00|   0.000|   0.000|    0.000|   0.0|   0.0|    0.0| 0.000|   0.0|   0.000|   0.000|  0.00|   0.0|    0.0|    0.0|                |
|  0|17.65|32157.3|  1| 7.98| 8.73|  72.684|  48.884| 2686.305|  92.6|  -0.3| 2819.8| 0.000|   0.0|  57.765|  44.775|206.12|   0.0|    0.0|    0.0|F2              |
|  0|17.65|32168.9|  1| 7.15| 7.81|  71.802|  48.635| 2607.805|  92.8|  -0.2| 2723.8| 0.000|   0.0|  57.080|  44.667|199.11|   0.0|    0.0|    0.0|F2              |
|  0|17.65|32180.7|  1| 6.73| 7.35|  71.878|  48.625| 2613.068|  92.7|  -0.2| 2724.0| 0.000|   0.0|  57.311|  44.690|196.29|   0.0|    0.0|    0.0|F2              |
|  0|17.65|32192.4|  1| 5.30| 5.88|  72.900|  48.965| 2706.507|  92.6|  -0.2| 2806.3| 0.000|   0.0|  58.091|  44.826|188.91|   0.0|    0.0|    0.0|F2              |
|  0|17.65|32204.1|  1| 6.42| 7.03|  72.005|  48.674| 2624.992|  92.7|  -0.2| 2732.9| 0.000|   0.0|  57.130|  44.657|194.67|   0.0|    0.0|    0.0|F2              |
|  0|17.65|32215.7|  1| 7.59| 8.28|  72.046|  48.667| 2627.695|  92.7|  -0.2| 2751.1| 0.000|   0.0|  57.828|  44.788|201.86|   0.0|    0.0|    0.0|F2              |
|  0|17.65|32227.2|  1| 6.97| 7.60|  71.904|  48.541| 2611.014|  92.5|  -0.2| 2724.9| 0.000|   0.0|  57.113|  44.608|198.00|   0.0|    0.0|    0.0|F2              |
|  0|17.65|32238.8|  1| 7.08| 7.73|  71.759|  48.665| 2606.016|  92.9|  -0.2| 2721.0| 0.000|   0.0|  56.887|  44.651|198.62|   0.0|    0.0|    0.0|F2              |
|  0|17.65|32250.6|  1| 5.77| 6.35|  72.475|  48.805| 2666.713|  92.6|  -0.2| 2769.4| 0.000|   0.0|  57.594|  44.726|191.27|   0.0|    0.0|    0.0|F2              |
+---+-----+-------+---+-----+-----+--------+--------+---------+------+------+-------+------+------+--------+--------+------+------+-------+-------+----------------+
+---+-----+-------+---+-----+-----+--------+--------+---------+------+------+-------+------+------+--------+--------+------+------+-------+-------+----------------+
|0-x| fr  |  time |hop| d0  | d1  |   fi   |  teta  |   dist  |  at  |  dev |   p   |  df  |  l   |   fot  |   tot  |  rot | lsp  |   pf  |    s  |                |
+---+-----+-------+---+-----+-----+--------+--------+---------+------+------+-------+------+------+--------+--------+------+------+-------+-------+----------------+
|  0|17.65|32262.3|  1| 6.72| 7.33|  71.880|  48.625| 2613.191|  92.7|  -0.2| 2724.0| 0.000|   0.0|  57.171|  44.664|196.31|   0.0|    0.0|    0.0|F2              |
|  0|17.65|32274.1|  1| 6.14| 6.73|  72.165|  48.734| 2639.907|  92.7|  -0.2| 2745.3| 0.000|   0.0|  57.647|  44.758|192.78|   0.0|    0.0|    0.0|F2              |
|  0|17.65|32285.8|  1| 6.94| 7.57|  71.835|  48.605| 2608.831|  92.7|  -0.2| 2722.2| 0.000|   0.0|  56.996|  44.630|197.75|   0.0|    0.0|    0.0|F2              |
|  0|17.65|32297.3|  1| 7.20| 7.83|  71.913|  48.539| 2611.620|  92.5|  -0.2| 2728.5| 0.000|   0.0|  57.066|  44.599|199.54|   0.0|    0.0|    0.0|F2              |
|  0|17.65|32309.0|  1| 7.09| 7.72|  71.864|  48.568| 2609.264|  92.6|  -0.2| 2724.5| 0.000|   0.0|  57.827|  44.767|197.77|   0.0|    0.0|    0.0|F2              |
|  0|17.65|32320.4|  1| 6.42| 7.02|  71.966|  48.704| 2623.488|  92.8|  -0.2| 2731.3| 0.000|   0.0|  57.122|  44.677|194.61|   0.0|    0.0|    0.0|F2              |
|  0|17.65|32332.0|  1| 6.70| 7.31|  71.884|  48.626| 2613.555|  92.7|  -0.2| 2724.1| 0.000|   0.0|  57.152|  44.660|196.20|   0.0|    0.0|    0.0|F2              |
|  0|17.65|32343.7|  1| 6.11| 6.69|  72.184|  48.740| 2641.621|  92.7|  -0.2| 2746.8| 0.000|   0.0|  57.317|  44.693|192.96|   0.0|    0.0|    0.0|F2              |
|  0|17.65|32355.1|  1| 5.82| 6.40|  72.397|  48.820| 2661.529|  92.7|  -0.2| 2764.5| 0.000|   0.0|  57.587|  44.747|191.43|   0.0|    0.0|    0.0|F2              |
|  0|17.65|32366.6|  1| 6.11| 6.68|  72.251|  48.674| 2643.492|  92.5|  -0.2| 2748.7| 0.000|   0.0|  57.449|  44.675|192.94|   0.0|    0.0|    0.0|F2              |
|  0|17.65|32378.1|  1| 6.99| 7.61|  71.828|  48.600| 2608.089|  92.7|  -0.2| 2722.0| 0.000|   0.0|  56.959|  44.622|198.05|   0.0|    0.0|    0.0|F2              |
|  0|17.65|32389.7|  1| 6.77| 7.37|  71.898|  48.585| 2612.650|  92.6|  -0.2| 2724.0| 0.000|   0.0|  57.343|  44.674|196.48|   0.0|    0.0|    0.0|F2              |
+---+-----+-------+---+-----+-----+--------+--------+---------+------+------+-------+------+------+--------+--------+------+------+-------+-------+----------------+