
delt0=     0.1  eps=   1e-05  ep=   1e-06  ep1=   0.001
Geomagnetic Field - const
fh= 1.34  i=  65.2  d=   6.8
Number TID: 1
Tid Parametres
  delt   lamb     t     b      a     fi
0.000   200.0  20.0 -45.0   45.0   0.000
delta=-0.000  r0= 200.0  lon=  39.000 lat=  55.000
Beta=  20.0  Alfa=   0.0 aX=  20.0 aY= 100.0 aZ=  20.0

lonIon=  40.000 latIon=  47.500 it= 7.00 h_tec=450.0  TEC= 7.80000e+16
lonIon=  40.000 latIon=  47.500 it= 7.25 h_tec=450.0  TEC= 7.80000e+16
lonIon=  40.000 latIon=  47.500 it= 7.50 h_tec=450.0  TEC= 7.80000e+16
lonIon=  40.000 latIon=  47.500 it= 7.75 h_tec=450.0  TEC= 7.80000e+16

Number diff. equation: 6

+==============================================================================+
|   Medium characteristics Sunspot number=   0.0 IG= -11.5   GMT time:07:00    |
|------------------------------------------------------------------------------|
|   S   | fh |  I  |   D  | fd |  hd | fe |  he | ff1 | hf1 | ff2 | hf2 |   Hi |
|-------+----+-----+------+----+-----+----+-----+-----+-----+-----+-----+------|
|    0.0|1.25| 58.8|   3.1|0.18| 81.3|2.49|110.0| 0.00|  0.0| 4.97|214.6|  71.0|
+==============================================================================+

+==================================+
|       Es-layer parametres        |
|----------------------------------|
|   S   | hEs | fbEs | f0Es | P Es |
|-------+-----+------+------+------|
|    0.0|108.1| 2.90 | 3.37 | 67.6 |
+==================================+

|  0|17.65|25210.2|  1| 6.27| 7.54|  71.580|  48.356| 2577.876|  92.3|  -0.2| 2683.1| 0.000|   0.0|  57.558|  44.649|190.97|   0.0|    0.0|    0.0|F2              |
|  0|17.65|25221.7|  1| 5.41| 6.69|  72.419|  48.661| 2655.504|  92.3|  -0.2| 2755.6| 0.000|   0.0|  57.970|  44.731|187.26|   0.0|    0.0|    0.0|F2              |
|  0|17.65|25233.4|  1| 4.26| 5.62|  73.950|  49.137| 2794.034|  92.2|  -0.1| 2889.7| 0.000|   0.0|  59.154|  44.924|182.66|   0.0|    0.0|    0.0|F2              |
|  0|17.65|25245.1|  1| 4.75| 6.07|  73.201|  48.996| 2730.711|  92.5|  -0.1| 2828.0| 0.000|   0.0|  58.769|  44.916|184.00|   0.0|    0.0|    0.0|F2              |
|  0|17.65|25256.6|  1| 7.13| 8.41|  71.040|  48.246| 2532.083|  92.5|  -0.2| 2644.8| 0.000|   0.0|  57.186|  44.620|195.86|   0.0|    0.0|    0.0|F2              |
|  0|17.65|25268.2|  1| 7.81| 9.18|  71.426|  47.978| 2548.851|  91.6|  -0.2| 2672.3| 0.000|   0.0|  57.219|  44.428|201.49|   0.0|    0.0|    0.0|F2              |
|  0|17.65|25279.8|  1| 7.47| 8.77|  70.942|  48.292| 2526.869|  92.7|  -0.2| 2643.7| 0.000|   0.0|  57.078|  44.641|198.20|   0.0|    0.0|    0.0|F2              |
|  0|17.65|25291.5|  1| 7.03| 8.30|  71.129|  48.193| 2536.324|  92.3|  -0.2| 2648.0| 0.000|   0.0|  57.276|  44.594|195.17|   0.0|    0.0|    0.0|F2              |
|  0|17.65|25302.9|  1| 5.81| 7.06|  71.982|  48.547| 2617.172|  92.4|  -0.2| 2719.3| 0.000|   0.0|  57.707|  44.702|188.87|   0.0|    0.0|    0.0|F2              |
+---+-----+-------+---+-----+-----+--------+--------+---------+------+------+-------+------+------+--------+--------+------+------+-------+-------+----------------+
+---+-----+-------+---+-----+-----+--------+--------+---------+------+------+-------+------+------+--------+--------+------+------+-------+-------+----------------+
|0-x| fr  |  time |hop| d0  | d1  |   fi   |  teta  |   dist  |  at  |  dev |   p   |  df  |  l   |   fot  |   tot  |  rot | lsp  |   pf  |    s  |                |
+---+-----+-------+---+-----+-----+--------+--------+---------+------+------+-------+------+------+--------+--------+------+------+-------+-------+----------------+
|  0|17.65|25314.5|  1| 8.77|10.77|  76.388|  50.177| 3030.602|  92.3|  -0.4| 3212.9| 0.000|   0.0|  61.224|  45.449|215.52|   0.0|    0.0|    0.0|F2              |
|  0|17.65|25326.1|  1| 6.15| 7.39|  71.695|  48.399| 2588.579|  92.3|  -0.2| 2692.9| 0.000|   0.0|  57.650|  44.667|190.23|   0.0|    0.0|    0.0|F2              |
|  0|17.65|25337.7|  1| 6.95| 8.20|  71.133|  48.238| 2538.693|  92.4|  -0.2| 2649.4| 0.000|   0.0|  57.335|  44.627|194.50|   0.0|    0.0|    0.0|F2              |
|  0|17.65|25349.1|  1| 8.08| 9.48|  71.434|  48.277| 2563.185|  92.3|  -0.2| 2691.5| 0.000|   0.0|  57.630|  44.656|203.15|   0.0|    0.0|    0.0|F2              |
|  0|17.65|25360.8|  1| 7.26| 8.53|  71.066|  48.168| 2530.384|  92.3|  -0.2| 2644.5| 0.000|   0.0|  57.230|  44.584|196.61|   0.0|    0.0|    0.0|F2              |
|  0|17.65|25372.3|  1| 7.47| 8.75|  71.021|  48.192| 2528.187|  92.4|  -0.2| 2644.9| 0.000|   0.0|  57.101|  44.581|198.19|   0.0|    0.0|    0.0|F2              |
|  0|17.65|25383.7|  1| 5.98| 7.20|  71.801|  48.526| 2602.556|  92.5|  -0.2| 2705.6| 0.000|   0.0|  57.579|  44.699|189.61|   0.0|    0.0|    0.0|F2              |
|  0|17.65|25395.4|  1| 7.60| 8.89|  70.911|  48.323| 2525.957|  92.8|  -0.2| 2644.3| 0.000|   0.0|  57.158|  44.678|198.84|   0.0|    0.0|    0.0|F2              |
|  0|17.65|25406.9|  1| 7.08| 8.32|  71.140|  48.154| 2535.333|  92.2|  -0.2| 2647.4| 0.000|   0.0|  57.204|  44.558|195.51|   0.0|    0.0|    0.0|F2              |
|  0|17.65|25418.6|  1| 0.00| 0.00|   0.000|   0.000|    0.000|   0.0|   0.0|    0.0| 0.000|   0.0|   0.000|   0.000|  0.00|   0.0|    0.0|    0.0|                |
|  0|17.65|25430.3|  1| 7.46| 8.72|  70.952|  48.255| 2525.848|  92.6|  -0.2| 2642.2| 0.000|   0.0|  57.090|  44.622|197.93|   0.0|    0.0|    0.0|F2              |
|  0|17.65|25441.9|  1| 0.00| 0.00|   0.000|   0.000|    0.000|   0.0|   0.0|    0.0| 0.000|   0.0|   0.000|   0.000|  0.00|   0.0|    0.0|    0.0|                |
|  0|17.65|25441.9|  1| 5.23| 6.46|  72.706|  48.722| 2680.106|  92.3|  -0.1| 2779.3| 0.000|   0.0|  58.403|  44.794|185.84|   0.0|    0.0|    0.0|F2              |
|  0|17.65|25453.4|  1| 6.12| 7.32|  71.798|  48.348| 2593.954|  92.1|  -0.2| 2698.0| 0.000|   0.0|  57.508|  44.596|190.40|   0.0|    0.0|    0.0|F2              |
|  0|17.65|25465.0|  1| 6.91| 8.12|  71.326|  48.049| 2544.550|  91.8|  -0.2| 2655.0| 0.000|   0.0|  57.342|  44.497|194.46|   0.0|    0.0|    0.0|F2              |
|  0|17.65|25476.4|  1| 8.37| 9.81|  71.883|  48.469| 2605.990|  92.3|  -0.3| 2742.0| 0.000|   0.0|  57.707|  44.692|206.34|   0.0|    0.0|    0.0|F2              |
|  0|17.65|25488.0|  1| 0.00| 0.00|   0.000|   0.000|    0.000|   0.0|   0.0|    0.0| 0.000|   0.0|   0.000|   0.000|  0.00|   0.0|    0.0|    0.0|                |
|  0|17.65|25488.0|  1| 6.87| 8.07|  71.174|  48.255| 2542.631|  92.4|  -0.2| 2652.4| 0.000|   0.0|  57.141|  44.591|194.23|   0.0|    0.0|    0.0|F2              |
|  0|17.65|25499.5|  1| 6.48| 7.67|  71.423|  48.346| 2565.579|  92.4|  -0.2| 2672.0| 0.000|   0.0|  57.330|  44.628|192.02|   0.0|    0.0|    0.0|F2              |
|  0|17.65|25511.1|  1| 6.62| 7.81|  71.241|  48.411| 2554.889|  92.7|  -0.2| 2662.3| 0.000|   0.0|  57.151|  44.659|192.78|   0.0|    0.0|    0.0|F2              |
+---+-----+-------+---+-----+-----+--------+--------+---------+------+------+-------+------+------+--------+--------+------+------+-------+-------+----------------+
+---+-----+-------+---+-----+-----+--------+--------+---------+------+------+-------+------+------+--------+--------+------+------+-------+-------+----------------+
|0-x| fr  |  time |hop| d0  | d1  |   fi   |  teta  |   dist  |  at  |  dev |   p   |  df  |  l   |   fot  |   tot  |  rot | lsp  |   pf  |    s  |                |
+---+-----+-------+---+-----+-----+--------+--------+---------+------+------+-------+------+------+--------+--------+------+------+-------+-------+----------------+
|  0|17.65|25522.8|  1| 7.72| 8.98|  71.009|  48.228| 2528.907|  92.5|  -0.2| 2648.8| 0.000|   0.0|  57.103|  44.602|199.82|   0.0|    0.0|    0.0|F2              |
|  0|17.65|25534.3|  1| 6.87| 8.06|  71.119|  48.323| 2541.567|  92.6|  -0.2| 2651.1| 0.000|   0.0|  57.126|  44.631|194.11|   0.0|    0.0|    0.0|F2              |
|  0|17.65|25545.9|  1| 6.96| 8.15|  71.132|  48.240| 2538.728|  92.4|  -0.2| 2649.2| 0.000|   0.0|  57.100|  44.583|194.73|   0.0|    0.0|    0.0|F2              |
|  0|17.65|25557.5|  1| 8.08| 9.40|  71.318|  48.240| 2552.743|  92.3|  -0.2| 2679.7| 0.000|   0.0|  57.516|  44.635|202.72|   0.0|    0.0|    0.0|F2              |
|  0|17.65|25569.2|  1| 5.70| 6.88|  72.174|  48.574| 2632.933|  92.3|  -0.2| 2734.4| 0.000|   0.0|  57.690|  44.677|188.46|   0.0|    0.0|    0.0|F2              |
|  0|17.65|25580.7|  1| 3.69| 5.02|  74.675|  49.811| 2882.588|  93.0|  -0.1| 2976.7| 0.000|   0.0|  59.521|  45.201|181.03|   0.0|    0.0|    0.0|F2              |
|  0|17.65|25592.2|  1| 6.87| 8.04|  71.151|  48.291| 2542.494|  92.5|  -0.2| 2652.0| 0.000|   0.0|  57.163|  44.617|194.05|   0.0|    0.0|    0.0|F2              |
|  0|17.65|25603.8|  1| 4.25| 5.51|  74.051|  49.225| 2806.003|  92.3|  -0.1| 2901.7| 0.000|   0.0|  58.922|  44.901|183.09|   0.0|    0.0|    0.0|F2              |
|  0|17.65|25615.5|  1| 7.92| 9.19|  71.047|  48.281| 2534.269|  92.6|  -0.2| 2657.2| 0.000|   0.0|  57.070|  44.617|201.36|   0.0|    0.0|    0.0|F2              |
|  0|17.65|25627.1|  1| 7.02| 8.19|  71.163|  48.165| 2537.630|  92.2|  -0.2| 2648.7| 0.000|   0.0|  57.463|  44.607|194.40|   0.0|    0.0|    0.0|F2              |
|  0|17.65|25638.8|  1| 6.63| 7.78|  71.330|  48.313| 2557.039|  92.4|  -0.2| 2664.5| 0.000|   0.0|  57.574|  44.674|192.07|   0.0|    0.0|    0.0|F2              |
|  0|17.65|25650.5|  1| 6.11| 7.26|  71.725|  48.500| 2595.594|  92.5|  -0.2| 2699.3| 0.000|   0.0|  57.482|  44.680|190.10|   0.0|    0.0|    0.0|F2              |
|  0|17.65|25662.0|  1| 7.16| 8.33|  71.050|  48.211| 2531.194|  92.4|  -0.2| 2643.5| 0.000|   0.0|  57.412|  44.641|195.15|   0.0|    0.0|    0.0|F2              |
|  0|17.65|25673.5|  1| 6.49| 7.63|  71.294|  48.520| 2564.087|  92.9|  -0.2| 2670.2| 0.000|   0.0|  57.285|  44.729|191.77|   0.0|    0.0|    0.0|F2              |
|  0|17.65|25685.1|  1| 7.00| 8.15|  71.059|  48.302| 2536.063|  92.6|  -0.2| 2646.6| 0.000|   0.0|  56.979|  44.603|194.86|   0.0|    0.0|    0.0|F2              |
|  0|17.65|25696.7|  1| 5.46| 6.61|  72.440|  48.717| 2659.799|  92.5|  -0.1| 2760.0| 0.000|   0.0|  58.194|  44.799|186.68|   0.0|    0.0|    0.0|F2              |
|  0|17.65|25708.3|  1| 8.65|10.13|  72.556|  48.790| 2672.048|  92.5|  -0.3| 2817.7| 0.000|   0.0|  57.699|  44.734|209.61|   0.0|    0.0|    0.0|F2              |
|  0|17.65|25720.0|  1| 6.28| 7.41|  71.528|  48.518| 2581.554|  92.7|  -0.2| 2686.2| 0.000|   0.0|  57.291|  44.687|190.93|   0.0|    0.0|    0.0|F2              |
|  0|17.65|25731.5|  1| 4.81| 5.99|  73.201|  49.092| 2735.377|  92.7|  -0.1| 2832.8| 0.000|   0.0|  58.398|  44.888|184.79|   0.0|    0.0|    0.0|F2              |
|  0|17.65|25743.0|  1| 7.42| 8.58|  70.952|  48.217| 2524.055|  92.5|  -0.2| 2639.1| 0.000|   0.0|  57.347|  44.650|196.78|   0.0|    0.0|    0.0|F2              |
+---+-----+-------+---+-----+-----+--------+--------+---------+------+------+-------+------+------+--------+--------+------+------+-------+-------+----------------+
+---+-----+-------+---+-----+-----+--------+--------+---------+------+------+-------+------+------+--------+--------+------+------+-------+-------+----------------+
|0-x| fr  |  time |hop| d0  | d1  |   fi   |  teta  |   dist  |  at  |  dev |   p   |  df  |  l   |   fot  |   tot  |  rot | lsp  |   pf  |    s  |                |
+---+-----+-------+---+-----+-----+--------+--------+---------+------+------+-------+------+------+--------+--------+------+------+-------+-------+----------------+
|  0|17.65|25754.7|  1| 7.15| 8.29|  71.110|  48.147| 2532.792|  92.2|  -0.2| 2644.9| 0.000|   0.0|  56.971|  44.516|195.84|   0.0|    0.0|    0.0|F2              |
|  0|17.65|25766.2|  1| 6.50| 7.62|  71.298|  48.522| 2564.416|  92.9|  -0.2| 2670.5| 0.000|   0.0|  57.568|  44.785|191.14|   0.0|    0.0|    0.0|F2              |
|  0|17.65|25777.8|  1| 7.17| 8.30|  70.987|  48.276| 2529.446|  92.6|  -0.2| 2641.5| 0.000|   0.0|  56.931|  44.594|195.80|   0.0|    0.0|    0.0|F2              |
|  0|17.65|25789.4|  1| 6.71| 7.82|  71.176|  48.433| 2551.063|  92.8|  -0.2| 2658.8| 0.000|   0.0|  57.071|  44.665|193.06|   0.0|    0.0|    0.0|F2              |
|  0|17.65|25801.0|  1| 8.60|10.00|  72.021|  48.738| 2629.286|  92.8|  -0.3| 2770.1| 0.000|   0.0|  57.494|  44.762|208.26|   0.0|    0.0|    0.0|F2              |
|  0|17.65|25812.5|  1| 8.34| 9.64|  71.395|  48.438| 2567.789|  92.7|  -0.2| 2699.2| 0.000|   0.0|  57.439|  44.708|204.83|   0.0|    0.0|    0.0|F2              |
|  0|17.65|25824.0|  1| 6.90| 8.01|  71.088|  48.357| 2540.857|  92.7|  -0.2| 2650.2| 0.000|   0.0|  57.393|  44.705|193.43|   0.0|    0.0|    0.0|F2              |
|  0|17.65|25835.8|  1| 6.16| 7.26|  71.653|  48.564| 2593.219|  92.7|  -0.2| 2697.0| 0.000|   0.0|  57.670|  44.761|189.70|   0.0|    0.0|    0.0|F2              |
|  0|17.65|25847.6|  1| 6.14| 7.23|  71.645|  48.606| 2594.583|  92.8|  -0.2| 2698.2| 0.000|   0.0|  57.673|  44.784|189.57|   0.0|    0.0|    0.0|F2              |
|  0|17.65|25859.4|  1| 5.72| 6.82|  72.156|  48.659| 2635.644|  92.6|  -0.1| 2737.0| 0.000|   0.0|  57.894|  44.762|187.94|   0.0|    0.0|    0.0|F2              |
|  0|17.65|25870.9|  1| 7.52| 8.65|  70.869|  48.274| 2520.479|  92.7|  -0.2| 2636.3| 0.000|   0.0|  57.259|  44.677|197.34|   0.0|    0.0|    0.0|F2              |
|  0|17.65|25882.6|  1| 4.49| 5.65|  73.683|  49.277| 2780.828|  92.7|  -0.1| 2877.2| 0.000|   0.0|  59.009|  45.015|182.92|   0.0|    0.0|    0.0|F2              |
|  0|17.65|25894.2|  1| 7.47| 8.59|  70.932|  48.211| 2522.287|  92.5|  -0.2| 2637.5| 0.000|   0.0|  56.865|  44.559|197.68|   0.0|    0.0|    0.0|F2              |
|  0|17.65|25905.8|  1| 6.29| 7.37|  71.546|  48.526| 2583.354|  92.7|  -0.2| 2687.9| 0.000|   0.0|  57.517|  44.731|190.47|   0.0|    0.0|    0.0|F2              |
|  0|17.65|25917.6|  1| 6.91| 7.99|  71.172|  48.258| 2542.573|  92.4|  -0.2| 2652.0| 0.000|   0.0|  57.413|  44.642|193.51|   0.0|    0.0|    0.0|F2              |
|  0|17.65|25929.4|  1| 8.07| 9.26|  70.973|  48.343| 2531.531|  92.8|  -0.2| 2655.7| 0.000|   0.0|  57.195|  44.684|201.81|   0.0|    0.0|    0.0|F2              |
|  0|17.65|25941.1|  1| 5.56| 6.64|  72.434|  48.626| 2655.006|  92.3|  -0.1| 2755.6| 0.000|   0.0|  57.894|  44.694|187.61|   0.0|    0.0|    0.0|F2              |
|  0|17.65|25952.8|  1| 5.85| 6.92|  72.120|  48.512| 2625.942|  92.3|  -0.1| 2728.0| 0.000|   0.0|  57.732|  44.662|188.75|   0.0|    0.0|    0.0|F2              |
|  0|17.65|25964.3|  1| 6.32| 7.38|  71.639|  48.384| 2583.620|  92.3|  -0.2| 2688.5| 0.000|   0.0|  57.535|  44.645|190.71|   0.0|    0.0|    0.0|F2              |
|  0|17.65|25976.0|  1| 6.62| 7.68|  71.313|  48.398| 2559.745|  92.6|  -0.2| 2666.6| 0.000|   0.0|  57.391|  44.683|192.06|   0.0|    0.0|    0.0|F2              |
+---+-----+-------+---+-----+-----+--------+--------+---------+------+------+-------+------+------+--------+--------+------+------+-------+-------+----------------+
+---+-----+-------+---+-----+-----+--------+--------+---------+------+------+-------+------+------+--------+--------+------+------+-------+-------+----------------+
|0-x| fr  |  time |hop| d0  | d1  |   fi   |  teta  |   dist  |  at  |  dev |   p   |  df  |  l   |   fot  |   tot  |  rot | lsp  |   pf  |    s  |                |
+---+-----+-------+---+-----+-----+--------+--------+---------+------+------+-------+------+------+--------+--------+------+------+-------+-------+----------------+
|  0|17.65|25987.6|  1| 3.73| 4.94|  74.873|  49.694| 2891.534|  92.6|  -0.1| 2985.9| 0.000|   0.0|  59.531|  45.104|181.25|   0.0|    0.0|    0.0|F2              |
|  0|17.65|25999.3|  1| 5.98| 7.03|  71.940|  48.537| 2613.551|  92.5|  -0.1| 2716.3| 0.000|   0.0|  57.617|  44.685|189.27|   0.0|    0.0|    0.0|F2              |
|  0|17.65|26010.8|  1| 5.80| 6.85|  72.157|  48.571| 2631.514|  92.4|  -0.1| 2733.3| 0.000|   0.0|  57.810|  44.700|188.38|   0.0|    0.0|    0.0|F2              |
|  0|17.65|26022.3|  1| 5.10| 6.18|  72.931|  48.947| 2707.939|  92.6|  -0.1| 2806.4| 0.000|   0.0|  58.111|  44.807|185.88|   0.0|    0.0|    0.0|F2              |
|  0|17.65|26033.9|  1| 5.10| 6.18|  73.018|  48.840| 2709.297|  92.3|  -0.1| 2807.9| 0.000|   0.0|  58.137|  44.743|185.96|   0.0|    0.0|    0.0|F2              |
|  0|17.65|26045.6|  1| 6.51| 7.55|  71.406|  48.432| 2568.310|  92.6|  -0.2| 2674.3| 0.000|   0.0|  57.358|  44.677|191.61|   0.0|    0.0|    0.0|F2              |
|  0|17.65|26057.2|  1| 6.64| 7.68|  71.306|  48.396| 2559.138|  92.6|  -0.2| 2666.1| 0.000|   0.0|  57.381|  44.681|192.10|   0.0|    0.0|    0.0|F2              |
|  0|17.65|26068.9|  1| 5.99| 7.02|  71.915|  48.573| 2613.377|  92.6|  -0.1| 2716.1| 0.000|   0.0|  57.604|  44.704|189.25|   0.0|    0.0|    0.0|F2              |
|  0|17.65|26080.7|  1| 6.58| 7.61|  71.355|  48.414| 2563.619|  92.6|  -0.2| 2670.1| 0.000|   0.0|  57.035|  44.616|192.35|   0.0|    0.0|    0.0|F2              |
|  0|17.65|26092.2|  1| 6.64| 7.67|  71.310|  48.398| 2559.525|  92.6|  -0.2| 2666.4| 0.000|   0.0|  57.381|  44.681|192.08|   0.0|    0.0|    0.0|F2              |
+==============================================================================+
|   Medium characteristics Sunspot number=   0.0 IG= -11.5   GMT time:07:14    |
|------------------------------------------------------------------------------|
|   S   | fh |  I  |   D  | fd |  hd | fe |  he | ff1 | hf1 | ff2 | hf2 |   Hi |
|-------+----+-----+------+----+-----+----+-----+-----+-----+-----+-----+------|
|    0.0|1.25| 58.8|   3.1|0.18| 81.2|2.55|110.0| 0.00|  0.0| 5.06|214.9|  69.3|
+==============================================================================+

+==================================+
|       Es-layer parametres        |
|----------------------------------|
|   S   | hEs | fbEs | f0Es | P Es |
|-------+-----+------+------+------|
|    0.0|108.1| 2.94 | 3.41 | 68.0 |
+==================================+

|  0|17.65|26103.9|  1| 6.21| 7.23|  71.705|  48.497| 2593.915|  92.5|  -0.2| 2697.9| 0.000|   0.0|  57.604|  44.704|189.98|   0.0|    0.0|    0.0|F2              |
|  0|17.65|26115.4|  1| 5.13| 6.18|  72.888|  48.977| 2706.181|  92.7|  -0.1| 2804.7| 0.000|   0.0|  58.344|  44.876|185.44|   0.0|    0.0|    0.0|F2              |
|  0|17.65|26127.0|  1| 7.46| 8.52|  70.887|  48.241| 2520.341|  92.6|  -0.2| 2634.9| 0.000|   0.0|  57.150|  44.635|196.85|   0.0|    0.0|    0.0|F2              |
|  0|17.65|26138.6|  1| 6.76| 7.78|  71.227|  48.368| 2551.834|  92.6|  -0.2| 2659.6| 0.000|   0.0|  57.353|  44.676|192.64|   0.0|    0.0|    0.0|F2              |
|  0|17.65|26150.3|  1| 5.40| 6.44|  72.587|  48.819| 2675.797|  92.6|  -0.1| 2775.5| 0.000|   0.0|  58.250|  44.833|186.24|   0.0|    0.0|    0.0|F2              |
|  0|17.65|26161.8|  1| 2.95| 4.24|  76.156|  50.266| 3017.813|  92.7|  -0.1| 3110.9| 0.000|   0.0|  60.491|  45.342|179.03|   0.0|    0.0|    0.0|F2              |
|  0|17.65|26173.3|  1| 4.73| 5.80|  73.459|  49.146| 2757.516|  92.6|  -0.1| 2854.7| 0.000|   0.0|  58.574|  44.901|184.31|   0.0|    0.0|    0.0|F2              |
|  0|17.65|26185.1|  1| 7.40| 8.44|  70.903|  48.248| 2521.845|  92.6|  -0.2| 2635.6| 0.000|   0.0|  57.119|  44.629|196.49|   0.0|    0.0|    0.0|F2              |
|  0|17.65|26196.8|  1| 6.09| 7.10|  71.862|  48.510| 2606.366|  92.5|  -0.1| 2709.6| 0.000|   0.0|  57.531|  44.668|189.74|   0.0|    0.0|    0.0|F2              |
|  0|17.65|26208.3|  1| 5.90| 6.91|  72.059|  48.581| 2624.553|  92.5|  -0.1| 2726.8| 0.000|   0.0|  57.949|  44.749|188.23|   0.0|    0.0|    0.0|F2              |
+---+-----+-------+---+-----+-----+--------+--------+---------+------+------+-------+------+------+--------+--------+------+------+-------+-------+----------------+
+---+-----+-------+---+-----+-----+--------+--------+---------+------+------+-------+------+------+--------+--------+------+------+-------+-------+----------------+
|0-x| fr  |  time |hop| d0  | d1  |   fi   |  teta  |   dist  |  at  |  dev |   p   |  df  |  l   |   fot  |   tot  |  rot | lsp  |   pf  |    s  |                |
+---+-----+-------+---+-----+-----+--------+--------+---------+------+------+-------+------+------+--------+--------+------+------+-------+-------+----------------+
|  0|17.65|26219.8|  1| 5.22| 6.25|  72.851|  48.871| 2698.233|  92.5|  -0.1| 2797.2| 0.000|   0.0|  58.249|  44.811|185.94|   0.0|    0.0|    0.0|F2              |
|  0|17.65|26231.5|  1| 6.72| 7.72|  71.265|  48.382| 2555.332|  92.6|  -0.2| 2662.8| 0.000|   0.0|  57.314|  44.668|192.52|   0.0|    0.0|    0.0|F2              |
|  0|17.65|26243.2|  1| 6.55| 7.55|  71.425|  48.396| 2568.063|  92.5|  -0.2| 2674.3| 0.000|   0.0|  57.289|  44.642|191.87|   0.0|    0.0|    0.0|F2              |
|  0|17.65|26254.8|  1| 6.38| 7.37|  71.570|  48.449| 2581.520|  92.5|  -0.2| 2686.5| 0.000|   0.0|  57.287|  44.642|191.16|   0.0|    0.0|    0.0|F2              |
|  0|17.65|26266.3|  1| 6.33| 7.32|  71.643|  48.431| 2586.163|  92.4|  -0.2| 2690.9| 0.000|   0.0|  57.291|  44.621|191.00|   0.0|    0.0|    0.0|F2              |
|  0|17.65|26278.1|  1| 8.43| 9.58|  70.566|  49.012| 2533.106|  94.7|  -0.2| 2661.9| 0.000|   0.0|  56.926|  45.043|204.08|   0.0|    0.0|    0.0|F2              |
|  0|17.65|26278.1|  1| 7.61| 8.64|  70.829|  48.263| 2516.972|  92.7|  -0.2| 2633.0| 0.000|   0.0|  57.107|  44.648|197.76|   0.0|    0.0|    0.0|F2              |
|  0|17.65|26289.6|  1| 5.38| 6.39|  72.723|  48.733| 2681.903|  92.3|  -0.1| 2781.6| 0.000|   0.0|  58.259|  44.766|186.33|   0.0|    0.0|    0.0|F2              |
|  0|17.65|26301.0|  1| 5.11| 6.13|  73.065|  48.859| 2713.753|  92.3|  -0.1| 2812.4| 0.000|   0.0|  58.189|  44.753|185.89|   0.0|    0.0|    0.0|F2              |
|  0|17.65|26312.5|  1| 0.00| 0.00|   0.000|   0.000|    0.000|   0.0|   0.0|    0.0| 0.000|   0.0|   0.000|   0.000|  0.00|   0.0|    0.0|    0.0|                |
|  0|17.65|26312.5|  1| 6.22| 7.20|  71.779|  48.436| 2596.611|  92.4|  -0.1| 2700.7| 0.000|   0.0|  57.384|  44.617|190.47|   0.0|    0.0|    0.0|F2              |
|  0|17.65|26324.3|  1| 7.83| 8.87|  70.019|  49.121| 2497.465|  95.4|  -0.2| 2614.8| 0.000|   0.0|  56.676|  45.143|198.60|   0.0|    0.0|    0.0|F2              |
|  0|17.65|26324.3|  1| 6.36| 7.34|  71.625|  48.425| 2584.481|  92.4|  -0.2| 2689.4| 0.000|   0.0|  57.305|  44.624|191.08|   0.0|    0.0|    0.0|F2              |
|  0|17.65|26335.9|  1| 7.23| 8.23|  70.202|  49.156| 2512.907|  95.3|  -0.2| 2623.5| 0.000|   0.0|  56.852|  45.163|194.54|   0.0|    0.0|    0.0|F2              |
|  0|17.65|26335.9|  1| 7.22| 8.22|  71.113|  48.110| 2531.248|  92.1|  -0.2| 2643.2| 0.000|   0.0|  57.122|  44.522|195.58|   0.0|    0.0|    0.0|F2              |
|  0|17.65|26347.6|  1| 0.33| 2.60|  80.269|  52.329| 3441.305|  93.1|  -0.1| 3532.8| 0.000|   0.0|  63.764|  46.270|175.25|   0.0|    0.0|    0.0|F2              |
|  0|17.65|26359.3|  1| 0.00| 0.00|   0.000|   0.000|    0.000|   0.0|   0.0|    0.0| 0.000|   0.0|   0.000|   0.000|  0.00|   0.0|    0.0|    0.0|                |
|  0|17.65|26359.3|  1| 5.76| 6.74|  72.236|  48.646| 2640.990|  92.5|  -0.1| 2742.4| 0.000|   0.0|  57.911|  44.742|187.95|   0.0|    0.0|    0.0|F2              |
|  0|17.65|26370.8|  1| 5.97| 6.94|  72.011|  48.564| 2620.225|  92.5|  -0.1| 2722.8| 0.000|   0.0|  57.854|  44.731|188.66|   0.0|    0.0|    0.0|F2              |
|  0|17.65|26382.4|  1| 5.96| 6.93|  71.996|  48.603| 2620.934|  92.6|  -0.1| 2723.4| 0.000|   0.0|  57.880|  44.758|188.51|   0.0|    0.0|    0.0|F2              |
+---+-----+-------+---+-----+-----+--------+--------+---------+------+------+-------+------+------+--------+--------+------+------+-------+-------+----------------+
+---+-----+-------+---+-----+-----+--------+--------+---------+------+------+-------+------+------+--------+--------+------+------+-------+-------+----------------+
|0-x| fr  |  time |hop| d0  | d1  |   fi   |  teta  |   dist  |  at  |  dev |   p   |  df  |  l   |   fot  |   tot  |  rot | lsp  |   pf  |    s  |                |
+---+-----+-------+---+-----+-----+--------+--------+---------+------+------+-------+------+------+--------+--------+------+------+-------+-------+----------------+
|  0|17.65|26393.8|  1| 8.95|10.28|  71.905|  49.552| 2660.939|  94.7|  -0.3| 2808.8| 0.000|   0.0|  58.082|  45.321|210.19|   0.0|    0.0|    0.0|F2              |
|  0|17.65|26393.8|  1| 5.69| 6.67|  72.321|  48.677| 2648.932|  92.5|  -0.1| 2750.0| 0.000|   0.0|  58.007|  44.761|187.54|   0.0|    0.0|    0.0|F2              |
|  0|17.65|26405.5|  1| 6.21| 7.17|  71.776|  48.479| 2598.457|  92.5|  -0.1| 2702.4| 0.000|   0.0|  57.671|  44.694|189.84|   0.0|    0.0|    0.0|F2              |
|  0|17.65|26417.0|  1| 5.85| 6.82|  72.120|  48.649| 2632.391|  92.6|  -0.1| 2734.3| 0.000|   0.0|  57.795|  44.742|188.41|   0.0|    0.0|    0.0|F2              |
|  0|17.65|26428.5|  1| 9.03|10.43|  72.799|  49.572| 2729.116|  94.0|  -0.3| 2884.5| 0.000|   0.0|  57.883|  45.113|212.47|   0.0|    0.0|    0.0|F2              |
|  0|17.65|26428.5|  1| 5.37| 6.35|  72.624|  48.925| 2683.748|  92.8|  -0.1| 2783.3| 0.000|   0.0|  58.250|  44.880|186.09|   0.0|    0.0|    0.0|F2              |
|  0|17.65|26440.1|  1| 0.00| 0.00|   0.000|   0.000|    0.000|   0.0|   0.0|    0.0| 0.000|   0.0|   0.000|   0.000|  0.00|   0.0|    0.0|    0.0|                |
|  0|17.65|26440.1|  1| 8.09| 9.15|  70.978|  48.179| 2524.323|  92.4|  -0.2| 2647.3| 0.000|   0.0|  56.933|  44.549|201.75|   0.0|    0.0|    0.0|F2              |
|  0|17.65|26451.8|  1| 8.90|10.17|  71.440|  49.511| 2623.868|  95.1|  -0.2| 2767.4| 0.000|   0.0|  57.027|  45.152|209.51|   0.0|    0.0|    0.0|F2              |
|  0|17.65|26451.8|  1| 3.93| 5.02|  74.755|  49.550| 2875.338|  92.4|  -0.1| 2970.4| 0.000|   0.0|  59.288|  45.002|182.06|   0.0|    0.0|    0.0|F2              |
|  0|17.65|26463.4|  1| 4.69| 5.70|  73.640|  49.121| 2769.907|  92.4|  -0.1| 2867.0| 0.000|   0.0|  58.906|  44.921|183.59|   0.0|    0.0|    0.0|F2              |
|  0|17.65|26474.8|  1| 0.00| 0.00|   0.000|   0.000|    0.000|   0.0|   0.0|    0.0| 0.000|   0.0|   0.000|   0.000|  0.00|   0.0|    0.0|    0.0|                |
|  0|17.65|26474.8|  1| 4.93| 5.92|  73.342|  48.962| 2739.594|  92.3|  -0.1| 2837.6| 0.000|   0.0|  58.560|  44.827|184.83|   0.0|    0.0|    0.0|F2              |
|  0|17.65|26486.4|  1| 6.01| 6.96|  71.960|  48.591| 2617.628|  92.6|  -0.1| 2720.4| 0.000|   0.0|  57.854|  44.753|188.71|   0.0|    0.0|    0.0|F2              |
|  0|17.65|26498.0|  1| 0.00| 0.00|   0.000|   0.000|    0.000|   0.0|   0.0|    0.0| 0.000|   0.0|   0.000|   0.000|  0.00|   0.0|    0.0|    0.0|                |
|  0|17.65|26498.0|  1| 4.64| 5.65|  73.829|  49.003| 2778.337|  92.0|  -0.1| 2875.4| 0.000|   0.0|  58.947|  44.833|183.65|   0.0|    0.0|    0.0|F2              |
|  0|17.65|26509.6|  1| 0.00| 0.00|   0.000|   0.000|    0.000|   0.0|   0.0|    0.0| 0.000|   0.0|   0.000|   0.000|  0.00|   0.0|    0.0|    0.0|                |
|  0|17.65|26509.6|  1| 5.75| 6.70|  72.357|  48.555| 2645.804|  92.2|  -0.1| 2747.3| 0.000|   0.0|  57.912|  44.675|188.06|   0.0|    0.0|    0.0|F2              |
|  0|17.65|26521.6|  1| 6.97| 7.92|  71.092|  48.364| 2541.458|  92.7|  -0.2| 2650.7| 0.000|   0.0|  57.016|  44.633|194.06|   0.0|    0.0|    0.0|F2              |
|  0|17.65|26533.1|  1| 0.00| 0.00|   0.000|   0.000|    0.000|   0.0|   0.0|    0.0| 0.000|   0.0|   0.000|   0.000|  0.00|   0.0|    0.0|    0.0|                |
+---+-----+-------+---+-----+-----+--------+--------+---------+------+------+-------+------+------+--------+--------+------+------+-------+-------+----------------+
+---+-----+-------+---+-----+-----+--------+--------+---------+------+------+-------+------+------+--------+--------+------+------+-------+-------+----------------+
|0-x| fr  |  time |hop| d0  | d1  |   fi   |  teta  |   dist  |  at  |  dev |   p   |  df  |  l   |   fot  |   tot  |  rot | lsp  |   pf  |    s  |                |
+---+-----+-------+---+-----+-----+--------+--------+---------+------+------+-------+------+------+--------+--------+------+------+-------+-------+----------------+
|  0|17.65|26533.1|  1| 4.78| 5.77|  73.559|  49.043| 2759.960|  92.3|  -0.1| 2857.4| 0.000|   0.0|  58.800|  44.875|184.03|   0.0|    0.0|    0.0|F2              |
|  0|17.65|26544.8|  1| 6.11| 7.05|  71.814|  48.627| 2608.281|  92.8|  -0.1| 2711.5| 0.000|   0.0|  57.727|  44.773|189.21|   0.0|    0.0|    0.0|F2              |
|  0|17.65|26556.3|  1| 6.08| 7.02|  71.901|  48.570| 2612.137|  92.6|  -0.1| 2715.2| 0.000|   0.0|  57.557|  44.695|189.58|   0.0|    0.0|    0.0|F2              |
|  0|17.65|26568.0|  1| 5.86| 6.80|  72.163|  48.620| 2634.265|  92.5|  -0.1| 2736.2| 0.000|   0.0|  57.741|  44.709|188.58|   0.0|    0.0|    0.0|F2              |
|  0|17.65|26579.7|  1| 6.36| 7.29|  71.576|  48.540| 2586.278|  92.8|  -0.1| 2691.0| 0.000|   0.0|  57.166|  44.663|191.10|   0.0|    0.0|    0.0|F2              |
|  0|17.65|26591.3|  1| 8.62| 9.75|  70.997|  48.822| 2556.183|  93.9|  -0.2| 2689.3| 0.000|   0.0|  56.895|  44.862|206.13|   0.0|    0.0|    0.0|F2              |
|  0|17.65|26591.3|  1| 6.60| 7.53|  71.397|  48.431| 2567.596|  92.6|  -0.2| 2673.9| 0.000|   0.0|  57.459|  44.697|191.59|   0.0|    0.0|    0.0|F2              |
|  0|17.65|26603.0|  1| 5.95| 6.88|  72.072|  48.587| 2625.832|  92.5|  -0.1| 2728.2| 0.000|   0.0|  57.634|  44.688|189.05|   0.0|    0.0|    0.0|F2              |
|  0|17.65|26614.5|  1| 0.12| 2.48|  80.533|  52.640| 3479.189|  93.4|  -0.1| 3570.8| 0.000|   0.0|  64.040|  46.440|175.13|   0.0|    0.0|    0.0|F2              |
|  0|17.65|26626.2|  1| 7.67| 8.64|  70.546|  48.549| 2509.111|  93.6|  -0.2| 2624.8| 0.000|   0.0|  56.753|  44.772|198.01|   0.0|    0.0|    0.0|F2              |
|  0|17.65|26626.2|  1| 6.63| 7.55|  71.321|  48.492| 2564.732|  92.8|  -0.2| 2671.2| 0.000|   0.0|  57.428|  44.735|191.67|   0.0|    0.0|    0.0|F2              |
|  0|17.65|26637.7|  1| 0.00| 0.00|   0.000|   0.000|    0.000|   0.0|   0.0|    0.0| 0.000|   0.0|   0.000|   0.000|  0.00|   0.0|    0.0|    0.0|                |
|  0|17.65|26637.7|  1| 6.39| 7.31|  71.612|  48.466| 2585.483|  92.6|  -0.1| 2690.4| 0.000|   0.0|  57.398|  44.664|190.95|   0.0|    0.0|    0.0|F2              |
|  0|17.65|26649.2|  1| 6.73| 7.65|  71.217|  48.498| 2557.230|  92.9|  -0.2| 2664.4| 0.000|   0.0|  56.998|  44.673|192.81|   0.0|    0.0|    0.0|F2              |
|  0|17.65|26649.2|  1| 0.00| 0.00|   0.000|   0.000|    0.000|   0.0|   0.0|    0.0| 0.000|   0.0|   0.000|   0.000|  0.00|   0.0|    0.0|    0.0|                |
|  0|17.65|26660.9|  1| 6.57| 7.49|  71.484|  48.376| 2571.582|  92.4|  -0.2| 2677.8| 0.000|   0.0|  57.259|  44.615|191.94|   0.0|    0.0|    0.0|F2              |
|  0|17.65|26660.9|  1| 7.89| 8.87|  70.472|  48.605| 2506.204|  93.8|  -0.2| 2624.6| 0.000|   0.0|  56.789|  44.822|199.39|   0.0|    0.0|    0.0|F2              |
|  0|17.65|26672.4|  1| 7.11| 8.04|  70.850|  48.537| 2531.454|  93.3|  -0.2| 2641.5| 0.000|   0.0|  56.819|  44.723|194.74|   0.0|    0.0|    0.0|F2              |
|  0|17.65|26684.3|  1| 5.71| 6.63|  72.380|  48.655| 2652.293|  92.4|  -0.1| 2753.5| 0.000|   0.0|  57.889|  44.716|187.90|   0.0|    0.0|    0.0|F2              |
|  0|17.65|26684.3|  1| 8.12| 9.12|  70.333|  48.808| 2505.574|  94.4|  -0.2| 2627.1| 0.000|   0.0|  56.761|  44.945|200.94|   0.0|    0.0|    0.0|F2              |
+---+-----+-------+---+-----+-----+--------+--------+---------+------+------+-------+------+------+--------+--------+------+------+-------+-------+----------------+
+---+-----+-------+---+-----+-----+--------+--------+---------+------+------+-------+------+------+--------+--------+------+------+-------+-------+----------------+
|0-x| fr  |  time |hop| d0  | d1  |   fi   |  teta  |   dist  |  at  |  dev |   p   |  df  |  l   |   fot  |   tot  |  rot | lsp  |   pf  |    s  |                |
+---+-----+-------+---+-----+-----+--------+--------+---------+------+------+-------+------+------+--------+--------+------+------+-------+-------+----------------+
|  0|17.65|26695.8|  1| 7.09| 8.01|  70.974|  48.409| 2534.736|  92.9|  -0.2| 2644.8| 0.000|   0.0|  56.744|  44.624|194.84|   0.0|    0.0|    0.0|F2              |
|  0|17.65|26707.3|  1| 7.46| 8.40|  70.715|  48.442| 2516.781|  93.2|  -0.2| 2630.2| 0.000|   0.0|  56.759|  44.689|196.81|   0.0|    0.0|    0.0|F2              |
|  0|17.65|26718.9|  1| 7.21| 8.13|  70.798|  48.517| 2526.596|  93.3|  -0.2| 2637.5| 0.000|   0.0|  56.746|  44.709|195.34|   0.0|    0.0|    0.0|F2              |
|  0|17.65|26730.5|  1| 8.76| 9.90|  71.328|  48.809| 2580.495|  93.6|  -0.2| 2717.6| 0.000|   0.0|  57.011|  44.820|207.67|   0.0|    0.0|    0.0|F2              |
|  0|17.65|26742.5|  1| 7.00| 7.91|  70.979|  48.498| 2539.251|  93.1|  -0.2| 2648.4| 0.000|   0.0|  56.799|  44.677|194.24|   0.0|    0.0|    0.0|F2              |
|  0|17.65|26754.2|  1| 8.59| 9.68|  71.532|  48.187| 2566.400|  92.0|  -0.2| 2699.7| 0.000|   0.0|  57.086|  44.489|206.33|   0.0|    0.0|    0.0|F2              |
|  0|17.65|26754.2|  1| 0.00| 0.00|   0.000|   0.000|    0.000|   0.0|   0.0|    0.0| 0.000|   0.0|   0.000|   0.000|  0.00|   0.0|    0.0|    0.0|                |
|  0|17.65|26766.3|  1| 6.00| 6.90|  72.017|  48.613| 2622.925|  92.6|  -0.1| 2725.5| 0.000|   0.0|  57.831|  44.749|188.72|   0.0|    0.0|    0.0|F2              |
|  0|17.65|26778.0|  1| 6.07| 6.97|  71.945|  48.587| 2616.284|  92.6|  -0.1| 2719.3| 0.000|   0.0|  57.765|  44.736|189.08|   0.0|    0.0|    0.0|F2              |
|  0|17.65|26789.6|  1| 7.32| 8.23|  71.053|  48.135| 2527.908|  92.2|  -0.2| 2640.3| 0.000|   0.0|  56.752|  44.476|196.32|   0.0|    0.0|    0.0|F2              |
|  0|17.65|26801.1|  1| 9.27|10.97|  77.034|  50.878| 3116.630|  93.1|  -0.4| 3311.9| 0.000|   0.0|  61.506|  45.738|218.28|   0.0|    0.0|    0.0|F2              |
|  0|17.65|26801.1|  1| 3.72| 4.76|  75.066|  49.872| 2915.218|  92.8|  -0.1| 3009.8| 0.000|   0.0|  59.806|  45.214|180.66|   0.0|    0.0|    0.0|F2              |
|  0|17.65|26812.6|  1| 7.77| 8.71|  70.786|  48.250| 2513.116|  92.7|  -0.2| 2630.2| 0.000|   0.0|  56.753|  44.581|198.95|   0.0|    0.0|    0.0|F2              |
|  0|17.65|26824.2|  1| 7.47| 8.39|  70.571|  48.605| 2513.698|  93.7|  -0.2| 2626.9| 0.000|   0.0|  56.715|  44.787|196.66|   0.0|    0.0|    0.0|F2              |
|  0|17.65|26835.8|  1| 6.83| 7.72|  70.774|  48.946| 2545.498|  94.4|  -0.1| 2652.8| 0.000|   0.0|  57.036|  44.985|192.59|   0.0|    0.0|    0.0|F2              |
|  0|17.65|26835.8|  1| 6.82| 7.71|  71.276|  48.346| 2554.501|  92.5|  -0.2| 2662.4| 0.000|   0.0|  57.189|  44.623|193.05|   0.0|    0.0|    0.0|F2              |
|  0|17.65|26847.3|  1| 4.42| 5.38|  73.894|  49.602| 2813.076|  93.2|  -0.1| 2909.3| 0.000|   0.0|  58.810|  45.095|183.28|   0.0|    0.0|    0.0|F2              |
|  0|17.65|26858.8|  1| 5.78| 6.67|  72.221|  48.777| 2646.183|  92.8|  -0.1| 2747.6| 0.000|   0.0|  57.760|  44.781|188.18|   0.0|    0.0|    0.0|F2              |
|  0|17.65|26870.4|  1| 5.46| 6.36|  72.574|  48.954| 2681.361|  92.9|  -0.1| 2781.3| 0.000|   0.0|  58.132|  44.879|186.56|   0.0|    0.0|    0.0|F2              |
|  0|17.65|26882.2|  1| 6.97| 7.85|  71.119|  48.376| 2544.121|  92.7|  -0.2| 2653.1| 0.000|   0.0|  56.786|  44.589|194.18|   0.0|    0.0|    0.0|F2              |
+---+-----+-------+---+-----+-----+--------+--------+---------+------+------+-------+------+------+--------+--------+------+------+-------+-------+----------------+
+---+-----+-------+---+-----+-----+--------+--------+---------+------+------+-------+------+------+--------+--------+------+------+-------+-------+----------------+
|0-x| fr  |  time |hop| d0  | d1  |   fi   |  teta  |   dist  |  at  |  dev |   p   |  df  |  l   |   fot  |   tot  |  rot | lsp  |   pf  |    s  |                |
+---+-----+-------+---+-----+-----+--------+--------+---------+------+------+-------+------+------+--------+--------+------+------+-------+-------+----------------+
|  0|17.65|26893.7|  1| 7.96| 8.90|  70.545|  48.504| 2506.902|  93.5|  -0.2| 2626.0| 0.000|   0.0|  56.528|  44.706|200.13|   0.0|    0.0|    0.0|F2              |
|  0|17.65|26905.4|  1| 7.98| 8.92|  70.574|  48.472| 2507.543|  93.4|  -0.2| 2627.0| 0.000|   0.0|  56.528|  44.685|200.30|   0.0|    0.0|    0.0|F2              |
|  0|17.65|26917.2|  1| 6.89| 7.76|  71.233|  48.330| 2550.542|  92.5|  -0.2| 2658.9| 0.000|   0.0|  57.156|  44.617|193.40|   0.0|    0.0|    0.0|F2              |
|  0|17.65|26928.8|  1| 7.36| 8.25|  70.815|  48.395| 2522.089|  93.0|  -0.2| 2634.3| 0.000|   0.0|  56.617|  44.620|196.31|   0.0|    0.0|    0.0|F2              |
|  0|17.65|26940.4|  1| 6.13| 6.99|  71.882|  48.609| 2612.552|  92.7|  -0.1| 2715.8| 0.000|   0.0|  57.495|  44.705|189.77|   0.0|    0.0|    0.0|F2              |
|  0|17.65|26952.0|  1| 6.68| 7.54|  71.317|  48.492| 2564.444|  92.9|  -0.1| 2671.1| 0.000|   0.0|  57.059|  44.664|192.48|   0.0|    0.0|    0.0|F2              |
|  0|17.65|26963.5|  1| 6.79| 7.65|  71.202|  48.494| 2555.922|  92.9|  -0.2| 2663.3| 0.000|   0.0|  56.970|  44.668|193.04|   0.0|    0.0|    0.0|F2              |
|  0|17.65|26975.3|  1| 6.12| 6.98|  71.789|  48.753| 2612.548|  93.1|  -0.1| 2715.6| 0.000|   0.0|  57.697|  44.835|189.13|   0.0|    0.0|    0.0|F2              |
|  0|17.65|26986.8|  1| 6.20| 7.05|  71.736|  48.689| 2605.405|  93.0|  -0.1| 2709.0| 0.000|   0.0|  57.319|  44.737|190.17|   0.0|    0.0|    0.0|F2              |
|  0|17.65|26998.5|  1| 6.45| 7.30|  71.524|  48.567| 2583.640|  92.9|  -0.1| 2688.7| 0.000|   0.0|  57.114|  44.675|191.42|   0.0|    0.0|    0.0|F2              |
+==============================================================================+
|   Medium characteristics Sunspot number=   0.0 IG= -11.5   GMT time:07:29    |
|------------------------------------------------------------------------------|
|   S   | fh |  I  |   D  | fd |  hd | fe |  he | ff1 | hf1 | ff2 | hf2 |   Hi |
|-------+----+-----+------+----+-----+----+-----+-----+-----+-----+-----+------|
|    0.0|1.25| 58.8|   3.1|0.18| 81.2|2.60|110.0| 0.00|  0.0| 5.15|215.9|  67.8|
+==============================================================================+

+==================================+
|       Es-layer parametres        |
|----------------------------------|
|   S   | hEs | fbEs | f0Es | P Es |
|-------+-----+------+------+------|
|    0.0|108.1| 2.97 | 3.44 | 68.2 |
+==================================+

|  0|17.65|27010.0|  1| 6.20| 7.05|  71.795|  48.622| 2606.647|  92.8|  -0.1| 2710.3| 0.000|   0.0|  57.335|  44.696|190.22|   0.0|    0.0|    0.0|F2              |
|  0|17.65|27021.4|  1| 4.71| 5.62|  73.602|  49.345| 2778.126|  92.9|  -0.1| 2875.3| 0.000|   0.0|  58.504|  44.958|184.42|   0.0|    0.0|    0.0|F2              |
|  0|17.65|27033.1|  1| 6.38| 7.23|  71.674|  48.490| 2591.250|  92.6|  -0.1| 2696.0| 0.000|   0.0|  57.635|  44.710|190.34|   0.0|    0.0|    0.0|F2              |
|  0|17.65|27044.7|  1| 0.00| 0.00|   0.000|   0.000|    0.000|   0.0|   0.0|    0.0| 0.000|   0.0|   0.000|   0.000|  0.00|   0.0|    0.0|    0.0|                |
|  0|17.65|27044.7|  1| 6.28| 7.13|  71.499|  48.868| 2596.283|  93.6|  -0.1| 2700.1| 0.000|   0.0|  57.515|  44.910|189.83|   0.0|    0.0|    0.0|F2              |
|  0|17.65|27056.3|  1| 7.60| 8.48|  70.754|  48.329| 2514.415|  92.9|  -0.2| 2629.1| 0.000|   0.0|  56.925|  44.657|197.36|   0.0|    0.0|    0.0|F2              |
|  0|17.65|27067.6|  1| 6.60| 7.44|  71.368|  48.555| 2571.290|  93.0|  -0.1| 2677.3| 0.000|   0.0|  57.234|  44.720|191.83|   0.0|    0.0|    0.0|F2              |
|  0|17.65|27079.4|  1| 7.52| 8.39|  70.669|  48.471| 2514.630|  93.3|  -0.2| 2628.2| 0.000|   0.0|  56.525|  44.665|197.17|   0.0|    0.0|    0.0|F2              |
|  0|17.65|27079.4|  1| 8.74| 9.79|  71.435|  48.414| 2569.665|  92.6|  -0.2| 2704.9| 0.000|   0.0|  56.841|  44.573|207.30|   0.0|    0.0|    0.0|F2              |
|  0|17.65|27090.8|  1| 0.00| 0.00|   0.000|   0.000|    0.000|   0.0|   0.0|    0.0| 0.000|   0.0|   0.000|   0.000|  0.00|   0.0|    0.0|    0.0|                |
+---+-----+-------+---+-----+-----+--------+--------+---------+------+------+-------+------+------+--------+--------+------+------+-------+-------+----------------+
+---+-----+-------+---+-----+-----+--------+--------+---------+------+------+-------+------+------+--------+--------+------+------+-------+-------+----------------+
|0-x| fr  |  time |hop| d0  | d1  |   fi   |  teta  |   dist  |  at  |  dev |   p   |  df  |  l   |   fot  |   tot  |  rot | lsp  |   pf  |    s  |                |
+---+-----+-------+---+-----+-----+--------+--------+---------+------+------+-------+------+------+--------+--------+------+------+-------+-------+----------------+
|  0|17.65|27090.8|  1| 8.69| 9.72|  71.577|  48.160| 2568.540|  91.9|  -0.2| 2702.9| 0.000|   0.0|  57.229|  44.494|206.84|   0.0|    0.0|    0.0|F2              |
|  0|17.65|27102.7|  1| 0.00| 0.00|   0.000|   0.000|    0.000|   0.0|   0.0|    0.0| 0.000|   0.0|   0.000|   0.000|  0.00|   0.0|    0.0|    0.0|                |
|  0|17.65|27114.5|  1| 7.97| 8.87|  70.792|  48.209| 2511.662|  92.6|  -0.2| 2631.0| 0.000|   0.0|  56.593|  44.529|200.35|   0.0|    0.0|    0.0|F2              |
|  0|17.65|27125.7|  1| 8.21| 9.14|  70.936|  48.127| 2518.734|  92.3|  -0.2| 2642.0| 0.000|   0.0|  56.692|  44.484|202.27|   0.0|    0.0|    0.0|F2              |
|  0|17.65|27137.5|  1| 7.63| 8.50|  70.803|  48.260| 2514.845|  92.7|  -0.2| 2629.9| 0.000|   0.0|  56.870|  44.603|197.70|   0.0|    0.0|    0.0|F2              |
|  0|17.65|27148.9|  1| 8.06| 8.97|  70.830|  48.178| 2513.080|  92.5|  -0.2| 2633.8| 0.000|   0.0|  56.535|  44.498|201.08|   0.0|    0.0|    0.0|F2              |
|  0|17.65|27160.4|  1| 7.84| 8.73|  70.533|  48.504| 2505.991|  93.5|  -0.2| 2623.1| 0.000|   0.0|  56.491|  44.699|199.17|   0.0|    0.0|    0.0|F2              |
|  0|17.65|27160.4|  1| 7.28| 8.13|  70.920|  48.348| 2527.745|  92.8|  -0.2| 2639.1| 0.000|   0.0|  57.014|  44.653|195.39|   0.0|    0.0|    0.0|F2              |
|  0|17.65|27172.3|  1| 7.65| 8.52|  70.910|  48.127| 2516.789|  92.3|  -0.2| 2632.2| 0.000|   0.0|  56.892|  44.522|197.95|   0.0|    0.0|    0.0|F2              |
|  0|17.65|27172.3|  1| 8.55| 9.53|  70.673|  48.713| 2526.522|  93.9|  -0.2| 2655.2| 0.000|   0.0|  56.468|  44.777|204.77|   0.0|    0.0|    0.0|F2              |
|  0|17.65|27184.0|  1| 8.71| 9.73|  71.299|  48.412| 2559.363|  92.7|  -0.2| 2693.2| 0.000|   0.0|  57.103|  44.644|206.66|   0.0|    0.0|    0.0|F2              |
|  0|17.65|27195.6|  1| 8.70| 9.71|  71.276|  48.404| 2557.235|  92.7|  -0.2| 2690.7| 0.000|   0.0|  56.706|  44.569|206.69|   0.0|    0.0|    0.0|F2              |
|  0|17.65|27207.1|  1| 8.92|10.00|  71.805|  48.583| 2605.529|  92.7|  -0.2| 2746.5| 0.000|   0.0|  57.852|  44.788|208.71|   0.0|    0.0|    0.0|F2              |
|  0|17.65|27218.6|  1| 5.94| 6.77|  71.985|  48.871| 2632.978|  93.2|  -0.1| 2735.1| 0.000|   0.0|  57.640|  44.847|188.73|   0.0|    0.0|    0.0|F2              |
|  0|17.65|27230.1|  1| 6.49| 7.31|  71.428|  48.665| 2581.112|  93.2|  -0.1| 2686.3| 0.000|   0.0|  57.070|  44.732|191.55|   0.0|    0.0|    0.0|F2              |
|  0|17.65|27241.6|  1| 9.12|10.32|  73.030|  48.739| 2705.358|  92.0|  -0.3| 2858.5| 0.000|   0.0|  58.511|  44.778|212.29|   0.0|    0.0|    0.0|F2              |
|  0|17.65|27241.6|  1| 6.33| 7.15|  71.501|  48.825| 2594.296|  93.5|  -0.1| 2698.4| 0.000|   0.0|  57.154|  44.814|190.71|   0.0|    0.0|    0.0|F2              |
|  0|17.65|27253.2|  1| 6.68| 7.50|  71.452|  48.367| 2568.747|  92.5|  -0.1| 2675.5| 0.000|   0.0|  57.380|  44.638|192.08|   0.0|    0.0|    0.0|F2              |
|  0|17.65|27253.2|  1| 6.42| 7.24|  71.414|  48.793| 2586.199|  93.5|  -0.1| 2690.9| 0.000|   0.0|  57.081|  44.799|191.15|   0.0|    0.0|    0.0|F2              |
|  0|17.65|27265.0|  1| 6.56| 7.38|  71.259|  48.779| 2573.848|  93.6|  -0.1| 2679.4| 0.000|   0.0|  57.434|  44.892|190.97|   0.0|    0.0|    0.0|F2              |
+---+-----+-------+---+-----+-----+--------+--------+---------+------+------+-------+------+------+--------+--------+------+------+-------+-------+----------------+
+---+-----+-------+---+-----+-----+--------+--------+---------+------+------+-------+------+------+--------+--------+------+------+-------+-------+----------------+
|0-x| fr  |  time |hop| d0  | d1  |   fi   |  teta  |   dist  |  at  |  dev |   p   |  df  |  l   |   fot  |   tot  |  rot | lsp  |   pf  |    s  |                |
+---+-----+-------+---+-----+-----+--------+--------+---------+------+------+-------+------+------+--------+--------+------+------+-------+-------+----------------+
|  0|17.65|27276.8|  1| 7.18| 8.00|  71.121|  48.205| 2536.247|  92.3|  -0.2| 2646.9| 0.000|   0.0|  56.721|  44.492|195.37|   0.0|    0.0|    0.0|F2              |
|  0|17.65|27276.8|  1| 6.44| 7.26|  71.343|  48.855| 2583.847|  93.7|  -0.1| 2688.6| 0.000|   0.0|  57.054|  44.837|191.20|   0.0|    0.0|    0.0|F2              |
|  0|17.65|27288.7|  1| 5.83| 6.65|  72.228|  48.782| 2646.980|  92.8|  -0.1| 2748.6| 0.000|   0.0|  57.762|  44.781|188.35|   0.0|    0.0|    0.0|F2              |
|  0|17.65|27288.7|  1| 6.50| 7.32|  71.261|  48.868| 2578.353|  93.8|  -0.1| 2683.4| 0.000|   0.0|  57.446|  44.940|190.63|   0.0|    0.0|    0.0|F2              |
|  0|17.65|27300.3|  1| 6.56| 7.37|  71.317|  48.713| 2575.023|  93.4|  -0.1| 2680.6| 0.000|   0.0|  57.451|  44.851|191.03|   0.0|    0.0|    0.0|F2              |
|  0|17.65|27311.9|  1| 7.05| 7.87|  70.903|  48.603| 2538.563|  93.4|  -0.2| 2647.7| 0.000|   0.0|  56.954|  44.772|194.06|   0.0|    0.0|    0.0|F2              |
|  0|17.65|27323.4|  1| 6.73| 7.54|  71.390|  48.388| 2565.087|  92.6|  -0.1| 2672.1| 0.000|   0.0|  57.377|  44.659|192.23|   0.0|    0.0|    0.0|F2              |
|  0|17.65|27334.8|  1| 7.20| 8.02|  70.945|  48.401| 2532.129|  92.9|  -0.2| 2642.7| 0.000|   0.0|  56.840|  44.642|195.16|   0.0|    0.0|    0.0|F2              |
|  0|17.65|27346.3|  1| 6.62| 7.43|  71.512|  48.389| 2574.316|  92.5|  -0.1| 2680.6| 0.000|   0.0|  57.178|  44.600|192.19|   0.0|    0.0|    0.0|F2              |
|  0|17.65|27358.0|  1| 7.56| 8.40|  70.379|  48.795| 2508.412|  94.3|  -0.2| 2621.8| 0.000|   0.0|  56.657|  44.904|196.86|   0.0|    0.0|    0.0|F2              |
|  0|17.65|27358.0|  1| 8.24| 9.14|  70.771|  48.284| 2513.618|  92.8|  -0.2| 2636.6| 0.000|   0.0|  56.816|  44.613|202.06|   0.0|    0.0|    0.0|F2              |
|  0|17.65|27369.4|  1| 8.03| 8.90|  70.722|  48.271| 2509.244|  92.8|  -0.2| 2629.0| 0.000|   0.0|  56.784|  44.607|200.42|   0.0|    0.0|    0.0|F2              |
|  0|17.65|27381.0|  1| 5.99| 6.79|  72.140|  48.615| 2632.339|  92.5|  -0.1| 2734.9| 0.000|   0.0|  57.614|  44.685|189.22|   0.0|    0.0|    0.0|F2              |
|  0|17.65|27392.7|  1| 6.94| 7.74|  71.422|  48.095| 2553.877|  91.8|  -0.2| 2662.7| 0.000|   0.0|  57.158|  44.465|193.85|   0.0|    0.0|    0.0|F2              |
|  0|17.65|27404.2|  1| 7.05| 7.86|  71.073|  48.405| 2541.963|  92.8|  -0.2| 2651.3| 0.000|   0.0|  57.002|  44.652|194.22|   0.0|    0.0|    0.0|F2              |
|  0|17.65|27404.2|  1| 5.42| 6.24|  72.819|  48.863| 2695.421|  92.5|  -0.1| 2795.3| 0.000|   0.0|  58.249|  44.810|186.46|   0.0|    0.0|    0.0|F2              |
|  0|17.65|27415.8|  1| 6.08| 6.88|  71.993|  48.651| 2622.963|  92.7|  -0.1| 2725.9| 0.000|   0.0|  57.521|  44.711|189.59|   0.0|    0.0|    0.0|F2              |
|  0|17.65|27427.4|  1| 6.52| 7.31|  71.663|  48.355| 2584.124|  92.3|  -0.1| 2689.8| 0.000|   0.0|  57.561|  44.629|191.15|   0.0|    0.0|    0.0|F2              |
|  0|17.65|27438.9|  1| 6.42| 7.21|  71.787|  48.355| 2593.450|  92.2|  -0.1| 2698.5| 0.000|   0.0|  57.648|  44.623|190.65|   0.0|    0.0|    0.0|F2              |
|  0|17.65|27450.6|  1| 6.57| 7.36|  71.565|  48.408| 2579.228|  92.5|  -0.1| 2685.1| 0.000|   0.0|  57.289|  44.621|191.81|   0.0|    0.0|    0.0|F2              |
+---+-----+-------+---+-----+-----+--------+--------+---------+------+------+-------+------+------+--------+--------+------+------+-------+-------+----------------+
+---+-----+-------+---+-----+-----+--------+--------+---------+------+------+-------+------+------+--------+--------+------+------+-------+-------+----------------+
|0-x| fr  |  time |hop| d0  | d1  |   fi   |  teta  |   dist  |  at  |  dev |   p   |  df  |  l   |   fot  |   tot  |  rot | lsp  |   pf  |    s  |                |
+---+-----+-------+---+-----+-----+--------+--------+---------+------+------+-------+------+------+--------+--------+------+------+-------+-------+----------------+
|  0|17.65|27462.3|  1| 6.88| 7.68|  71.227|  48.418| 2554.182|  92.8|  -0.1| 2662.2| 0.000|   0.0|  57.204|  44.669|193.12|   0.0|    0.0|    0.0|F2              |
|  0|17.65|27473.8|  1| 6.31| 7.10|  71.817|  48.498| 2602.447|  92.5|  -0.1| 2706.7| 0.000|   0.0|  57.477|  44.657|190.52|   0.0|    0.0|    0.0|F2              |
|  0|17.65|27485.5|  1| 5.00| 5.82|  73.442|  49.002| 2749.173|  92.3|  -0.1| 2847.5| 0.000|   0.0|  58.287|  44.773|185.63|   0.0|    0.0|    0.0|F2              |
|  0|17.65|27497.1|  1| 7.90| 8.75|  70.031|  49.048| 2494.684|  95.2|  -0.2| 2611.4| 0.000|   0.0|  56.442|  45.049|198.90|   0.0|    0.0|    0.0|F2              |
|  0|17.65|27497.1|  1| 7.40| 8.20|  70.982|  48.199| 2525.499|  92.4|  -0.2| 2638.0| 0.000|   0.0|  56.732|  44.515|196.52|   0.0|    0.0|    0.0|F2              |
|  0|17.65|27508.8|  1| 8.01| 8.86|  71.032|  47.910| 2516.090|  91.7|  -0.2| 2636.0| 0.000|   0.0|  56.932|  44.401|200.50|   0.0|    0.0|    0.0|F2              |
|  0|17.65|27520.4|  1| 7.71| 8.53|  70.920|  48.089| 2515.820|  92.2|  -0.2| 2631.6| 0.000|   0.0|  56.904|  44.503|198.23|   0.0|    0.0|    0.0|F2              |
|  0|17.65|27532.0|  1| 6.94| 7.73|  71.268|  48.302| 2551.892|  92.5|  -0.1| 2660.4| 0.000|   0.0|  57.113|  44.587|193.67|   0.0|    0.0|    0.0|F2              |
|  0|17.65|27543.6|  1| 6.94| 7.73|  71.242|  48.336| 2551.503|  92.6|  -0.1| 2660.0| 0.000|   0.0|  57.105|  44.607|193.65|   0.0|    0.0|    0.0|F2              |
|  0|17.65|27555.2|  1| 6.65| 7.43|  71.478|  48.421| 2573.279|  92.6|  -0.1| 2679.7| 0.000|   0.0|  57.445|  44.673|191.76|   0.0|    0.0|    0.0|F2              |
|  0|17.65|27566.8|  1| 7.38| 8.18|  70.993|  48.203| 2526.565|  92.4|  -0.2| 2638.8| 0.000|   0.0|  56.770|  44.522|196.36|   0.0|    0.0|    0.0|F2              |
|  0|17.65|27578.4|  1| 6.05| 6.83|  72.127|  48.566| 2629.038|  92.4|  -0.1| 2731.9| 0.000|   0.0|  57.851|  44.708|188.95|   0.0|    0.0|    0.0|F2              |
|  0|17.65|27590.0|  1| 6.17| 6.95|  71.917|  48.624| 2615.922|  92.7|  -0.1| 2719.4| 0.000|   0.0|  57.619|  44.730|189.71|   0.0|    0.0|    0.0|F2              |
|  0|17.65|27601.6|  1| 0.00| 0.00|   0.000|   0.000|    0.000|   0.0|   0.0|    0.0| 0.000|   0.0|   0.000|   0.000|  0.00|   0.0|    0.0|    0.0|                |
|  0|17.65|27613.0|  1| 0.00| 0.00|   0.000|   0.000|    0.000|   0.0|   0.0|    0.0| 0.000|   0.0|   0.000|   0.000|  0.00|   0.0|    0.0|    0.0|                |
|  0|17.65|27624.7|  1| 7.95| 8.78|  70.652|  48.334| 2506.926|  93.0|  -0.2| 2625.2| 0.000|   0.0|  56.572|  44.610|199.88|   0.0|    0.0|    0.0|F2              |
|  0|17.65|27636.5|  1| 6.38| 7.15|  71.763|  48.480| 2597.526|  92.5|  -0.1| 2702.2| 0.000|   0.0|  57.413|  44.645|190.89|   0.0|    0.0|    0.0|F2              |
|  0|17.65|27648.3|  1| 5.17| 5.96|  73.263|  48.889| 2730.152|  92.2|  -0.1| 2829.1| 0.000|   0.0|  58.567|  44.804|185.40|   0.0|    0.0|    0.0|F2              |
|  0|17.65|27660.1|  1| 7.16| 7.94|  71.097|  48.284| 2538.139|  92.5|  -0.2| 2648.3| 0.000|   0.0|  56.947|  44.577|194.92|   0.0|    0.0|    0.0|F2              |
|  0|17.65|27671.6|  1| 6.55| 7.31|  71.605|  48.423| 2582.932|  92.5|  -0.1| 2688.7| 0.000|   0.0|  57.241|  44.612|191.81|   0.0|    0.0|    0.0|F2              |
+---+-----+-------+---+-----+-----+--------+--------+---------+------+------+-------+------+------+--------+--------+------+------+-------+-------+----------------+
+---+-----+-------+---+-----+-----+--------+--------+---------+------+------+-------+------+------+--------+--------+------+------+-------+-------+----------------+
|0-x| fr  |  time |hop| d0  | d1  |   fi   |  teta  |   dist  |  at  |  dev |   p   |  df  |  l   |   fot  |   tot  |  rot | lsp  |   pf  |    s  |                |
+---+-----+-------+---+-----+-----+--------+--------+---------+------+------+-------+------+------+--------+--------+------+------+-------+-------+----------------+
|  0|17.65|27683.2|  1| 6.35| 7.11|  71.852|  48.423| 2601.528|  92.3|  -0.1| 2706.1| 0.000|   0.0|  57.473|  44.612|190.75|   0.0|    0.0|    0.0|F2              |
|  0|17.65|27694.8|  1| 0.00| 0.00|   0.000|   0.000|    0.000|   0.0|   0.0|    0.0| 0.000|   0.0|   0.000|   0.000|  0.00|   0.0|    0.0|    0.0|                |
|  0|17.65|27706.4|  1| 7.82| 8.63|  70.696|  48.309| 2509.080|  92.9|  -0.2| 2625.7| 0.000|   0.0|  56.776|  44.628|198.78|   0.0|    0.0|    0.0|F2              |
|  0|17.65|27718.0|  1| 7.99| 8.81|  70.646|  48.332| 2506.385|  93.0|  -0.2| 2625.0| 0.000|   0.0|  56.556|  44.607|200.13|   0.0|    0.0|    0.0|F2              |
|  0|17.65|27729.7|  1| 7.75| 8.55|  70.767|  48.250| 2511.717|  92.7|  -0.2| 2627.5| 0.000|   0.0|  56.792|  44.589|198.37|   0.0|    0.0|    0.0|F2              |
|  0|17.65|27741.3|  1| 6.67| 7.43|  71.396|  48.524| 2571.945|  92.9|  -0.1| 2678.3| 0.000|   0.0|  57.411|  44.732|191.78|   0.0|    0.0|    0.0|F2              |
|  0|17.65|27753.0|  1| 8.87| 9.83|  71.244|  48.567| 2562.548|  93.1|  -0.2| 2698.4| 0.000|   0.0|  56.728|  44.658|207.83|   0.0|    0.0|    0.0|F2              |
|  0|17.65|27764.7|  1| 7.74| 8.53|  70.882|  48.120| 2514.328|  92.3|  -0.2| 2630.2| 0.000|   0.0|  56.826|  44.510|198.41|   0.0|    0.0|    0.0|F2              |
|  0|17.65|27776.3|  1| 7.68| 8.46|  70.817|  48.226| 2514.340|  92.6|  -0.2| 2629.4| 0.000|   0.0|  56.858|  44.580|197.87|   0.0|    0.0|    0.0|F2              |
|  0|17.65|27787.8|  1| 6.99| 7.75|  71.141|  48.431| 2548.306|  92.9|  -0.1| 2657.0| 0.000|   0.0|  57.059|  44.663|193.81|   0.0|    0.0|    0.0|F2              |
|  0|17.65|27799.3|  1| 6.48| 7.22|  71.685|  48.452| 2590.299|  92.5|  -0.1| 2695.6| 0.000|   0.0|  57.594|  44.680|190.84|   0.0|    0.0|    0.0|F2              |
|  0|17.65|27811.0|  1| 8.87| 9.82|  71.290|  48.497| 2562.660|  92.9|  -0.2| 2698.4| 0.000|   0.0|  56.744|  44.619|207.84|   0.0|    0.0|    0.0|F2              |
|  0|17.65|27822.6|  1| 7.50| 8.27|  70.887|  48.252| 2520.850|  92.6|  -0.2| 2634.0| 0.000|   0.0|  56.559|  44.525|197.10|   0.0|    0.0|    0.0|F2              |
|  0|17.65|27834.2|  1| 7.26| 8.02|  71.071|  48.233| 2533.751|  92.4|  -0.2| 2644.8| 0.000|   0.0|  57.026|  44.570|195.32|   0.0|    0.0|    0.0|F2              |
|  0|17.65|27845.7|  1| 8.64| 9.53|  70.931|  48.378| 2530.042|  92.9|  -0.2| 2659.6| 0.000|   0.0|  56.456|  44.565|205.44|   0.0|    0.0|    0.0|F2              |
|  0|17.65|27857.3|  1| 8.13| 8.94|  70.728|  48.232| 2507.933|  92.7|  -0.2| 2628.5| 0.000|   0.0|  56.667|  44.564|201.10|   0.0|    0.0|    0.0|F2              |
|  0|17.65|27868.9|  1| 7.69| 8.46|  70.813|  48.225| 2513.987|  92.6|  -0.2| 2629.1| 0.000|   0.0|  56.478|  44.510|198.26|   0.0|    0.0|    0.0|F2              |
|  0|17.65|27880.6|  1| 3.76| 4.63|  74.962|  50.284| 2928.841|  93.7|  -0.1| 3023.7| 0.000|   0.0|  59.429|  45.357|181.61|   0.0|    0.0|    0.0|F2              |
|  0|17.65|27892.4|  1| 6.78| 7.52|  71.315|  48.494| 2564.415|  92.9|  -0.1| 2671.5| 0.000|   0.0|  57.272|  44.705|192.50|   0.0|    0.0|    0.0|F2              |
|  0|17.65|27904.0|  1| 6.16| 6.90|  71.909|  48.711| 2619.545|  92.9|  -0.1| 2722.9| 0.000|   0.0|  57.493|  44.750|189.87|   0.0|    0.0|    0.0|F2              |
+---+-----+-------+---+-----+-----+--------+--------+---------+------+------+-------+------+------+--------+--------+------+------+-------+-------+----------------+
+---+-----+-------+---+-----+-----+--------+--------+---------+------+------+-------+------+------+--------+--------+------+------+-------+-------+----------------+
|0-x| fr  |  time |hop| d0  | d1  |   fi   |  teta  |   dist  |  at  |  dev |   p   |  df  |  l   |   fot  |   tot  |  rot | lsp  |   pf  |    s  |                |
+---+-----+-------+---+-----+-----+--------+--------+---------+------+------+-------+------+------+--------+--------+------+------+-------+-------+----------------+
|  0|17.65|27915.7|  1| 6.10| 6.83|  72.086|  48.597| 2627.342|  92.5|  -0.1| 2730.4| 0.000|   0.0|  57.788|  44.718|189.23|   0.0|    0.0|    0.0|F2              |
|  0|17.65|27927.5|  1| 5.65| 6.39|  72.580|  48.822| 2675.389|  92.6|  -0.1| 2776.3| 0.000|   0.0|  58.023|  44.788|187.52|   0.0|    0.0|    0.0|F2              |
|  0|17.65|27939.2|  1| 7.53| 8.28|  70.904|  48.216| 2520.445|  92.5|  -0.2| 2633.8| 0.000|   0.0|  56.583|  44.508|197.26|   0.0|    0.0|    0.0|F2              |
|  0|17.65|27950.7|  1| 8.19| 9.00|  70.640|  48.329| 2505.752|  93.0|  -0.2| 2626.8| 0.000|   0.0|  56.419|  44.581|201.56|   0.0|    0.0|    0.0|F2              |
|  0|17.65|27962.3|  1| 7.17| 7.91|  71.052|  48.356| 2538.122|  92.8|  -0.1| 2648.2| 0.000|   0.0|  56.927|  44.616|194.89|   0.0|    0.0|    0.0|F2              |
|  0|17.65|27974.1|  1| 5.75| 6.48|  72.493|  48.745| 2665.098|  92.5|  -0.1| 2766.5| 0.000|   0.0|  58.091|  44.779|187.61|   0.0|    0.0|    0.0|F2              |
|  0|17.65|27985.8|  1| 9.47|10.80|  74.952|  50.130| 2919.960|  93.4|  -0.3| 3098.0| 0.000|   0.0|  59.380|  45.299|217.39|   0.0|    0.0|    0.0|F2              |
|  0|17.65|27997.5|  1| 0.00| 0.00|   0.000|   0.000|    0.000|   0.0|   0.0|    0.0| 0.000|   0.0|   0.000|   0.000|  0.00|   0.0|    0.0|    0.0|                |
|  0|17.65|28009.1|  1| 6.31| 7.03|  71.686|  48.763| 2605.249|  93.2|  -0.1| 2709.3| 0.000|   0.0|  57.305|  44.779|190.59|   0.0|    0.0|    0.0|F2              |
|  0|17.65|28020.7|  1| 7.09| 7.82|  71.030|  48.478| 2542.178|  93.1|  -0.1| 2651.5| 0.000|   0.0|  56.911|  44.678|194.41|   0.0|    0.0|    0.0|F2              |
|  0|17.65|28032.2|  1| 6.66| 7.38|  71.404|  48.571| 2574.828|  93.0|  -0.1| 2681.1| 0.000|   0.0|  57.178|  44.709|192.16|   0.0|    0.0|    0.0|F2              |
|  0|17.65|28043.8|  1| 7.07| 7.80|  70.937|  48.618| 2541.840|  93.5|  -0.1| 2650.8| 0.000|   0.0|  56.946|  44.771|194.11|   0.0|    0.0|    0.0|F2              |
|  0|17.65|28043.8|  1| 7.08| 7.80|  71.201|  48.280| 2545.819|  92.5|  -0.1| 2655.2| 0.000|   0.0|  57.020|  44.569|194.41|   0.0|    0.0|    0.0|F2              |
|  0|17.65|28055.5|  1| 6.28| 6.99|  71.857|  48.603| 2610.413|  92.7|  -0.1| 2714.4| 0.000|   0.0|  57.303|  44.669|190.65|   0.0|    0.0|    0.0|F2              |
|  0|17.65|28067.2|  1| 7.83| 8.59|  70.632|  48.374| 2507.307|  93.1|  -0.2| 2623.6| 0.000|   0.0|  56.700|  44.656|198.74|   0.0|    0.0|    0.0|F2              |
|  0|17.65|28078.8|  1| 7.83| 8.59|  70.661|  48.342| 2507.943|  93.0|  -0.2| 2624.2| 0.000|   0.0|  56.708|  44.636|198.76|   0.0|    0.0|    0.0|F2              |
|  0|17.65|28090.2|  1| 7.14| 7.86|  70.972|  48.501| 2538.875|  93.2|  -0.1| 2648.5| 0.000|   0.0|  56.938|  44.704|194.57|   0.0|    0.0|    0.0|F2              |
|  0|17.65|28101.8|  1| 0.00| 0.00|   0.000|   0.000|    0.000|   0.0|   0.0|    0.0| 0.000|   0.0|   0.000|   0.000|  0.00|   0.0|    0.0|    0.0|                |
|  0|17.65|28101.8|  1| 7.87| 8.63|  70.621|  48.370| 2506.305|  93.1|  -0.2| 2623.0| 0.000|   0.0|  56.741|  44.664|198.93|   0.0|    0.0|    0.0|F2              |
|  0|17.65|28113.4|  1| 0.00| 0.00|   0.000|   0.000|    0.000|   0.0|   0.0|    0.0| 0.000|   0.0|   0.000|   0.000|  0.00|   0.0|    0.0|    0.0|                |
+---+-----+-------+---+-----+-----+--------+--------+---------+------+------+-------+------+------+--------+--------+------+------+-------+-------+----------------+
+---+-----+-------+---+-----+-----+--------+--------+---------+------+------+-------+------+------+--------+--------+------+------+-------+-------+----------------+
|0-x| fr  |  time |hop| d0  | d1  |   fi   |  teta  |   dist  |  at  |  dev |   p   |  df  |  l   |   fot  |   tot  |  rot | lsp  |   pf  |    s  |                |
+---+-----+-------+---+-----+-----+--------+--------+---------+------+------+-------+------+------+--------+--------+------+------+-------+-------+----------------+
|  0|17.65|28113.4|  1| 8.39| 9.20|  70.588|  48.436| 2506.892|  93.3|  -0.2| 2630.7| 0.000|   0.0|  56.692|  44.695|202.74|   0.0|    0.0|    0.0|F2              |
|  0|17.65|28124.9|  1| 0.00| 0.00|   0.000|   0.000|    0.000|   0.0|   0.0|    0.0| 0.000|   0.0|   0.000|   0.000|  0.00|   0.0|    0.0|    0.0|                |
|  0|17.65|28124.9|  1| 8.32| 9.12|  70.622|  48.364| 2506.120|  93.1|  -0.2| 2628.9| 0.000|   0.0|  56.275|  44.574|202.48|   0.0|    0.0|    0.0|F2              |
|  0|17.65|28136.8|  1| 0.00| 0.00|   0.000|   0.000|    0.000|   0.0|   0.0|    0.0| 0.000|   0.0|   0.000|   0.000|  0.00|   0.0|    0.0|    0.0|                |
|  0|17.65|28136.8|  1| 8.41| 9.22|  70.623|  48.405| 2508.091|  93.2|  -0.2| 2632.2| 0.000|   0.0|  56.692|  44.674|202.93|   0.0|    0.0|    0.0|F2              |
|  0|17.65|28148.6|  1| 0.00| 0.00|   0.000|   0.000|    0.000|   0.0|   0.0|    0.0| 0.000|   0.0|   0.000|   0.000|  0.00|   0.0|    0.0|    0.0|                |
|  0|17.65|28148.6|  1| 0.00| 0.00|   0.000|   0.000|    0.000|   0.0|   0.0|    0.0| 0.000|   0.0|   0.000|   0.000|  0.00|   0.0|    0.0|    0.0|                |
|  0|17.65|28160.2|  1| 0.00| 0.00|   0.000|   0.000|    0.000|   0.0|   0.0|    0.0| 0.000|   0.0|   0.000|   0.000|  0.00|   0.0|    0.0|    0.0|                |
|  0|17.65|28160.2|  1| 7.36| 8.08|  70.890|  48.385| 2527.215|  93.0|  -0.1| 2638.7| 0.000|   0.0|  56.684|  44.612|196.07|   0.0|    0.0|    0.0|F2              |
|  0|17.65|28171.8|  1| 0.00| 0.00|   0.000|   0.000|    0.000|   0.0|   0.0|    0.0| 0.000|   0.0|   0.000|   0.000|  0.00|   0.0|    0.0|    0.0|                |
|  0|17.65|28171.8|  1| 4.20| 4.99|  74.413|  49.910| 2867.963|  93.4|  -0.1| 2963.9| 0.000|   0.0|  58.943|  45.173|183.07|   0.0|    0.0|    0.0|F2              |
|  0|17.65|28183.5|  1| 0.00| 0.00|   0.000|   0.000|    0.000|   0.0|   0.0|    0.0| 0.000|   0.0|   0.000|   0.000|  0.00|   0.0|    0.0|    0.0|                |
|  0|17.65|28183.5|  1| 6.74| 7.44|  71.320|  48.585| 2569.089|  93.1|  -0.1| 2675.8| 0.000|   0.0|  57.304|  44.756|192.19|   0.0|    0.0|    0.0|F2              |
|  0|17.65|28195.0|  1| 0.00| 0.00|   0.000|   0.000|    0.000|   0.0|   0.0|    0.0| 0.000|   0.0|   0.000|   0.000|  0.00|   0.0|    0.0|    0.0|                |
|  0|17.65|28195.0|  1| 0.00| 0.00|   0.000|   0.000|    0.000|   0.0|   0.0|    0.0| 0.000|   0.0|   0.000|   0.000|  0.00|   0.0|    0.0|    0.0|                |
|  0|17.65|28206.6|  1| 0.00| 0.00|   0.000|   0.000|    0.000|   0.0|   0.0|    0.0| 0.000|   0.0|   0.000|   0.000|  0.00|   0.0|    0.0|    0.0|                |
|  0|17.65|28206.6|  1| 7.58| 8.30|  70.832|  48.277| 2517.807|  92.7|  -0.2| 2631.4| 0.000|   0.0|  56.489|  44.533|197.49|   0.0|    0.0|    0.0|F2              |
|  0|17.65|28218.1|  1| 0.00| 0.00|   0.000|   0.000|    0.000|   0.0|   0.0|    0.0| 0.000|   0.0|   0.000|   0.000|  0.00|   0.0|    0.0|    0.0|                |
|  0|17.65|28218.1|  1| 8.31| 9.09|  70.698|  48.264| 2507.113|  92.8|  -0.2| 2629.7| 0.000|   0.0|  56.618|  44.576|202.29|   0.0|    0.0|    0.0|F2              |
|  0|17.65|28229.7|  1| 0.00| 0.00|   0.000|   0.000|    0.000|   0.0|   0.0|    0.0| 0.000|   0.0|   0.000|   0.000|  0.00|   0.0|    0.0|    0.0|                |
+---+-----+-------+---+-----+-----+--------+--------+---------+------+------+-------+------+------+--------+--------+------+------+-------+-------+----------------+
+---+-----+-------+---+-----+-----+--------+--------+---------+------+------+-------+------+------+--------+--------+------+------+-------+-------+----------------+
|0-x| fr  |  time |hop| d0  | d1  |   fi   |  teta  |   dist  |  at  |  dev |   p   |  df  |  l   |   fot  |   tot  |  rot | lsp  |   pf  |    s  |                |
+---+-----+-------+---+-----+-----+--------+--------+---------+------+------+-------+------+------+--------+--------+------+------+-------+-------+----------------+
|  0|17.65|28229.7|  1| 7.68| 8.41|  70.735|  48.328| 2512.917|  92.9|  -0.2| 2627.5| 0.000|   0.0|  56.835|  44.640|197.64|   0.0|    0.0|    0.0|F2              |
|  0|17.65|28241.4|  1| 0.00| 0.00|   0.000|   0.000|    0.000|   0.0|   0.0|    0.0| 0.000|   0.0|   0.000|   0.000|  0.00|   0.0|    0.0|    0.0|                |
|  0|17.65|28241.4|  1| 6.26| 6.95|  71.845|  48.689| 2613.652|  92.9|  -0.1| 2717.5| 0.000|   0.0|  57.384|  44.729|190.41|   0.0|    0.0|    0.0|F2              |
|  0|17.65|28253.0|  1| 0.00| 0.00|   0.000|   0.000|    0.000|   0.0|   0.0|    0.0| 0.000|   0.0|   0.000|   0.000|  0.00|   0.0|    0.0|    0.0|                |
|  0|17.65|28253.0|  1| 7.05| 7.75|  71.128|  48.428| 2547.212|  92.9|  -0.1| 2656.2| 0.000|   0.0|  56.974|  44.647|194.18|   0.0|    0.0|    0.0|F2              |
|  0|17.65|28264.4|  1| 0.00| 0.00|   0.000|   0.000|    0.000|   0.0|   0.0|    0.0| 0.000|   0.0|   0.000|   0.000|  0.00|   0.0|    0.0|    0.0|                |
|  0|17.65|28264.4|  1| 7.21| 7.91|  71.015|  48.388| 2536.826|  92.9|  -0.1| 2647.0| 0.000|   0.0|  56.902|  44.633|195.04|   0.0|    0.0|    0.0|F2              |
|  0|17.65|28275.9|  1| 6.89| 7.58|  71.281|  48.440| 2559.333|  92.8|  -0.1| 2667.1| 0.000|   0.0|  57.143|  44.658|193.24|   0.0|    0.0|    0.0|F2              |
|  0|17.65|28287.4|  1| 8.56| 9.36|  70.739|  48.359| 2514.675|  93.0|  -0.2| 2641.3| 0.000|   0.0|  56.393|  44.575|204.37|   0.0|    0.0|    0.0|F2              |
|  0|17.65|28299.0|  1| 0.00| 0.00|   0.000|   0.000|    0.000|   0.0|   0.0|    0.0| 0.000|   0.0|   0.000|   0.000|  0.00|   0.0|    0.0|    0.0|                |
|  0|17.65|28299.0|  1| 8.29| 9.05|  70.743|  48.195| 2507.369|  92.6|  -0.2| 2629.6| 0.000|   0.0|  56.410|  44.496|202.27|   0.0|    0.0|    0.0|F2              |
|  0|17.65|28310.5|  1| 0.00| 0.00|   0.000|   0.000|    0.000|   0.0|   0.0|    0.0| 0.000|   0.0|   0.000|   0.000|  0.00|   0.0|    0.0|    0.0|                |
|  0|17.65|28310.5|  1| 6.91| 7.60|  71.267|  48.435| 2558.045|  92.8|  -0.1| 2666.0| 0.000|   0.0|  57.133|  44.656|193.34|   0.0|    0.0|    0.0|F2              |
|  0|17.65|28322.1|  1| 0.00| 0.00|   0.000|   0.000|    0.000|   0.0|   0.0|    0.0| 0.000|   0.0|   0.000|   0.000|  0.00|   0.0|    0.0|    0.0|                |
|  0|17.65|28322.1|  1| 6.38| 7.06|  71.728|  48.646| 2602.745|  92.9|  -0.1| 2707.2| 0.000|   0.0|  57.640|  44.779|190.25|   0.0|    0.0|    0.0|F2              |
|  0|17.65|28333.9|  1| 0.00| 0.00|   0.000|   0.000|    0.000|   0.0|   0.0|    0.0| 0.000|   0.0|   0.000|   0.000|  0.00|   0.0|    0.0|    0.0|                |
|  0|17.65|28333.9|  1| 6.40| 7.08|  71.736|  48.605| 2601.364|  92.8|  -0.1| 2706.0| 0.000|   0.0|  57.206|  44.672|191.20|   0.0|    0.0|    0.0|F2              |
|  0|17.65|28345.5|  1| 0.00| 0.00|   0.000|   0.000|    0.000|   0.0|   0.0|    0.0| 0.000|   0.0|   0.000|   0.000|  0.00|   0.0|    0.0|    0.0|                |
|  0|17.65|28345.5|  1| 4.80| 5.52|  73.721|  49.346| 2787.179|  92.8|  -0.1| 2884.9| 0.000|   0.0|  58.514|  44.936|184.91|   0.0|    0.0|    0.0|F2              |
|  0|17.65|28357.0|  1| 7.93| 8.66|  70.660|  48.300| 2505.925|  92.9|  -0.2| 2623.1| 0.000|   0.0|  56.617|  44.598|199.46|   0.0|    0.0|    0.0|F2              |
+---+-----+-------+---+-----+-----+--------+--------+---------+------+------+-------+------+------+--------+--------+------+------+-------+-------+----------------+
+---+-----+-------+---+-----+-----+--------+--------+---------+------+------+-------+------+------+--------+--------+------+------+-------+-------+----------------+
|0-x| fr  |  time |hop| d0  | d1  |   fi   |  teta  |   dist  |  at  |  dev |   p   |  df  |  l   |   fot  |   tot  |  rot | lsp  |   pf  |    s  |                |
+---+-----+-------+---+-----+-----+--------+--------+---------+------+------+-------+------+------+--------+--------+------+------+-------+-------+----------------+
|  0|17.65|28368.6|  1| 6.97| 7.65|  71.277|  48.352| 2554.900|  92.6|  -0.1| 2663.3| 0.000|   0.0|  57.092|  44.605|193.74|   0.0|    0.0|    0.0|F2              |
|  0|17.65|28380.3|  1| 0.00| 0.00|   0.000|   0.000|    0.000|   0.0|   0.0|    0.0| 0.000|   0.0|   0.000|   0.000|  0.00|   0.0|    0.0|    0.0|                |
|  0|17.65|28380.3|  1| 7.90| 8.62|  70.721|  48.236| 2507.608|  92.7|  -0.2| 2624.5| 0.000|   0.0|  56.702|  44.572|199.22|   0.0|    0.0|    0.0|F2              |
|  0|17.65|28392.0|  1| 5.30| 5.99|  73.065|  49.050| 2723.037|  92.7|  -0.1| 2822.5| 0.000|   0.0|  58.216|  44.851|186.43|   0.0|    0.0|    0.0|F2              |
|  0|17.65|28403.7|  1| 7.50| 8.20|  70.738|  48.460| 2519.317|  93.3|  -0.1| 2631.9| 0.000|   0.0|  56.744|  44.687|196.61|   0.0|    0.0|    0.0|F2              |
|  0|17.65|28415.3|  1| 6.68| 7.35|  71.422|  48.579| 2576.489|  93.0|  -0.1| 2682.8| 0.000|   0.0|  57.168|  44.707|192.26|   0.0|    0.0|    0.0|F2              |
|  0|17.65|28426.8|  1| 7.30| 7.98|  70.938|  48.403| 2531.724|  93.0|  -0.1| 2642.6| 0.000|   0.0|  56.826|  44.640|195.55|   0.0|    0.0|    0.0|F2              |
|  0|17.65|28438.3|  1| 7.61| 8.30|  70.740|  48.374| 2515.443|  93.0|  -0.2| 2629.1| 0.000|   0.0|  56.512|  44.600|197.52|   0.0|    0.0|    0.0|F2              |
|  0|17.65|28449.9|  1| 8.24| 8.98|  70.576|  48.352| 2502.076|  93.1|  -0.2| 2623.1| 0.000|   0.0|  56.393|  44.597|201.68|   0.0|    0.0|    0.0|F2              |
|  0|17.65|28461.6|  1| 0.00| 0.00|   0.000|   0.000|    0.000|   0.0|   0.0|    0.0| 0.000|   0.0|   0.000|   0.000|  0.00|   0.0|    0.0|    0.0|                |
|  0|17.65|28473.3|  1| 7.08| 7.75|  71.039|  48.527| 2545.206|  93.2|  -0.1| 2654.2| 0.000|   0.0|  56.966|  44.710|194.20|   0.0|    0.0|    0.0|F2              |
|  0|17.65|28484.8|  1| 0.00| 0.00|   0.000|   0.000|    0.000|   0.0|   0.0|    0.0| 0.000|   0.0|   0.000|   0.000|  0.00|   0.0|    0.0|    0.0|                |
|  0|17.65|28484.8|  1| 6.64| 7.30|  71.519|  48.527| 2581.354|  92.8|  -0.1| 2687.4| 0.000|   0.0|  57.434|  44.715|191.65|   0.0|    0.0|    0.0|F2              |
|  0|17.65|28496.4|  1| 5.34| 6.01|  73.059|  49.001| 2720.193|  92.6|  -0.1| 2819.8| 0.000|   0.0|  58.317|  44.848|186.33|   0.0|    0.0|    0.0|F2              |
|  0|17.65|28508.1|  1| 6.83| 7.49|  71.377|  48.432| 2566.160|  92.7|  -0.1| 2673.5| 0.000|   0.0|  57.237|  44.655|192.85|   0.0|    0.0|    0.0|F2              |
|  0|17.65|28519.7|  1| 0.00| 0.00|   0.000|   0.000|    0.000|   0.0|   0.0|    0.0| 0.000|   0.0|   0.000|   0.000|  0.00|   0.0|    0.0|    0.0|                |
|  0|17.65|28519.7|  1| 6.59| 7.25|  71.515|  48.613| 2585.125|  93.0|  -0.1| 2690.8| 0.000|   0.0|  57.471|  44.767|191.31|   0.0|    0.0|    0.0|F2              |
|  0|17.65|28531.4|  1| 0.00| 0.00|   0.000|   0.000|    0.000|   0.0|   0.0|    0.0| 0.000|   0.0|   0.000|   0.000|  0.00|   0.0|    0.0|    0.0|                |
|  0|17.65|28531.4|  1| 9.03| 9.89|  71.229|  48.565| 2561.302|  93.1|  -0.2| 2698.5| 0.000|   0.0|  56.644|  44.642|208.72|   0.0|    0.0|    0.0|F2              |
|  0|17.65|28543.1|  1| 8.31| 9.04|  70.636|  48.287| 2503.542|  92.9|  -0.2| 2625.5| 0.000|   0.0|  56.381|  44.553|202.22|   0.0|    0.0|    0.0|F2              |
+---+-----+-------+---+-----+-----+--------+--------+---------+------+------+-------+------+------+--------+--------+------+------+-------+-------+----------------+
+---+-----+-------+---+-----+-----+--------+--------+---------+------+------+-------+------+------+--------+--------+------+------+-------+-------+----------------+
|0-x| fr  |  time |hop| d0  | d1  |   fi   |  teta  |   dist  |  at  |  dev |   p   |  df  |  l   |   fot  |   tot  |  rot | lsp  |   pf  |    s  |                |
+---+-----+-------+---+-----+-----+--------+--------+---------+------+------+-------+------+------+--------+--------+------+------+-------+-------+----------------+
|  0|17.65|28554.9|  1| 0.00| 0.00|   0.000|   0.000|    0.000|   0.0|   0.0|    0.0| 0.000|   0.0|   0.000|   0.000|  0.00|   0.0|    0.0|    0.0|                |
|  0|17.65|28554.9|  1| 2.76| 3.66|  77.050|  50.644| 3105.218|  92.7|  -0.1| 3198.8| 0.000|   0.0|  60.915|  45.440|179.04|   0.0|    0.0|    0.0|F2              |
|  0|17.65|28566.7|  1| 0.00| 0.00|   0.000|   0.000|    0.000|   0.0|   0.0|    0.0| 0.000|   0.0|   0.000|   0.000|  0.00|   0.0|    0.0|    0.0|                |
|  0|17.65|28566.7|  1| 8.67| 9.45|  70.424|  48.717| 2507.973|  94.1|  -0.2| 2635.3| 0.000|   0.0|  56.353|  44.796|204.79|   0.0|    0.0|    0.0|F2              |
|  0|17.65|28578.5|  1| 6.51| 7.16|  71.545|  48.713| 2592.173|  93.2|  -0.1| 2697.3| 0.000|   0.0|  57.522|  44.822|190.83|   0.0|    0.0|    0.0|F2              |
|  0|17.65|28590.0|  1| 0.00| 0.00|   0.000|   0.000|    0.000|   0.0|   0.0|    0.0| 0.000|   0.0|   0.000|   0.000|  0.00|   0.0|    0.0|    0.0|                |
|  0|17.65|28590.0|  1| 9.11| 9.98|  71.271|  48.709| 2571.369|  93.4|  -0.2| 2710.6| 0.000|   0.0|  56.820|  44.740|209.43|   0.0|    0.0|    0.0|F2              |
|  0|17.65|28601.7|  1| 0.00| 0.00|   0.000|   0.000|    0.000|   0.0|   0.0|    0.0| 0.000|   0.0|   0.000|   0.000|  0.00|   0.0|    0.0|    0.0|                |
|  0|17.65|28601.7|  1| 8.56| 9.32|  70.475|  48.567| 2504.637|  93.7|  -0.2| 2630.1| 0.000|   0.0|  56.511|  44.744|203.86|   0.0|    0.0|    0.0|F2              |
|  0|17.65|28613.5|  1| 0.01| 2.28|  80.617|  53.236| 3520.674|  94.3|  -0.1| 3612.7| 0.000|   0.0|  63.938|  46.699|176.30|   0.0|    0.0|    0.0|F2              |
|  0|17.65|28625.2|  1| 0.00| 0.00|   0.000|   0.000|    0.000|   0.0|   0.0|    0.0| 0.000|   0.0|   0.000|   0.000|  0.00|   0.0|    0.0|    0.0|                |
|  0|17.65|28625.2|  1| 6.86| 7.51|  71.281|  48.529| 2563.482|  93.0|  -0.1| 2670.9| 0.000|   0.0|  57.256|  44.724|192.80|   0.0|    0.0|    0.0|F2              |
|  0|17.65|28637.0|  1| 0.00| 0.00|   0.000|   0.000|    0.000|   0.0|   0.0|    0.0| 0.000|   0.0|   0.000|   0.000|  0.00|   0.0|    0.0|    0.0|                |
|  0|17.65|28637.0|  1| 6.20| 6.83|  72.331|  48.240| 2629.114|  91.5|  -0.1| 2732.9| 0.000|   0.0|  57.701|  44.478|190.18|   0.0|    0.0|    0.0|F2              |
|  0|17.65|28648.7|  1| 0.00| 0.00|   0.000|   0.000|    0.000|   0.0|   0.0|    0.0| 0.000|   0.0|   0.000|   0.000|  0.00|   0.0|    0.0|    0.0|                |
|  0|17.65|28648.7|  1| 7.35| 8.01|  70.861|  48.463| 2528.781|  93.2|  -0.1| 2639.9| 0.000|   0.0|  56.731|  44.664|195.83|   0.0|    0.0|    0.0|F2              |
|  0|17.65|28660.5|  1| 0.00| 0.00|   0.000|   0.000|    0.000|   0.0|   0.0|    0.0| 0.000|   0.0|   0.000|   0.000|  0.00|   0.0|    0.0|    0.0|                |
|  0|17.65|28660.5|  1| 8.02| 8.71|  70.521|  48.422| 2501.193|  93.3|  -0.2| 2618.9| 0.000|   0.0|  56.580|  44.675|199.82|   0.0|    0.0|    0.0|F2              |
|  0|17.65|28672.2|  1| 7.08| 7.72|  71.106|  48.466| 2547.350|  93.0|  -0.1| 2656.3| 0.000|   0.0|  56.982|  44.670|194.23|   0.0|    0.0|    0.0|F2              |
|  0|17.65|28683.7|  1| 7.87| 8.55|  70.586|  48.404| 2505.234|  93.2|  -0.2| 2621.3| 0.000|   0.0|  56.734|  44.684|198.69|   0.0|    0.0|    0.0|F2              |
+---+-----+-------+---+-----+-----+--------+--------+---------+------+------+-------+------+------+--------+--------+------+------+-------+-------+----------------+
+---+-----+-------+---+-----+-----+--------+--------+---------+------+------+-------+------+------+--------+--------+------+------+-------+-------+----------------+
|0-x| fr  |  time |hop| d0  | d1  |   fi   |  teta  |   dist  |  at  |  dev |   p   |  df  |  l   |   fot  |   tot  |  rot | lsp  |   pf  |    s  |                |
+---+-----+-------+---+-----+-----+--------+--------+---------+------+------+-------+------+------+--------+--------+------+------+-------+-------+----------------+
|  0|17.65|28695.4|  1| 7.30| 7.95|  70.951|  48.409| 2533.015|  93.0|  -0.1| 2643.7| 0.000|   0.0|  56.826|  44.640|195.51|   0.0|    0.0|    0.0|F2              |
|  0|17.65|28707.0|  1| 7.84| 8.51|  70.540|  48.473| 2505.057|  93.4|  -0.2| 2620.7| 0.000|   0.0|  56.673|  44.715|198.51|   0.0|    0.0|    0.0|F2              |
|  0|17.65|28718.7|  1| 7.62| 8.28|  70.659|  48.475| 2514.062|  93.4|  -0.1| 2627.5| 0.000|   0.0|  56.887|  44.736|196.91|   0.0|    0.0|    0.0|F2              |
|  0|17.65|28730.5|  1| 7.51| 8.16|  70.771|  48.430| 2520.376|  93.2|  -0.1| 2632.8| 0.000|   0.0|  56.748|  44.667|196.63|   0.0|    0.0|    0.0|F2              |
|  0|17.65|28742.3|  1| 6.90| 7.53|  71.283|  48.486| 2561.641|  92.9|  -0.1| 2669.3| 0.000|   0.0|  56.900|  44.634|193.57|   0.0|    0.0|    0.0|F2              |
|  0|17.65|28753.7|  1| 7.27| 7.91|  70.973|  48.418| 2535.068|  93.0|  -0.1| 2645.5| 0.000|   0.0|  56.984|  44.670|195.11|   0.0|    0.0|    0.0|F2              |
|  0|17.65|28765.4|  1| 1.79| 2.88|  78.931|  51.128| 3273.150|  92.1|  -0.1| 3366.0| 0.000|   0.0|  62.245|  45.584|177.26|   0.0|    0.0|    0.0|F2              |
|  0|17.65|28776.9|  1| 5.77| 6.40|  72.469|  48.920| 2671.782|  92.9|  -0.1| 2773.2| 0.000|   0.0|  57.932|  44.839|188.02|   0.0|    0.0|    0.0|F2              |
|  0|17.65|28788.5|  1| 6.60| 7.22|  71.531|  48.620| 2586.705|  93.0|  -0.1| 2692.4| 0.000|   0.0|  57.467|  44.766|191.36|   0.0|    0.0|    0.0|F2              |
|  0|17.65|28800.0|  1| 5.45| 6.08|  72.874|  49.072| 2709.759|  92.9|  -0.1| 2809.8| 0.000|   0.0|  58.054|  44.864|187.06|   0.0|    0.0|    0.0|F2              |
+---+-----+-------+---+-----+-----+--------+--------+---------+------+------+-------+------+------+--------+--------+------+------+-------+-------+----------------+