
delt0=     0.1  eps=   1e-05  ep=   1e-06  ep1=   0.001
Geomagnetic Field - const
fh= 1.34  i=  65.2  d=   6.8
Number TID: 1
Tid Parametres
  delt   lamb     t     b      a     fi
0.000   200.0  20.0 -45.0   45.0   0.000
delta=-0.000  r0= 200.0  lon=  39.000 lat=  55.000
Beta=  20.0  Alfa=   0.0 aX=  20.0 aY= 100.0 aZ=  20.0

lonIon=  40.000 latIon=  47.500 it= 7.00 h_tec=450.0  TEC= 7.60000e+16
lonIon=  40.000 latIon=  47.500 it= 7.25 h_tec=450.0  TEC= 7.60000e+16
lonIon=  40.000 latIon=  47.500 it= 7.50 h_tec=450.0  TEC= 7.60000e+16
lonIon=  40.000 latIon=  47.500 it= 7.75 h_tec=450.0  TEC= 7.60000e+16

Number diff. equation: 6

+==============================================================================+
|   Medium characteristics Sunspot number=   0.0 IG= -11.5   GMT time:07:00    |
|------------------------------------------------------------------------------|
|   S   | fh |  I  |   D  | fd |  hd | fe |  he | ff1 | hf1 | ff2 | hf2 |   Hi |
|-------+----+-----+------+----+-----+----+-----+-----+-----+-----+-----+------|
|    0.0|1.25| 58.8|   3.1|0.18| 81.3|2.46|110.0| 0.00|  0.0| 4.88|214.9|  71.6|
+==============================================================================+

+==================================+
|       Es-layer parametres        |
|----------------------------------|
|   S   | hEs | fbEs | f0Es | P Es |
|-------+-----+------+------+------|
|    0.0|108.1| 2.90 | 3.37 | 67.6 |
+==================================+

|  0|17.65|25210.7|  1| 6.45| 7.89|  71.939|  48.650| 2618.847|  92.7|  -0.2| 2730.5| 0.000|   0.0|  57.949|  44.815|194.69|   0.0|    0.0|    0.0|F2              |
|  0|17.65|25222.3|  1| 7.00| 8.47|  71.772|  48.715| 2609.398|  93.0|  -0.2| 2727.7| 0.000|   0.0|  57.575|  44.806|198.77|   0.0|    0.0|    0.0|F2              |
|  0|17.65|25233.8|  1| 0.00| 0.00|   0.000|   0.000|    0.000|   0.0|   0.0|    0.0| 0.000|   0.0|   0.000|   0.000|  0.00|   0.0|    0.0|    0.0|                |
+---+-----+-------+---+-----+-----+--------+--------+---------+------+------+-------+------+------+--------+--------+------+------+-------+-------+----------------+
+---+-----+-------+---+-----+-----+--------+--------+---------+------+------+-------+------+------+--------+--------+------+------+-------+-------+----------------+
|0-x| fr  |  time |hop| d0  | d1  |   fi   |  teta  |   dist  |  at  |  dev |   p   |  df  |  l   |   fot  |   tot  |  rot | lsp  |   pf  |    s  |                |
+---+-----+-------+---+-----+-----+--------+--------+---------+------+------+-------+------+------+--------+--------+------+------+-------+-------+----------------+
|  0|17.65|25245.3|  1| 0.00| 0.00|   0.000|   0.000|    0.000|   0.0|   0.0|    0.0| 0.000|   0.0|   0.000|   0.000|  0.00|   0.0|    0.0|    0.0|                |
|  0|17.65|25256.9|  1| 0.00| 0.00|   0.000|   0.000|    0.000|   0.0|   0.0|    0.0| 0.000|   0.0|   0.000|   0.000|  0.00|   0.0|    0.0|    0.0|                |
|  0|17.65|25268.4|  1| 8.01| 9.82|  73.865|  49.412| 2801.303|  92.8|  -0.3| 2951.2| 0.000|   0.0|  58.624|  44.991|209.98|   0.0|    0.0|    0.0|F2              |
|  0|17.65|25280.1|  1| 0.00| 0.00|   0.000|   0.000|    0.000|   0.0|   0.0|    0.0| 0.000|   0.0|   0.000|   0.000|  0.00|   0.0|    0.0|    0.0|                |
|  0|17.65|25291.8|  1| 7.32| 8.82|  71.828|  48.818| 2618.584|  93.2|  -0.2| 2742.0| 0.000|   0.0|  57.699|  44.874|201.09|   0.0|    0.0|    0.0|F2              |
|  0|17.65|25303.1|  1| 4.66| 6.11|  73.666|  49.073| 2769.509|  92.3|  -0.1| 2869.3| 0.000|   0.0|  58.757|  44.866|186.57|   0.0|    0.0|    0.0|F2              |
|  0|17.65|25314.5|  1| 8.16|10.14|  75.400|  50.051| 2949.611|  92.9|  -0.3| 3115.4| 0.000|   0.0|  60.262|  45.369|212.94|   0.0|    0.0|    0.0|F2              |
|  0|17.65|25326.0|  1| 0.00| 0.00|   0.000|   0.000|    0.000|   0.0|   0.0|    0.0| 0.000|   0.0|   0.000|   0.000|  0.00|   0.0|    0.0|    0.0|                |
|  0|17.65|25337.3|  1| 8.01| 9.78|  73.735|  49.316| 2786.737|  92.7|  -0.3| 2935.1| 0.000|   0.0|  58.520|  44.946|209.68|   0.0|    0.0|    0.0|F2              |
|  0|17.65|25349.0|  1| 0.00| 0.00|   0.000|   0.000|    0.000|   0.0|   0.0|    0.0| 0.000|   0.0|   0.000|   0.000|  0.00|   0.0|    0.0|    0.0|                |
|  0|17.65|25360.5|  1| 6.46| 7.85|  71.993|  48.582| 2619.718|  92.5|  -0.2| 2731.3| 0.000|   0.0|  57.732|  44.727|195.02|   0.0|    0.0|    0.0|F2              |
|  0|17.65|25372.0|  1| 7.94| 9.64|  73.352|  49.083| 2746.336|  92.5|  -0.3| 2889.9| 0.000|   0.0|  58.482|  44.892|208.41|   0.0|    0.0|    0.0|F2              |
|  0|17.65|25383.8|  1| 7.57| 9.10|  72.162|  48.799| 2642.826|  92.9|  -0.2| 2771.7| 0.000|   0.0|  58.072|  44.881|203.22|   0.0|    0.0|    0.0|F2              |
|  0|17.65|25395.2|  1| 7.91| 9.56|  72.970|  49.130| 2719.873|  92.9|  -0.3| 2860.5| 0.000|   0.0|  58.402|  44.970|207.48|   0.0|    0.0|    0.0|F2              |
|  0|17.65|25406.8|  1| 7.87| 9.50|  72.798|  49.068| 2703.840|  92.9|  -0.3| 2842.4| 0.000|   0.0|  58.192|  44.927|206.93|   0.0|    0.0|    0.0|F2              |
|  0|17.65|25418.7|  1| 5.98| 7.34|  72.129|  48.862| 2643.358|  93.0|  -0.2| 2750.3| 0.000|   0.0|  57.994|  44.894|191.83|   0.0|    0.0|    0.0|F2              |
|  0|17.65|25430.2|  1| 7.27| 8.71|  71.745|  48.791| 2611.052|  93.2|  -0.2| 2732.8| 0.000|   0.0|  57.608|  44.856|200.43|   0.0|    0.0|    0.0|F2              |
|  0|17.65|25441.7|  1| 7.71| 9.26|  72.326|  48.901| 2660.099|  93.0|  -0.2| 2792.4| 0.000|   0.0|  58.033|  44.895|204.71|   0.0|    0.0|    0.0|F2              |
|  0|17.65|25453.4|  1| 7.47| 8.95|  71.991|  48.742| 2627.211|  92.9|  -0.2| 2753.1| 0.000|   0.0|  57.603|  44.787|202.40|   0.0|    0.0|    0.0|F2              |
|  0|17.65|25464.9|  1| 7.75| 9.30|  72.430|  48.893| 2667.584|  92.9|  -0.2| 2801.0| 0.000|   0.0|  58.053|  44.876|205.18|   0.0|    0.0|    0.0|F2              |
+---+-----+-------+---+-----+-----+--------+--------+---------+------+------+-------+------+------+--------+--------+------+------+-------+-------+----------------+
+---+-----+-------+---+-----+-----+--------+--------+---------+------+------+-------+------+------+--------+--------+------+------+-------+-------+----------------+
|0-x| fr  |  time |hop| d0  | d1  |   fi   |  teta  |   dist  |  at  |  dev |   p   |  df  |  l   |   fot  |   tot  |  rot | lsp  |   pf  |    s  |                |
+---+-----+-------+---+-----+-----+--------+--------+---------+------+------+-------+------+------+--------+--------+------+------+-------+-------+----------------+
|  0|17.65|25476.4|  1| 6.08| 7.43|  72.091|  48.803| 2637.663|  92.9|  -0.2| 2745.4| 0.000|   0.0|  57.864|  44.845|192.51|   0.0|    0.0|    0.0|F2              |
|  0|17.65|25487.9|  1| 0.00| 0.00|   0.000|   0.000|    0.000|   0.0|   0.0|    0.0| 0.000|   0.0|   0.000|   0.000|  0.00|   0.0|    0.0|    0.0|                |
|  0|17.65|25499.7|  1| 0.00| 0.00|   0.000|   0.000|    0.000|   0.0|   0.0|    0.0| 0.000|   0.0|   0.000|   0.000|  0.00|   0.0|    0.0|    0.0|                |
|  0|17.65|25511.3|  1| 0.00| 0.00|   0.000|   0.000|    0.000|   0.0|   0.0|    0.0| 0.000|   0.0|   0.000|   0.000|  0.00|   0.0|    0.0|    0.0|                |
|  0|17.65|25523.0|  1| 8.26|10.25|  76.074|  50.271| 3011.899|  92.8|  -0.3| 3184.5| 0.000|   0.0|  60.095|  45.306|214.33|   0.0|    0.0|    0.0|F2              |
|  0|17.65|25534.6|  1| 0.00| 0.00|   0.000|   0.000|    0.000|   0.0|   0.0|    0.0| 0.000|   0.0|   0.000|   0.000|  0.00|   0.0|    0.0|    0.0|                |
|  0|17.65|25546.4|  1| 7.50| 8.95|  72.011|  48.705| 2626.879|  92.8|  -0.2| 2753.0| 0.000|   0.0|  57.598|  44.764|202.53|   0.0|    0.0|    0.0|F2              |
|  0|17.65|25558.0|  1| 7.38| 8.80|  71.938|  48.637| 2618.138|  92.7|  -0.2| 2741.8| 0.000|   0.0|  57.587|  44.740|201.43|   0.0|    0.0|    0.0|F2              |
|  0|17.65|25569.5|  1| 7.75| 9.25|  72.173|  48.982| 2652.589|  93.3|  -0.2| 2784.5| 0.000|   0.0|  58.018|  44.961|204.54|   0.0|    0.0|    0.0|F2              |
|  0|17.65|25581.3|  1| 6.95| 8.31|  71.768|  48.630| 2604.981|  92.8|  -0.2| 2721.5| 0.000|   0.0|  57.472|  44.742|197.99|   0.0|    0.0|    0.0|F2              |
|  0|17.65|25593.0|  1| 7.16| 8.53|  71.820|  48.601| 2607.547|  92.7|  -0.2| 2727.1| 0.000|   0.0|  57.557|  44.735|199.50|   0.0|    0.0|    0.0|F2              |
|  0|17.65|25604.6|  1| 6.86| 8.20|  71.834|  48.567| 2606.998|  92.6|  -0.2| 2722.4| 0.000|   0.0|  57.531|  44.709|197.37|   0.0|    0.0|    0.0|F2              |
|  0|17.65|25616.1|  1| 6.83| 8.17|  71.805|  48.602| 2606.469|  92.7|  -0.2| 2721.4| 0.000|   0.0|  57.623|  44.749|196.99|   0.0|    0.0|    0.0|F2              |
|  0|17.65|25627.8|  1| 6.78| 8.11|  71.816|  48.606| 2607.488|  92.7|  -0.2| 2721.8| 0.000|   0.0|  57.933|  44.811|196.10|   0.0|    0.0|    0.0|F2              |
|  0|17.65|25639.5|  1| 7.14| 8.50|  71.804|  48.596| 2606.078|  92.7|  -0.2| 2725.2| 0.000|   0.0|  57.508|  44.726|199.30|   0.0|    0.0|    0.0|F2              |
|  0|17.65|25651.4|  1| 8.24|10.04|  74.822|  49.729| 2889.433|  92.7|  -0.3| 3050.0| 0.000|   0.0|  59.891|  45.236|212.27|   0.0|    0.0|    0.0|F2              |
|  0|17.65|25663.0|  1| 0.00| 0.00|   0.000|   0.000|    0.000|   0.0|   0.0|    0.0| 0.000|   0.0|   0.000|   0.000|  0.00|   0.0|    0.0|    0.0|                |
|  0|17.65|25674.5|  1| 7.39| 8.77|  71.864|  48.657| 2613.489|  92.8|  -0.2| 2736.6| 0.000|   0.0|  57.561|  44.757|201.22|   0.0|    0.0|    0.0|F2              |
|  0|17.65|25686.3|  1| 0.00| 0.00|   0.000|   0.000|    0.000|   0.0|   0.0|    0.0| 0.000|   0.0|   0.000|   0.000|  0.00|   0.0|    0.0|    0.0|                |
|  0|17.65|25697.9|  1| 8.37|10.59|  79.070|  51.427| 3300.058|  92.5|  -0.4| 3501.1| 0.000|   0.0|  62.476|  45.804|217.41|   0.0|    0.0|    0.0|F2              |
+---+-----+-------+---+-----+-----+--------+--------+---------+------+------+-------+------+------+--------+--------+------+------+-------+-------+----------------+
+---+-----+-------+---+-----+-----+--------+--------+---------+------+------+-------+------+------+--------+--------+------+------+-------+-------+----------------+
|0-x| fr  |  time |hop| d0  | d1  |   fi   |  teta  |   dist  |  at  |  dev |   p   |  df  |  l   |   fot  |   tot  |  rot | lsp  |   pf  |    s  |                |
+---+-----+-------+---+-----+-----+--------+--------+---------+------+------+-------+------+------+--------+--------+------+------+-------+-------+----------------+
|  0|17.65|25709.4|  1| 7.66| 9.09|  72.222|  48.645| 2639.927|  92.5|  -0.2| 2769.1| 0.000|   0.0|  58.041|  44.783|203.52|   0.0|    0.0|    0.0|F2              |
|  0|17.65|25721.0|  1| 7.27| 8.62|  71.820|  48.600| 2607.546|  92.7|  -0.2| 2728.4| 0.000|   0.0|  57.880|  44.798|199.69|   0.0|    0.0|    0.0|F2              |
|  0|17.65|25732.4|  1| 8.27|10.07|  75.096|  49.686| 2907.926|  92.4|  -0.3| 3070.5| 0.000|   0.0|  60.022|  45.187|212.75|   0.0|    0.0|    0.0|F2              |
|  0|17.65|25743.7|  1| 6.64| 7.92|  71.881|  48.589| 2611.568|  92.6|  -0.2| 2724.1| 0.000|   0.0|  57.521|  44.708|195.78|   0.0|    0.0|    0.0|F2              |
|  0|17.65|25755.1|  1| 7.36| 8.71|  71.850|  48.609| 2610.178|  92.7|  -0.2| 2732.4| 0.000|   0.0|  57.811|  44.784|200.51|   0.0|    0.0|    0.0|F2              |
|  0|17.65|25766.6|  1| 7.58| 8.97|  72.052|  48.632| 2626.465|  92.6|  -0.2| 2753.2| 0.000|   0.0|  57.867|  44.772|202.63|   0.0|    0.0|    0.0|F2              |
|  0|17.65|25778.2|  1| 7.56| 8.94|  71.989|  48.655| 2622.855|  92.7|  -0.2| 2749.0| 0.000|   0.0|  57.867|  44.795|202.31|   0.0|    0.0|    0.0|F2              |
|  0|17.65|25790.0|  1| 0.00| 0.00|   0.000|   0.000|    0.000|   0.0|   0.0|    0.0| 0.000|   0.0|   0.000|   0.000|  0.00|   0.0|    0.0|    0.0|                |
|  0|17.65|25790.0|  1| 6.81| 8.09|  71.857|  48.534| 2607.103|  92.5|  -0.2| 2721.5| 0.000|   0.0|  57.592|  44.699|196.73|   0.0|    0.0|    0.0|F2              |
|  0|17.65|25801.4|  1| 0.00| 0.00|   0.000|   0.000|    0.000|   0.0|   0.0|    0.0| 0.000|   0.0|   0.000|   0.000|  0.00|   0.0|    0.0|    0.0|                |
|  0|17.65|25801.4|  1| 5.44| 6.70|  72.835|  48.857| 2696.286|  92.4|  -0.2| 2799.5| 0.000|   0.0|  58.433|  44.846|188.93|   0.0|    0.0|    0.0|F2              |
|  0|17.65|25812.8|  1| 1.79| 3.63|  78.114|  50.824| 3195.102|  92.2|  -0.1| 3288.2| 0.000|   0.0|  61.717|  45.489|178.91|   0.0|    0.0|    0.0|F2              |
|  0|17.65|25812.8|  1| 0.00| 0.00|   0.000|   0.000|    0.000|   0.0|   0.0|    0.0| 0.000|   0.0|   0.000|   0.000|  0.00|   0.0|    0.0|    0.0|                |
|  0|17.65|25824.2|  1| 0.00| 0.00|   0.000|   0.000|    0.000|   0.0|   0.0|    0.0| 0.000|   0.0|   0.000|   0.000|  0.00|   0.0|    0.0|    0.0|                |
|  0|17.65|25836.0|  1| 8.00| 9.49|  72.697|  48.989| 2692.392|  92.8|  -0.3| 2830.8| 0.000|   0.0|  58.122|  44.889|207.15|   0.0|    0.0|    0.0|F2              |
|  0|17.65|25847.8|  1| 7.58| 8.94|  71.974|  48.650| 2621.462|  92.7|  -0.2| 2747.6| 0.000|   0.0|  57.859|  44.793|202.33|   0.0|    0.0|    0.0|F2              |
|  0|17.65|25859.4|  1| 0.00| 0.00|   0.000|   0.000|    0.000|   0.0|   0.0|    0.0| 0.000|   0.0|   0.000|   0.000|  0.00|   0.0|    0.0|    0.0|                |
|  0|17.65|25870.8|  1| 7.10| 8.37|  71.721|  48.614| 2600.702|  92.8|  -0.2| 2718.3| 0.000|   0.0|  57.777|  44.801|198.12|   0.0|    0.0|    0.0|F2              |
|  0|17.65|25882.3|  1| 0.00| 0.00|   0.000|   0.000|    0.000|   0.0|   0.0|    0.0| 0.000|   0.0|   0.000|   0.000|  0.00|   0.0|    0.0|    0.0|                |
|  0|17.65|25882.3|  1| 7.78| 9.18|  72.285|  48.667| 2645.691|  92.5|  -0.2| 2776.7| 0.000|   0.0|  57.963|  44.767|204.44|   0.0|    0.0|    0.0|F2              |
+---+-----+-------+---+-----+-----+--------+--------+---------+------+------+-------+------+------+--------+--------+------+------+-------+-------+----------------+
+---+-----+-------+---+-----+-----+--------+--------+---------+------+------+-------+------+------+--------+--------+------+------+-------+-------+----------------+
|0-x| fr  |  time |hop| d0  | d1  |   fi   |  teta  |   dist  |  at  |  dev |   p   |  df  |  l   |   fot  |   tot  |  rot | lsp  |   pf  |    s  |                |
+---+-----+-------+---+-----+-----+--------+--------+---------+------+------+-------+------+------+--------+--------+------+------+-------+-------+----------------+
|  0|17.65|25894.2|  1| 0.00| 0.00|   0.000|   0.000|    0.000|   0.0|   0.0|    0.0| 0.000|   0.0|   0.000|   0.000|  0.00|   0.0|    0.0|    0.0|                |
|  0|17.65|25894.2|  1| 0.00| 0.00|   0.000|   0.000|    0.000|   0.0|   0.0|    0.0| 0.000|   0.0|   0.000|   0.000|  0.00|   0.0|    0.0|    0.0|                |
|  0|17.65|25905.7|  1| 0.00| 0.00|   0.000|   0.000|    0.000|   0.0|   0.0|    0.0| 0.000|   0.0|   0.000|   0.000|  0.00|   0.0|    0.0|    0.0|                |
|  0|17.65|25917.4|  1| 0.00| 0.00|   0.000|   0.000|    0.000|   0.0|   0.0|    0.0| 0.000|   0.0|   0.000|   0.000|  0.00|   0.0|    0.0|    0.0|                |
|  0|17.65|25917.4|  1| 0.00| 0.00|   0.000|   0.000|    0.000|   0.0|   0.0|    0.0| 0.000|   0.0|   0.000|   0.000|  0.00|   0.0|    0.0|    0.0|                |
|  0|17.65|25929.0|  1| 0.00| 0.00|   0.000|   0.000|    0.000|   0.0|   0.0|    0.0| 0.000|   0.0|   0.000|   0.000|  0.00|   0.0|    0.0|    0.0|                |
|  0|17.65|25940.5|  1| 7.94| 9.37|  72.489|  48.826| 2668.801|  92.7|  -0.2| 2804.0| 0.000|   0.0|  58.022|  44.824|206.10|   0.0|    0.0|    0.0|F2              |
|  0|17.65|25952.4|  1| 7.85| 9.24|  72.278|  48.753| 2649.370|  92.7|  -0.2| 2781.5| 0.000|   0.0|  57.860|  44.792|205.03|   0.0|    0.0|    0.0|F2              |
|  0|17.65|25964.0|  1| 8.06| 9.53|  72.819|  48.942| 2699.251|  92.6|  -0.3| 2838.9| 0.000|   0.0|  57.945|  44.808|207.73|   0.0|    0.0|    0.0|F2              |
|  0|17.65|25975.6|  1| 0.00| 0.00|   0.000|   0.000|    0.000|   0.0|   0.0|    0.0| 0.000|   0.0|   0.000|   0.000|  0.00|   0.0|    0.0|    0.0|                |
|  0|17.65|25975.6|  1| 6.72| 7.94|  71.781|  48.643| 2606.664|  92.8|  -0.2| 2719.4| 0.000|   0.0|  57.467|  44.742|195.91|   0.0|    0.0|    0.0|F2              |
|  0|17.65|25987.3|  1| 7.24| 8.49|  71.647|  48.676| 2598.103|  93.0|  -0.2| 2717.2| 0.000|   0.0|  57.640|  44.819|199.07|   0.0|    0.0|    0.0|F2              |
|  0|17.65|25998.8|  1| 0.00| 0.00|   0.000|   0.000|    0.000|   0.0|   0.0|    0.0| 0.000|   0.0|   0.000|   0.000|  0.00|   0.0|    0.0|    0.0|                |
|  0|17.65|25998.8|  1| 6.58| 7.78|  71.842|  48.667| 2612.392|  92.8|  -0.2| 2723.7| 0.000|   0.0|  57.850|  44.818|194.46|   0.0|    0.0|    0.0|F2              |
|  0|17.65|26010.6|  1| 6.40| 7.59|  72.031|  48.604| 2623.570|  92.5|  -0.2| 2733.3| 0.000|   0.0|  57.908|  44.762|193.57|   0.0|    0.0|    0.0|F2              |
|  0|17.65|26022.3|  1| 0.00| 0.00|   0.000|   0.000|    0.000|   0.0|   0.0|    0.0| 0.000|   0.0|   0.000|   0.000|  0.00|   0.0|    0.0|    0.0|                |
|  0|17.65|26022.3|  1| 8.26| 9.81|  73.460|  49.361| 2768.193|  93.0|  -0.3| 2917.0| 0.000|   0.0|  59.072|  45.134|209.82|   0.0|    0.0|    0.0|F2              |
|  0|17.65|26033.8|  1| 0.00| 0.00|   0.000|   0.000|    0.000|   0.0|   0.0|    0.0| 0.000|   0.0|   0.000|   0.000|  0.00|   0.0|    0.0|    0.0|                |
|  0|17.65|26033.8|  1| 7.71| 9.02|  71.831|  48.821| 2618.933|  93.2|  -0.2| 2746.2| 0.000|   0.0|  57.677|  44.869|203.05|   0.0|    0.0|    0.0|F2              |
|  0|17.65|26045.1|  1| 5.51| 6.70|  72.747|  48.918| 2692.674|  92.7|  -0.1| 2796.1| 0.000|   0.0|  58.318|  44.870|189.12|   0.0|    0.0|    0.0|F2              |
+---+-----+-------+---+-----+-----+--------+--------+---------+------+------+-------+------+------+--------+--------+------+------+-------+-------+----------------+
+---+-----+-------+---+-----+-----+--------+--------+---------+------+------+-------+------+------+--------+--------+------+------+-------+-------+----------------+
|0-x| fr  |  time |hop| d0  | d1  |   fi   |  teta  |   dist  |  at  |  dev |   p   |  df  |  l   |   fot  |   tot  |  rot | lsp  |   pf  |    s  |                |
+---+-----+-------+---+-----+-----+--------+--------+---------+------+------+-------+------+------+--------+--------+------+------+-------+-------+----------------+
|  0|17.65|26056.7|  1| 6.77| 7.97|  71.789|  48.602| 2605.260|  92.7|  -0.2| 2718.4| 0.000|   0.0|  57.710|  44.767|195.79|   0.0|    0.0|    0.0|F2              |
|  0|17.65|26067.9|  1| 0.00| 0.00|   0.000|   0.000|    0.000|   0.0|   0.0|    0.0| 0.000|   0.0|   0.000|   0.000|  0.00|   0.0|    0.0|    0.0|                |
|  0|17.65|26067.9|  1| 7.37| 8.61|  71.722|  48.612| 2600.701|  92.8|  -0.2| 2721.6| 0.000|   0.0|  57.342|  44.715|200.39|   0.0|    0.0|    0.0|F2              |
|  0|17.65|26080.0|  1| 8.29| 9.82|  73.342|  49.458| 2764.260|  93.3|  -0.3| 2913.0| 0.000|   0.0|  58.357|  45.054|210.29|   0.0|    0.0|    0.0|F2              |
|  0|17.65|26080.0|  1| 0.00| 0.00|   0.000|   0.000|    0.000|   0.0|   0.0|    0.0| 0.000|   0.0|   0.000|   0.000|  0.00|   0.0|    0.0|    0.0|                |
|  0|17.65|26080.0|  1| 7.16| 8.38|  71.684|  48.603| 2597.350|  92.8|  -0.2| 2715.1| 0.000|   0.0|  57.722|  44.790|198.25|   0.0|    0.0|    0.0|F2              |
|  0|17.65|26091.7|  1| 6.79| 7.98|  71.750|  48.633| 2603.812|  92.8|  -0.2| 2717.0| 0.000|   0.0|  57.692|  44.786|195.84|   0.0|    0.0|    0.0|F2              |
+==============================================================================+
|   Medium characteristics Sunspot number=   0.0 IG= -11.5   GMT time:07:14    |
|------------------------------------------------------------------------------|
|   S   | fh |  I  |   D  | fd |  hd | fe |  he | ff1 | hf1 | ff2 | hf2 |   Hi |
|-------+----+-----+------+----+-----+----+-----+-----+-----+-----+-----+------|
|    0.0|1.25| 58.8|   3.1|0.18| 81.2|2.53|110.0| 0.00|  0.0| 4.98|215.0|  70.0|
+==============================================================================+

+==================================+
|       Es-layer parametres        |
|----------------------------------|
|   S   | hEs | fbEs | f0Es | P Es |
|-------+-----+------+------+------|
|    0.0|108.1| 2.94 | 3.41 | 68.0 |
+==================================+

|  0|17.65|26103.3|  1| 6.94| 8.13|  71.767|  48.548| 2601.009|  92.6|  -0.2| 2716.0| 0.000|   0.0|  57.782|  44.758|196.70|   0.0|    0.0|    0.0|F2              |
|  0|17.65|26114.8|  1| 7.00| 8.19|  71.724|  48.576| 2599.118|  92.7|  -0.2| 2714.7| 0.000|   0.0|  57.660|  44.756|197.24|   0.0|    0.0|    0.0|F2              |
|  0|17.65|26126.6|  1| 7.35| 8.57|  71.702|  48.606| 2598.922|  92.8|  -0.2| 2719.3| 0.000|   0.0|  57.609|  44.767|199.84|   0.0|    0.0|    0.0|F2              |
|  0|17.65|26138.2|  1| 0.00| 0.00|   0.000|   0.000|    0.000|   0.0|   0.0|    0.0| 0.000|   0.0|   0.000|   0.000|  0.00|   0.0|    0.0|    0.0|                |
|  0|17.65|26138.2|  1| 7.83| 9.14|  71.961|  48.822| 2628.822|  93.1|  -0.2| 2758.5| 0.000|   0.0|  57.778|  44.867|204.04|   0.0|    0.0|    0.0|F2              |
|  0|17.65|26149.6|  1| 0.00| 0.00|   0.000|   0.000|    0.000|   0.0|   0.0|    0.0| 0.000|   0.0|   0.000|   0.000|  0.00|   0.0|    0.0|    0.0|                |
|  0|17.65|26149.6|  1| 8.05| 9.43|  72.556|  48.851| 2675.015|  92.7|  -0.2| 2812.0| 0.000|   0.0|  57.893|  44.798|206.91|   0.0|    0.0|    0.0|F2              |
|  0|17.65|26161.1|  1| 8.10| 9.50|  72.698|  48.901| 2688.149|  92.7|  -0.2| 2827.0| 0.000|   0.0|  57.901|  44.799|207.57|   0.0|    0.0|    0.0|F2              |
|  0|17.65|26172.7|  1| 7.56| 8.81|  71.989|  48.439| 2612.577|  92.2|  -0.2| 2737.0| 0.000|   0.0|  57.739|  44.657|201.79|   0.0|    0.0|    0.0|F2              |
|  0|17.65|26184.3|  1| 5.93| 7.08|  72.367|  48.776| 2657.189|  92.6|  -0.2| 2763.1| 0.000|   0.0|  58.115|  44.828|190.91|   0.0|    0.0|    0.0|F2              |
|  0|17.65|26195.7|  1| 3.68| 4.98|  75.166|  49.808| 2919.385|  92.6|  -0.1| 3015.6| 0.000|   0.0|  59.568|  45.111|183.02|   0.0|    0.0|    0.0|F2              |
|  0|17.65|26207.1|  1| 6.38| 7.52|  71.936|  48.750| 2623.380|  92.9|  -0.2| 2732.5| 0.000|   0.0|  57.884|  44.849|193.13|   0.0|    0.0|    0.0|F2              |
|  0|17.65|26218.8|  1| 0.00| 0.00|   0.000|   0.000|    0.000|   0.0|   0.0|    0.0| 0.000|   0.0|   0.000|   0.000|  0.00|   0.0|    0.0|    0.0|                |
+---+-----+-------+---+-----+-----+--------+--------+---------+------+------+-------+------+------+--------+--------+------+------+-------+-------+----------------+
+---+-----+-------+---+-----+-----+--------+--------+---------+------+------+-------+------+------+--------+--------+------+------+-------+-------+----------------+
|0-x| fr  |  time |hop| d0  | d1  |   fi   |  teta  |   dist  |  at  |  dev |   p   |  df  |  l   |   fot  |   tot  |  rot | lsp  |   pf  |    s  |                |
+---+-----+-------+---+-----+-----+--------+--------+---------+------+------+-------+------+------+--------+--------+------+------+-------+-------+----------------+
|  0|17.65|26218.8|  1| 5.92| 7.06|  72.293|  48.885| 2656.878|  92.9|  -0.2| 2762.6| 0.000|   0.0|  58.065|  44.887|190.80|   0.0|    0.0|    0.0|F2              |
|  0|17.65|26230.4|  1| 7.55| 8.77|  71.698|  48.691| 2602.671|  93.0|  -0.2| 2726.0| 0.000|   0.0|  57.677|  44.825|201.20|   0.0|    0.0|    0.0|F2              |
|  0|17.65|26241.8|  1| 6.84| 7.99|  71.731|  48.626| 2602.053|  92.8|  -0.2| 2715.6| 0.000|   0.0|  57.669|  44.781|196.05|   0.0|    0.0|    0.0|F2              |
|  0|17.65|26253.4|  1| 7.26| 8.44|  71.637|  48.630| 2595.139|  92.9|  -0.2| 2713.8| 0.000|   0.0|  57.640|  44.797|198.86|   0.0|    0.0|    0.0|F2              |
|  0|17.65|26265.1|  1| 7.44| 8.64|  71.641|  48.673| 2597.496|  93.0|  -0.2| 2718.8| 0.000|   0.0|  57.639|  44.818|200.24|   0.0|    0.0|    0.0|F2              |
|  0|17.65|26276.6|  1| 2.76| 4.19|  76.492|  50.562| 3058.783|  93.0|  -0.1| 3153.1| 0.000|   0.0|  60.734|  45.478|180.15|   0.0|    0.0|    0.0|F2              |
|  0|17.65|26276.6|  1| 0.00| 0.00|   0.000|   0.000|    0.000|   0.0|   0.0|    0.0| 0.000|   0.0|   0.000|   0.000|  0.00|   0.0|    0.0|    0.0|                |
|  0|17.65|26288.5|  1| 6.57| 7.70|  71.855|  48.674| 2613.651|  92.8|  -0.2| 2724.4| 0.000|   0.0|  57.684|  44.785|194.46|   0.0|    0.0|    0.0|F2              |
|  0|17.65|26300.2|  1| 7.24| 8.41|  71.629|  48.628| 2594.474|  92.9|  -0.2| 2712.7| 0.000|   0.0|  57.621|  44.793|198.69|   0.0|    0.0|    0.0|F2              |
|  0|17.65|26311.7|  1| 6.73| 7.86|  71.716|  48.711| 2604.961|  93.0|  -0.2| 2717.1| 0.000|   0.0|  57.619|  44.817|195.33|   0.0|    0.0|    0.0|F2              |
|  0|17.65|26323.0|  1| 7.82| 9.08|  72.044|  48.631| 2625.888|  92.6|  -0.2| 2754.9| 0.000|   0.0|  57.711|  44.741|203.91|   0.0|    0.0|    0.0|F2              |
|  0|17.65|26334.7|  1| 8.07| 9.40|  72.303|  48.943| 2660.437|  93.1|  -0.2| 2796.1| 0.000|   0.0|  57.681|  44.846|206.59|   0.0|    0.0|    0.0|F2              |
|  0|17.65|26346.1|  1| 5.88| 6.99|  72.316|  48.940| 2661.273|  93.0|  -0.2| 2766.6| 0.000|   0.0|  57.906|  44.878|190.86|   0.0|    0.0|    0.0|F2              |
|  0|17.65|26357.7|  1| 7.52| 8.71|  71.653|  48.676| 2598.584|  93.0|  -0.2| 2720.9| 0.000|   0.0|  57.576|  44.805|200.88|   0.0|    0.0|    0.0|F2              |
|  0|17.65|26369.4|  1| 8.61|10.67|  79.314|  51.771| 3337.689|  92.9|  -0.4| 3544.5| 0.000|   0.0|  62.364|  45.894|218.38|   0.0|    0.0|    0.0|F2              |
|  0|17.65|26381.0|  1| 7.47| 8.65|  71.564|  48.734| 2594.650|  93.2|  -0.2| 2715.9| 0.000|   0.0|  57.609|  44.857|200.26|   0.0|    0.0|    0.0|F2              |
|  0|17.65|26392.5|  1| 7.87| 9.12|  71.902|  48.803| 2623.380|  93.1|  -0.2| 2752.8| 0.000|   0.0|  57.478|  44.807|204.25|   0.0|    0.0|    0.0|F2              |
|  0|17.65|26404.1|  1| 8.13| 9.46|  72.397|  48.976| 2669.118|  93.1|  -0.2| 2806.3| 0.000|   0.0|  57.572|  44.824|207.19|   0.0|    0.0|    0.0|F2              |
|  0|17.65|26415.6|  1| 0.00| 0.00|   0.000|   0.000|    0.000|   0.0|   0.0|    0.0| 0.000|   0.0|   0.000|   0.000|  0.00|   0.0|    0.0|    0.0|                |
|  0|17.65|26415.6|  1| 0.00| 0.00|   0.000|   0.000|    0.000|   0.0|   0.0|    0.0| 0.000|   0.0|   0.000|   0.000|  0.00|   0.0|    0.0|    0.0|                |
+---+-----+-------+---+-----+-----+--------+--------+---------+------+------+-------+------+------+--------+--------+------+------+-------+-------+----------------+
+---+-----+-------+---+-----+-----+--------+--------+---------+------+------+-------+------+------+--------+--------+------+------+-------+-------+----------------+
|0-x| fr  |  time |hop| d0  | d1  |   fi   |  teta  |   dist  |  at  |  dev |   p   |  df  |  l   |   fot  |   tot  |  rot | lsp  |   pf  |    s  |                |
+---+-----+-------+---+-----+-----+--------+--------+---------+------+------+-------+------+------+--------+--------+------+------+-------+-------+----------------+
|  0|17.65|26427.1|  1| 0.00| 0.00|   0.000|   0.000|    0.000|   0.0|   0.0|    0.0| 0.000|   0.0|   0.000|   0.000|  0.00|   0.0|    0.0|    0.0|                |
|  0|17.65|26438.8|  1| 0.00| 0.00|   0.000|   0.000|    0.000|   0.0|   0.0|    0.0| 0.000|   0.0|   0.000|   0.000|  0.00|   0.0|    0.0|    0.0|                |
|  0|17.65|26438.8|  1| 4.85| 5.98|  73.546|  49.270| 2770.176|  92.8|  -0.1| 2870.2| 0.000|   0.0|  58.793|  44.993|186.25|   0.0|    0.0|    0.0|F2              |
|  0|17.65|26450.5|  1| 0.00| 0.00|   0.000|   0.000|    0.000|   0.0|   0.0|    0.0| 0.000|   0.0|   0.000|   0.000|  0.00|   0.0|    0.0|    0.0|                |
|  0|17.65|26450.5|  1| 3.14| 4.46|  76.117|  50.092| 3005.725|  92.4|  -0.1| 3100.8| 0.000|   0.0|  60.276|  45.215|181.43|   0.0|    0.0|    0.0|F2              |
|  0|17.65|26461.9|  1| 0.00| 0.00|   0.000|   0.000|    0.000|   0.0|   0.0|    0.0| 0.000|   0.0|   0.000|   0.000|  0.00|   0.0|    0.0|    0.0|                |
|  0|17.65|26473.4|  1| 0.00| 0.00|   0.000|   0.000|    0.000|   0.0|   0.0|    0.0| 0.000|   0.0|   0.000|   0.000|  0.00|   0.0|    0.0|    0.0|                |
|  0|17.65|26485.0|  1| 5.29| 6.39|  73.141|  48.929| 2722.888|  92.4|  -0.1| 2825.0| 0.000|   0.0|  58.186|  44.775|188.63|   0.0|    0.0|    0.0|F2              |
|  0|17.65|26496.7|  1| 7.27| 8.40|  71.641|  48.590| 2593.522|  92.8|  -0.2| 2711.8| 0.000|   0.0|  57.416|  44.730|199.03|   0.0|    0.0|    0.0|F2              |
|  0|17.65|26508.1|  1| 6.62| 7.70|  71.806|  48.702| 2611.302|  92.9|  -0.2| 2722.2| 0.000|   0.0|  57.594|  44.790|194.67|   0.0|    0.0|    0.0|F2              |
|  0|17.65|26519.9|  1| 0.00| 0.00|   0.000|   0.000|    0.000|   0.0|   0.0|    0.0| 0.000|   0.0|   0.000|   0.000|  0.00|   0.0|    0.0|    0.0|                |
|  0|17.65|26519.9|  1| 0.00| 0.00|   0.000|   0.000|    0.000|   0.0|   0.0|    0.0| 0.000|   0.0|   0.000|   0.000|  0.00|   0.0|    0.0|    0.0|                |
|  0|17.65|26531.7|  1| 5.97| 7.04|  72.342|  48.814| 2657.056|  92.7|  -0.2| 2763.0| 0.000|   0.0|  57.827|  44.793|191.40|   0.0|    0.0|    0.0|F2              |
|  0|17.65|26542.9|  1| 0.00| 0.00|   0.000|   0.000|    0.000|   0.0|   0.0|    0.0| 0.000|   0.0|   0.000|   0.000|  0.00|   0.0|    0.0|    0.0|                |
|  0|17.65|26542.9|  1| 6.67| 7.75|  71.809|  48.658| 2609.441|  92.8|  -0.2| 2720.8| 0.000|   0.0|  57.550|  44.759|195.04|   0.0|    0.0|    0.0|F2              |
|  0|17.65|26554.7|  1| 4.99| 6.09|  73.311|  49.321| 2755.002|  93.1|  -0.1| 2855.5| 0.000|   0.0|  58.621|  45.029|186.76|   0.0|    0.0|    0.0|F2              |
|  0|17.65|26566.2|  1| 6.70| 7.78|  71.823|  48.619| 2608.599|  92.7|  -0.2| 2720.3| 0.000|   0.0|  57.544|  44.735|195.24|   0.0|    0.0|    0.0|F2              |
|  0|17.65|26577.6|  1| 5.23| 6.31|  73.112|  49.104| 2729.263|  92.8|  -0.1| 2831.0| 0.000|   0.0|  58.129|  44.856|188.33|   0.0|    0.0|    0.0|F2              |
|  0|17.65|26589.4|  1| 7.03| 8.12|  71.634|  48.636| 2595.145|  92.9|  -0.2| 2710.1| 0.000|   0.0|  57.401|  44.751|197.27|   0.0|    0.0|    0.0|F2              |
|  0|17.65|26600.9|  1| 7.60| 8.75|  71.734|  48.574| 2599.790|  92.7|  -0.2| 2723.0| 0.000|   0.0|  57.453|  44.714|201.54|   0.0|    0.0|    0.0|F2              |
+---+-----+-------+---+-----+-----+--------+--------+---------+------+------+-------+------+------+--------+--------+------+------+-------+-------+----------------+
+---+-----+-------+---+-----+-----+--------+--------+---------+------+------+-------+------+------+--------+--------+------+------+-------+-------+----------------+
|0-x| fr  |  time |hop| d0  | d1  |   fi   |  teta  |   dist  |  at  |  dev |   p   |  df  |  l   |   fot  |   tot  |  rot | lsp  |   pf  |    s  |                |
+---+-----+-------+---+-----+-----+--------+--------+---------+------+------+-------+------+------+--------+--------+------+------+-------+-------+----------------+
|  0|17.65|26612.6|  1| 8.09| 9.34|  72.193|  48.860| 2648.116|  93.0|  -0.2| 2782.5| 0.000|   0.0|  57.568|  44.802|206.30|   0.0|    0.0|    0.0|F2              |
|  0|17.65|26624.2|  1| 0.00| 0.00|   0.000|   0.000|    0.000|   0.0|   0.0|    0.0| 0.000|   0.0|   0.000|   0.000|  0.00|   0.0|    0.0|    0.0|                |
|  0|17.65|26624.2|  1| 0.00| 0.00|   0.000|   0.000|    0.000|   0.0|   0.0|    0.0| 0.000|   0.0|   0.000|   0.000|  0.00|   0.0|    0.0|    0.0|                |
|  0|17.65|26636.0|  1| 0.00| 0.00|   0.000|   0.000|    0.000|   0.0|   0.0|    0.0| 0.000|   0.0|   0.000|   0.000|  0.00|   0.0|    0.0|    0.0|                |
|  0|17.65|26647.4|  1| 0.00| 0.00|   0.000|   0.000|    0.000|   0.0|   0.0|    0.0| 0.000|   0.0|   0.000|   0.000|  0.00|   0.0|    0.0|    0.0|                |
|  0|17.65|26647.4|  1| 7.84| 9.02|  71.832|  48.692| 2612.769|  92.9|  -0.2| 2740.4| 0.000|   0.0|  57.393|  44.746|203.64|   0.0|    0.0|    0.0|F2              |
|  0|17.65|26659.3|  1| 0.00| 0.00|   0.000|   0.000|    0.000|   0.0|   0.0|    0.0| 0.000|   0.0|   0.000|   0.000|  0.00|   0.0|    0.0|    0.0|                |
|  0|17.65|26659.3|  1| 8.00| 9.22|  72.105|  48.697| 2633.610|  92.7|  -0.2| 2765.3| 0.000|   0.0|  57.430|  44.708|205.36|   0.0|    0.0|    0.0|F2              |
|  0|17.65|26671.2|  1| 7.40| 8.50|  71.566|  48.650| 2590.804|  93.0|  -0.2| 2710.4| 0.000|   0.0|  57.371|  44.765|199.76|   0.0|    0.0|    0.0|F2              |
|  0|17.65|26682.9|  1| 0.00| 0.00|   0.000|   0.000|    0.000|   0.0|   0.0|    0.0| 0.000|   0.0|   0.000|   0.000|  0.00|   0.0|    0.0|    0.0|                |
|  0|17.65|26694.6|  1| 0.00| 0.00|   0.000|   0.000|    0.000|   0.0|   0.0|    0.0| 0.000|   0.0|   0.000|   0.000|  0.00|   0.0|    0.0|    0.0|                |
|  0|17.65|26694.6|  1| 0.00| 0.00|   0.000|   0.000|    0.000|   0.0|   0.0|    0.0| 0.000|   0.0|   0.000|   0.000|  0.00|   0.0|    0.0|    0.0|                |
|  0|17.65|26706.4|  1| 8.25| 9.54|  72.648|  48.886| 2683.651|  92.7|  -0.2| 2823.4| 0.000|   0.0|  57.957|  44.811|208.09|   0.0|    0.0|    0.0|F2              |
|  0|17.65|26718.2|  1| 7.68| 8.81|  71.683|  48.643| 2599.195|  92.9|  -0.2| 2723.3| 0.000|   0.0|  57.317|  44.732|202.09|   0.0|    0.0|    0.0|F2              |
|  0|17.65|26729.8|  1| 0.00| 0.00|   0.000|   0.000|    0.000|   0.0|   0.0|    0.0| 0.000|   0.0|   0.000|   0.000|  0.00|   0.0|    0.0|    0.0|                |
|  0|17.65|26729.8|  1| 7.83| 8.98|  71.788|  48.678| 2608.802|  92.9|  -0.2| 2735.8| 0.000|   0.0|  57.340|  44.736|203.42|   0.0|    0.0|    0.0|F2              |
|  0|17.65|26741.5|  1| 8.00| 9.19|  71.990|  48.746| 2627.260|  92.9|  -0.2| 2758.3| 0.000|   0.0|  57.414|  44.750|205.11|   0.0|    0.0|    0.0|F2              |
|  0|17.65|26753.2|  1| 7.25| 8.32|  71.616|  48.583| 2591.330|  92.8|  -0.2| 2708.8| 0.000|   0.0|  57.454|  44.738|198.56|   0.0|    0.0|    0.0|F2              |
|  0|17.65|26765.2|  1| 7.95| 9.12|  71.907|  48.718| 2619.678|  92.9|  -0.2| 2749.2| 0.000|   0.0|  57.491|  44.765|204.46|   0.0|    0.0|    0.0|F2              |
|  0|17.65|26776.7|  1| 0.00| 0.00|   0.000|   0.000|    0.000|   0.0|   0.0|    0.0| 0.000|   0.0|   0.000|   0.000|  0.00|   0.0|    0.0|    0.0|                |
+---+-----+-------+---+-----+-----+--------+--------+---------+------+------+-------+------+------+--------+--------+------+------+-------+-------+----------------+
+---+-----+-------+---+-----+-----+--------+--------+---------+------+------+-------+------+------+--------+--------+------+------+-------+-------+----------------+
|0-x| fr  |  time |hop| d0  | d1  |   fi   |  teta  |   dist  |  at  |  dev |   p   |  df  |  l   |   fot  |   tot  |  rot | lsp  |   pf  |    s  |                |
+---+-----+-------+---+-----+-----+--------+--------+---------+------+------+-------+------+------+--------+--------+------+------+-------+-------+----------------+
|  0|17.65|26788.4|  1| 7.76| 8.88|  71.713|  48.653| 2601.950|  92.9|  -0.2| 2727.3| 0.000|   0.0|  57.398|  44.747|202.63|   0.0|    0.0|    0.0|F2              |
|  0|17.65|26800.2|  1| 8.64|10.21|  75.208|  49.986| 2931.804|  92.9|  -0.3| 3100.1| 0.000|   0.0|  59.665|  45.238|214.72|   0.0|    0.0|    0.0|F2              |
|  0|17.65|26811.6|  1| 6.53| 7.55|  71.902|  48.695| 2618.231|  92.8|  -0.2| 2728.1| 0.000|   0.0|  57.446|  44.739|194.26|   0.0|    0.0|    0.0|F2              |
|  0|17.65|26822.9|  1| 7.32| 8.38|  71.575|  48.612| 2589.657|  92.9|  -0.2| 2707.8| 0.000|   0.0|  57.386|  44.747|199.02|   0.0|    0.0|    0.0|F2              |
|  0|17.65|26834.4|  1| 6.22| 7.23|  72.102|  48.816| 2639.116|  92.9|  -0.2| 2746.5| 0.000|   0.0|  57.536|  44.780|192.63|   0.0|    0.0|    0.0|F2              |
|  0|17.65|26834.4|  1| 0.00| 0.00|   0.000|   0.000|    0.000|   0.0|   0.0|    0.0| 0.000|   0.0|   0.000|   0.000|  0.00|   0.0|    0.0|    0.0|                |
|  0|17.65|26846.3|  1| 7.64| 8.73|  71.599|  48.660| 2593.711|  93.0|  -0.2| 2716.6| 0.000|   0.0|  57.355|  44.762|201.48|   0.0|    0.0|    0.0|F2              |
|  0|17.65|26857.8|  1| 0.00| 0.00|   0.000|   0.000|    0.000|   0.0|   0.0|    0.0| 0.000|   0.0|   0.000|   0.000|  0.00|   0.0|    0.0|    0.0|                |
|  0|17.65|26857.8|  1| 7.10| 8.13|  71.605|  48.627| 2592.566|  92.9|  -0.2| 2707.9| 0.000|   0.0|  57.313|  44.733|197.58|   0.0|    0.0|    0.0|F2              |
|  0|17.65|26869.6|  1| 7.61| 8.69|  71.582|  48.654| 2592.135|  93.0|  -0.2| 2714.4| 0.000|   0.0|  57.310|  44.753|201.23|   0.0|    0.0|    0.0|F2              |
|  0|17.65|26881.3|  1| 7.34| 8.39|  71.538|  48.643| 2588.329|  93.0|  -0.2| 2706.5| 0.000|   0.0|  57.312|  44.754|199.14|   0.0|    0.0|    0.0|F2              |
|  0|17.65|26892.9|  1| 7.68| 8.76|  71.637|  48.629| 2595.112|  92.9|  -0.2| 2718.5| 0.000|   0.0|  57.260|  44.721|201.87|   0.0|    0.0|    0.0|F2              |
|  0|17.65|26904.3|  1| 0.00| 0.00|   0.000|   0.000|    0.000|   0.0|   0.0|    0.0| 0.000|   0.0|   0.000|   0.000|  0.00|   0.0|    0.0|    0.0|                |
|  0|17.65|26904.3|  1| 8.42| 9.71|  72.849|  49.187| 2713.506|  93.2|  -0.2| 2858.1| 0.000|   0.0|  57.961|  44.926|209.74|   0.0|    0.0|    0.0|F2              |
|  0|17.65|26916.0|  1| 5.21| 6.22|  73.167|  49.173| 2736.786|  92.9|  -0.1| 2838.3| 0.000|   0.0|  58.219|  44.898|188.05|   0.0|    0.0|    0.0|F2              |
|  0|17.65|26927.7|  1| 6.86| 7.87|  71.721|  48.627| 2601.330|  92.8|  -0.2| 2714.0| 0.000|   0.0|  57.374|  44.724|196.05|   0.0|    0.0|    0.0|F2              |
|  0|17.65|26939.1|  1| 5.22| 6.23|  73.188|  49.134| 2736.496|  92.8|  -0.1| 2838.1| 0.000|   0.0|  58.452|  44.922|187.73|   0.0|    0.0|    0.0|F2              |
|  0|17.65|26950.7|  1| 6.42| 7.41|  71.958|  48.762| 2625.645|  92.9|  -0.2| 2734.4| 0.000|   0.0|  57.406|  44.754|193.64|   0.0|    0.0|    0.0|F2              |
|  0|17.65|26962.3|  1| 6.93| 7.93|  71.660|  48.649| 2597.841|  92.9|  -0.2| 2711.2| 0.000|   0.0|  57.247|  44.721|196.52|   0.0|    0.0|    0.0|F2              |
|  0|17.65|26974.0|  1| 7.30| 8.32|  71.470|  48.708| 2586.328|  93.2|  -0.2| 2703.7| 0.000|   0.0|  57.142|  44.765|198.84|   0.0|    0.0|    0.0|F2              |
+---+-----+-------+---+-----+-----+--------+--------+---------+------+------+-------+------+------+--------+--------+------+------+-------+-------+----------------+
+---+-----+-------+---+-----+-----+--------+--------+---------+------+------+-------+------+------+--------+--------+------+------+-------+-------+----------------+
|0-x| fr  |  time |hop| d0  | d1  |   fi   |  teta  |   dist  |  at  |  dev |   p   |  df  |  l   |   fot  |   tot  |  rot | lsp  |   pf  |    s  |                |
+---+-----+-------+---+-----+-----+--------+--------+---------+------+------+-------+------+------+--------+--------+------+------+-------+-------+----------------+
|  0|17.65|26985.6|  1| 8.57| 9.94|  73.710|  49.412| 2789.659|  92.9|  -0.3| 2943.3| 0.000|   0.0|  59.022|  45.099|211.82|   0.0|    0.0|    0.0|F2              |
|  0|17.65|26997.3|  1| 7.55| 8.59|  71.510|  48.675| 2587.707|  93.1|  -0.2| 2708.6| 0.000|   0.0|  57.099|  44.734|200.72|   0.0|    0.0|    0.0|F2              |
+==============================================================================+
|   Medium characteristics Sunspot number=   0.0 IG= -11.5   GMT time:07:29    |
|------------------------------------------------------------------------------|
|   S   | fh |  I  |   D  | fd |  hd | fe |  he | ff1 | hf1 | ff2 | hf2 |   Hi |
|-------+----+-----+------+----+-----+----+-----+-----+-----+-----+-----+------|
|    0.0|1.25| 58.8|   3.1|0.18| 81.2|2.58|110.0| 0.00|  0.0| 5.07|215.9|  68.5|
+==============================================================================+

+==================================+
|       Es-layer parametres        |
|----------------------------------|
|   S   | hEs | fbEs | f0Es | P Es |
|-------+-----+------+------+------|
|    0.0|108.1| 2.97 | 3.44 | 68.2 |
+==================================+

|  0|17.65|27008.8|  1| 6.90| 7.89|  71.645|  48.689| 2598.516|  93.0|  -0.2| 2711.4| 0.000|   0.0|  57.311|  44.755|196.21|   0.0|    0.0|    0.0|F2              |
|  0|17.65|27020.5|  1| 6.01| 6.98|  72.304|  48.893| 2658.071|  93.0|  -0.1| 2763.9| 0.000|   0.0|  57.818|  44.837|191.29|   0.0|    0.0|    0.0|F2              |
|  0|17.65|27032.0|  1| 6.88| 7.87|  71.595|  48.760| 2598.238|  93.2|  -0.2| 2710.8| 0.000|   0.0|  57.275|  44.793|196.04|   0.0|    0.0|    0.0|F2              |
|  0|17.65|27043.4|  1| 7.77| 8.83|  71.553|  48.731| 2593.652|  93.2|  -0.2| 2718.0| 0.000|   0.0|  57.170|  44.769|202.39|   0.0|    0.0|    0.0|F2              |
|  0|17.65|27054.9|  1| 8.07| 9.19|  71.904|  48.762| 2621.559|  93.0|  -0.2| 2752.6| 0.000|   0.0|  57.178|  44.726|205.31|   0.0|    0.0|    0.0|F2              |
|  0|17.65|27066.5|  1| 8.32| 9.52|  72.377|  48.972| 2667.413|  93.1|  -0.2| 2806.1| 0.000|   0.0|  58.265|  44.966|207.47|   0.0|    0.0|    0.0|F2              |
|  0|17.65|27078.2|  1| 8.75|10.32|  75.572|  50.387| 2980.211|  93.4|  -0.3| 3154.3| 0.000|   0.0|  60.321|  45.515|215.60|   0.0|    0.0|    0.0|F2              |
|  0|17.65|27078.2|  1| 8.29| 9.48|  72.247|  48.970| 2657.550|  93.2|  -0.2| 2794.9| 0.000|   0.0|  57.360|  44.805|207.64|   0.0|    0.0|    0.0|F2              |
|  0|17.65|27089.8|  1| 5.04| 6.03|  73.346|  49.337| 2758.402|  93.1|  -0.1| 2859.0| 0.000|   0.0|  58.620|  45.028|186.80|   0.0|    0.0|    0.0|F2              |
|  0|17.65|27101.4|  1| 8.18| 9.32|  71.884|  48.976| 2630.448|  93.5|  -0.2| 2763.8| 0.000|   0.0|  57.293|  44.858|206.19|   0.0|    0.0|    0.0|F2              |
|  0|17.65|27113.1|  1| 6.69| 7.66|  71.670|  48.834| 2607.466|  93.3|  -0.2| 2718.2| 0.000|   0.0|  57.271|  44.814|194.94|   0.0|    0.0|    0.0|F2              |
|  0|17.65|27113.1|  1| 2.87| 4.09|  76.638|  50.466| 3064.671|  92.7|  -0.1| 3159.4| 0.000|   0.0|  60.588|  45.364|180.71|   0.0|    0.0|    0.0|F2              |
|  0|17.65|27124.5|  1| 8.11| 9.23|  71.872|  48.839| 2622.903|  93.2|  -0.2| 2754.6| 0.000|   0.0|  57.545|  44.842|205.40|   0.0|    0.0|    0.0|F2              |
|  0|17.65|27124.5|  1| 3.41| 4.55|  75.780|  50.109| 2981.234|  92.7|  -0.1| 3076.9| 0.000|   0.0|  59.884|  45.206|182.23|   0.0|    0.0|    0.0|F2              |
|  0|17.65|27136.1|  1| 6.23| 7.19|  72.090|  48.858| 2640.248|  93.1|  -0.1| 2747.5| 0.000|   0.0|  57.753|  44.846|192.22|   0.0|    0.0|    0.0|F2              |
|  0|17.65|27136.1|  1| 0.00| 0.00|   0.000|   0.000|    0.000|   0.0|   0.0|    0.0| 0.000|   0.0|   0.000|   0.000|  0.00|   0.0|    0.0|    0.0|                |
|  0|17.65|27147.8|  1| 6.78| 7.75|  71.474|  48.983| 2599.994|  93.8|  -0.2| 2711.3| 0.000|   0.0|  57.129|  44.895|195.37|   0.0|    0.0|    0.0|F2              |
|  0|17.65|27159.4|  1| 7.60| 8.63|  71.595|  48.573| 2589.272|  92.8|  -0.2| 2710.8| 0.000|   0.0|  57.102|  44.669|201.10|   0.0|    0.0|    0.0|F2              |
+---+-----+-------+---+-----+-----+--------+--------+---------+------+------+-------+------+------+--------+--------+------+------+-------+-------+----------------+
+---+-----+-------+---+-----+-----+--------+--------+---------+------+------+-------+------+------+--------+--------+------+------+-------+-------+----------------+
|0-x| fr  |  time |hop| d0  | d1  |   fi   |  teta  |   dist  |  at  |  dev |   p   |  df  |  l   |   fot  |   tot  |  rot | lsp  |   pf  |    s  |                |
+---+-----+-------+---+-----+-----+--------+--------+---------+------+------+-------+------+------+--------+--------+------+------+-------+-------+----------------+
|  0|17.65|27170.9|  1| 8.50| 9.75|  72.598|  49.417| 2706.197|  93.9|  -0.2| 2851.0| 0.000|   0.0|  57.644|  45.019|209.95|   0.0|    0.0|    0.0|F2              |
|  0|17.65|27182.3|  1| 7.51| 8.52|  71.330|  48.832| 2581.772|  93.6|  -0.2| 2701.4| 0.000|   0.0|  56.961|  44.815|200.18|   0.0|    0.0|    0.0|F2              |
|  0|17.65|27182.3|  1| 7.22| 8.20|  71.652|  48.512| 2590.690|  92.6|  -0.2| 2707.1| 0.000|   0.0|  57.485|  44.700|198.02|   0.0|    0.0|    0.0|F2              |
|  0|17.65|27194.0|  1| 0.00| 0.00|   0.000|   0.000|    0.000|   0.0|   0.0|    0.0| 0.000|   0.0|   0.000|   0.000|  0.00|   0.0|    0.0|    0.0|                |
|  0|17.65|27194.0|  1| 6.80| 7.76|  71.841|  48.540| 2606.231|  92.5|  -0.2| 2718.2| 0.000|   0.0|  57.543|  44.690|195.48|   0.0|    0.0|    0.0|F2              |
|  0|17.65|27205.8|  1| 6.38| 7.33|  71.860|  48.952| 2627.510|  93.5|  -0.1| 2735.6| 0.000|   0.0|  57.557|  44.896|193.00|   0.0|    0.0|    0.0|F2              |
|  0|17.65|27217.4|  1| 7.58| 8.59|  71.522|  48.636| 2586.789|  93.0|  -0.2| 2707.8| 0.000|   0.0|  57.095|  44.711|200.83|   0.0|    0.0|    0.0|F2              |
|  0|17.65|27228.9|  1| 4.98| 5.95|  73.723|  49.008| 2770.600|  92.1|  -0.1| 2871.2| 0.000|   0.0|  58.546|  44.777|187.21|   0.0|    0.0|    0.0|F2              |
|  0|17.65|27228.9|  1| 8.63| 9.96|  73.545|  49.540| 2783.640|  93.3|  -0.3| 2937.4| 0.000|   0.0|  58.905|  45.172|211.97|   0.0|    0.0|    0.0|F2              |
|  0|17.65|27240.5|  1| 0.00| 0.00|   0.000|   0.000|    0.000|   0.0|   0.0|    0.0| 0.000|   0.0|   0.000|   0.000|  0.00|   0.0|    0.0|    0.0|                |
|  0|17.65|27240.5|  1| 2.59| 3.85|  77.205|  50.546| 3111.683|  92.4|  -0.1| 3206.0| 0.000|   0.0|  61.011|  45.381|180.03|   0.0|    0.0|    0.0|F2              |
|  0|17.65|27252.2|  1| 0.00| 0.00|   0.000|   0.000|    0.000|   0.0|   0.0|    0.0| 0.000|   0.0|   0.000|   0.000|  0.00|   0.0|    0.0|    0.0|                |
|  0|17.65|27263.9|  1| 0.00| 0.00|   0.000|   0.000|    0.000|   0.0|   0.0|    0.0| 0.000|   0.0|   0.000|   0.000|  0.00|   0.0|    0.0|    0.0|                |
|  0|17.65|27275.4|  1| 7.11| 8.07|  71.678|  48.523| 2593.158|  92.6|  -0.2| 2708.2| 0.000|   0.0|  57.103|  44.627|197.67|   0.0|    0.0|    0.0|F2              |
|  0|17.65|27275.4|  1| 0.00| 0.00|   0.000|   0.000|    0.000|   0.0|   0.0|    0.0| 0.000|   0.0|   0.000|   0.000|  0.00|   0.0|    0.0|    0.0|                |
|  0|17.65|27287.1|  1| 0.00| 0.00|   0.000|   0.000|    0.000|   0.0|   0.0|    0.0| 0.000|   0.0|   0.000|   0.000|  0.00|   0.0|    0.0|    0.0|                |
|  0|17.65|27287.1|  1| 0.00| 0.00|   0.000|   0.000|    0.000|   0.0|   0.0|    0.0| 0.000|   0.0|   0.000|   0.000|  0.00|   0.0|    0.0|    0.0|                |
|  0|17.65|27299.0|  1| 0.00| 0.00|   0.000|   0.000|    0.000|   0.0|   0.0|    0.0| 0.000|   0.0|   0.000|   0.000|  0.00|   0.0|    0.0|    0.0|                |
|  0|17.65|27299.0|  1| 8.00| 9.06|  71.810|  48.643| 2608.780|  92.8|  -0.2| 2737.4| 0.000|   0.0|  57.481|  44.741|204.22|   0.0|    0.0|    0.0|F2              |
|  0|17.65|27311.0|  1| 8.29| 9.43|  72.238|  48.834| 2650.191|  92.9|  -0.2| 2786.7| 0.000|   0.0|  57.613|  44.788|207.34|   0.0|    0.0|    0.0|F2              |
+---+-----+-------+---+-----+-----+--------+--------+---------+------+------+-------+------+------+--------+--------+------+------+-------+-------+----------------+
+---+-----+-------+---+-----+-----+--------+--------+---------+------+------+-------+------+------+--------+--------+------+------+-------+-------+----------------+
|0-x| fr  |  time |hop| d0  | d1  |   fi   |  teta  |   dist  |  at  |  dev |   p   |  df  |  l   |   fot  |   tot  |  rot | lsp  |   pf  |    s  |                |
+---+-----+-------+---+-----+-----+--------+--------+---------+------+------+-------+------+------+--------+--------+------+------+-------+-------+----------------+
|  0|17.65|27311.0|  1| 0.00| 0.00|   0.000|   0.000|    0.000|   0.0|   0.0|    0.0| 0.000|   0.0|   0.000|   0.000|  0.00|   0.0|    0.0|    0.0|                |
|  0|17.65|27322.7|  1| 0.00| 0.00|   0.000|   0.000|    0.000|   0.0|   0.0|    0.0| 0.000|   0.0|   0.000|   0.000|  0.00|   0.0|    0.0|    0.0|                |
|  0|17.65|27334.3|  1| 7.24| 8.20|  71.196|  49.008| 2580.281|  94.1|  -0.2| 2696.0| 0.000|   0.0|  56.951|  44.923|198.06|   0.0|    0.0|    0.0|F2              |
|  0|17.65|27334.3|  1| 8.70|10.08|  74.353|  49.608| 2847.957|  92.8|  -0.3| 3008.6| 0.000|   0.0|  58.898|  45.049|213.75|   0.0|    0.0|    0.0|F2              |
|  0|17.65|27334.3|  1| 0.00| 0.00|   0.000|   0.000|    0.000|   0.0|   0.0|    0.0| 0.000|   0.0|   0.000|   0.000|  0.00|   0.0|    0.0|    0.0|                |
|  0|17.65|27346.2|  1| 0.09| 2.53|  80.330|  53.091| 3490.489|  94.3|  -0.1| 3583.0| 0.000|   0.0|  63.616|  46.607|177.27|   0.0|    0.0|    0.0|F2              |
|  0|17.65|27346.2|  1| 8.49| 9.71|  72.852|  49.051| 2707.057|  92.9|  -0.2| 2851.5| 0.000|   0.0|  58.585|  44.984|209.39|   0.0|    0.0|    0.0|F2              |
|  0|17.65|27357.8|  1| 7.93| 8.97|  71.565|  48.778| 2596.860|  93.3|  -0.2| 2723.4| 0.000|   0.0|  57.011|  44.759|203.56|   0.0|    0.0|    0.0|F2              |
|  0|17.65|27369.3|  1| 0.00| 0.00|   0.000|   0.000|    0.000|   0.0|   0.0|    0.0| 0.000|   0.0|   0.000|   0.000|  0.00|   0.0|    0.0|    0.0|                |
|  0|17.65|27369.3|  1| 8.60| 9.87|  73.100|  49.420| 2744.088|  93.5|  -0.2| 2893.6| 0.000|   0.0|  58.683|  45.148|210.92|   0.0|    0.0|    0.0|F2              |
|  0|17.65|27381.0|  1| 8.07| 9.14|  71.937|  48.598| 2616.174|  92.6|  -0.2| 2746.4| 0.000|   0.0|  57.211|  44.645|205.09|   0.0|    0.0|    0.0|F2              |
|  0|17.65|27381.0|  1| 0.00| 0.00|   0.000|   0.000|    0.000|   0.0|   0.0|    0.0| 0.000|   0.0|   0.000|   0.000|  0.00|   0.0|    0.0|    0.0|                |
|  0|17.65|27392.9|  1| 0.00| 0.00|   0.000|   0.000|    0.000|   0.0|   0.0|    0.0| 0.000|   0.0|   0.000|   0.000|  0.00|   0.0|    0.0|    0.0|                |
|  0|17.65|27392.9|  1| 8.22| 9.32|  72.131|  48.708| 2636.110|  92.7|  -0.2| 2770.2| 0.000|   0.0|  57.515|  44.725|206.54|   0.0|    0.0|    0.0|F2              |
|  0|17.65|27404.8|  1| 0.00| 0.00|   0.000|   0.000|    0.000|   0.0|   0.0|    0.0| 0.000|   0.0|   0.000|   0.000|  0.00|   0.0|    0.0|    0.0|                |
|  0|17.65|27416.3|  1| 8.21| 9.30|  71.881|  48.887| 2625.902|  93.3|  -0.2| 2758.9| 0.000|   0.0|  57.980|  44.954|205.47|   0.0|    0.0|    0.0|F2              |
|  0|17.65|27427.8|  1| 0.00| 0.00|   0.000|   0.000|    0.000|   0.0|   0.0|    0.0| 0.000|   0.0|   0.000|   0.000|  0.00|   0.0|    0.0|    0.0|                |
|  0|17.65|27427.8|  1| 8.45| 9.62|  72.291|  49.213| 2672.835|  93.7|  -0.2| 2813.6| 0.000|   0.0|  58.132|  45.078|208.42|   0.0|    0.0|    0.0|F2              |
|  0|17.65|27439.6|  1| 0.00| 0.00|   0.000|   0.000|    0.000|   0.0|   0.0|    0.0| 0.000|   0.0|   0.000|   0.000|  0.00|   0.0|    0.0|    0.0|                |
|  0|17.65|27451.2|  1| 8.21| 9.29|  71.511|  49.198| 2613.357|  94.3|  -0.2| 2745.3| 0.000|   0.0|  56.987|  44.971|205.81|   0.0|    0.0|    0.0|F2              |
+---+-----+-------+---+-----+-----+--------+--------+---------+------+------+-------+------+------+--------+--------+------+------+-------+-------+----------------+
+---+-----+-------+---+-----+-----+--------+--------+---------+------+------+-------+------+------+--------+--------+------+------+-------+-------+----------------+
|0-x| fr  |  time |hop| d0  | d1  |   fi   |  teta  |   dist  |  at  |  dev |   p   |  df  |  l   |   fot  |   tot  |  rot | lsp  |   pf  |    s  |                |
+---+-----+-------+---+-----+-----+--------+--------+---------+------+------+-------+------+------+--------+--------+------+------+-------+-------+----------------+
|  0|17.65|27451.2|  1| 0.00| 0.00|   0.000|   0.000|    0.000|   0.0|   0.0|    0.0| 0.000|   0.0|   0.000|   0.000|  0.00|   0.0|    0.0|    0.0|                |
|  0|17.65|27462.8|  1| 0.00| 0.00|   0.000|   0.000|    0.000|   0.0|   0.0|    0.0| 0.000|   0.0|   0.000|   0.000|  0.00|   0.0|    0.0|    0.0|                |
|  0|17.65|27474.2|  1| 0.00| 0.00|   0.000|   0.000|    0.000|   0.0|   0.0|    0.0| 0.000|   0.0|   0.000|   0.000|  0.00|   0.0|    0.0|    0.0|                |
|  0|17.65|27485.8|  1| 0.00| 0.00|   0.000|   0.000|    0.000|   0.0|   0.0|    0.0| 0.000|   0.0|   0.000|   0.000|  0.00|   0.0|    0.0|    0.0|                |
|  0|17.65|27485.8|  1| 8.27| 9.36|  71.812|  49.040| 2628.229|  93.7|  -0.2| 2762.3| 0.000|   0.0|  57.412|  44.927|206.53|   0.0|    0.0|    0.0|F2              |
|  0|17.65|27497.4|  1| 7.74| 8.73|  71.340|  48.834| 2582.613|  93.6|  -0.2| 2705.2| 0.000|   0.0|  56.951|  44.812|201.74|   0.0|    0.0|    0.0|F2              |
|  0|17.65|27508.9|  1| 7.11| 8.04|  71.410|  48.824| 2587.402|  93.5|  -0.2| 2701.7| 0.000|   0.0|  57.260|  44.855|197.08|   0.0|    0.0|    0.0|F2              |
|  0|17.65|27520.8|  1| 8.11| 9.16|  71.809|  48.730| 2612.939|  93.0|  -0.2| 2743.3| 0.000|   0.0|  57.106|  44.712|205.22|   0.0|    0.0|    0.0|F2              |
|  0|17.65|27532.5|  1| 0.00| 0.00|   0.000|   0.000|    0.000|   0.0|   0.0|    0.0| 0.000|   0.0|   0.000|   0.000|  0.00|   0.0|    0.0|    0.0|                |
|  0|17.65|27532.5|  1| 8.21| 9.28|  71.621|  49.061| 2614.892|  93.9|  -0.2| 2746.9| 0.000|   0.0|  57.021|  44.891|205.86|   0.0|    0.0|    0.0|F2              |
|  0|17.65|27544.1|  1| 8.52| 9.69|  72.620|  49.151| 2694.554|  93.3|  -0.2| 2838.1| 0.000|   0.0|  57.633|  44.882|209.79|   0.0|    0.0|    0.0|F2              |
|  0|17.65|27555.6|  1| 8.87|10.52|  77.437|  50.899| 3148.155|  92.9|  -0.3| 3339.2| 0.000|   0.0|  61.217|  45.590|217.86|   0.0|    0.0|    0.0|F2              |
|  0|17.65|27567.1|  1| 0.00| 0.00|   0.000|   0.000|    0.000|   0.0|   0.0|    0.0| 0.000|   0.0|   0.000|   0.000|  0.00|   0.0|    0.0|    0.0|                |
|  0|17.65|27578.9|  1| 8.62| 9.84|  73.150|  49.253| 2739.531|  93.1|  -0.2| 2888.6| 0.000|   0.0|  58.545|  45.023|211.05|   0.0|    0.0|    0.0|F2              |
|  0|17.65|27590.4|  1| 7.58| 8.53|  71.482|  48.624| 2583.209|  93.0|  -0.2| 2703.5| 0.000|   0.0|  57.324|  44.756|200.34|   0.0|    0.0|    0.0|F2              |
|  0|17.65|27602.0|  1| 7.73| 8.70|  71.512|  48.632| 2585.835|  93.0|  -0.2| 2708.4| 0.000|   0.0|  57.290|  44.749|201.55|   0.0|    0.0|    0.0|F2              |
|  0|17.65|27613.5|  1| 5.95| 6.84|  72.468|  48.865| 2669.089|  92.8|  -0.1| 2774.4| 0.000|   0.0|  57.839|  44.796|191.01|   0.0|    0.0|    0.0|F2              |
|  0|17.65|27636.8|  1| 0.00| 0.00|   0.000|   0.000|    0.000|   0.0|   0.0|    0.0| 0.000|   0.0|   0.000|   0.000|  0.00|   0.0|    0.0|    0.0|                |
|  0|17.65|27648.5|  1| 8.81|10.20|  74.749|  49.909| 2893.223|  93.1|  -0.3| 3059.3| 0.000|   0.0|  59.082|  45.161|214.91|   0.0|    0.0|    0.0|F2              |
|  0|17.65|27660.3|  1| 0.00| 0.00|   0.000|   0.000|    0.000|   0.0|   0.0|    0.0| 0.000|   0.0|   0.000|   0.000|  0.00|   0.0|    0.0|    0.0|                |
+---+-----+-------+---+-----+-----+--------+--------+---------+------+------+-------+------+------+--------+--------+------+------+-------+-------+----------------+
+---+-----+-------+---+-----+-----+--------+--------+---------+------+------+-------+------+------+--------+--------+------+------+-------+-------+----------------+
|0-x| fr  |  time |hop| d0  | d1  |   fi   |  teta  |   dist  |  at  |  dev |   p   |  df  |  l   |   fot  |   tot  |  rot | lsp  |   pf  |    s  |                |
+---+-----+-------+---+-----+-----+--------+--------+---------+------+------+-------+------+------+--------+--------+------+------+-------+-------+----------------+
|  0|17.65|27671.8|  1| 8.11| 9.14|  71.692|  48.778| 2606.369|  93.2|  -0.2| 2736.0| 0.000|   0.0|  57.318|  44.798|204.86|   0.0|    0.0|    0.0|F2              |
|  0|17.65|27683.3|  1| 7.88| 8.86|  71.629|  48.584| 2592.310|  92.8|  -0.2| 2717.5| 0.000|   0.0|  56.929|  44.635|203.04|   0.0|    0.0|    0.0|F2              |
|  0|17.65|27694.7|  1| 8.12| 9.14|  71.834|  48.652| 2611.003|  92.8|  -0.2| 2741.1| 0.000|   0.0|  57.347|  44.715|205.09|   0.0|    0.0|    0.0|F2              |
|  0|17.65|27706.4|  1| 8.14| 9.16|  71.852|  48.658| 2612.647|  92.8|  -0.2| 2743.2| 0.000|   0.0|  57.340|  44.713|205.27|   0.0|    0.0|    0.0|F2              |
|  0|17.65|27718.0|  1| 8.21| 9.25|  72.013|  48.624| 2623.219|  92.6|  -0.2| 2755.7| 0.000|   0.0|  57.357|  44.672|206.07|   0.0|    0.0|    0.0|F2              |
|  0|17.65|27729.7|  1| 7.83| 8.79|  71.499|  48.671| 2586.728|  93.1|  -0.2| 2710.6| 0.000|   0.0|  56.869|  44.688|202.49|   0.0|    0.0|    0.0|F2              |
|  0|17.65|27741.4|  1| 8.64| 9.83|  73.217|  49.139| 2738.918|  92.8|  -0.2| 2888.0| 0.000|   0.0|  58.509|  44.945|211.18|   0.0|    0.0|    0.0|F2              |
|  0|17.65|27753.0|  1| 7.61| 8.54|  71.469|  48.620| 2582.036|  93.0|  -0.2| 2702.5| 0.000|   0.0|  57.140|  44.720|200.64|   0.0|    0.0|    0.0|F2              |
|  0|17.65|27764.7|  1| 4.57| 5.49|  74.026|  49.653| 2825.639|  93.2|  -0.1| 2924.4| 0.000|   0.0|  58.910|  45.116|185.30|   0.0|    0.0|    0.0|F2              |
|  0|17.65|27776.4|  1| 8.55| 9.69|  72.759|  48.974| 2696.314|  92.8|  -0.2| 2840.2| 0.000|   0.0|  58.374|  44.918|209.56|   0.0|    0.0|    0.0|F2              |
|  0|17.65|27788.0|  1| 6.97| 7.85|  71.557|  48.749| 2594.838|  93.2|  -0.2| 2707.6| 0.000|   0.0|  57.206|  44.779|196.33|   0.0|    0.0|    0.0|F2              |
|  0|17.65|27799.2|  1| 7.65| 8.58|  71.500|  48.587| 2582.749|  92.9|  -0.2| 2703.7| 0.000|   0.0|  57.303|  44.730|200.78|   0.0|    0.0|    0.0|F2              |
|  0|17.65|27810.9|  1| 8.28| 9.31|  71.983|  48.747| 2626.834|  92.9|  -0.2| 2760.5| 0.000|   0.0|  57.248|  44.717|206.62|   0.0|    0.0|    0.0|F2              |
|  0|17.65|27822.4|  1| 0.00| 0.00|   0.000|   0.000|    0.000|   0.0|   0.0|    0.0| 0.000|   0.0|   0.000|   0.000|  0.00|   0.0|    0.0|    0.0|                |
|  0|17.65|27833.8|  1| 0.00| 0.00|   0.000|   0.000|    0.000|   0.0|   0.0|    0.0| 0.000|   0.0|   0.000|   0.000|  0.00|   0.0|    0.0|    0.0|                |
|  0|17.65|27833.8|  1| 0.00| 0.00|   0.000|   0.000|    0.000|   0.0|   0.0|    0.0| 0.000|   0.0|   0.000|   0.000|  0.00|   0.0|    0.0|    0.0|                |
|  0|17.65|27845.4|  1| 8.80|10.09|  74.143|  49.626| 2833.101|  93.0|  -0.3| 2993.2| 0.000|   0.0|  59.040|  45.128|213.80|   0.0|    0.0|    0.0|F2              |
|  0|17.65|27857.2|  1| 0.00| 0.00|   0.000|   0.000|    0.000|   0.0|   0.0|    0.0| 0.000|   0.0|   0.000|   0.000|  0.00|   0.0|    0.0|    0.0|                |
|  0|17.65|27868.9|  1| 7.92| 8.87|  71.552|  48.645| 2589.435|  93.0|  -0.2| 2714.7| 0.000|   0.0|  57.126|  44.717|203.07|   0.0|    0.0|    0.0|F2              |
|  0|17.65|27880.4|  1| 0.00| 0.00|   0.000|   0.000|    0.000|   0.0|   0.0|    0.0| 0.000|   0.0|   0.000|   0.000|  0.00|   0.0|    0.0|    0.0|                |
+---+-----+-------+---+-----+-----+--------+--------+---------+------+------+-------+------+------+--------+--------+------+------+-------+-------+----------------+
+---+-----+-------+---+-----+-----+--------+--------+---------+------+------+-------+------+------+--------+--------+------+------+-------+-------+----------------+
|0-x| fr  |  time |hop| d0  | d1  |   fi   |  teta  |   dist  |  at  |  dev |   p   |  df  |  l   |   fot  |   tot  |  rot | lsp  |   pf  |    s  |                |
+---+-----+-------+---+-----+-----+--------+--------+---------+------+------+-------+------+------+--------+--------+------+------+-------+-------+----------------+
|  0|17.65|27892.1|  1| 0.00| 0.00|   0.000|   0.000|    0.000|   0.0|   0.0|    0.0| 0.000|   0.0|   0.000|   0.000|  0.00|   0.0|    0.0|    0.0|                |
|  0|17.65|27903.9|  1| 8.60| 9.73|  72.720|  49.097| 2699.358|  93.1|  -0.2| 2844.1| 0.000|   0.0|  58.300|  44.973|209.95|   0.0|    0.0|    0.0|F2              |
|  0|17.65|27915.6|  1| 0.00| 0.00|   0.000|   0.000|    0.000|   0.0|   0.0|    0.0| 0.000|   0.0|   0.000|   0.000|  0.00|   0.0|    0.0|    0.0|                |
|  0|17.65|27927.3|  1| 8.66| 9.81|  72.918|  49.215| 2720.145|  93.2|  -0.2| 2867.6| 0.000|   0.0|  58.466|  45.031|210.71|   0.0|    0.0|    0.0|F2              |
|  0|17.65|27938.7|  1| 7.11| 7.98|  71.494|  48.725| 2588.913|  93.2|  -0.2| 2702.9| 0.000|   0.0|  57.056|  44.749|197.21|   0.0|    0.0|    0.0|F2              |
|  0|17.65|27950.4|  1| 0.00| 0.00|   0.000|   0.000|    0.000|   0.0|   0.0|    0.0| 0.000|   0.0|   0.000|   0.000|  0.00|   0.0|    0.0|    0.0|                |
|  0|17.65|27962.1|  1| 8.34| 9.36|  71.917|  48.857| 2627.170|  93.2|  -0.2| 2761.6| 0.000|   0.0|  57.172|  44.768|206.97|   0.0|    0.0|    0.0|F2              |
|  0|17.65|27973.5|  1| 8.98|10.85|  80.890|  52.502| 3498.094|  92.9|  -0.4| 3723.0| 0.000|   0.0|  63.075|  46.075|219.94|   0.0|    0.0|    0.0|F2              |
|  0|17.65|27985.1|  1| 8.18| 9.16|  71.603|  48.836| 2602.505|  93.4|  -0.2| 2732.4| 0.000|   0.0|  57.076|  44.793|205.20|   0.0|    0.0|    0.0|F2              |
|  0|17.65|27996.7|  1| 8.42| 9.46|  71.948|  49.001| 2636.562|  93.5|  -0.2| 2772.9| 0.000|   0.0|  57.259|  44.851|207.68|   0.0|    0.0|    0.0|F2              |
|  0|17.65|28008.1|  1| 7.53| 8.42|  71.295|  48.780| 2576.590|  93.5|  -0.2| 2695.2| 0.000|   0.0|  56.962|  44.794|199.85|   0.0|    0.0|    0.0|F2              |
|  0|17.65|28019.8|  1| 5.10| 5.96|  73.275|  49.501| 2761.326|  93.5|  -0.1| 2862.0| 0.000|   0.0|  58.319|  45.059|187.36|   0.0|    0.0|    0.0|F2              |
|  0|17.65|28031.5|  1| 0.00| 0.00|   0.000|   0.000|    0.000|   0.0|   0.0|    0.0| 0.000|   0.0|   0.000|   0.000|  0.00|   0.0|    0.0|    0.0|                |
|  0|17.65|28043.0|  1| 8.02| 8.96|  71.482|  48.751| 2589.268|  93.3|  -0.2| 2715.7| 0.000|   0.0|  57.148|  44.786|203.65|   0.0|    0.0|    0.0|F2              |
|  0|17.65|28054.5|  1| 8.28| 9.27|  71.746|  48.841| 2613.563|  93.3|  -0.2| 2745.8| 0.000|   0.0|  57.159|  44.787|206.16|   0.0|    0.0|    0.0|F2              |
|  0|17.65|28066.1|  1| 7.58| 8.46|  71.288|  48.777| 2575.955|  93.5|  -0.2| 2695.2| 0.000|   0.0|  56.884|  44.778|200.21|   0.0|    0.0|    0.0|F2              |
|  0|17.65|28077.7|  1| 6.98| 7.82|  71.441|  48.884| 2592.655|  93.6|  -0.2| 2705.1| 0.000|   0.0|  56.940|  44.813|196.35|   0.0|    0.0|    0.0|F2              |
|  0|17.65|28089.3|  1| 8.55| 9.61|  72.512|  48.887| 2673.436|  92.8|  -0.2| 2814.9| 0.000|   0.0|  58.205|  44.884|208.93|   0.0|    0.0|    0.0|F2              |
|  0|17.65|28100.9|  1| 7.92| 8.83|  71.348|  48.793| 2581.277|  93.5|  -0.2| 2705.6| 0.000|   0.0|  57.086|  44.818|202.67|   0.0|    0.0|    0.0|F2              |
|  0|17.65|28112.6|  1| 0.00| 0.00|   0.000|   0.000|    0.000|   0.0|   0.0|    0.0| 0.000|   0.0|   0.000|   0.000|  0.00|   0.0|    0.0|    0.0|                |
+---+-----+-------+---+-----+-----+--------+--------+---------+------+------+-------+------+------+--------+--------+------+------+-------+-------+----------------+
+---+-----+-------+---+-----+-----+--------+--------+---------+------+------+-------+------+------+--------+--------+------+------+-------+-------+----------------+
|0-x| fr  |  time |hop| d0  | d1  |   fi   |  teta  |   dist  |  at  |  dev |   p   |  df  |  l   |   fot  |   tot  |  rot | lsp  |   pf  |    s  |                |
+---+-----+-------+---+-----+-----+--------+--------+---------+------+------+-------+------+------+--------+--------+------+------+-------+-------+----------------+
|  0|17.65|28123.9|  1| 8.76| 9.92|  73.003|  49.479| 2739.768|  93.7|  -0.2| 2890.4| 0.000|   0.0|  58.354|  45.125|211.79|   0.0|    0.0|    0.0|F2              |
|  0|17.65|28135.5|  1| 7.36| 8.22|  71.199|  48.923| 2576.328|  93.9|  -0.2| 2692.5| 0.000|   0.0|  57.003|  44.890|198.47|   0.0|    0.0|    0.0|F2              |
|  0|17.65|28147.3|  1| 8.82|10.02|  73.548|  49.544| 2784.060|  93.3|  -0.3| 2939.6| 0.000|   0.0|  58.781|  45.145|212.91|   0.0|    0.0|    0.0|F2              |
|  0|17.65|28158.9|  1| 7.48| 8.34|  71.320|  48.747| 2576.910|  93.4|  -0.2| 2694.8| 0.000|   0.0|  56.735|  44.728|199.54|   0.0|    0.0|    0.0|F2              |
|  0|17.65|28170.5|  1| 0.00| 0.00|   0.000|   0.000|    0.000|   0.0|   0.0|    0.0| 0.000|   0.0|   0.000|   0.000|  0.00|   0.0|    0.0|    0.0|                |
|  0|17.65|28181.9|  1| 8.72| 9.84|  72.993|  49.197| 2724.868|  93.1|  -0.2| 2873.4| 0.000|   0.0|  58.256|  44.964|211.32|   0.0|    0.0|    0.0|F2              |
|  0|17.65|28193.4|  1| 8.71| 9.82|  72.789|  49.261| 2712.670|  93.4|  -0.2| 2859.9| 0.000|   0.0|  58.232|  45.029|210.92|   0.0|    0.0|    0.0|F2              |
|  0|17.65|28205.0|  1| 7.45| 8.30|  71.412|  48.649| 2579.079|  93.1|  -0.2| 2696.6| 0.000|   0.0|  57.001|  44.716|199.30|   0.0|    0.0|    0.0|F2              |
|  0|17.65|28216.5|  1| 0.00| 0.00|   0.000|   0.000|    0.000|   0.0|   0.0|    0.0| 0.000|   0.0|   0.000|   0.000|  0.00|   0.0|    0.0|    0.0|                |
|  0|17.65|28228.0|  1| 7.22| 8.05|  71.359|  48.808| 2582.776|  93.5|  -0.2| 2697.5| 0.000|   0.0|  57.183|  44.840|197.49|   0.0|    0.0|    0.0|F2              |
|  0|17.65|28240.0|  1| 0.00| 0.00|   0.000|   0.000|    0.000|   0.0|   0.0|    0.0| 0.000|   0.0|   0.000|   0.000|  0.00|   0.0|    0.0|    0.0|                |
|  0|17.65|28251.8|  1| 7.18| 8.01|  71.403|  48.781| 2584.814|  93.4|  -0.2| 2699.1| 0.000|   0.0|  56.866|  44.754|197.54|   0.0|    0.0|    0.0|F2              |
|  0|17.65|28263.3|  1| 8.77| 9.89|  72.981|  49.379| 2733.081|  93.5|  -0.2| 2883.0| 0.000|   0.0|  58.594|  45.130|211.44|   0.0|    0.0|    0.0|F2              |
|  0|17.65|28275.0|  1| 5.51| 6.32|  72.751|  49.390| 2716.335|  93.7|  -0.1| 2818.8| 0.000|   0.0|  58.061|  45.050|188.82|   0.0|    0.0|    0.0|F2              |
|  0|17.65|28286.5|  1| 7.56| 8.41|  71.302|  48.740| 2575.219|  93.4|  -0.2| 2693.9| 0.000|   0.0|  56.901|  44.760|199.96|   0.0|    0.0|    0.0|F2              |
|  0|17.65|28298.3|  1| 0.00| 0.00|   0.000|   0.000|    0.000|   0.0|   0.0|    0.0| 0.000|   0.0|   0.000|   0.000|  0.00|   0.0|    0.0|    0.0|                |
|  0|17.65|28310.1|  1| 7.16| 7.97|  71.470|  48.718| 2586.762|  93.2|  -0.2| 2700.9| 0.000|   0.0|  57.120|  44.762|197.28|   0.0|    0.0|    0.0|F2              |
|  0|17.65|28321.7|  1| 7.94| 8.82|  71.383|  48.719| 2580.252|  93.3|  -0.2| 2704.5| 0.000|   0.0|  56.780|  44.714|202.87|   0.0|    0.0|    0.0|F2              |
|  0|17.65|28333.1|  1| 7.58| 8.42|  71.358|  48.672| 2576.100|  93.2|  -0.2| 2695.0| 0.000|   0.0|  56.966|  44.730|200.10|   0.0|    0.0|    0.0|F2              |
|  0|17.65|28344.6|  1| 8.70| 9.77|  72.814|  49.041| 2703.738|  92.9|  -0.2| 2849.8| 0.000|   0.0|  58.508|  44.969|210.33|   0.0|    0.0|    0.0|F2              |
+---+-----+-------+---+-----+-----+--------+--------+---------+------+------+-------+------+------+--------+--------+------+------+-------+-------+----------------+
+---+-----+-------+---+-----+-----+--------+--------+---------+------+------+-------+------+------+--------+--------+------+------+-------+-------+----------------+
|0-x| fr  |  time |hop| d0  | d1  |   fi   |  teta  |   dist  |  at  |  dev |   p   |  df  |  l   |   fot  |   tot  |  rot | lsp  |   pf  |    s  |                |
+---+-----+-------+---+-----+-----+--------+--------+---------+------+------+-------+------+------+--------+--------+------+------+-------+-------+----------------+
|  0|17.65|28344.6|  1| 6.38| 7.17|  72.045|  48.845| 2636.245|  93.1|  -0.1| 2743.9| 0.000|   0.0|  57.650|  44.825|192.74|   0.0|    0.0|    0.0|F2              |
|  0|17.65|28356.5|  1| 7.62| 8.46|  71.414|  48.604| 2577.092|  93.0|  -0.2| 2696.6| 0.000|   0.0|  56.850|  44.664|200.48|   0.0|    0.0|    0.0|F2              |
|  0|17.65|28368.2|  1| 9.06|10.74|  79.417|  51.881| 3351.572|  93.0|  -0.4| 3563.4| 0.000|   0.0|  61.894|  45.809|219.60|   0.0|    0.0|    0.0|F2              |
|  0|17.65|28379.6|  1| 7.08| 7.88|  71.536|  48.699| 2590.785|  93.1|  -0.2| 2704.1| 0.000|   0.0|  57.193|  44.755|196.75|   0.0|    0.0|    0.0|F2              |
|  0|17.65|28391.1|  1| 8.56| 9.56|  72.177|  48.949| 2651.218|  93.2|  -0.2| 2790.5| 0.000|   0.0|  57.884|  44.911|208.50|   0.0|    0.0|    0.0|F2              |
|  0|17.65|28402.8|  1| 7.69| 8.53|  71.380|  48.635| 2575.984|  93.1|  -0.2| 2696.3| 0.000|   0.0|  57.014|  44.718|200.83|   0.0|    0.0|    0.0|F2              |
|  0|17.65|28414.5|  1| 7.15| 7.95|  71.531|  48.652| 2588.218|  93.0|  -0.2| 2702.2| 0.000|   0.0|  57.113|  44.717|197.25|   0.0|    0.0|    0.0|F2              |
|  0|17.65|28426.1|  1| 6.99| 7.78|  71.584|  48.717| 2595.294|  93.1|  -0.2| 2707.7| 0.000|   0.0|  57.263|  44.769|196.15|   0.0|    0.0|    0.0|F2              |
|  0|17.65|28437.7|  1| 7.99| 8.86|  71.418|  48.688| 2581.406|  93.2|  -0.2| 2706.4| 0.000|   0.0|  57.054|  44.746|203.12|   0.0|    0.0|    0.0|F2              |
|  0|17.65|28449.3|  1| 7.77| 8.61|  71.382|  48.635| 2576.115|  93.1|  -0.2| 2697.6| 0.000|   0.0|  56.751|  44.666|201.51|   0.0|    0.0|    0.0|F2              |
|  0|17.65|28461.0|  1| 7.37| 8.18|  71.390|  48.687| 2579.263|  93.2|  -0.2| 2695.5| 0.000|   0.0|  57.057|  44.749|198.56|   0.0|    0.0|    0.0|F2              |
|  0|17.65|28472.6|  1| 7.75| 8.58|  71.407|  48.600| 2576.367|  93.0|  -0.2| 2697.5| 0.000|   0.0|  56.767|  44.648|201.36|   0.0|    0.0|    0.0|F2              |
|  0|17.65|28484.1|  1| 8.60| 9.59|  72.421|  48.811| 2662.901|  92.7|  -0.2| 2803.6| 0.000|   0.0|  57.400|  44.702|209.39|   0.0|    0.0|    0.0|F2              |
|  0|17.65|28484.1|  1| 8.54| 9.51|  72.258|  48.754| 2647.878|  92.7|  -0.2| 2786.4| 0.000|   0.0|  57.907|  44.802|208.27|   0.0|    0.0|    0.0|F2              |
|  0|17.65|28495.6|  1| 0.00| 0.00|   0.000|   0.000|    0.000|   0.0|   0.0|    0.0| 0.000|   0.0|   0.000|   0.000|  0.00|   0.0|    0.0|    0.0|                |
|  0|17.65|28495.6|  1| 6.58| 7.34|  72.032|  48.616| 2624.240|  92.6|  -0.1| 2733.4| 0.000|   0.0|  57.507|  44.685|193.98|   0.0|    0.0|    0.0|F2              |
|  0|17.65|28507.3|  1| 7.58| 8.39|  71.344|  48.668| 2574.930|  93.2|  -0.2| 2693.6| 0.000|   0.0|  56.737|  44.685|200.08|   0.0|    0.0|    0.0|F2              |
|  0|17.65|28518.8|  1| 7.68| 8.50|  71.309|  48.698| 2573.662|  93.3|  -0.2| 2693.6| 0.000|   0.0|  57.088|  44.776|200.54|   0.0|    0.0|    0.0|F2              |
|  0|17.65|28530.4|  1| 7.75| 8.57|  71.339|  48.664| 2574.344|  93.2|  -0.2| 2695.3| 0.000|   0.0|  57.038|  44.744|201.12|   0.0|    0.0|    0.0|F2              |
|  0|17.65|28541.9|  1| 6.98| 7.75|  71.620|  48.687| 2596.551|  93.1|  -0.1| 2708.8| 0.000|   0.0|  57.046|  44.704|196.29|   0.0|    0.0|    0.0|F2              |
+---+-----+-------+---+-----+-----+--------+--------+---------+------+------+-------+------+------+--------+--------+------+------+-------+-------+----------------+
+---+-----+-------+---+-----+-----+--------+--------+---------+------+------+-------+------+------+--------+--------+------+------+-------+-------+----------------+
|0-x| fr  |  time |hop| d0  | d1  |   fi   |  teta  |   dist  |  at  |  dev |   p   |  df  |  l   |   fot  |   tot  |  rot | lsp  |   pf  |    s  |                |
+---+-----+-------+---+-----+-----+--------+--------+---------+------+------+-------+------+------+--------+--------+------+------+-------+-------+----------------+
|  0|17.65|28553.6|  1| 7.81| 8.64|  71.344|  48.665| 2574.729|  93.2|  -0.2| 2696.5| 0.000|   0.0|  56.985|  44.733|201.61|   0.0|    0.0|    0.0|F2              |
|  0|17.65|28565.7|  1| 8.30| 9.19|  71.663|  48.726| 2601.685|  93.1|  -0.2| 2732.6| 0.000|   0.0|  57.169|  44.746|205.79|   0.0|    0.0|    0.0|F2              |
|  0|17.65|28577.3|  1| 8.09| 8.95|  71.347|  48.793| 2581.131|  93.5|  -0.2| 2707.3| 0.000|   0.0|  56.905|  44.781|203.80|   0.0|    0.0|    0.0|F2              |
|  0|17.65|28588.9|  1| 6.93| 7.70|  71.593|  48.766| 2598.340|  93.3|  -0.1| 2710.1| 0.000|   0.0|  57.340|  44.806|195.63|   0.0|    0.0|    0.0|F2              |
|  0|17.65|28600.3|  1| 8.16| 9.03|  71.454|  48.742| 2586.732|  93.3|  -0.2| 2714.3| 0.000|   0.0|  56.836|  44.725|204.48|   0.0|    0.0|    0.0|F2              |
|  0|17.65|28612.0|  1| 8.13| 8.99|  71.430|  48.735| 2584.614|  93.3|  -0.2| 2711.6| 0.000|   0.0|  56.848|  44.727|204.22|   0.0|    0.0|    0.0|F2              |
|  0|17.65|28623.5|  1| 8.46| 9.38|  71.908|  48.766| 2622.095|  93.0|  -0.2| 2757.0| 0.000|   0.0|  57.115|  44.713|207.45|   0.0|    0.0|    0.0|F2              |
|  0|17.65|28634.9|  1| 6.99| 7.75|  71.586|  48.719| 2595.607|  93.2|  -0.1| 2707.9| 0.000|   0.0|  57.264|  44.769|196.06|   0.0|    0.0|    0.0|F2              |
|  0|17.65|28646.7|  1| 6.81| 7.56|  71.672|  48.796| 2605.761|  93.3|  -0.1| 2716.4| 0.000|   0.0|  57.167|  44.772|195.21|   0.0|    0.0|    0.0|F2              |
|  0|17.65|28658.3|  1| 5.41| 6.16|  73.115|  49.205| 2734.481|  93.0|  -0.1| 2836.6| 0.000|   0.0|  58.182|  44.913|188.55|   0.0|    0.0|    0.0|F2              |
|  0|17.65|28670.2|  1| 0.00| 0.00|   0.000|   0.000|    0.000|   0.0|   0.0|    0.0| 0.000|   0.0|   0.000|   0.000|  0.00|   0.0|    0.0|    0.0|                |
|  0|17.65|28670.2|  1| 8.76| 9.77|  72.411|  49.260| 2684.197|  93.7|  -0.2| 2829.1| 0.000|   0.0|  58.132|  45.078|210.33|   0.0|    0.0|    0.0|F2              |
|  0|17.65|28681.8|  1| 0.00| 0.00|   0.000|   0.000|    0.000|   0.0|   0.0|    0.0| 0.000|   0.0|   0.000|   0.000|  0.00|   0.0|    0.0|    0.0|                |
|  0|17.65|28693.3|  1| 8.72| 9.71|  72.407|  49.077| 2674.845|  93.3|  -0.2| 2818.2| 0.000|   0.0|  58.240|  45.008|209.70|   0.0|    0.0|    0.0|F2              |
|  0|17.65|28704.9|  1| 0.00| 0.00|   0.000|   0.000|    0.000|   0.0|   0.0|    0.0| 0.000|   0.0|   0.000|   0.000|  0.00|   0.0|    0.0|    0.0|                |
|  0|17.65|28716.5|  1| 6.75| 7.49|  71.604|  48.950| 2608.095|  93.7|  -0.1| 2718.1| 0.000|   0.0|  57.219|  44.871|194.70|   0.0|    0.0|    0.0|F2              |
|  0|17.65|28728.0|  1| 8.60| 9.54|  72.069|  48.912| 2641.322|  93.2|  -0.2| 2779.9| 0.000|   0.0|  57.926|  44.920|208.24|   0.0|    0.0|    0.0|F2              |
|  0|17.65|28739.7|  1| 0.00| 0.00|   0.000|   0.000|    0.000|   0.0|   0.0|    0.0| 0.000|   0.0|   0.000|   0.000|  0.00|   0.0|    0.0|    0.0|                |
|  0|17.65|28739.7|  1| 7.59| 8.37|  71.209|  48.796| 2570.927|  93.6|  -0.2| 2689.2| 0.000|   0.0|  56.702|  44.764|199.93|   0.0|    0.0|    0.0|F2              |
|  0|17.65|28751.3|  1| 5.70| 6.43|  72.788|  49.080| 2703.704|  93.0|  -0.1| 2807.2| 0.000|   0.0|  57.931|  44.861|189.79|   0.0|    0.0|    0.0|F2              |
+---+-----+-------+---+-----+-----+--------+--------+---------+------+------+-------+------+------+--------+--------+------+------+-------+-------+----------------+
+---+-----+-------+---+-----+-----+--------+--------+---------+------+------+-------+------+------+--------+--------+------+------+-------+-------+----------------+
|0-x| fr  |  time |hop| d0  | d1  |   fi   |  teta  |   dist  |  at  |  dev |   p   |  df  |  l   |   fot  |   tot  |  rot | lsp  |   pf  |    s  |                |
+---+-----+-------+---+-----+-----+--------+--------+---------+------+------+-------+------+------+--------+--------+------+------+-------+-------+----------------+
|  0|17.65|28763.1|  1| 0.00| 0.00|   0.000|   0.000|    0.000|   0.0|   0.0|    0.0| 0.000|   0.0|   0.000|   0.000|  0.00|   0.0|    0.0|    0.0|                |
|  0|17.65|28763.1|  1| 0.00| 0.00|   0.000|   0.000|    0.000|   0.0|   0.0|    0.0| 0.000|   0.0|   0.000|   0.000|  0.00|   0.0|    0.0|    0.0|                |
|  0|17.65|28774.7|  1| 6.57| 7.29|  71.999|  48.695| 2625.492|  92.8|  -0.1| 2734.4| 0.000|   0.0|  57.496|  44.727|193.80|   0.0|    0.0|    0.0|F2              |
|  0|17.65|28785.9|  1| 7.78| 8.57|  71.375|  48.591| 2573.525|  93.0|  -0.2| 2694.5| 0.000|   0.0|  56.985|  44.690|201.29|   0.0|    0.0|    0.0|F2              |
|  0|17.65|28797.3|  1| 6.80| 7.53|  71.798|  48.665| 2608.937|  92.9|  -0.1| 2719.6| 0.000|   0.0|  57.204|  44.692|195.19|   0.0|    0.0|    0.0|F2              |
|  0|17.65|28797.3|  1| 5.22| 5.96|  73.395|  49.265| 2758.546|  92.9|  -0.1| 2859.8| 0.000|   0.0|  58.159|  44.886|188.06|   0.0|    0.0|    0.0|F2              |
|  0|17.65|28797.3|  1| 6.15| 6.87|  72.376|  48.834| 2660.659|  92.8|  -0.1| 2766.7| 0.000|   0.0|  57.477|  44.725|192.00|   0.0|    0.0|    0.0|F2              |
|  0|17.65|28797.3|  1| 5.71| 6.44|  72.669|  49.220| 2701.638|  93.4|  -0.1| 2805.1| 0.000|   0.0|  57.891|  44.945|189.75|   0.0|    0.0|    0.0|F2              |
|  0|17.65|28797.3|  1| 5.40| 6.13|  73.115|  49.252| 2736.848|  93.1|  -0.1| 2838.9| 0.000|   0.0|  58.207|  44.942|188.44|   0.0|    0.0|    0.0|F2              |
|  0|17.65|28797.3|  1| 0.00| 0.00|   0.000|   0.000|    0.000|   0.0|   0.0|    0.0| 0.000|   0.0|   0.000|   0.000|  0.00|   0.0|    0.0|    0.0|                |
|  0|17.65|28797.3|  1| 6.77| 7.50|  71.791|  48.707| 2610.448|  93.0|  -0.1| 2720.8| 0.000|   0.0|  57.268|  44.727|194.94|   0.0|    0.0|    0.0|F2              |
+---+-----+-------+---+-----+-----+--------+--------+---------+------+------+-------+------+------+--------+--------+------+------+-------+-------+----------------+