
delt0=       1  eps=   1e-05  ep=   1e-06  ep1=   0.001
Geomagnetic Field - const
fh= 1.34  i=  65.2  d=   6.8
Number TID: 1
Tid Parametres
  delt   lamb     t     b      a     fi
0.000   200.0  20.0 -45.0   45.0   0.000
delta=-0.000  r0= 200.0  lon=  39.000 lat=  55.000
Beta=  20.0  Alfa=   0.0 aX=  20.0 aY= 100.0 aZ=  20.0


Number diff. equation: 6

+==============================================================================+
|   Medium characteristics Sunspot number=   1.3 IG= -10.2   GMT time:07:00    |
|------------------------------------------------------------------------------|
|   S   | fh |  I  |   D  | fd |  hd | fe |  he | ff1 | hf1 | ff2 | hf2 |   Hi |
|-------+----+-----+------+----+-----+----+-----+-----+-----+-----+-----+------|
|    0.0|1.25| 58.8|   3.1|0.18| 81.3|2.42|110.0| 0.00|  0.0| 4.77|216.0|  72.9|
+==============================================================================+

+==================================+
|       Es-layer parametres        |
|----------------------------------|
|   S   | hEs | fbEs | f0Es | P Es |
|-------+-----+------+------+------|
|    0.0|108.1| 2.90 | 3.37 | 67.6 |
+==================================+

|  0|17.65|25204.4|  1| 0.00| 0.00|   0.000|   0.000|    0.000|   0.0|   0.0|    0.0| 0.000|   0.0|   0.000|   0.000|  0.00|   0.0|    0.0|    0.0|                |
|  0|17.65|25204.4|  1| 0.16| 3.43|  79.857|  52.073| 3395.673|  93.0|  -0.1| 3489.1| 0.000|   0.0|  63.390|  46.140|178.71|   0.0|    0.0|    0.0|F2              |
|  0|17.65|25215.9|  1| 6.47| 8.33|  73.380|  49.071| 2747.870|  92.5|  -0.2| 2872.5| 0.000|   0.0|  58.398|  44.857|201.16|   0.0|    0.0|    0.0|F2              |
|  0|17.65|25227.6|  1| 4.36| 6.19|  74.250|  49.531| 2836.316|  92.8|  -0.1| 2939.3| 0.000|   0.0|  59.878|  45.226|187.03|   0.0|    0.0|    0.0|F2              |
|  0|17.65|25239.2|  1| 6.69| 8.66|  74.769|  48.333| 2817.292|  89.8|  -0.3| 2951.0| 0.000|   0.0|  60.042|  44.539|203.83|   0.0|    0.0|    0.0|F2              |
|  0|17.65|25239.2|  1| 0.00| 0.00|   0.000|   0.000|    0.000|   0.0|   0.0|    0.0| 0.000|   0.0|   0.000|   0.000|  0.00|   0.0|    0.0|    0.0|                |
|  0|17.65|25239.2|  1| 4.59| 6.39|  73.954|  49.511| 2813.031|  92.9|  -0.2| 2917.2| 0.000|   0.0|  59.064|  45.099|189.29|   0.0|    0.0|    0.0|F2              |
|  0|17.65|25250.8|  1| 6.36| 8.20|  73.439|  48.909| 2744.334|  92.1|  -0.2| 2867.0| 0.000|   0.0|  58.345|  44.754|200.34|   0.0|    0.0|    0.0|F2              |
|  0|17.65|25262.3|  1| 0.00| 0.00|   0.000|   0.000|    0.000|   0.0|   0.0|    0.0| 0.000|   0.0|   0.000|   0.000|  0.00|   0.0|    0.0|    0.0|                |
|  0|17.65|25273.7|  1| 0.00| 0.00|   0.000|   0.000|    0.000|   0.0|   0.0|    0.0| 0.000|   0.0|   0.000|   0.000|  0.00|   0.0|    0.0|    0.0|                |
|  0|17.65|25285.2|  1| 0.00| 0.00|   0.000|   0.000|    0.000|   0.0|   0.0|    0.0| 0.000|   0.0|   0.000|   0.000|  0.00|   0.0|    0.0|    0.0|                |
|  0|17.65|25296.7|  1| 6.54| 8.39|  73.432|  49.043| 2750.438|  92.4|  -0.2| 2876.0| 0.000|   0.0|  58.283|  44.811|201.64|   0.0|    0.0|    0.0|F2              |
|  0|17.65|25308.3|  1| 5.36| 7.16|  74.723|  47.738| 2786.738|  88.6|  -0.2| 2899.1| 0.000|   0.0|  59.050|  44.064|194.88|   0.0|    0.0|    0.0|F2              |
|  0|17.65|25308.3|  1| 7.16| 9.14|  73.464|  50.430| 2823.964|  95.3|  -0.2| 2964.8| 0.000|   0.0|  59.250|  45.728|206.47|   0.0|    0.0|    0.0|F2              |
|  0|17.65|25308.3|  1| 0.00| 0.00|   0.000|   0.000|    0.000|   0.0|   0.0|    0.0| 0.000|   0.0|   0.000|   0.000|  0.00|   0.0|    0.0|    0.0|                |
|  0|17.65|25319.8|  1| 7.43| 9.66|  75.525|  51.416| 3032.735|  95.4|  -0.3| 3196.4| 0.000|   0.0|  60.405|  46.074|211.80|   0.0|    0.0|    0.0|F2              |
|  0|17.65|25319.8|  1| 0.00| 0.00|   0.000|   0.000|    0.000|   0.0|   0.0|    0.0| 0.000|   0.0|   0.000|   0.000|  0.00|   0.0|    0.0|    0.0|                |
|  0|17.65|25319.8|  1| 5.90| 7.67|  73.520|  48.716| 2741.162|  91.6|  -0.2| 2857.0| 0.000|   0.0|  58.522|  44.674|196.90|   0.0|    0.0|    0.0|F2              |
+---+-----+-------+---+-----+-----+--------+--------+---------+------+------+-------+------+------+--------+--------+------+------+-------+-------+----------------+
+---+-----+-------+---+-----+-----+--------+--------+---------+------+------+-------+------+------+--------+--------+------+------+-------+-------+----------------+
|0-x| fr  |  time |hop| d0  | d1  |   fi   |  teta  |   dist  |  at  |  dev |   p   |  df  |  l   |   fot  |   tot  |  rot | lsp  |   pf  |    s  |                |
+---+-----+-------+---+-----+-----+--------+--------+---------+------+------+-------+------+------+--------+--------+------+------+-------+-------+----------------+
|  0|17.65|25331.6|  1| 0.17| 3.42|  80.211|  51.646| 3398.234|  92.0|  -0.1| 3491.8| 0.000|   0.0|  63.512|  45.865|178.87|   0.0|    0.0|    0.0|F2              |
|  0|17.65|25343.2|  1| 6.56| 8.39|  73.384|  49.073| 2748.202|  92.5|  -0.2| 2873.8| 0.000|   0.0|  58.265|  44.831|201.63|   0.0|    0.0|    0.0|F2              |
|  0|17.65|25354.6|  1| 7.19| 9.17|  73.613|  50.394| 2833.203|  95.1|  -0.2| 2975.2| 0.000|   0.0|  59.259|  45.679|206.92|   0.0|    0.0|    0.0|F2              |
|  0|17.65|25354.6|  1| 5.65| 7.38|  73.162|  49.196| 2737.577|  92.9|  -0.2| 2849.6| 0.000|   0.0|  59.062|  45.094|193.65|   0.0|    0.0|    0.0|F2              |
|  0|17.65|25366.1|  1| 0.00| 0.00|   0.000|   0.000|    0.000|   0.0|   0.0|    0.0| 0.000|   0.0|   0.000|   0.000|  0.00|   0.0|    0.0|    0.0|                |
|  0|17.65|25377.8|  1| 0.00| 0.00|   0.000|   0.000|    0.000|   0.0|   0.0|    0.0| 0.000|   0.0|   0.000|   0.000|  0.00|   0.0|    0.0|    0.0|                |
|  0|17.65|25389.2|  1| 0.00| 0.00|   0.000|   0.000|    0.000|   0.0|   0.0|    0.0| 0.000|   0.0|   0.000|   0.000|  0.00|   0.0|    0.0|    0.0|                |
|  0|17.65|25389.2|  1| 0.00| 0.00|   0.000|   0.000|    0.000|   0.0|   0.0|    0.0| 0.000|   0.0|   0.000|   0.000|  0.00|   0.0|    0.0|    0.0|                |
|  0|17.65|25389.2|  1| 5.53| 7.25|  73.251|  49.184| 2743.700|  92.8|  -0.2| 2854.6| 0.000|   0.0|  59.086|  45.076|192.96|   0.0|    0.0|    0.0|F2              |
|  0|17.65|25400.7|  1| 0.00| 0.00|   0.000|   0.000|    0.000|   0.0|   0.0|    0.0| 0.000|   0.0|   0.000|   0.000|  0.00|   0.0|    0.0|    0.0|                |
|  0|17.65|25412.3|  1| 0.00| 0.00|   0.000|   0.000|    0.000|   0.0|   0.0|    0.0| 0.000|   0.0|   0.000|   0.000|  0.00|   0.0|    0.0|    0.0|                |
|  0|17.65|25423.8|  1| 0.00| 0.00|   0.000|   0.000|    0.000|   0.0|   0.0|    0.0| 0.000|   0.0|   0.000|   0.000|  0.00|   0.0|    0.0|    0.0|                |
|  0|17.65|25435.2|  1| 6.03| 7.75|  73.137|  49.041| 2728.055|  92.6|  -0.2| 2844.3| 0.000|   0.0|  58.205|  44.844|197.18|   0.0|    0.0|    0.0|F2              |
|  0|17.65|25446.9|  1| 1.59| 3.92|  77.469|  51.872| 3204.517|  94.6|  -0.1| 3298.8| 0.000|   0.0|  61.391|  46.085|180.07|   0.0|    0.0|    0.0|F2              |
|  0|17.65|25446.9|  1| 0.00| 0.00|   0.000|   0.000|    0.000|   0.0|   0.0|    0.0| 0.000|   0.0|   0.000|   0.000|  0.00|   0.0|    0.0|    0.0|                |
|  0|17.65|25458.3|  1| 7.17| 9.16|  74.509|  49.674| 2863.120|  92.8|  -0.3| 3007.3| 0.000|   0.0|  59.604|  45.204|207.74|   0.0|    0.0|    0.0|F2              |
|  0|17.65|25469.7|  1| 0.00| 0.00|   0.000|   0.000|    0.000|   0.0|   0.0|    0.0| 0.000|   0.0|   0.000|   0.000|  0.00|   0.0|    0.0|    0.0|                |
|  0|17.65|25481.2|  1| 0.00| 0.00|   0.000|   0.000|    0.000|   0.0|   0.0|    0.0| 0.000|   0.0|   0.000|   0.000|  0.00|   0.0|    0.0|    0.0|                |
|  0|17.65|25492.7|  1| 0.00| 0.00|   0.000|   0.000|    0.000|   0.0|   0.0|    0.0| 0.000|   0.0|   0.000|   0.000|  0.00|   0.0|    0.0|    0.0|                |
|  0|17.65|25504.2|  1| 0.00| 0.00|   0.000|   0.000|    0.000|   0.0|   0.0|    0.0| 0.000|   0.0|   0.000|   0.000|  0.00|   0.0|    0.0|    0.0|                |
+---+-----+-------+---+-----+-----+--------+--------+---------+------+------+-------+------+------+--------+--------+------+------+-------+-------+----------------+
+---+-----+-------+---+-----+-----+--------+--------+---------+------+------+-------+------+------+--------+--------+------+------+-------+-------+----------------+
|0-x| fr  |  time |hop| d0  | d1  |   fi   |  teta  |   dist  |  at  |  dev |   p   |  df  |  l   |   fot  |   tot  |  rot | lsp  |   pf  |    s  |                |
+---+-----+-------+---+-----+-----+--------+--------+---------+------+------+-------+------+------+--------+--------+------+------+-------+-------+----------------+
|  0|17.65|25515.3|  1| 0.00| 0.00|   0.000|   0.000|    0.000|   0.0|   0.0|    0.0| 0.000|   0.0|   0.000|   0.000|  0.00|   0.0|    0.0|    0.0|                |
|  0|17.65|25515.3|  1| 4.71| 6.41|  73.934|  49.408| 2806.346|  92.7|  -0.2| 2910.9| 0.000|   0.0|  58.827|  45.000|189.71|   0.0|    0.0|    0.0|F2              |
|  0|17.65|25527.3|  1| 5.71| 7.38|  73.057|  49.251| 2732.365|  93.1|  -0.2| 2844.4| 0.000|   0.0|  58.299|  44.981|194.73|   0.0|    0.0|    0.0|F2              |
|  0|17.65|25539.1|  1| 0.00| 0.00|   0.000|   0.000|    0.000|   0.0|   0.0|    0.0| 0.000|   0.0|   0.000|   0.000|  0.00|   0.0|    0.0|    0.0|                |
|  0|17.65|25539.1|  1| 5.77| 7.45|  73.258|  48.998| 2735.112|  92.4|  -0.2| 2848.2| 0.000|   0.0|  58.256|  44.809|195.39|   0.0|    0.0|    0.0|F2              |
|  0|17.65|25550.7|  1| 6.19| 7.88|  73.069|  49.061| 2723.894|  92.7|  -0.2| 2841.7| 0.000|   0.0|  58.149|  44.856|198.03|   0.0|    0.0|    0.0|F2              |
|  0|17.65|25562.5|  1| 6.15| 7.84|  73.169|  48.959| 2726.484|  92.4|  -0.2| 2844.0| 0.000|   0.0|  58.232|  44.803|197.83|   0.0|    0.0|    0.0|F2              |
|  0|17.65|25574.1|  1| 7.17| 9.28|  77.109|  48.485| 3000.915|  88.5|  -0.3| 3157.2| 0.000|   0.0|  60.573|  44.301|211.10|   0.0|    0.0|    0.0|F2              |
|  0|17.65|25574.1|  1| 0.00| 0.00|   0.000|   0.000|    0.000|   0.0|   0.0|    0.0| 0.000|   0.0|   0.000|   0.000|  0.00|   0.0|    0.0|    0.0|                |
|  0|17.65|25574.1|  1| 7.38| 9.37|  74.327|  50.541| 2894.715|  94.7|  -0.3| 3044.5| 0.000|   0.0|  59.520|  45.666|209.22|   0.0|    0.0|    0.0|F2              |
|  0|17.65|25574.1|  1| 4.96| 6.64|  73.892|  49.104| 2788.057|  92.1|  -0.2| 2894.4| 0.000|   0.0|  58.759|  44.842|190.99|   0.0|    0.0|    0.0|F2              |
|  0|17.65|25585.8|  1| 0.00| 0.00|   0.000|   0.000|    0.000|   0.0|   0.0|    0.0| 0.000|   0.0|   0.000|   0.000|  0.00|   0.0|    0.0|    0.0|                |
|  0|17.65|25585.8|  1| 6.99| 8.83|  73.806|  49.270| 2789.753|  92.6|  -0.2| 2924.5| 0.000|   0.0|  59.383|  45.082|204.52|   0.0|    0.0|    0.0|F2              |
|  0|17.65|25597.5|  1| 6.08| 7.75|  73.032|  49.096| 2722.829|  92.8|  -0.2| 2838.9| 0.000|   0.0|  58.108|  44.871|197.13|   0.0|    0.0|    0.0|F2              |
|  0|17.65|25609.1|  1| 6.23| 7.91|  73.091|  49.022| 2723.646|  92.6|  -0.2| 2841.9| 0.000|   0.0|  58.869|  44.979|197.42|   0.0|    0.0|    0.0|F2              |
|  0|17.65|25620.9|  1| 6.82| 8.47|  71.197|  51.006| 2685.796|  98.5|  -0.2| 2808.7| 0.000|   0.0|  57.189|  45.969|200.51|   0.0|    0.0|    0.0|F2              |
|  0|17.65|25620.9|  1| 6.20| 7.87|  73.052|  49.055| 2722.339|  92.7|  -0.2| 2840.0| 0.000|   0.0|  58.893|  45.008|197.02|   0.0|    0.0|    0.0|F2              |
|  0|17.65|25632.7|  1| 0.00| 0.00|   0.000|   0.000|    0.000|   0.0|   0.0|    0.0| 0.000|   0.0|   0.000|   0.000|  0.00|   0.0|    0.0|    0.0|                |
|  0|17.65|25632.7|  1| 0.00| 0.00|   0.000|   0.000|    0.000|   0.0|   0.0|    0.0| 0.000|   0.0|   0.000|   0.000|  0.00|   0.0|    0.0|    0.0|                |
|  0|17.65|25632.7|  1| 5.55| 7.19|  73.232|  49.180| 2742.083|  92.8|  -0.2| 2852.5| 0.000|   0.0|  58.309|  44.914|193.77|   0.0|    0.0|    0.0|F2              |
+---+-----+-------+---+-----+-----+--------+--------+---------+------+------+-------+------+------+--------+--------+------+------+-------+-------+----------------+
+---+-----+-------+---+-----+-----+--------+--------+---------+------+------+-------+------+------+--------+--------+------+------+-------+-------+----------------+
|0-x| fr  |  time |hop| d0  | d1  |   fi   |  teta  |   dist  |  at  |  dev |   p   |  df  |  l   |   fot  |   tot  |  rot | lsp  |   pf  |    s  |                |
+---+-----+-------+---+-----+-----+--------+--------+---------+------+------+-------+------+------+--------+--------+------+------+-------+-------+----------------+
|  0|17.65|25644.5|  1| 0.00| 0.00|   0.000|   0.000|    0.000|   0.0|   0.0|    0.0| 0.000|   0.0|   0.000|   0.000|  0.00|   0.0|    0.0|    0.0|                |
|  0|17.65|25644.5|  1| 6.00| 7.65|  73.105|  49.032| 2725.180|  92.6|  -0.2| 2840.3| 0.000|   0.0|  58.919|  44.990|195.59|   0.0|    0.0|    0.0|F2              |
|  0|17.65|25656.1|  1| 6.20| 7.85|  73.043|  49.052| 2721.540|  92.7|  -0.2| 2839.1| 0.000|   0.0|  58.037|  44.833|197.90|   0.0|    0.0|    0.0|F2              |
|  0|17.65|25667.7|  1| 6.74| 8.47|  73.430|  48.997| 2747.985|  92.3|  -0.2| 2875.3| 0.000|   0.0|  58.267|  44.784|202.44|   0.0|    0.0|    0.0|F2              |
|  0|17.65|25679.3|  1| 5.98| 7.61|  73.071|  49.067| 2724.366|  92.7|  -0.2| 2839.0| 0.000|   0.0|  58.117|  44.850|196.34|   0.0|    0.0|    0.0|F2              |
|  0|17.65|25691.0|  1| 5.86| 7.48|  73.143|  49.049| 2728.863|  92.6|  -0.2| 2842.2| 0.000|   0.0|  58.190|  44.842|195.59|   0.0|    0.0|    0.0|F2              |
|  0|17.65|25702.6|  1| 5.26| 6.88|  73.526|  49.154| 2762.912|  92.5|  -0.2| 2870.9| 0.000|   0.0|  58.433|  44.870|192.23|   0.0|    0.0|    0.0|F2              |
|  0|17.65|25714.2|  1| 2.85| 4.74|  76.327|  50.331| 3034.082|  92.7|  -0.1| 3131.1| 0.000|   0.0|  60.273|  45.293|183.08|   0.0|    0.0|    0.0|F2              |
|  0|17.65|25725.9|  1| 7.32| 9.26|  74.908|  49.632| 2890.988|  92.4|  -0.3| 3039.2| 0.000|   0.0|  59.683|  45.120|209.04|   0.0|    0.0|    0.0|F2              |
|  0|17.65|25737.4|  1| 3.88| 5.60|  74.999|  49.685| 2900.560|  92.5|  -0.1| 3000.9| 0.000|   0.0|  59.573|  45.087|186.17|   0.0|    0.0|    0.0|F2              |
|  0|17.65|25749.1|  1| 4.19| 5.87|  74.625|  49.536| 2864.814|  92.5|  -0.1| 2966.5| 0.000|   0.0|  59.153|  44.997|187.44|   0.0|    0.0|    0.0|F2              |
|  0|17.65|25760.7|  1| 6.96| 8.79|  75.386|  47.922| 2844.927|  88.5|  -0.3| 2983.6| 0.000|   0.0|  60.076|  44.220|206.10|   0.0|    0.0|    0.0|F2              |
|  0|17.65|25760.7|  1| 6.27| 7.85|  72.172|  49.880| 2697.880|  95.2|  -0.2| 2814.0| 0.000|   0.0|  58.402|  45.501|196.34|   0.0|    0.0|    0.0|F2              |
|  0|17.65|25772.6|  1| 6.21| 7.76|  71.715|  50.348| 2688.357|  96.6|  -0.2| 2802.8| 0.000|   0.0|  57.628|  45.644|196.21|   0.0|    0.0|    0.0|F2              |
|  0|17.65|25772.6|  1| 6.74| 8.47|  74.520|  48.022| 2784.229|  89.4|  -0.2| 2914.4| 0.000|   0.0|  59.665|  44.350|202.81|   0.0|    0.0|    0.0|F2              |
|  0|17.65|25772.6|  1| 0.00| 0.00|   0.000|   0.000|    0.000|   0.0|   0.0|    0.0| 0.000|   0.0|   0.000|   0.000|  0.00|   0.0|    0.0|    0.0|                |
|  0|17.65|25772.6|  1| 0.00| 0.00|   0.000|   0.000|    0.000|   0.0|   0.0|    0.0| 0.000|   0.0|   0.000|   0.000|  0.00|   0.0|    0.0|    0.0|                |
|  0|17.65|25772.6|  1| 1.07| 3.59|  79.226|  51.086| 3293.146|  91.8|  -0.1| 3387.4| 0.000|   0.0|  62.373|  45.530|179.68|   0.0|    0.0|    0.0|F2              |
|  0|17.65|25784.3|  1| 0.00| 0.00|   0.000|   0.000|    0.000|   0.0|   0.0|    0.0| 0.000|   0.0|   0.000|   0.000|  0.00|   0.0|    0.0|    0.0|                |
|  0|17.65|25784.3|  1| 0.17| 3.25|  80.257|  51.906| 3416.339|  92.4|  -0.1| 3509.9| 0.000|   0.0|  63.877|  46.081|178.16|   0.0|    0.0|    0.0|F2              |
+---+-----+-------+---+-----+-----+--------+--------+---------+------+------+-------+------+------+--------+--------+------+------+-------+-------+----------------+
+---+-----+-------+---+-----+-----+--------+--------+---------+------+------+-------+------+------+--------+--------+------+------+-------+-------+----------------+
|0-x| fr  |  time |hop| d0  | d1  |   fi   |  teta  |   dist  |  at  |  dev |   p   |  df  |  l   |   fot  |   tot  |  rot | lsp  |   pf  |    s  |                |
+---+-----+-------+---+-----+-----+--------+--------+---------+------+------+-------+------+------+--------+--------+------+------+-------+-------+----------------+
|  0|17.65|25795.8|  1| 6.59| 8.23|  73.085|  49.062| 2725.188|  92.7|  -0.2| 2848.1| 0.000|   0.0|  58.181|  44.861|200.52|   0.0|    0.0|    0.0|F2              |
|  0|17.65|25807.2|  1| 6.27| 7.88|  73.073|  48.971| 2719.793|  92.5|  -0.2| 2837.8| 0.000|   0.0|  58.805|  44.942|197.33|   0.0|    0.0|    0.0|F2              |
|  0|17.65|25819.0|  1| 6.90| 8.54|  72.120|  50.176| 2709.525|  95.9|  -0.2| 2835.3| 0.000|   0.0|  57.613|  45.475|201.81|   0.0|    0.0|    0.0|F2              |
|  0|17.65|25819.0|  1| 5.64| 7.22|  73.396|  48.914| 2741.355|  92.1|  -0.2| 2852.5| 0.000|   0.0|  59.073|  44.903|193.15|   0.0|    0.0|    0.0|F2              |
|  0|17.65|25830.6|  1| 6.71| 8.36|  73.109|  49.115| 2729.588|  92.8|  -0.2| 2854.5| 0.000|   0.0|  59.127|  45.080|200.16|   0.0|    0.0|    0.0|F2              |
|  0|17.65|25842.3|  1| 0.00| 0.00|   0.000|   0.000|    0.000|   0.0|   0.0|    0.0| 0.000|   0.0|   0.000|   0.000|  0.00|   0.0|    0.0|    0.0|                |
|  0|17.65|25842.3|  1| 6.32| 7.91|  72.997|  49.036| 2717.249|  92.7|  -0.2| 2835.6| 0.000|   0.0|  58.761|  44.981|197.54|   0.0|    0.0|    0.0|F2              |
|  0|17.65|25854.0|  1| 4.67| 6.27|  74.142|  49.299| 2816.490|  92.4|  -0.1| 2920.5| 0.000|   0.0|  58.783|  44.895|189.31|   0.0|    0.0|    0.0|F2              |
|  0|17.65|25865.7|  1| 5.60| 7.16|  73.325|  49.029| 2741.654|  92.4|  -0.2| 2852.2| 0.000|   0.0|  58.352|  44.829|193.79|   0.0|    0.0|    0.0|F2              |
|  0|17.65|25877.4|  1| 3.96| 5.62|  75.024|  49.547| 2895.461|  92.2|  -0.1| 2996.1| 0.000|   0.0|  59.472|  44.990|186.45|   0.0|    0.0|    0.0|F2              |
|  0|17.65|25889.1|  1| 7.21| 8.86|  71.899|  50.788| 2726.129|  97.4|  -0.2| 2857.5| 0.000|   0.0|  58.482|  46.057|203.17|   0.0|    0.0|    0.0|F2              |
|  0|17.65|25889.1|  1| 6.28| 7.85|  72.815|  49.201| 2711.707|  93.2|  -0.2| 2828.9| 0.000|   0.0|  58.024|  44.946|197.73|   0.0|    0.0|    0.0|F2              |
|  0|17.65|25889.1|  1| 2.98| 4.81|  76.499|  49.881| 3023.667|  91.7|  -0.1| 3121.2| 0.000|   0.0|  60.227|  45.024|183.55|   0.0|    0.0|    0.0|F2              |
|  0|17.65|25900.9|  1| 6.67| 8.29|  73.155|  48.995| 2727.141|  92.5|  -0.2| 2851.1| 0.000|   0.0|  59.140|  45.009|199.72|   0.0|    0.0|    0.0|F2              |
|  0|17.65|25912.4|  1| 0.00| 0.00|   0.000|   0.000|    0.000|   0.0|   0.0|    0.0| 0.000|   0.0|   0.000|   0.000|  0.00|   0.0|    0.0|    0.0|                |
|  0|17.65|25912.4|  1| 0.00| 0.00|   0.000|   0.000|    0.000|   0.0|   0.0|    0.0| 0.000|   0.0|   0.000|   0.000|  0.00|   0.0|    0.0|    0.0|                |
|  0|17.65|25912.4|  1| 4.10| 5.73|  74.920|  49.407| 2880.519|  92.0|  -0.1| 2981.8| 0.000|   0.0|  59.354|  44.916|187.01|   0.0|    0.0|    0.0|F2              |
|  0|17.65|25924.1|  1| 5.65| 7.19|  73.324|  48.982| 2739.238|  92.3|  -0.2| 2850.1| 0.000|   0.0|  58.279|  44.791|194.04|   0.0|    0.0|    0.0|F2              |
|  0|17.65|25935.5|  1| 5.19| 6.73|  73.596|  49.183| 2769.616|  92.5|  -0.2| 2876.7| 0.000|   0.0|  58.511|  44.886|191.51|   0.0|    0.0|    0.0|F2              |
|  0|17.65|25946.9|  1| 5.71| 7.25|  73.289|  48.968| 2735.918|  92.3|  -0.2| 2847.3| 0.000|   0.0|  58.282|  44.792|194.34|   0.0|    0.0|    0.0|F2              |
+---+-----+-------+---+-----+-----+--------+--------+---------+------+------+-------+------+------+--------+--------+------+------+-------+-------+----------------+
+---+-----+-------+---+-----+-----+--------+--------+---------+------+------+-------+------+------+--------+--------+------+------+-------+-------+----------------+
|0-x| fr  |  time |hop| d0  | d1  |   fi   |  teta  |   dist  |  at  |  dev |   p   |  df  |  l   |   fot  |   tot  |  rot | lsp  |   pf  |    s  |                |
+---+-----+-------+---+-----+-----+--------+--------+---------+------+------+-------+------+------+--------+--------+------+------+-------+-------+----------------+
|  0|17.65|25958.5|  1| 5.89| 7.32|  71.065|  51.204| 2687.141|  99.1|  -0.1| 2796.5| 0.000|   0.0|  57.173|  46.085|193.33|   0.0|    0.0|    0.0|F2              |
|  0|17.65|25958.5|  1| 0.00| 0.00|   0.000|   0.000|    0.000|   0.0|   0.0|    0.0| 0.000|   0.0|   0.000|   0.000|  0.00|   0.0|    0.0|    0.0|                |
|  0|17.65|25958.5|  1| 0.11| 3.18|  80.534|  51.796| 3430.979|  92.0|  -0.1| 3524.6| 0.000|   0.0|  63.940|  45.972|178.27|   0.0|    0.0|    0.0|F2              |
|  0|17.65|25970.2|  1| 7.01| 8.66|  73.353|  49.201| 2752.234|  92.8|  -0.2| 2883.0| 0.000|   0.0|  59.269|  45.108|202.74|   0.0|    0.0|    0.0|F2              |
|  0|17.65|25981.9|  1| 7.10| 8.79|  73.717|  49.098| 2774.537|  92.3|  -0.2| 2908.5| 0.000|   0.0|  59.346|  45.001|204.25|   0.0|    0.0|    0.0|F2              |
|  0|17.65|25993.4|  1| 6.04| 7.57|  73.140|  48.910| 2721.886|  92.3|  -0.2| 2836.4| 0.000|   0.0|  58.084|  44.752|196.29|   0.0|    0.0|    0.0|F2              |
|  0|17.65|26005.0|  1| 6.89| 8.50|  73.204|  49.102| 2736.145|  92.7|  -0.2| 2863.7| 0.000|   0.0|  59.052|  45.039|201.65|   0.0|    0.0|    0.0|F2              |
|  0|17.65|26016.5|  1| 6.65| 8.22|  73.195|  48.872| 2724.202|  92.2|  -0.2| 2847.3| 0.000|   0.0|  59.089|  44.926|199.45|   0.0|    0.0|    0.0|F2              |
|  0|17.65|26028.4|  1| 6.20| 7.72|  72.930|  49.062| 2713.458|  92.8|  -0.2| 2829.4| 0.000|   0.0|  57.994|  44.848|197.08|   0.0|    0.0|    0.0|F2              |
|  0|17.65|26039.8|  1| 6.25| 7.77|  73.087|  48.887| 2716.754|  92.3|  -0.2| 2833.6| 0.000|   0.0|  58.029|  44.740|197.59|   0.0|    0.0|    0.0|F2              |
|  0|17.65|26051.3|  1| 6.47| 8.01|  73.087|  48.883| 2716.614|  92.3|  -0.2| 2836.5| 0.000|   0.0|  57.971|  44.728|199.16|   0.0|    0.0|    0.0|F2              |
|  0|17.65|26062.8|  1| 5.56| 7.05|  73.412|  48.970| 2745.296|  92.2|  -0.2| 2855.1| 0.000|   0.0|  58.429|  44.798|193.28|   0.0|    0.0|    0.0|F2              |
|  0|17.65|26074.4|  1| 6.17| 7.67|  72.994|  48.994| 2714.970|  92.6|  -0.2| 2830.5| 0.000|   0.0|  57.919|  44.788|196.88|   0.0|    0.0|    0.0|F2              |
|  0|17.65|26085.7|  1| 6.58| 8.11|  72.961|  49.021| 2713.792|  92.7|  -0.2| 2834.9| 0.000|   0.0|  58.953|  45.020|198.46|   0.0|    0.0|    0.0|F2              |
|  0|17.65|26097.2|  1| 6.52| 8.04|  73.013|  48.948| 2714.148|  92.5|  -0.2| 2834.4| 0.000|   0.0|  58.073|  44.794|199.32|   0.0|    0.0|    0.0|F2              |
+==============================================================================+
|   Medium characteristics Sunspot number=   1.3 IG= -10.2   GMT time:07:14    |
|------------------------------------------------------------------------------|
|   S   | fh |  I  |   D  | fd |  hd | fe |  he | ff1 | hf1 | ff2 | hf2 |   Hi |
|-------+----+-----+------+----+-----+----+-----+-----+-----+-----+-----+------|
|    0.0|1.25| 58.8|   3.1|0.18| 81.2|2.49|110.0| 0.00|  0.0| 4.87|215.8|  71.2|
+==============================================================================+

+==================================+
|       Es-layer parametres        |
|----------------------------------|
|   S   | hEs | fbEs | f0Es | P Es |
|-------+-----+------+------+------|
|    0.0|108.1| 2.94 | 3.41 | 68.0 |
+==================================+

|  0|17.65|26108.6|  1| 0.00| 0.00|   0.000|   0.000|    0.000|   0.0|   0.0|    0.0| 0.000|   0.0|   0.000|   0.000|  0.00|   0.0|    0.0|    0.0|                |
|  0|17.65|26108.6|  1| 7.00| 8.60|  73.301|  49.090| 2742.813|  92.6|  -0.2| 2872.3| 0.000|   0.0|  59.134|  45.031|202.40|   0.0|    0.0|    0.0|F2              |
|  0|17.65|26120.2|  1| 0.00| 0.00|   0.000|   0.000|    0.000|   0.0|   0.0|    0.0| 0.000|   0.0|   0.000|   0.000|  0.00|   0.0|    0.0|    0.0|                |
|  0|17.65|26120.2|  1| 6.24| 7.73|  73.006|  48.951| 2713.779|  92.5|  -0.2| 2830.1| 0.000|   0.0|  59.000|  44.983|195.79|   0.0|    0.0|    0.0|F2              |
|  0|17.65|26131.7|  1| 6.10| 7.58|  72.909|  49.103| 2713.913|  92.9|  -0.2| 2828.3| 0.000|   0.0|  58.982|  45.076|194.59|   0.0|    0.0|    0.0|F2              |
+---+-----+-------+---+-----+-----+--------+--------+---------+------+------+-------+------+------+--------+--------+------+------+-------+-------+----------------+
+---+-----+-------+---+-----+-----+--------+--------+---------+------+------+-------+------+------+--------+--------+------+------+-------+-------+----------------+
|0-x| fr  |  time |hop| d0  | d1  |   fi   |  teta  |   dist  |  at  |  dev |   p   |  df  |  l   |   fot  |   tot  |  rot | lsp  |   pf  |    s  |                |
+---+-----+-------+---+-----+-----+--------+--------+---------+------+------+-------+------+------+--------+--------+------+------+-------+-------+----------------+
|  0|17.65|26143.3|  1| 6.38| 7.88|  72.989|  48.943| 2712.128|  92.5|  -0.2| 2830.2| 0.000|   0.0|  57.892|  44.759|198.25|   0.0|    0.0|    0.0|F2              |
|  0|17.65|26154.8|  1| 0.00| 0.00|   0.000|   0.000|    0.000|   0.0|   0.0|    0.0| 0.000|   0.0|   0.000|   0.000|  0.00|   0.0|    0.0|    0.0|                |
|  0|17.65|26154.8|  1| 2.76| 4.53|  76.777|  50.205| 3061.408|  92.1|  -0.1| 3158.2| 0.000|   0.0|  60.451|  45.176|182.65|   0.0|    0.0|    0.0|F2              |
|  0|17.65|26166.3|  1| 6.36| 7.88|  74.325|  47.604| 2750.747|  88.6|  -0.2| 2871.7| 0.000|   0.0|  58.491|  43.976|199.69|   0.0|    0.0|    0.0|F2              |
|  0|17.65|26166.3|  1| 7.54| 9.23|  72.959|  50.711| 2801.246|  96.3|  -0.2| 2943.4| 0.000|   0.0|  58.706|  45.841|207.47|   0.0|    0.0|    0.0|F2              |
|  0|17.65|26166.3|  1| 7.69| 9.72|  76.924|  50.535| 3089.918|  92.6|  -0.3| 3260.6| 0.000|   0.0|  61.491|  45.575|213.41|   0.0|    0.0|    0.0|F2              |
|  0|17.65|26166.3|  1| 0.83| 3.29|  78.892|  52.441| 3344.147|  94.4|  -0.1| 3437.8| 0.000|   0.0|  62.388|  46.295|178.76|   0.0|    0.0|    0.0|F2              |
|  0|17.65|26178.2|  1| 5.50| 6.96|  73.362|  49.094| 2747.601|  92.5|  -0.2| 2856.5| 0.000|   0.0|  58.366|  44.856|192.75|   0.0|    0.0|    0.0|F2              |
|  0|17.65|26189.6|  1| 5.56| 7.02|  73.288|  49.113| 2742.911|  92.6|  -0.2| 2852.3| 0.000|   0.0|  58.305|  44.867|193.04|   0.0|    0.0|    0.0|F2              |
|  0|17.65|26201.1|  1| 6.21| 7.68|  73.002|  48.951| 2713.440|  92.5|  -0.2| 2829.2| 0.000|   0.0|  58.087|  44.798|196.93|   0.0|    0.0|    0.0|F2              |
|  0|17.65|26212.5|  1| 6.39| 7.87|  73.010|  48.905| 2711.846|  92.4|  -0.2| 2829.9| 0.000|   0.0|  58.039|  44.765|198.21|   0.0|    0.0|    0.0|F2              |
|  0|17.65|26224.2|  1| 5.36| 6.81|  73.474|  49.138| 2758.196|  92.5|  -0.2| 2866.0| 0.000|   0.0|  58.196|  44.822|192.06|   0.0|    0.0|    0.0|F2              |
|  0|17.65|26235.8|  1| 5.59| 7.03|  73.302|  49.071| 2741.926|  92.5|  -0.2| 2851.5| 0.000|   0.0|  58.243|  44.831|193.21|   0.0|    0.0|    0.0|F2              |
|  0|17.65|26247.3|  1| 7.61| 9.46|  75.488|  49.857| 2946.238|  92.4|  -0.3| 3102.5| 0.000|   0.0|  60.034|  45.194|211.16|   0.0|    0.0|    0.0|F2              |
|  0|17.65|26258.9|  1| 0.00| 0.00|   0.000|   0.000|    0.000|   0.0|   0.0|    0.0| 0.000|   0.0|   0.000|   0.000|  0.00|   0.0|    0.0|    0.0|                |
|  0|17.65|26270.5|  1| 0.00| 0.00|   0.000|   0.000|    0.000|   0.0|   0.0|    0.0| 0.000|   0.0|   0.000|   0.000|  0.00|   0.0|    0.0|    0.0|                |
|  0|17.65|26270.5|  1| 7.55| 9.31|  74.792|  49.689| 2885.158|  92.6|  -0.3| 3034.9| 0.000|   0.0|  59.917|  45.221|209.41|   0.0|    0.0|    0.0|F2              |
|  0|17.65|26282.0|  1| 7.60| 9.41|  75.281|  49.777| 2926.507|  92.4|  -0.3| 3080.7| 0.000|   0.0|  59.669|  45.116|210.84|   0.0|    0.0|    0.0|F2              |
|  0|17.65|26293.7|  1| 2.68| 4.43|  76.870|  50.350| 3075.996|  92.3|  -0.1| 3172.5| 0.000|   0.0|  60.502|  45.240|182.34|   0.0|    0.0|    0.0|F2              |
|  0|17.65|26305.5|  1| 0.00| 0.00|   0.000|   0.000|    0.000|   0.0|   0.0|    0.0| 0.000|   0.0|   0.000|   0.000|  0.00|   0.0|    0.0|    0.0|                |
+---+-----+-------+---+-----+-----+--------+--------+---------+------+------+-------+------+------+--------+--------+------+------+-------+-------+----------------+
+---+-----+-------+---+-----+-----+--------+--------+---------+------+------+-------+------+------+--------+--------+------+------+-------+-------+----------------+
|0-x| fr  |  time |hop| d0  | d1  |   fi   |  teta  |   dist  |  at  |  dev |   p   |  df  |  l   |   fot  |   tot  |  rot | lsp  |   pf  |    s  |                |
+---+-----+-------+---+-----+-----+--------+--------+---------+------+------+-------+------+------+--------+--------+------+------+-------+-------+----------------+
|  0|17.65|26317.0|  1| 5.74| 7.16|  73.108|  49.137| 2730.591|  92.8|  -0.2| 2841.1| 0.000|   0.0|  58.025|  44.856|193.88|   0.0|    0.0|    0.0|F2              |
|  0|17.65|26328.5|  1| 4.65| 6.11|  74.260|  49.299| 2825.437|  92.3|  -0.1| 2928.8| 0.000|   0.0|  58.735|  44.862|188.78|   0.0|    0.0|    0.0|F2              |
|  0|17.65|26340.1|  1| 6.38| 7.82|  72.922|  48.966| 2708.224|  92.6|  -0.2| 2825.6| 0.000|   0.0|  57.884|  44.780|197.90|   0.0|    0.0|    0.0|F2              |
|  0|17.65|26363.2|  1| 5.57| 6.98|  73.377|  49.007| 2744.478|  92.3|  -0.2| 2853.8| 0.000|   0.0|  58.272|  44.790|193.03|   0.0|    0.0|    0.0|F2              |
|  0|17.65|26374.7|  1| 5.18| 6.60|  73.698|  49.130| 2774.695|  92.4|  -0.1| 2881.1| 0.000|   0.0|  58.392|  44.816|191.08|   0.0|    0.0|    0.0|F2              |
|  0|17.65|26386.2|  1| 6.25| 7.67|  72.970|  48.941| 2710.597|  92.5|  -0.2| 2826.3| 0.000|   0.0|  57.869|  44.755|196.99|   0.0|    0.0|    0.0|F2              |
|  0|17.65|26397.7|  1| 5.46| 6.86|  73.430|  49.075| 2751.798|  92.4|  -0.2| 2860.1| 0.000|   0.0|  58.290|  44.818|192.39|   0.0|    0.0|    0.0|F2              |
|  0|17.65|26409.4|  1| 5.70| 7.10|  73.258|  49.008| 2735.539|  92.4|  -0.2| 2845.8| 0.000|   0.0|  58.154|  44.790|193.66|   0.0|    0.0|    0.0|F2              |
|  0|17.65|26421.2|  1| 6.28| 7.69|  73.024|  48.868| 2711.060|  92.3|  -0.2| 2827.2| 0.000|   0.0|  58.999|  44.934|195.61|   0.0|    0.0|    0.0|F2              |
|  0|17.65|26432.9|  1| 6.62| 8.05|  72.913|  48.960| 2707.203|  92.6|  -0.2| 2827.6| 0.000|   0.0|  58.837|  44.972|198.30|   0.0|    0.0|    0.0|F2              |
|  0|17.65|26444.6|  1| 6.26| 7.66|  73.059|  48.835| 2712.091|  92.2|  -0.2| 2827.9| 0.000|   0.0|  58.033|  44.719|197.04|   0.0|    0.0|    0.0|F2              |
|  0|17.65|26456.5|  1| 5.10| 6.50|  73.749|  49.199| 2781.958|  92.5|  -0.1| 2887.7| 0.000|   0.0|  58.522|  44.865|190.55|   0.0|    0.0|    0.0|F2              |
|  0|17.65|26468.5|  1| 6.11| 7.50|  73.039|  48.922| 2714.854|  92.4|  -0.2| 2828.8| 0.000|   0.0|  58.023|  44.763|195.98|   0.0|    0.0|    0.0|F2              |
|  0|17.65|26480.1|  1| 6.29| 7.68|  72.982|  48.899| 2709.430|  92.4|  -0.2| 2825.4| 0.000|   0.0|  58.878|  44.933|195.80|   0.0|    0.0|    0.0|F2              |
|  0|17.65|26491.5|  1| 6.76| 8.19|  72.972|  48.933| 2710.298|  92.5|  -0.2| 2832.8| 0.000|   0.0|  58.850|  44.950|199.40|   0.0|    0.0|    0.0|F2              |
|  0|17.65|26503.2|  1| 6.42| 7.82|  72.925|  48.922| 2706.242|  92.5|  -0.2| 2823.7| 0.000|   0.0|  58.839|  44.949|196.67|   0.0|    0.0|    0.0|F2              |
|  0|17.65|26514.9|  1| 0.00| 0.00|   0.000|   0.000|    0.000|   0.0|   0.0|    0.0| 0.000|   0.0|   0.000|   0.000|  0.00|   0.0|    0.0|    0.0|                |
|  0|17.65|26526.3|  1| 6.64| 8.05|  73.030|  48.819| 2709.177|  92.2|  -0.2| 2829.9| 0.000|   0.0|  58.864|  44.881|198.48|   0.0|    0.0|    0.0|F2              |
|  0|17.65|26538.0|  1| 4.65| 6.05|  74.259|  49.348| 2827.790|  92.4|  -0.1| 2931.0| 0.000|   0.0|  58.726|  44.884|188.58|   0.0|    0.0|    0.0|F2              |
|  0|17.65|26549.3|  1| 0.00| 0.00|   0.000|   0.000|    0.000|   0.0|   0.0|    0.0| 0.000|   0.0|   0.000|   0.000|  0.00|   0.0|    0.0|    0.0|                |
+---+-----+-------+---+-----+-----+--------+--------+---------+------+------+-------+------+------+--------+--------+------+------+-------+-------+----------------+
+---+-----+-------+---+-----+-----+--------+--------+---------+------+------+-------+------+------+--------+--------+------+------+-------+-------+----------------+
|0-x| fr  |  time |hop| d0  | d1  |   fi   |  teta  |   dist  |  at  |  dev |   p   |  df  |  l   |   fot  |   tot  |  rot | lsp  |   pf  |    s  |                |
+---+-----+-------+---+-----+-----+--------+--------+---------+------+------+-------+------+------+--------+--------+------+------+-------+-------+----------------+
|  0|17.65|26560.6|  1| 7.97|10.22|  79.468|  53.054| 3423.430|  95.0|  -0.3| 3628.3| 0.000|   0.0|  62.759|  46.602|217.18|   0.0|    0.0|    0.0|F2              |
|  0|17.65|26560.6|  1| 0.00| 0.00|   0.000|   0.000|    0.000|   0.0|   0.0|    0.0| 0.000|   0.0|   0.000|   0.000|  0.00|   0.0|    0.0|    0.0|                |
|  0|17.65|26572.0|  1| 5.65| 7.00|  73.232|  49.094| 2737.772|  92.6|  -0.2| 2847.2| 0.000|   0.0|  58.093|  44.824|193.18|   0.0|    0.0|    0.0|F2              |
|  0|17.65|26583.6|  1| 7.27| 8.78|  73.443|  49.095| 2753.762|  92.5|  -0.2| 2887.1| 0.000|   0.0|  59.076|  44.994|204.29|   0.0|    0.0|    0.0|F2              |
|  0|17.65|26595.1|  1| 6.96| 8.39|  73.012|  48.991| 2716.138|  92.6|  -0.2| 2841.8| 0.000|   0.0|  58.907|  44.985|200.84|   0.0|    0.0|    0.0|F2              |
|  0|17.65|26606.7|  1| 5.82| 7.16|  73.181|  48.980| 2728.346|  92.4|  -0.2| 2839.2| 0.000|   0.0|  58.070|  44.773|194.11|   0.0|    0.0|    0.0|F2              |
|  0|17.65|26618.3|  1| 7.63| 9.27|  74.306|  49.700| 2849.135|  93.1|  -0.2| 2996.1| 0.000|   0.0|  59.266|  45.180|209.14|   0.0|    0.0|    0.0|F2              |
|  0|17.65|26629.9|  1| 7.42| 8.96|  73.754|  49.207| 2782.701|  92.5|  -0.2| 2920.7| 0.000|   0.0|  58.938|  44.965|206.39|   0.0|    0.0|    0.0|F2              |
|  0|17.65|26641.6|  1| 6.80| 8.19|  72.905|  48.956| 2706.400|  92.6|  -0.2| 2828.9| 0.000|   0.0|  58.894|  44.983|199.17|   0.0|    0.0|    0.0|F2              |
|  0|17.65|26653.1|  1| 7.34| 8.81|  72.751|  49.724| 2733.356|  94.4|  -0.2| 2865.8| 0.000|   0.0|  58.684|  45.371|204.04|   0.0|    0.0|    0.0|F2              |
|  0|17.65|26653.1|  1| 6.75| 8.13|  72.920|  48.916| 2705.597|  92.5|  -0.2| 2827.3| 0.000|   0.0|  58.856|  44.951|198.88|   0.0|    0.0|    0.0|F2              |
|  0|17.65|26664.8|  1| 5.91| 7.24|  73.032|  49.064| 2721.284|  92.7|  -0.2| 2832.7| 0.000|   0.0|  57.942|  44.816|194.47|   0.0|    0.0|    0.0|F2              |
|  0|17.65|26676.3|  1| 6.05| 7.38|  73.052|  48.930| 2716.188|  92.4|  -0.2| 2829.1| 0.000|   0.0|  58.932|  44.946|193.86|   0.0|    0.0|    0.0|F2              |
|  0|17.65|26688.0|  1| 6.62| 8.00|  73.878|  47.918| 2731.044|  89.6|  -0.2| 2853.0| 0.000|   0.0|  59.095|  44.303|199.37|   0.0|    0.0|    0.0|F2              |
|  0|17.65|26688.0|  1| 6.70| 8.07|  72.933|  48.876| 2704.617|  92.4|  -0.2| 2825.5| 0.000|   0.0|  58.782|  44.912|198.62|   0.0|    0.0|    0.0|F2              |
|  0|17.65|26699.5|  1| 5.32| 6.65|  73.504|  49.200| 2763.546|  92.7|  -0.1| 2870.4| 0.000|   0.0|  58.248|  44.856|191.36|   0.0|    0.0|    0.0|F2              |
|  0|17.65|26711.2|  1| 6.08| 7.40|  72.911|  49.063| 2712.093|  92.8|  -0.2| 2825.0| 0.000|   0.0|  58.879|  45.031|193.83|   0.0|    0.0|    0.0|F2              |
|  0|17.65|26722.5|  1| 6.57| 7.91|  72.845|  48.939| 2701.020|  92.6|  -0.2| 2819.7| 0.000|   0.0|  58.721|  44.948|197.51|   0.0|    0.0|    0.0|F2              |
|  0|17.65|26733.9|  1| 6.28| 7.60|  72.956|  48.892| 2707.130|  92.4|  -0.2| 2822.3| 0.000|   0.0|  57.845|  44.728|196.73|   0.0|    0.0|    0.0|F2              |
|  0|17.65|26745.5|  1| 5.17| 6.49|  73.708|  49.184| 2778.164|  92.5|  -0.1| 2884.0| 0.000|   0.0|  58.319|  44.825|190.67|   0.0|    0.0|    0.0|F2              |
+---+-----+-------+---+-----+-----+--------+--------+---------+------+------+-------+------+------+--------+--------+------+------+-------+-------+----------------+
+---+-----+-------+---+-----+-----+--------+--------+---------+------+------+-------+------+------+--------+--------+------+------+-------+-------+----------------+
|0-x| fr  |  time |hop| d0  | d1  |   fi   |  teta  |   dist  |  at  |  dev |   p   |  df  |  l   |   fot  |   tot  |  rot | lsp  |   pf  |    s  |                |
+---+-----+-------+---+-----+-----+--------+--------+---------+------+------+-------+------+------+--------+--------+------+------+-------+-------+----------------+
|  0|17.65|26757.2|  1| 5.70| 7.00|  73.231|  49.047| 2735.452|  92.5|  -0.2| 2845.0| 0.000|   0.0|  58.039|  44.790|193.27|   0.0|    0.0|    0.0|F2              |
|  0|17.65|26768.8|  1| 6.16| 7.47|  72.997|  48.909| 2711.074|  92.4|  -0.2| 2824.9| 0.000|   0.0|  58.804|  44.919|194.67|   0.0|    0.0|    0.0|F2              |
|  0|17.65|26780.3|  1| 7.76| 9.43|  75.041|  49.786| 2908.907|  92.6|  -0.3| 3062.9| 0.000|   0.0|  59.760|  45.186|210.90|   0.0|    0.0|    0.0|F2              |
|  0|17.65|26792.0|  1| 7.93| 9.55|  73.126|  51.583| 2862.506|  97.9|  -0.2| 3014.7| 0.000|   0.0|  58.938|  46.308|210.35|   0.0|    0.0|    0.0|F2              |
|  0|17.65|26792.0|  1| 7.55| 9.04|  72.972|  49.951| 2761.683|  94.7|  -0.2| 2899.3| 0.000|   0.0|  58.738|  45.455|206.14|   0.0|    0.0|    0.0|F2              |
|  0|17.65|26792.0|  1| 0.00| 0.00|   0.000|   0.000|    0.000|   0.0|   0.0|    0.0| 0.000|   0.0|   0.000|   0.000|  0.00|   0.0|    0.0|    0.0|                |
|  0|17.65|26803.5|  1| 7.58| 9.18|  75.350|  48.627| 2874.925|  90.0|  -0.3| 3023.0| 0.000|   0.0|  59.905|  44.563|209.42|   0.0|    0.0|    0.0|F2              |
|  0|17.65|26803.5|  1| 0.63| 3.07|  79.898|  51.917| 3389.908|  92.7|  -0.1| 3483.7| 0.000|   0.0|  62.990|  45.945|178.61|   0.0|    0.0|    0.0|F2              |
|  0|17.65|26815.1|  1| 0.00| 0.00|   0.000|   0.000|    0.000|   0.0|   0.0|    0.0| 0.000|   0.0|   0.000|   0.000|  0.00|   0.0|    0.0|    0.0|                |
|  0|17.65|26826.7|  1| 7.87| 9.65|  76.150|  50.223| 3015.072|  92.6|  -0.3| 3180.2| 0.000|   0.0|  59.958|  45.229|213.27|   0.0|    0.0|    0.0|F2              |
|  0|17.65|26838.0|  1| 6.97| 8.33|  72.885|  48.993| 2706.743|  92.7|  -0.2| 2831.3| 0.000|   0.0|  58.610|  44.948|200.77|   0.0|    0.0|    0.0|F2              |
|  0|17.65|26849.7|  1| 6.89| 8.23|  72.806|  49.012| 2701.731|  92.8|  -0.2| 2824.7| 0.000|   0.0|  58.727|  44.996|199.69|   0.0|    0.0|    0.0|F2              |
|  0|17.65|26861.2|  1| 7.15| 8.53|  73.019|  49.039| 2719.025|  92.7|  -0.2| 2847.1| 0.000|   0.0|  58.740|  44.974|202.30|   0.0|    0.0|    0.0|F2              |
|  0|17.65|26872.6|  1| 0.00| 0.00|   0.000|   0.000|    0.000|   0.0|   0.0|    0.0| 0.000|   0.0|   0.000|   0.000|  0.00|   0.0|    0.0|    0.0|                |
|  0|17.65|26884.1|  1| 7.22| 8.52|  70.886|  51.016| 2663.171|  98.8|  -0.2| 2787.2| 0.000|   0.0|  57.746|  46.197|200.51|   0.0|    0.0|    0.0|F2              |
|  0|17.65|26884.1|  1| 7.45| 8.93|  74.323|  48.610| 2796.677|  90.8|  -0.2| 2935.8| 0.000|   0.0|  59.077|  44.583|206.95|   0.0|    0.0|    0.0|F2              |
|  0|17.65|26884.1|  1| 0.00| 0.00|   0.000|   0.000|    0.000|   0.0|   0.0|    0.0| 0.000|   0.0|   0.000|   0.000|  0.00|   0.0|    0.0|    0.0|                |
|  0|17.65|26895.8|  1| 0.00| 0.00|   0.000|   0.000|    0.000|   0.0|   0.0|    0.0| 0.000|   0.0|   0.000|   0.000|  0.00|   0.0|    0.0|    0.0|                |
|  0|17.65|26907.2|  1| 0.00| 0.00|   0.000|   0.000|    0.000|   0.0|   0.0|    0.0| 0.000|   0.0|   0.000|   0.000|  0.00|   0.0|    0.0|    0.0|                |
|  0|17.65|26918.9|  1| 5.75| 7.01|  73.106|  49.142| 2730.693|  92.8|  -0.2| 2840.2| 0.000|   0.0|  57.950|  44.841|193.28|   0.0|    0.0|    0.0|F2              |
+---+-----+-------+---+-----+-----+--------+--------+---------+------+------+-------+------+------+--------+--------+------+------+-------+-------+----------------+
+---+-----+-------+---+-----+-----+--------+--------+---------+------+------+-------+------+------+--------+--------+------+------+-------+-------+----------------+
|0-x| fr  |  time |hop| d0  | d1  |   fi   |  teta  |   dist  |  at  |  dev |   p   |  df  |  l   |   fot  |   tot  |  rot | lsp  |   pf  |    s  |                |
+---+-----+-------+---+-----+-----+--------+--------+---------+------+------+-------+------+------+--------+--------+------+------+-------+-------+----------------+
|  0|17.65|26930.7|  1| 7.93| 9.47|  72.649|  51.516| 2823.029|  98.2|  -0.2| 2971.4| 0.000|   0.0|  58.769|  46.337|209.35|   0.0|    0.0|    0.0|F2              |
|  0|17.65|26930.7|  1| 6.27| 7.53|  72.689|  49.164| 2700.349|  93.2|  -0.2| 2814.5| 0.000|   0.0|  57.658|  44.872|196.15|   0.0|    0.0|    0.0|F2              |
|  0|17.65|26942.3|  1| 6.79| 8.09|  72.783|  48.960| 2697.427|  92.7|  -0.2| 2818.4| 0.000|   0.0|  58.784|  44.985|198.51|   0.0|    0.0|    0.0|F2              |
|  0|17.65|26953.9|  1| 6.26| 7.52|  72.849|  48.993| 2704.002|  92.7|  -0.2| 2818.2| 0.000|   0.0|  58.689|  44.967|195.02|   0.0|    0.0|    0.0|F2              |
|  0|17.65|26965.6|  1| 6.52| 7.79|  72.711|  49.031| 2695.421|  92.9|  -0.2| 2812.5| 0.000|   0.0|  58.594|  44.994|196.73|   0.0|    0.0|    0.0|F2              |
|  0|17.65|26977.2|  1| 7.54| 8.99|  73.577|  49.285| 2773.297|  92.8|  -0.2| 2911.5| 0.000|   0.0|  58.718|  44.992|206.68|   0.0|    0.0|    0.0|F2              |
|  0|17.65|26988.8|  1| 7.41| 8.81|  73.265|  49.172| 2744.175|  92.8|  -0.2| 2877.9| 0.000|   0.0|  58.669|  44.982|204.96|   0.0|    0.0|    0.0|F2              |
+==============================================================================+
|   Medium characteristics Sunspot number=   1.3 IG= -10.2   GMT time:07:29    |
|------------------------------------------------------------------------------|
|   S   | fh |  I  |   D  | fd |  hd | fe |  he | ff1 | hf1 | ff2 | hf2 |   Hi |
|-------+----+-----+------+----+-----+----+-----+-----+-----+-----+-----+------|
|    0.0|1.25| 58.8|   3.1|0.18| 81.2|2.54|110.0| 0.00|  0.0| 4.96|216.4|  69.7|
+==============================================================================+

+==================================+
|       Es-layer parametres        |
|----------------------------------|
|   S   | hEs | fbEs | f0Es | P Es |
|-------+-----+------+------+------|
|    0.0|108.1| 2.97 | 3.44 | 68.2 |
+==================================+

|  0|17.65|27000.5|  1| 6.23| 7.48|  72.858|  48.997| 2704.853|  92.7|  -0.2| 2818.7| 0.000|   0.0|  57.775|  44.782|195.96|   0.0|    0.0|    0.0|F2              |
|  0|17.65|27012.2|  1| 7.74| 9.27|  74.248|  49.582| 2838.716|  92.9|  -0.2| 2985.6| 0.000|   0.0|  58.977|  45.069|209.40|   0.0|    0.0|    0.0|F2              |
|  0|17.65|27023.9|  1| 0.00| 0.00|   0.000|   0.000|    0.000|   0.0|   0.0|    0.0| 0.000|   0.0|   0.000|   0.000|  0.00|   0.0|    0.0|    0.0|                |
|  0|17.65|27035.6|  1| 7.97| 9.76|  76.807|  50.491| 3078.752|  92.6|  -0.3| 3250.8| 0.000|   0.0|  61.154|  45.497|214.19|   0.0|    0.0|    0.0|F2              |
|  0|17.65|27047.2|  1| 5.60| 6.83|  73.347|  49.047| 2744.181|  92.5|  -0.1| 2852.6| 0.000|   0.0|  59.108|  44.984|190.78|   0.0|    0.0|    0.0|F2              |
|  0|17.65|27058.8|  1| 0.00| 0.00|   0.000|   0.000|    0.000|   0.0|   0.0|    0.0| 0.000|   0.0|   0.000|   0.000|  0.00|   0.0|    0.0|    0.0|                |
|  0|17.65|27058.8|  1| 0.00| 0.00|   0.000|   0.000|    0.000|   0.0|   0.0|    0.0| 0.000|   0.0|   0.000|   0.000|  0.00|   0.0|    0.0|    0.0|                |
|  0|17.65|27070.4|  1| 5.48| 6.71|  73.479|  49.051| 2754.315|  92.4|  -0.1| 2861.9| 0.000|   0.0|  59.150|  44.969|190.26|   0.0|    0.0|    0.0|F2              |
|  0|17.65|27082.1|  1| 3.51| 4.89|  75.819|  49.971| 2977.012|  92.4|  -0.1| 3075.4| 0.000|   0.0|  59.833|  45.118|184.11|   0.0|    0.0|    0.0|F2              |
|  0|17.65|27093.6|  1| 6.53| 7.78|  73.016|  48.683| 2701.561|  91.9|  -0.2| 2819.1| 0.000|   0.0|  58.697|  44.778|197.04|   0.0|    0.0|    0.0|F2              |
|  0|17.65|27105.1|  1| 5.97| 7.19|  73.084|  48.946| 2719.420|  92.4|  -0.2| 2830.7| 0.000|   0.0|  57.865|  44.733|194.43|   0.0|    0.0|    0.0|F2              |
|  0|17.65|27116.8|  1| 6.30| 7.52|  72.792|  49.019| 2700.952|  92.8|  -0.2| 2815.2| 0.000|   0.0|  58.589|  44.970|195.20|   0.0|    0.0|    0.0|F2              |
|  0|17.65|27128.2|  1| 6.35| 7.57|  72.868|  48.908| 2701.259|  92.5|  -0.2| 2816.2| 0.000|   0.0|  58.805|  44.943|195.12|   0.0|    0.0|    0.0|F2              |
+---+-----+-------+---+-----+-----+--------+--------+---------+------+------+-------+------+------+--------+--------+------+------+-------+-------+----------------+
+---+-----+-------+---+-----+-----+--------+--------+---------+------+------+-------+------+------+--------+--------+------+------+-------+-------+----------------+
|0-x| fr  |  time |hop| d0  | d1  |   fi   |  teta  |   dist  |  at  |  dev |   p   |  df  |  l   |   fot  |   tot  |  rot | lsp  |   pf  |    s  |                |
+---+-----+-------+---+-----+-----+--------+--------+---------+------+------+-------+------+------+--------+--------+------+------+-------+-------+----------------+
|  0|17.65|27139.9|  1| 6.47| 7.70|  72.799|  48.927| 2696.966|  92.6|  -0.2| 2813.2| 0.000|   0.0|  58.664|  44.938|196.17|   0.0|    0.0|    0.0|F2              |
|  0|17.65|27151.7|  1| 5.97| 7.18|  73.051|  48.980| 2718.625|  92.5|  -0.2| 2829.8| 0.000|   0.0|  57.856|  44.754|194.36|   0.0|    0.0|    0.0|F2              |
|  0|17.65|27163.4|  1| 5.06| 6.28|  73.826|  49.279| 2791.735|  92.6|  -0.1| 2896.5| 0.000|   0.0|  58.844|  44.956|189.39|   0.0|    0.0|    0.0|F2              |
|  0|17.65|27175.1|  1| 7.13| 8.42|  72.874|  48.989| 2705.663|  92.7|  -0.2| 2831.8| 0.000|   0.0|  58.520|  44.929|201.69|   0.0|    0.0|    0.0|F2              |
|  0|17.65|27186.8|  1| 8.06| 9.98|  78.458|  51.299| 3246.853|  92.8|  -0.3| 3435.4| 0.000|   0.0|  61.508|  45.635|216.35|   0.0|    0.0|    0.0|F2              |
|  0|17.65|27198.3|  1| 6.88| 8.13|  72.850|  48.847| 2696.979|  92.4|  -0.2| 2818.8| 0.000|   0.0|  58.484|  44.852|199.63|   0.0|    0.0|    0.0|F2              |
|  0|17.65|27209.8|  1| 4.11| 5.39|  74.926|  49.762| 2898.966|  92.7|  -0.1| 2999.2| 0.000|   0.0|  59.355|  45.090|185.87|   0.0|    0.0|    0.0|F2              |
|  0|17.65|27221.4|  1| 4.94| 6.16|  74.140|  49.112| 2807.112|  92.0|  -0.1| 2911.4| 0.000|   0.0|  59.010|  44.845|188.95|   0.0|    0.0|    0.0|F2              |
|  0|17.65|27232.9|  1| 5.67| 6.86|  73.297|  49.028| 2739.481|  92.5|  -0.1| 2848.2| 0.000|   0.0|  58.962|  44.954|191.32|   0.0|    0.0|    0.0|F2              |
|  0|17.65|27244.4|  1| 0.04| 2.81|  80.211|  53.035| 3478.153|  94.3|  -0.1| 3571.5| 0.000|   0.0|  63.329|  46.527|178.06|   0.0|    0.0|    0.0|F2              |
|  0|17.65|27255.9|  1| 0.00| 0.00|   0.000|   0.000|    0.000|   0.0|   0.0|    0.0| 0.000|   0.0|   0.000|   0.000|  0.00|   0.0|    0.0|    0.0|                |
|  0|17.65|27267.6|  1| 5.67| 6.86|  73.328|  48.993| 2740.115|  92.4|  -0.1| 2848.8| 0.000|   0.0|  58.971|  44.931|191.32|   0.0|    0.0|    0.0|F2              |
|  0|17.65|27279.4|  1| 4.60| 5.82|  75.442|  48.141| 2859.207|  89.0|  -0.1| 2962.8| 0.000|   0.0|  59.410|  44.196|188.54|   0.0|    0.0|    0.0|F2              |
|  0|17.65|27279.4|  1| 0.84| 3.03|  79.998|  51.490| 3373.522|  91.9|  -0.1| 3467.5| 0.000|   0.0|  63.580|  45.850|177.40|   0.0|    0.0|    0.0|F2              |
|  0|17.65|27291.0|  1| 7.88| 9.41|  74.857|  49.668| 2889.007|  92.5|  -0.3| 3042.0| 0.000|   0.0|  59.546|  45.116|210.93|   0.0|    0.0|    0.0|F2              |
|  0|17.65|27302.6|  1| 6.17| 7.36|  72.936|  48.936| 2707.753|  92.5|  -0.2| 2820.6| 0.000|   0.0|  58.791|  44.941|193.93|   0.0|    0.0|    0.0|F2              |
|  0|17.65|27314.1|  1| 4.74| 5.95|  74.163|  49.460| 2826.187|  92.7|  -0.1| 2929.1| 0.000|   0.0|  58.857|  44.983|188.18|   0.0|    0.0|    0.0|F2              |
|  0|17.65|27325.6|  1| 2.95| 4.37|  76.465|  50.605| 3059.037|  93.1|  -0.1| 3155.7| 0.000|   0.0|  60.148|  45.370|182.43|   0.0|    0.0|    0.0|F2              |
|  0|17.65|27337.0|  1| 6.70| 7.91|  72.809|  48.836| 2693.357|  92.4|  -0.2| 2812.2| 0.000|   0.0|  58.535|  44.863|197.92|   0.0|    0.0|    0.0|F2              |
|  0|17.65|27348.6|  1| 6.35| 7.53|  72.791|  48.973| 2698.648|  92.7|  -0.2| 2813.1| 0.000|   0.0|  57.930|  44.813|196.29|   0.0|    0.0|    0.0|F2              |
+---+-----+-------+---+-----+-----+--------+--------+---------+------+------+-------+------+------+--------+--------+------+------+-------+-------+----------------+
+---+-----+-------+---+-----+-----+--------+--------+---------+------+------+-------+------+------+--------+--------+------+------+-------+-------+----------------+
|0-x| fr  |  time |hop| d0  | d1  |   fi   |  teta  |   dist  |  at  |  dev |   p   |  df  |  l   |   fot  |   tot  |  rot | lsp  |   pf  |    s  |                |
+---+-----+-------+---+-----+-----+--------+--------+---------+------+------+-------+------+------+--------+--------+------+------+-------+-------+----------------+
|  0|17.65|27360.2|  1| 5.98| 7.15|  72.954|  49.084| 2716.370|  92.8|  -0.2| 2827.2| 0.000|   0.0|  58.863|  45.029|192.51|   0.0|    0.0|    0.0|F2              |
|  0|17.65|27371.6|  1| 2.73| 4.19|  77.088|  50.389| 3094.514|  92.2|  -0.1| 3190.9| 0.000|   0.0|  60.827|  45.285|181.76|   0.0|    0.0|    0.0|F2              |
|  0|17.65|27383.3|  1| 5.71| 6.87|  73.270|  49.018| 2736.964|  92.5|  -0.1| 2845.8| 0.000|   0.0|  58.904|  44.942|191.49|   0.0|    0.0|    0.0|F2              |
|  0|17.65|27394.9|  1| 3.97| 5.23|  75.169|  49.809| 2919.690|  92.6|  -0.1| 3019.4| 0.000|   0.0|  59.502|  45.097|185.32|   0.0|    0.0|    0.0|F2              |
|  0|17.65|27406.3|  1| 6.20| 7.36|  72.919|  48.930| 2706.185|  92.5|  -0.2| 2819.1| 0.000|   0.0|  58.668|  44.916|194.29|   0.0|    0.0|    0.0|F2              |
|  0|17.65|27418.0|  1| 4.59| 5.79|  74.322|  49.571| 2843.739|  92.8|  -0.1| 2945.9| 0.000|   0.0|  59.624|  45.172|186.12|   0.0|    0.0|    0.0|F2              |
|  0|17.65|27429.5|  1| 6.10| 7.25|  72.881|  49.056| 2709.486|  92.8|  -0.2| 2821.3| 0.000|   0.0|  58.014|  44.853|194.67|   0.0|    0.0|    0.0|F2              |
|  0|17.65|27440.9|  1| 6.19| 7.35|  72.891|  48.966| 2705.825|  92.6|  -0.2| 2818.6| 0.000|   0.0|  58.772|  44.961|193.86|   0.0|    0.0|    0.0|F2              |
|  0|17.65|27452.7|  1| 6.27| 7.43|  72.945|  48.846| 2704.070|  92.3|  -0.2| 2817.7| 0.000|   0.0|  58.722|  44.879|194.62|   0.0|    0.0|    0.0|F2              |
|  0|17.65|27464.2|  1| 6.29| 7.44|  72.810|  48.981| 2700.491|  92.7|  -0.2| 2814.1| 0.000|   0.0|  58.533|  44.935|194.92|   0.0|    0.0|    0.0|F2              |
|  0|17.65|27475.8|  1| 6.03| 7.17|  72.952|  49.037| 2713.937|  92.7|  -0.2| 2825.1| 0.000|   0.0|  58.739|  44.979|193.05|   0.0|    0.0|    0.0|F2              |
|  0|17.65|27487.1|  1| 7.84| 9.27|  74.324|  49.418| 2836.160|  92.5|  -0.2| 2983.5| 0.000|   0.0|  59.310|  45.041|209.47|   0.0|    0.0|    0.0|F2              |
|  0|17.65|27498.6|  1| 7.91| 9.50|  77.466|  48.765| 3041.073|  88.8|  -0.3| 3207.6| 0.000|   0.0|  61.165|  44.481|213.66|   0.0|    0.0|    0.0|F2              |
|  0|17.65|27498.6|  1| 7.99| 9.53|  75.309|  49.892| 2934.470|  92.6|  -0.3| 3092.9| 0.000|   0.0|  59.632|  45.159|212.27|   0.0|    0.0|    0.0|F2              |
|  0|17.65|27510.0|  1| 6.15| 7.28|  74.065|  47.673| 2734.233|  88.9|  -0.2| 2848.5| 0.000|   0.0|  59.175|  44.153|194.98|   0.0|    0.0|    0.0|F2              |
|  0|17.65|27510.0|  1| 6.71| 7.88|  72.559|  49.066| 2685.741|  93.1|  -0.2| 2803.9| 0.000|   0.0|  58.467|  45.015|197.43|   0.0|    0.0|    0.0|F2              |
|  0|17.65|27521.6|  1| 7.84| 9.25|  74.173|  49.458| 2826.805|  92.7|  -0.2| 2973.3| 0.000|   0.0|  59.291|  45.087|209.17|   0.0|    0.0|    0.0|F2              |
|  0|17.65|27533.1|  1| 6.69| 7.85|  72.750|  48.862| 2690.192|  92.5|  -0.2| 2808.4| 0.000|   0.0|  58.478|  44.875|197.60|   0.0|    0.0|    0.0|F2              |
|  0|17.65|27544.6|  1| 5.80| 6.93|  73.143|  49.064| 2729.685|  92.7|  -0.1| 2838.9| 0.000|   0.0|  58.872|  44.983|191.66|   0.0|    0.0|    0.0|F2              |
|  0|17.65|27556.2|  1| 3.39| 4.67|  76.762|  49.214| 3009.903|  90.2|  -0.1| 3108.3| 0.000|   0.0|  60.175|  44.630|184.04|   0.0|    0.0|    0.0|F2              |
+---+-----+-------+---+-----+-----+--------+--------+---------+------+------+-------+------+------+--------+--------+------+------+-------+-------+----------------+
+---+-----+-------+---+-----+-----+--------+--------+---------+------+------+-------+------+------+--------+--------+------+------+-------+-------+----------------+
|0-x| fr  |  time |hop| d0  | d1  |   fi   |  teta  |   dist  |  at  |  dev |   p   |  df  |  l   |   fot  |   tot  |  rot | lsp  |   pf  |    s  |                |
+---+-----+-------+---+-----+-----+--------+--------+---------+------+------+-------+------+------+--------+--------+------+------+-------+-------+----------------+
|  0|17.65|27556.2|  1| 5.83| 6.96|  73.151|  49.020| 2728.120|  92.6|  -0.1| 2837.6| 0.000|   0.0|  58.185|  44.819|193.13|   0.0|    0.0|    0.0|F2              |
|  0|17.65|27567.8|  1| 5.88| 7.00|  73.086|  49.042| 2724.224|  92.7|  -0.1| 2834.1| 0.000|   0.0|  58.793|  44.967|192.19|   0.0|    0.0|    0.0|F2              |
|  0|17.65|27579.4|  1| 8.02| 9.50|  74.215|  50.354| 2876.342|  94.5|  -0.2| 3029.9| 0.000|   0.0|  59.140|  45.499|211.19|   0.0|    0.0|    0.0|F2              |
|  0|17.65|27579.4|  1| 6.19| 7.32|  72.703|  49.174| 2701.871|  93.2|  -0.2| 2814.1| 0.000|   0.0|  57.861|  44.914|195.00|   0.0|    0.0|    0.0|F2              |
|  0|17.65|27590.8|  1| 5.39| 6.51|  74.194|  48.372| 2775.710|  90.3|  -0.2| 2883.0| 0.000|   0.0|  58.690|  44.404|191.45|   0.0|    0.0|    0.0|F2              |
|  0|17.65|27590.8|  1| 5.71| 6.83|  73.397|  48.879| 2739.797|  92.1|  -0.1| 2848.6| 0.000|   0.0|  58.941|  44.853|191.45|   0.0|    0.0|    0.0|F2              |
|  0|17.65|27602.5|  1| 6.62| 7.76|  72.753|  48.864| 2690.544|  92.5|  -0.2| 2807.7| 0.000|   0.0|  58.458|  44.872|197.07|   0.0|    0.0|    0.0|F2              |
|  0|17.65|27614.0|  1| 6.74| 7.89|  73.521|  48.034| 2709.396|  90.1|  -0.2| 2829.7| 0.000|   0.0|  58.672|  44.350|198.94|   0.0|    0.0|    0.0|F2              |
|  0|17.65|27614.0|  1| 0.00| 0.00|   0.000|   0.000|    0.000|   0.0|   0.0|    0.0| 0.000|   0.0|   0.000|   0.000|  0.00|   0.0|    0.0|    0.0|                |
|  0|17.65|27614.0|  1| 1.15| 3.10|  79.632|  51.324| 3336.725|  91.9|  -0.1| 3431.0| 0.000|   0.0|  63.190|  45.753|177.77|   0.0|    0.0|    0.0|F2              |
|  0|17.65|27625.8|  1| 6.41| 7.54|  72.813|  48.889| 2696.251|  92.5|  -0.2| 2811.0| 0.000|   0.0|  57.881|  44.758|196.49|   0.0|    0.0|    0.0|F2              |
|  0|17.65|27637.4|  1| 6.11| 7.23|  72.932|  48.983| 2709.736|  92.6|  -0.2| 2821.5| 0.000|   0.0|  58.026|  44.810|194.60|   0.0|    0.0|    0.0|F2              |
|  0|17.65|27648.8|  1| 5.92| 7.03|  73.087|  48.996| 2722.096|  92.5|  -0.2| 2832.2| 0.000|   0.0|  58.781|  44.940|192.39|   0.0|    0.0|    0.0|F2              |
|  0|17.65|27660.5|  1| 6.53| 7.66|  72.770|  48.872| 2692.174|  92.5|  -0.2| 2808.1| 0.000|   0.0|  58.627|  44.906|196.00|   0.0|    0.0|    0.0|F2              |
|  0|17.65|27672.0|  1| 6.27| 7.38|  72.936|  48.844| 2703.284|  92.3|  -0.2| 2816.6| 0.000|   0.0|  58.723|  44.879|194.35|   0.0|    0.0|    0.0|F2              |
|  0|17.65|27683.6|  1| 6.43| 7.55|  72.802|  48.885| 2695.214|  92.5|  -0.2| 2810.0| 0.000|   0.0|  57.889|  44.759|196.54|   0.0|    0.0|    0.0|F2              |
|  0|17.65|27695.3|  1| 6.59| 7.71|  72.657|  48.968| 2688.275|  92.8|  -0.2| 2804.7| 0.000|   0.0|  58.446|  44.940|196.59|   0.0|    0.0|    0.0|F2              |
|  0|17.65|27706.9|  1| 6.82| 7.96|  72.688|  48.884| 2686.512|  92.6|  -0.2| 2805.9| 0.000|   0.0|  58.532|  44.910|198.09|   0.0|    0.0|    0.0|F2              |
|  0|17.65|27718.5|  1| 6.54| 7.66|  72.667|  48.972| 2689.314|  92.8|  -0.2| 2805.1| 0.000|   0.0|  57.810|  44.811|197.14|   0.0|    0.0|    0.0|F2              |
|  0|17.65|27730.0|  1| 7.79| 9.11|  73.681|  49.323| 2782.986|  92.8|  -0.2| 2924.5| 0.000|   0.0|  58.968|  45.044|207.77|   0.0|    0.0|    0.0|F2              |
+---+-----+-------+---+-----+-----+--------+--------+---------+------+------+-------+------+------+--------+--------+------+------+-------+-------+----------------+
+---+-----+-------+---+-----+-----+--------+--------+---------+------+------+-------+------+------+--------+--------+------+------+-------+-------+----------------+
|0-x| fr  |  time |hop| d0  | d1  |   fi   |  teta  |   dist  |  at  |  dev |   p   |  df  |  l   |   fot  |   tot  |  rot | lsp  |   pf  |    s  |                |
+---+-----+-------+---+-----+-----+--------+--------+---------+------+------+-------+------+------+--------+--------+------+------+-------+-------+----------------+
|  0|17.65|27741.6|  1| 7.89| 9.26|  74.224|  49.381| 2826.860|  92.5|  -0.2| 2973.7| 0.000|   0.0|  59.272|  45.034|209.38|   0.0|    0.0|    0.0|F2              |
|  0|17.65|27753.4|  1| 6.66| 7.78|  72.698|  48.890| 2687.605|  92.6|  -0.2| 2804.9| 0.000|   0.0|  57.822|  44.768|197.96|   0.0|    0.0|    0.0|F2              |
|  0|17.65|27765.0|  1| 5.41| 6.50|  73.582|  49.091| 2764.027|  92.4|  -0.1| 2870.4| 0.000|   0.0|  58.367|  44.811|190.98|   0.0|    0.0|    0.0|F2              |
|  0|17.65|27776.5|  1| 6.07| 7.16|  72.956|  48.993| 2712.038|  92.6|  -0.2| 2823.2| 0.000|   0.0|  57.940|  44.793|194.33|   0.0|    0.0|    0.0|F2              |
|  0|17.65|27788.1|  1| 5.82| 6.90|  73.195|  48.991| 2729.947|  92.5|  -0.1| 2839.2| 0.000|   0.0|  58.127|  44.785|192.99|   0.0|    0.0|    0.0|F2              |
|  0|17.65|27799.7|  1| 6.52| 7.62|  72.762|  48.870| 2691.474|  92.5|  -0.2| 2807.1| 0.000|   0.0|  57.791|  44.740|197.04|   0.0|    0.0|    0.0|F2              |
|  0|17.65|27811.4|  1| 7.06| 8.20|  72.872|  48.718| 2692.396|  92.1|  -0.2| 2815.5| 0.000|   0.0|  58.536|  44.792|200.18|   0.0|    0.0|    0.0|F2              |
|  0|17.65|27811.4|  1| 5.55| 6.63|  73.242|  49.292| 2748.391|  93.1|  -0.1| 2855.4| 0.000|   0.0|  58.082|  44.915|191.54|   0.0|    0.0|    0.0|F2              |
|  0|17.65|27823.2|  1| 7.55| 8.77|  73.082|  49.061| 2724.891|  92.7|  -0.2| 2857.7| 0.000|   0.0|  58.407|  44.905|204.92|   0.0|    0.0|    0.0|F2              |
|  0|17.65|27834.7|  1| 4.52| 5.61|  75.640|  48.162| 2875.043|  88.9|  -0.1| 2977.8| 0.000|   0.0|  59.215|  44.141|188.06|   0.0|    0.0|    0.0|F2              |
|  0|17.65|27834.7|  1| 5.81| 6.88|  73.083|  49.136| 2728.644|  92.9|  -0.1| 2837.6| 0.000|   0.0|  58.778|  45.012|191.58|   0.0|    0.0|    0.0|F2              |
|  0|17.65|27846.5|  1| 4.09| 5.21|  76.422|  48.089| 2930.644|  88.2|  -0.1| 3031.9| 0.000|   0.0|  60.648|  44.203|184.96|   0.0|    0.0|    0.0|F2              |
|  0|17.65|27846.5|  1| 5.59| 6.66|  73.389|  49.065| 2748.191|  92.5|  -0.1| 2855.7| 0.000|   0.0|  58.219|  44.804|191.80|   0.0|    0.0|    0.0|F2              |
|  0|17.65|27858.1|  1| 4.48| 5.60|  74.568|  49.570| 2862.254|  92.6|  -0.1| 2963.7| 0.000|   0.0|  58.895|  44.968|187.07|   0.0|    0.0|    0.0|F2              |
|  0|17.65|27869.9|  1| 4.98| 6.06|  73.979|  49.340| 2806.289|  92.6|  -0.1| 2910.1| 0.000|   0.0|  58.644|  44.915|188.94|   0.0|    0.0|    0.0|F2              |
|  0|17.65|27881.6|  1| 7.33| 8.49|  73.738|  48.096| 2728.544|  90.1|  -0.2| 2858.3| 0.000|   0.0|  58.649|  44.344|203.68|   0.0|    0.0|    0.0|F2              |
|  0|17.65|27881.6|  1| 0.07| 2.69|  81.008|  52.134| 3485.889|  92.2|  -0.1| 3579.4| 0.000|   0.0|  63.933|  46.033|178.03|   0.0|    0.0|    0.0|F2              |
|  0|17.65|27893.2|  1| 6.02| 7.08|  72.959|  49.041| 2714.647|  92.8|  -0.1| 2825.2| 0.000|   0.0|  57.994|  44.827|193.89|   0.0|    0.0|    0.0|F2              |
|  0|17.65|27904.8|  1| 6.24| 7.30|  72.822|  48.988| 2701.767|  92.7|  -0.2| 2814.2| 0.000|   0.0|  57.772|  44.782|195.20|   0.0|    0.0|    0.0|F2              |
|  0|17.65|27916.3|  1| 7.56| 8.76|  73.125|  48.984| 2724.364|  92.5|  -0.2| 2857.1| 0.000|   0.0|  58.421|  44.861|204.92|   0.0|    0.0|    0.0|F2              |
+---+-----+-------+---+-----+-----+--------+--------+---------+------+------+-------+------+------+--------+--------+------+------+-------+-------+----------------+
+---+-----+-------+---+-----+-----+--------+--------+---------+------+------+-------+------+------+--------+--------+------+------+-------+-------+----------------+
|0-x| fr  |  time |hop| d0  | d1  |   fi   |  teta  |   dist  |  at  |  dev |   p   |  df  |  l   |   fot  |   tot  |  rot | lsp  |   pf  |    s  |                |
+---+-----+-------+---+-----+-----+--------+--------+---------+------+------+-------+------+------+--------+--------+------+------+-------+-------+----------------+
|  0|17.65|27927.9|  1| 0.00| 0.00|   0.000|   0.000|    0.000|   0.0|   0.0|    0.0| 0.000|   0.0|   0.000|   0.000|  0.00|   0.0|    0.0|    0.0|                |
|  0|17.65|27927.9|  1| 5.92| 6.96|  74.130|  47.790| 2744.285|  89.1|  -0.2| 2855.6| 0.000|   0.0|  58.477|  44.090|194.29|   0.0|    0.0|    0.0|F2              |
|  0|17.65|27927.9|  1| 4.28| 5.40|  74.714|  49.827| 2886.363|  93.0|  -0.1| 2986.9| 0.000|   0.0|  58.887|  45.063|186.27|   0.0|    0.0|    0.0|F2              |
|  0|17.65|27939.6|  1| 6.36| 7.42|  72.790|  48.929| 2696.412|  92.6|  -0.2| 2810.0| 0.000|   0.0|  58.508|  44.907|194.87|   0.0|    0.0|    0.0|F2              |
|  0|17.65|27951.0|  1| 7.67| 8.89|  73.147|  49.176| 2735.441|  92.9|  -0.2| 2870.7| 0.000|   0.0|  58.763|  45.026|205.49|   0.0|    0.0|    0.0|F2              |
|  0|17.65|27962.8|  1| 6.03| 7.08|  72.923|  49.074| 2713.550|  92.9|  -0.1| 2824.0| 0.000|   0.0|  57.945|  44.840|193.88|   0.0|    0.0|    0.0|F2              |
|  0|17.65|27974.3|  1| 6.15| 7.20|  72.874|  49.009| 2706.623|  92.7|  -0.2| 2818.2| 0.000|   0.0|  58.624|  44.955|193.40|   0.0|    0.0|    0.0|F2              |
|  0|17.65|27985.9|  1| 7.30| 8.43|  72.739|  48.941| 2693.179|  92.7|  -0.2| 2819.5| 0.000|   0.0|  58.197|  44.864|202.19|   0.0|    0.0|    0.0|F2              |
|  0|17.65|27997.4|  1| 6.09| 7.11|  73.955|  47.823| 2732.604|  89.3|  -0.2| 2845.2| 0.000|   0.0|  58.297|  44.107|195.17|   0.0|    0.0|    0.0|F2              |
|  0|17.65|27997.4|  1| 6.01| 7.05|  72.967|  49.045| 2715.445|  92.8|  -0.1| 2825.8| 0.000|   0.0|  58.071|  44.843|193.69|   0.0|    0.0|    0.0|F2              |
|  0|17.65|28008.9|  1| 7.25| 8.36|  73.793|  47.888| 2723.306|  89.6|  -0.2| 2851.2| 0.000|   0.0|  58.506|  44.205|203.05|   0.0|    0.0|    0.0|F2              |
|  0|17.65|28008.9|  1| 5.48| 6.51|  74.222|  48.242| 2771.797|  90.0|  -0.2| 2879.3| 0.000|   0.0|  58.331|  44.273|191.81|   0.0|    0.0|    0.0|F2              |
|  0|17.65|28008.9|  1| 4.43| 5.52|  74.592|  49.679| 2869.599|  92.8|  -0.1| 2970.7| 0.000|   0.0|  59.268|  45.096|186.37|   0.0|    0.0|    0.0|F2              |
|  0|17.65|28020.5|  1| 4.77| 5.84|  74.235|  49.440| 2830.597|  92.6|  -0.1| 2933.3| 0.000|   0.0|  58.633|  44.913|188.11|   0.0|    0.0|    0.0|F2              |
|  0|17.65|28032.1|  1| 4.33| 5.43|  74.783|  49.656| 2882.784|  92.6|  -0.1| 2983.5| 0.000|   0.0|  59.391|  45.073|186.01|   0.0|    0.0|    0.0|F2              |
|  0|17.65|28043.7|  1| 5.95| 6.98|  73.011|  49.062| 2719.567|  92.8|  -0.1| 2829.4| 0.000|   0.0|  58.103|  44.849|193.32|   0.0|    0.0|    0.0|F2              |
|  0|17.65|28055.3|  1| 4.12| 5.23|  75.003|  49.843| 2908.973|  92.8|  -0.1| 3008.9| 0.000|   0.0|  59.054|  45.051|185.70|   0.0|    0.0|    0.0|F2              |
|  0|17.65|28067.1|  1| 4.18| 5.28|  74.986|  49.736| 2902.152|  92.6|  -0.1| 3002.3| 0.000|   0.0|  59.030|  44.997|185.94|   0.0|    0.0|    0.0|F2              |
|  0|17.65|28078.6|  1| 5.78| 6.81|  73.145|  49.114| 2732.264|  92.8|  -0.1| 2840.7| 0.000|   0.0|  57.944|  44.818|192.58|   0.0|    0.0|    0.0|F2              |
|  0|17.65|28090.1|  1| 4.84| 5.89|  74.103|  49.485| 2822.916|  92.8|  -0.1| 2925.8| 0.000|   0.0|  58.535|  44.940|188.32|   0.0|    0.0|    0.0|F2              |
+---+-----+-------+---+-----+-----+--------+--------+---------+------+------+-------+------+------+--------+--------+------+------+-------+-------+----------------+
+---+-----+-------+---+-----+-----+--------+--------+---------+------+------+-------+------+------+--------+--------+------+------+-------+-------+----------------+
|0-x| fr  |  time |hop| d0  | d1  |   fi   |  teta  |   dist  |  at  |  dev |   p   |  df  |  l   |   fot  |   tot  |  rot | lsp  |   pf  |    s  |                |
+---+-----+-------+---+-----+-----+--------+--------+---------+------+------+-------+------+------+--------+--------+------+------+-------+-------+----------------+
|  0|17.65|28101.7|  1| 5.51| 6.53|  73.417|  49.171| 2755.537|  92.7|  -0.1| 2862.2| 0.000|   0.0|  58.248|  44.857|191.18|   0.0|    0.0|    0.0|F2              |
|  0|17.65|28113.4|  1| 3.61| 4.76|  75.882|  49.944| 2980.356|  92.3|  -0.1| 3078.7| 0.000|   0.0|  59.695|  45.064|184.10|   0.0|    0.0|    0.0|F2              |
|  0|17.65|28125.0|  1| 5.01| 6.04|  73.940|  49.374| 2805.072|  92.7|  -0.1| 2908.8| 0.000|   0.0|  58.330|  44.874|189.04|   0.0|    0.0|    0.0|F2              |
|  0|17.65|28136.4|  1| 5.75| 6.76|  73.203|  49.089| 2735.396|  92.7|  -0.1| 2843.6| 0.000|   0.0|  58.005|  44.807|192.39|   0.0|    0.0|    0.0|F2              |
|  0|17.65|28159.6|  1| 6.00| 7.01|  72.946|  49.084| 2715.785|  92.9|  -0.1| 2825.8| 0.000|   0.0|  57.925|  44.836|193.59|   0.0|    0.0|    0.0|F2              |
|  0|17.65|28171.2|  1| 5.58| 6.59|  73.326|  49.184| 2749.292|  92.8|  -0.1| 2856.3| 0.000|   0.0|  57.984|  44.826|191.55|   0.0|    0.0|    0.0|F2              |
|  0|17.65|28182.8|  1| 5.96| 6.96|  73.038|  49.026| 2719.828|  92.7|  -0.1| 2829.6| 0.000|   0.0|  57.784|  44.763|193.47|   0.0|    0.0|    0.0|F2              |
|  0|17.65|28194.4|  1| 6.58| 7.60|  72.651|  48.922| 2685.640|  92.7|  -0.2| 2801.0| 0.000|   0.0|  57.638|  44.755|197.01|   0.0|    0.0|    0.0|F2              |
|  0|17.65|28206.0|  1| 6.14| 7.14|  72.910|  48.977| 2707.761|  92.6|  -0.2| 2818.9| 0.000|   0.0|  57.958|  44.797|194.32|   0.0|    0.0|    0.0|F2              |
|  0|17.65|28217.7|  1| 5.98| 6.98|  72.992|  49.055| 2717.848|  92.8|  -0.1| 2827.7| 0.000|   0.0|  57.765|  44.782|193.52|   0.0|    0.0|    0.0|F2              |
|  0|17.65|28229.2|  1| 5.66| 6.66|  73.286|  49.121| 2743.251|  92.7|  -0.1| 2850.8| 0.000|   0.0|  57.912|  44.789|191.92|   0.0|    0.0|    0.0|F2              |
|  0|17.65|28240.9|  1| 5.55| 6.55|  73.418|  49.125| 2753.307|  92.6|  -0.1| 2860.1| 0.000|   0.0|  58.018|  44.788|191.40|   0.0|    0.0|    0.0|F2              |
|  0|17.65|28252.6|  1| 6.21| 7.20|  72.896|  48.925| 2704.190|  92.5|  -0.2| 2816.0| 0.000|   0.0|  57.841|  44.751|194.76|   0.0|    0.0|    0.0|F2              |
|  0|17.65|28264.0|  1| 6.64| 7.65|  72.688|  48.844| 2684.646|  92.5|  -0.2| 2800.7| 0.000|   0.0|  58.665|  44.914|195.74|   0.0|    0.0|    0.0|F2              |
|  0|17.65|28275.7|  1| 5.30| 6.29|  73.848|  49.004| 2779.835|  92.0|  -0.1| 2885.3| 0.000|   0.0|  58.359|  44.717|190.31|   0.0|    0.0|    0.0|F2              |
|  0|17.65|28287.3|  1| 4.35| 5.39|  74.826|  49.623| 2884.415|  92.5|  -0.1| 2985.2| 0.000|   0.0|  58.850|  44.935|186.45|   0.0|    0.0|    0.0|F2              |
|  0|17.65|28298.9|  1| 6.87| 7.89|  72.604|  48.856| 2678.874|  92.6|  -0.2| 2797.5| 0.000|   0.0|  57.633|  44.731|198.85|   0.0|    0.0|    0.0|F2              |
|  0|17.65|28310.6|  1| 6.33| 7.31|  72.794|  48.932| 2696.861|  92.6|  -0.2| 2809.6| 0.000|   0.0|  57.663|  44.738|195.41|   0.0|    0.0|    0.0|F2              |
|  0|17.65|28322.2|  1| 7.01| 8.03|  72.597|  48.851| 2678.081|  92.6|  -0.2| 2798.6| 0.000|   0.0|  57.515|  44.707|199.85|   0.0|    0.0|    0.0|F2              |
|  0|17.65|28334.1|  1| 6.59| 7.58|  72.545|  49.021| 2682.497|  93.0|  -0.2| 2797.6| 0.000|   0.0|  57.716|  44.838|196.79|   0.0|    0.0|    0.0|F2              |
+---+-----+-------+---+-----+-----+--------+--------+---------+------+------+-------+------+------+--------+--------+------+------+-------+-------+----------------+
+---+-----+-------+---+-----+-----+--------+--------+---------+------+------+-------+------+------+--------+--------+------+------+-------+-------+----------------+
|0-x| fr  |  time |hop| d0  | d1  |   fi   |  teta  |   dist  |  at  |  dev |   p   |  df  |  l   |   fot  |   tot  |  rot | lsp  |   pf  |    s  |                |
+---+-----+-------+---+-----+-----+--------+--------+---------+------+------+-------+------+------+--------+--------+------+------+-------+-------+----------------+
|  0|17.65|28345.6|  1| 5.22| 6.20|  73.729|  49.292| 2785.027|  92.7|  -0.1| 2889.7| 0.000|   0.0|  59.241|  45.063|188.06|   0.0|    0.0|    0.0|F2              |
|  0|17.65|28357.1|  1| 6.81| 7.81|  72.574|  48.892| 2678.347|  92.7|  -0.2| 2796.1| 0.000|   0.0|  58.565|  44.941|196.86|   0.0|    0.0|    0.0|F2              |
|  0|17.65|28368.8|  1| 6.40| 7.37|  72.815|  48.848| 2694.345|  92.4|  -0.2| 2807.7| 0.000|   0.0|  57.609|  44.683|195.83|   0.0|    0.0|    0.0|F2              |
|  0|17.65|28380.1|  1| 6.53| 7.50|  72.784|  48.789| 2689.208|  92.3|  -0.2| 2803.9| 0.000|   0.0|  58.665|  44.867|195.05|   0.0|    0.0|    0.0|F2              |
|  0|17.65|28391.7|  1| 6.51| 7.48|  72.700|  48.896| 2688.023|  92.6|  -0.2| 2802.4| 0.000|   0.0|  57.537|  44.713|196.43|   0.0|    0.0|    0.0|F2              |
|  0|17.65|28403.1|  1| 7.22| 8.25|  72.621|  48.857| 2680.216|  92.6|  -0.2| 2803.7| 0.000|   0.0|  58.171|  44.836|200.83|   0.0|    0.0|    0.0|F2              |
|  0|17.65|28414.6|  1| 7.45| 8.51|  72.675|  48.964| 2689.502|  92.8|  -0.2| 2817.0| 0.000|   0.0|  58.514|  44.952|202.20|   0.0|    0.0|    0.0|F2              |
|  0|17.65|28426.0|  1| 4.87| 5.85|  74.105|  49.487| 2823.149|  92.8|  -0.1| 2926.0| 0.000|   0.0|  58.517|  44.937|188.26|   0.0|    0.0|    0.0|F2              |
|  0|17.65|28437.5|  1| 6.88| 7.87|  72.491|  48.952| 2675.016|  92.9|  -0.2| 2793.3| 0.000|   0.0|  58.514|  44.977|197.24|   0.0|    0.0|    0.0|F2              |
|  0|17.65|28448.9|  1| 7.49| 8.54|  72.767|  48.905| 2693.528|  92.6|  -0.2| 2821.8| 0.000|   0.0|  58.622|  44.926|202.46|   0.0|    0.0|    0.0|F2              |
|  0|17.65|28460.6|  1| 6.51| 7.47|  72.726|  48.860| 2688.230|  92.5|  -0.2| 2802.5| 0.000|   0.0|  57.546|  44.693|196.39|   0.0|    0.0|    0.0|F2              |
|  0|17.65|28472.0|  1| 7.21| 8.22|  72.602|  48.851| 2678.449|  92.6|  -0.2| 2801.5| 0.000|   0.0|  58.461|  44.894|200.08|   0.0|    0.0|    0.0|F2              |
|  0|17.65|28483.6|  1| 7.89| 9.03|  73.445|  49.098| 2753.998|  92.5|  -0.2| 2893.2| 0.000|   0.0|  58.727|  44.922|207.28|   0.0|    0.0|    0.0|F2              |
|  0|17.65|28495.1|  1| 0.00| 0.00|   0.000|   0.000|    0.000|   0.0|   0.0|    0.0| 0.000|   0.0|   0.000|   0.000|  0.00|   0.0|    0.0|    0.0|                |
|  0|17.65|28506.9|  1| 0.00| 0.00|   0.000|   0.000|    0.000|   0.0|   0.0|    0.0| 0.000|   0.0|   0.000|   0.000|  0.00|   0.0|    0.0|    0.0|                |
|  0|17.65|28518.5|  1| 5.79| 6.73|  73.216|  49.048| 2734.390|  92.6|  -0.1| 2842.5| 0.000|   0.0|  58.818|  44.949|190.96|   0.0|    0.0|    0.0|F2              |
|  0|17.65|28530.4|  1| 5.19| 6.14|  73.779|  49.312| 2789.854|  92.7|  -0.1| 2894.3| 0.000|   0.0|  59.188|  45.052|188.03|   0.0|    0.0|    0.0|F2              |
|  0|17.65|28542.2|  1| 5.91| 6.84|  73.086|  49.046| 2724.444|  92.7|  -0.1| 2833.4| 0.000|   0.0|  57.847|  44.776|192.92|   0.0|    0.0|    0.0|F2              |
|  0|17.65|28554.2|  1| 5.60| 6.53|  73.360|  49.150| 2750.248|  92.7|  -0.1| 2857.1| 0.000|   0.0|  57.982|  44.803|191.41|   0.0|    0.0|    0.0|F2              |
|  0|17.65|28566.2|  1| 6.05| 6.98|  72.948|  49.039| 2713.696|  92.8|  -0.1| 2823.6| 0.000|   0.0|  58.803|  44.993|191.82|   0.0|    0.0|    0.0|F2              |
+---+-----+-------+---+-----+-----+--------+--------+---------+------+------+-------+------+------+--------+--------+------+------+-------+-------+----------------+
+---+-----+-------+---+-----+-----+--------+--------+---------+------+------+-------+------+------+--------+--------+------+------+-------+-------+----------------+
|0-x| fr  |  time |hop| d0  | d1  |   fi   |  teta  |   dist  |  at  |  dev |   p   |  df  |  l   |   fot  |   tot  |  rot | lsp  |   pf  |    s  |                |
+---+-----+-------+---+-----+-----+--------+--------+---------+------+------+-------+------+------+--------+--------+------+------+-------+-------+----------------+
|  0|17.65|28577.8|  1| 5.11| 6.05|  73.874|  49.348| 2798.768|  92.7|  -0.1| 2902.7| 0.000|   0.0|  58.233|  44.855|189.21|   0.0|    0.0|    0.0|F2              |
|  0|17.65|28589.4|  1| 5.96| 6.88|  73.047|  49.031| 2720.743|  92.7|  -0.1| 2830.0| 0.000|   0.0|  58.753|  44.959|191.66|   0.0|    0.0|    0.0|F2              |
|  0|17.65|28601.0|  1| 2.81| 3.99|  77.056|  50.642| 3105.564|  92.7|  -0.1| 3201.8| 0.000|   0.0|  60.740|  45.399|181.49|   0.0|    0.0|    0.0|F2              |
|  0|17.65|28612.5|  1| 0.14| 2.54|  81.014|  52.255| 3493.226|  92.4|  -0.1| 3586.7| 0.000|   0.0|  63.851|  46.074|177.95|   0.0|    0.0|    0.0|F2              |
|  0|17.65|28624.1|  1| 5.64| 6.56|  73.356|  49.102| 2747.532|  92.6|  -0.1| 2854.5| 0.000|   0.0|  59.009|  44.989|189.78|   0.0|    0.0|    0.0|F2              |
|  0|17.65|28635.6|  1| 5.99| 6.90|  72.995|  49.058| 2718.180|  92.8|  -0.1| 2827.6| 0.000|   0.0|  58.835|  45.000|191.42|   0.0|    0.0|    0.0|F2              |
|  0|17.65|28647.2|  1| 6.44| 7.36|  72.754|  48.872| 2690.936|  92.5|  -0.2| 2804.2| 0.000|   0.0|  57.581|  44.700|195.80|   0.0|    0.0|    0.0|F2              |
|  0|17.65|28658.8|  1| 0.00| 0.00|   0.000|   0.000|    0.000|   0.0|   0.0|    0.0| 0.000|   0.0|   0.000|   0.000|  0.00|   0.0|    0.0|    0.0|                |
|  0|17.65|28670.3|  1| 6.35| 7.26|  72.834|  48.856| 2696.182|  92.4|  -0.2| 2808.6| 0.000|   0.0|  57.670|  44.695|195.26|   0.0|    0.0|    0.0|F2              |
|  0|17.65|28682.2|  1| 6.02| 6.92|  73.033|  48.979| 2717.175|  92.6|  -0.1| 2826.8| 0.000|   0.0|  58.802|  44.945|191.72|   0.0|    0.0|    0.0|F2              |
|  0|17.65|28693.7|  1| 8.44|10.03|  78.202|  51.357| 3230.775|  93.1|  -0.3| 3421.0| 0.000|   0.0|  61.725|  45.773|216.83|   0.0|    0.0|    0.0|F2              |
|  0|17.65|28705.4|  1| 0.00| 0.00|   0.000|   0.000|    0.000|   0.0|   0.0|    0.0| 0.000|   0.0|   0.000|   0.000|  0.00|   0.0|    0.0|    0.0|                |
|  0|17.65|28717.0|  1| 5.16| 6.07|  73.801|  49.369| 2794.354|  92.8|  -0.1| 2898.4| 0.000|   0.0|  58.195|  44.870|189.32|   0.0|    0.0|    0.0|F2              |
|  0|17.65|28728.6|  1| 3.00| 4.11|  76.788|  50.528| 3079.276|  92.7|  -0.1| 3175.9| 0.000|   0.0|  60.506|  45.346|181.97|   0.0|    0.0|    0.0|F2              |
|  0|17.65|28740.2|  1| 3.26| 4.33|  76.364|  50.402| 3040.667|  92.8|  -0.1| 3137.9| 0.000|   0.0|  60.208|  45.304|182.64|   0.0|    0.0|    0.0|F2              |
|  0|17.65|28751.7|  1| 2.84| 3.98|  76.976|  50.715| 3103.467|  92.9|  -0.1| 3199.8| 0.000|   0.0|  60.727|  45.450|181.44|   0.0|    0.0|    0.0|F2              |
|  0|17.65|28763.1|  1| 6.53| 7.43|  72.612|  48.957| 2684.360|  92.8|  -0.2| 2798.2| 0.000|   0.0|  57.512|  44.753|196.15|   0.0|    0.0|    0.0|F2              |
|  0|17.65|28774.6|  1| 6.56| 7.46|  72.598|  48.952| 2683.093|  92.8|  -0.2| 2797.2| 0.000|   0.0|  57.461|  44.743|196.33|   0.0|    0.0|    0.0|F2              |
|  0|17.65|28786.3|  1| 6.22| 7.11|  72.856|  48.958| 2702.807|  92.7|  -0.1| 2813.9| 0.000|   0.0|  58.617|  44.930|192.95|   0.0|    0.0|    0.0|F2              |
|  0|17.65|28797.6|  1| 0.00| 0.00|   0.000|   0.000|    0.000|   0.0|   0.0|    0.0| 0.000|   0.0|   0.000|   0.000|  0.00|   0.0|    0.0|    0.0|                |
+---+-----+-------+---+-----+-----+--------+--------+---------+------+------+-------+------+------+--------+--------+------+------+-------+-------+----------------+
+---+-----+-------+---+-----+-----+--------+--------+---------+------+------+-------+------+------+--------+--------+------+------+-------+-------+----------------+
|0-x| fr  |  time |hop| d0  | d1  |   fi   |  teta  |   dist  |  at  |  dev |   p   |  df  |  l   |   fot  |   tot  |  rot | lsp  |   pf  |    s  |                |
+---+-----+-------+---+-----+-----+--------+--------+---------+------+------+-------+------+------+--------+--------+------+------+-------+-------+----------------+
|  0|17.65|28797.6|  1| 7.87| 8.92|  72.813|  49.286| 2715.807|  93.4|  -0.2| 2851.0| 0.000|   0.0|  58.301|  45.047|206.01|   0.0|    0.0|    0.0|F2              |
|  0|17.65|28797.6|  1| 4.68| 5.59|  74.413|  49.560| 2850.062|  92.7|  -0.1| 2951.8| 0.000|   0.0|  58.756|  44.963|187.31|   0.0|    0.0|    0.0|F2              |
|  0|17.65|28797.6|  1| 6.71| 7.61|  72.471|  48.995| 2675.602|  93.0|  -0.2| 2791.1| 0.000|   0.0|  58.337|  44.965|196.01|   0.0|    0.0|    0.0|F2              |
+---+-----+-------+---+-----+-----+--------+--------+---------+------+------+-------+------+------+--------+--------+------+------+-------+-------+----------------+