11.12.2023 16:30:21.966  12.04000000  12040.00000   0.00 -109.1   26.9  28.0 17.34  182.5     0.0    0.00    0.00    0.00  2893.2  254.91   35.64    8.40   3855.8 255.90   30.67   -0.10    6.2     59421.966      5.50   47.24000   39.71000  F2F2F2           
11.12.2023 16:30:21.966  12.04000000  12039.99927   0.00 -107.6   28.4  28.0  4.73  243.3  2181.8  243.77   36.25   17.88  3512.0  244.42   28.19    7.40      0.0   0.00    0.00    0.00   19.6     59421.966      5.50   47.24000   39.71000                   
11.12.2023 16:31:14.750  12.04000000  12039.99915   0.00 -107.6   28.4  28.0  0.48  242.8  2519.4  243.25   34.08   15.27  3916.2  243.84   25.32    4.87      0.0   0.00    0.00    0.00    7.3     59474.750      5.50   47.24000   39.71000                   
11.12.2023 16:31:14.750  12.04000000  12039.99976   0.00 -102.6   33.4  28.0 19.42  181.4     0.0    0.00    0.00    0.00  3916.2  243.84   25.32    4.87      0.0   0.00    0.00    0.00    4.9     59474.750      5.50   47.24000   39.71000                   
11.12.2023 16:31:46.461  12.04000000  12039.99915   0.00 -108.5   27.5  28.0 12.18  248.0  1744.3  248.19   39.73   20.76  2975.2  248.70   33.03    9.79   4028.8 249.44   26.86    1.47   16.5     59506.461      5.50   47.24000   39.71000  F2F2F2           
11.12.2023 16:31:46.461  12.04000000  12039.99976   0.00 -103.2   32.8  28.0 21.41  181.2     0.0    0.00    0.00    0.00  2975.2  248.70   33.03    9.79   4028.8 249.44   26.86    1.47    3.0     59506.461      5.50   47.24000   39.71000  F2F2F2           
11.12.2023 16:32:18.151  12.04000000  12039.99964   0.00 -108.7   27.3  28.0 23.52  183.5     0.0    0.00    0.00    0.00  2975.2  248.70   33.03    9.79   4028.8 249.44   26.86    1.47   14.7     59538.151      5.50   47.24000   39.71000  F2F2F2           
11.12.2023 16:32:49.878  12.04000000  12039.99903   0.00 -112.3   23.7  28.0 27.98   61.2     0.0    0.00    0.00    0.00  2975.2  248.70   33.03    9.79   4028.8 249.44   26.86    1.47    8.9     59569.878      5.50   47.24000   39.71000  F2F2F2           
11.12.2023 16:32:49.878  12.04000000  12039.99951   0.00 -109.7   26.3  28.0  0.00  175.4  2348.2  175.04   26.22   41.80  3651.6  174.72   14.53   42.77      0.0   0.00    0.00    0.00   13.6     59569.878      5.50   47.24000   39.71000                   
11.12.2023 16:32:49.878  12.04000000  12040.00000   0.00 -105.3   30.7  28.0 11.13  183.5  1685.3  183.01   32.14   38.88  2564.7  182.61   24.23   38.69   3513.6 182.21   15.69   38.61    2.0     59569.878      5.50   47.24000   39.71000  F2F2F2           
11.12.2023 16:33:21.598  12.04000000  12039.99818   0.00 -115.9   20.1  28.0 12.11  166.9  1767.1  165.95   31.76   44.30  2762.3  165.05   23.03   46.58   3843.5 164.21   13.56   48.95    4.0     59601.598      5.50   47.24000   39.71000  F2F2F2           
11.12.2023 16:33:21.598  12.04000000  12039.99891   0.00 -109.8   26.2  28.0 11.42  245.2  1774.7  245.46   38.97   21.04  2984.4  246.02   32.07   10.68   4017.9 246.79   25.82    2.79    5.0     59601.598      5.50   47.24000   39.71000  F2F2F2           
11.12.2023 16:33:21.598  12.04000000  12040.00000   0.00 -109.5   26.5  28.0 20.10  179.4     0.0    0.00    0.00    0.00  2984.4  246.02   32.07   10.68   4017.9 246.79   25.82    2.79    3.1     59601.598      5.50   47.24000   39.71000  F2F2F2           
11.12.2023 16:33:21.598  12.04000000  12039.99939   0.00 -104.2   31.8  28.0 25.30  175.9     0.0    0.00    0.00    0.00  2984.4  246.02   32.07   10.68   4017.9 246.79   25.82    2.79    8.3     59601.598      5.50   47.24000   39.71000  F2F2F2           
11.12.2023 16:33:53.328  12.04000000  12039.99903   0.00 -114.3   21.7  28.0  0.00  242.3  2544.3  242.77   33.79   15.23  3909.2  243.36   25.18    5.15      0.0   0.00    0.00    0.00    5.1     59633.328      5.50   47.24000   39.71000                   
11.12.2023 16:33:53.328  12.04000000  12040.00000   0.00 -112.6   23.4  28.0 25.67  181.5     0.0    0.00    0.00    0.00  3909.2  243.36   25.18    5.15      0.0   0.00    0.00    0.00    2.9     59633.328      5.50   47.24000   39.71000                   
11.12.2023 16:33:53.328  12.04000000  12039.99939   0.00 -110.9   25.1  28.0 14.10  178.9  1662.7  178.08   32.33   40.40  2537.0  177.36   24.48   40.94   3378.7 176.72   16.92   41.55    3.6     59633.328      5.50   47.24000   39.71000  F2F2F2           
11.12.2023 16:33:53.328  12.04000000  12039.99976   0.00 -109.4   26.6  28.0 14.91  180.2  1670.9  179.30   32.25   40.03  2520.3  178.53   24.62   40.44   3319.3 177.86   17.44   40.93    2.5     59633.328      5.50   47.24000   39.71000  F2F2F2           
11.12.2023 16:34:25.059  12.04000000  12039.99915   0.00 -113.0   23.0  28.0 23.05  238.1     0.0    0.00    0.00    0.00  2520.3  178.53   24.62   40.44   3319.3 177.86   17.44   40.93   17.3     59665.059      5.50   47.24000   39.71000  F2F2F2           
11.12.2023 16:34:25.059  12.04000000  12039.99951   0.00 -112.3   23.7  28.0 21.36  242.1     0.0    0.00    0.00    0.00  2520.3  178.53   24.62   40.44   3319.3 177.86   17.44   40.93   14.2     59665.059      5.50   47.24000   39.71000  F2F2F2           
11.12.2023 16:34:56.778  12.04000000  12039.99964   0.00 -105.4   30.6  28.0 17.68  184.6     0.0    0.00    0.00    0.00  2520.3  178.53   24.62   40.44   3319.3 177.86   17.44   40.93    5.2     59696.778      5.50   47.24000   39.71000  F2F2F2           
11.12.2023 16:35:28.500  12.04000000  12039.99903   0.00 -112.3   23.7  28.0  8.17  247.8  1991.5  248.11   38.41   18.46  3325.6  248.64   30.90    7.05      0.0   0.00    0.00    0.00   19.9     59728.500      5.50   47.24000   39.71000                   
11.12.2023 16:35:28.500  12.04000000  12039.99939   0.00 -108.2   27.8  28.0 15.91  183.0  1791.5  181.86   31.17   39.21  2575.9  180.99   24.11   39.39   3331.2 180.23   17.32   39.69    4.5     59728.500      5.50   47.24000   39.71000  F2F2F2           
11.12.2023 16:35:28.500  12.04000000  12039.99976   0.00 -105.4   30.6  28.0 20.35  179.6     0.0    0.00    0.00    0.00  2575.9  180.99   24.11   39.39   3331.2 180.23   17.32   39.69    6.2     59728.500      5.50   47.24000   39.71000  F2F2F2           
11.12.2023 16:36:00.198  12.04000000  12039.99951   0.00 -105.5   30.5  28.0 23.24  174.8     0.0    0.00    0.00    0.00  2575.9  180.99   24.11   39.39   3331.2 180.23   17.32   39.69    6.9     59760.198      5.50   47.24000   39.71000  F2F2F2           
11.12.2023 16:36:31.911  12.04000000  12039.99878   0.00 -115.3   20.7  28.0 16.99  244.4  1562.6  244.63   39.95   23.18  2600.1  245.29   34.18   13.97   3450.9 246.30   29.27    7.05   10.4     59791.911      5.50   47.24000   39.71000  F2F2F2           
11.12.2023 16:36:31.911  12.04000000  12039.99939   0.00 -108.2   27.8  28.0 12.16  180.5  1686.9  179.87   32.11   39.86  2582.5  179.32   24.05   40.11   3525.5 178.80   15.57   40.47    6.9     59791.911      5.50   47.24000   39.71000  F2F2F2           
11.12.2023 16:37:03.619  12.04000000  12039.99915   0.00 -114.1   21.9  28.0  0.01   59.7     0.0    0.00    0.00    0.00  2582.5  179.32   24.05   40.11   3525.5 178.80   15.57   40.47   24.7     59823.619      5.50   47.24000   39.71000  F2F2F2           
11.12.2023 16:37:03.619  12.04000000  12039.99988   0.00 -112.5   23.5  28.0 20.57  181.2     0.0    0.00    0.00    0.00  2582.5  179.32   24.05   40.11   3525.5 178.80   15.57   40.47    9.9     59823.619      5.50   47.24000   39.71000  F2F2F2           
11.12.2023 16:37:03.619  12.04000000  12039.99951   0.00 -111.7   24.3  28.0 22.85  174.1     0.0    0.00    0.00    0.00  2582.5  179.32   24.05   40.11   3525.5 178.80   15.57   40.47    3.1     59823.619      5.50   47.24000   39.71000  F2F2F2           
11.12.2023 16:37:35.322  12.04000000  12039.99915   0.00 -111.1   24.9  28.0 21.89  296.9     0.0    0.00    0.00    0.00  2582.5  179.32   24.05   40.11   3525.5 178.80   15.57   40.47   15.8     59855.322      5.50   47.24000   39.71000  F2F2F2           
11.12.2023 16:37:35.322  12.04000000  12039.99964   0.00 -108.9   27.1  28.0 22.86  179.5     0.0    0.00    0.00    0.00  2582.5  179.32   24.05   40.11   3525.5 178.80   15.57   40.47    4.0     59855.322      5.50   47.24000   39.71000  F2F2F2           
11.12.2023 16:38:07.032  12.04000000  12039.99988   0.00 -114.9   21.1  28.0 24.69  178.9     0.0    0.00    0.00    0.00  2582.5  179.32   24.05   40.11   3525.5 178.80   15.57   40.47    7.3     59887.032      5.50   47.24000   39.71000  F2F2F2           
11.12.2023 16:38:07.032  12.04000000  12039.99927   0.00 -108.6   27.4  28.0 19.78  176.5     0.0    0.00    0.00    0.00  2582.5  179.32   24.05   40.11   3525.5 178.80   15.57   40.47   17.0     59887.032      5.50   47.24000   39.71000  F2F2F2           
11.12.2023 16:38:38.713  12.04000000  12039.99988   0.00 -114.1   21.9  28.0 23.75  179.1     0.0    0.00    0.00    0.00  2582.5  179.32   24.05   40.11   3525.5 178.80   15.57   40.47    1.3     59918.713      5.50   47.24000   39.71000  F2F2F2           
11.12.2023 16:38:38.713  12.04000000  12039.99915   0.00 -110.8   25.2  28.0 16.28  175.6     0.0    0.00    0.00    0.00  2582.5  179.32   24.05   40.11   3525.5 178.80   15.57   40.47    8.0     59918.713      5.50   47.24000   39.71000  F2F2F2           
11.12.2023 16:39:10.382  12.04000000  12039.99915   0.00 -114.7   21.3  28.0 41.89  183.8     0.0    0.00    0.00    0.00  2582.5  179.32   24.05   40.11   3525.5 178.80   15.57   40.47   18.3     59950.382      5.50   47.24000   39.71000  F2F2F2           
11.12.2023 16:39:10.382  12.04000000  12039.99976   0.00 -111.4   24.6  28.0 20.91  176.8     0.0    0.00    0.00    0.00  2582.5  179.32   24.05   40.11   3525.5 178.80   15.57   40.47    5.3     59950.382      5.50   47.24000   39.71000  F2F2F2           
11.12.2023 16:39:10.382  12.04000000  12039.99951   0.00 -109.2   26.8  28.0 17.17  174.2     0.0    0.00    0.00    0.00  2582.5  179.32   24.05   40.11   3525.5 178.80   15.57   40.47    2.3     59950.382      5.50   47.24000   39.71000  F2F2F2           
11.12.2023 16:39:42.101  12.04000000  12040.00000   0.00 -113.4   22.6  28.0 24.20  175.6     0.0    0.00    0.00    0.00  2582.5  179.32   24.05   40.11   3525.5 178.80   15.57   40.47    6.3     59982.101      5.50   47.24000   39.71000  F2F2F2           
11.12.2023 16:39:42.101  12.04000000  12039.99964   0.00 -108.8   27.2  28.0 18.65  178.1     0.0    0.00    0.00    0.00  2582.5  179.32   24.05   40.11   3525.5 178.80   15.57   40.47    7.5     59982.101      5.50   47.24000   39.71000  F2F2F2           
11.12.2023 16:39:42.101  12.04000000  12039.99927   0.00 -108.4   27.6  28.0 20.86  171.5     0.0    0.00    0.00    0.00  2582.5  179.32   24.05   40.11   3525.5 178.80   15.57   40.47   16.2     59982.101      5.50   47.24000   39.71000  F2F2F2           
11.12.2023 16:40:13.793  12.04000000  12039.99927   0.00 -104.3   31.7  28.0 23.82  178.4     0.0    0.00    0.00    0.00  2582.5  179.32   24.05   40.11   3525.5 178.80   15.57   40.47    6.7     60013.793      5.50   47.24000   39.71000  F2F2F2           
11.12.2023 16:40:45.476  12.04000000  12039.99964   0.00 -108.4   27.6  28.0  0.01  181.8  2325.4  181.50   26.37   39.22  3590.2  181.20   14.99   39.15      0.0   0.00    0.00    0.00    6.1     60045.476      5.50   47.24000   39.71000                   
11.12.2023 16:41:17.164  12.04000000  12039.99964   0.00 -112.2   23.8  28.0 18.44  177.6     0.0    0.00    0.00    0.00  3590.2  181.20   14.99   39.15      0.0   0.00    0.00    0.00    2.4     60077.164      5.50   47.24000   39.71000                   
11.12.2023 16:41:17.164  12.04000000  12039.99927   0.00 -110.4   25.6  28.0 22.70  233.3     0.0    0.00    0.00    0.00  3590.2  181.20   14.99   39.15      0.0   0.00    0.00    0.00   15.3     60077.164      5.50   47.24000   39.71000                   
11.12.2023 16:41:48.851  12.04000000  12040.00000   0.00 -116.0   20.0  28.0 16.01  170.3     0.0    0.00    0.00    0.00  3590.2  181.20   14.99   39.15      0.0   0.00    0.00    0.00    4.0     60108.851      5.50   47.24000   39.71000                   
11.12.2023 16:41:48.851  12.04000000  12039.99927   0.00 -114.1   21.9  28.0 21.65  176.7     0.0    0.00    0.00    0.00  3590.2  181.20   14.99   39.15      0.0   0.00    0.00    0.00   14.2     60108.851      5.50   47.24000   39.71000                   
11.12.2023 16:42:20.552  12.04000000  12040.00000   0.00 -116.0   20.0  28.0 24.16  166.6     0.0    0.00    0.00    0.00  3590.2  181.20   14.99   39.15      0.0   0.00    0.00    0.00    4.7     60140.552      5.50   47.24000   39.71000                   
11.12.2023 16:42:20.552  12.04000000  12039.99964   0.00 -110.5   25.5  28.0 21.61  182.7     0.0    0.00    0.00    0.00  3590.2  181.20   14.99   39.15      0.0   0.00    0.00    0.00    4.2     60140.552      5.50   47.24000   39.71000                   
11.12.2023 16:42:52.253  12.04000000  12039.99939   0.00 -114.6   21.4  28.0 10.96  164.1  1871.6  163.12   31.01   45.44  2944.7  162.16   21.69   48.27      0.0   0.00    0.00    0.00    5.1     60172.253      5.50   47.24000   39.71000                   
11.12.2023 16:42:52.253  12.04000000  12039.99988   0.00 -114.6   21.4  28.0  0.02  172.3  2386.8  171.87   25.97   43.11  3827.7  171.33   13.11   44.84      0.0   0.00    0.00    0.00   23.8     60172.253      5.50   47.24000   39.71000                   
11.12.2023 16:43:55.617  12.04000000  12039.99976   0.00 -115.7   20.3  28.0 18.46  171.2     0.0    0.00    0.00    0.00  3827.7  171.33   13.11   44.84      0.0   0.00    0.00    0.00    8.3     60235.617      5.50   47.24000   39.71000                   
11.12.2023 16:43:55.617  12.04000000  12039.99939   0.00 -113.0   23.0  28.0 12.37  244.3  1740.6  244.60   38.97   21.54  2881.6  245.22   32.45   11.76   3826.5 246.09   26.79    4.45   24.4     60235.617      5.50   47.24000   39.71000  F2F2F2           
11.12.2023 16:44:27.299  12.04000000  12039.99976   0.00 -108.7   27.3  28.0 14.80  168.9     0.0    0.00    0.00    0.00  2881.6  245.22   32.45   11.76   3826.5 246.09   26.79    4.45    5.2     60267.299      5.50   47.24000   39.71000  F2F2F2           
11.12.2023 16:45:09.552  12.04000000  12039.99854   0.00 -114.5   21.5  28.0  0.34  171.7  2373.2  171.24   26.12   43.35  3813.4  170.65   13.28   45.21      0.0   0.00    0.00    0.00    7.0     60309.552      5.50   47.24000   39.71000                   
11.12.2023 16:45:09.552  12.04000000  12039.99964   0.00 -113.5   22.5  28.0 15.47  171.0     0.0    0.00    0.00    0.00  3813.4  170.65   13.28   45.21      0.0   0.00    0.00    0.00    4.3     60309.552      5.50   47.24000   39.71000                   
11.12.2023 16:45:41.233  12.04000000  12039.99818   0.00 -115.7   20.3  28.0 10.43  158.4  1966.2  157.33   30.65   47.64  3125.8  156.31   20.81   51.50      0.0   0.00    0.00    0.00    5.3     60341.233      5.50   47.24000   39.71000                   
11.12.2023 16:45:41.233  12.04000000  12039.99964   0.00 -112.8   23.2  28.0 17.01  181.1     0.0    0.00    0.00    0.00  3125.8  156.31   20.81   51.50      0.0   0.00    0.00    0.00   11.5     60341.233      5.50   47.24000   39.71000                   
11.12.2023 16:45:41.233  12.04000000  12039.99927   0.00 -112.0   24.0  28.0 12.24  173.2  1785.3  172.29   31.34   42.30  2755.7  171.38   22.69   43.72   3854.9 170.46   12.92   45.36   20.9     60341.233      5.50   47.24000   39.71000  F2F2F2           
11.12.2023 16:46:12.910  12.04000000  12039.99939   0.00 -115.6   20.4  28.0  4.07  169.3  2132.5  168.69   28.38   44.02  3321.6  167.97   17.85   46.08      0.0   0.00    0.00    0.00   20.2     60372.910      5.50   47.24000   39.71000                   
11.12.2023 16:47:16.285  12.04000000  12039.99915   0.00 -112.7   23.3  28.0 17.70  179.6     0.0    0.00    0.00    0.00  3321.6  167.97   17.85   46.08      0.0   0.00    0.00    0.00    2.2     60436.285      5.50   47.24000   39.71000                   
11.12.2023 16:47:47.989  12.04000000  12039.99915   0.00 -114.1   21.9  28.0 30.09  178.6     0.0    0.00    0.00    0.00  3321.6  167.97   17.85   46.08      0.0   0.00    0.00    0.00    5.3     60467.989      5.50   47.24000   39.71000                   
11.12.2023 16:48:19.686  12.04000000  12039.99915   0.00 -115.2   20.8  28.0 21.08  177.2     0.0    0.00    0.00    0.00  3321.6  167.97   17.85   46.08      0.0   0.00    0.00    0.00    8.3     60499.686      5.50   47.24000   39.71000                   
11.12.2023 16:48:19.686  12.04000000  12039.99951   0.00 -114.5   21.5  28.0 19.43  173.4     0.0    0.00    0.00    0.00  3321.6  167.97   17.85   46.08      0.0   0.00    0.00    0.00    6.1     60499.686      5.50   47.24000   39.71000                   
11.12.2023 16:48:51.394  12.04000000  12039.99915   0.00 -115.3   20.7  28.0  0.03  161.1  2539.8  160.53   25.39   48.05     0.0    0.00    0.00    0.00      0.0   0.00    0.00    0.00   10.0     60531.394      5.50   47.24000   39.71000                   
11.12.2023 16:50:05.283  12.04000000  12039.99939   0.00 -113.7   22.3  28.0 21.74  177.3     0.0    0.00    0.00    0.00     0.0    0.00    0.00    0.00      0.0   0.00    0.00    0.00    9.4     60605.283      5.50   47.24000   39.71000                   
11.12.2023 16:51:40.361  12.04000000  12039.99964   0.00 -111.7   24.3  28.0 14.50  173.6     0.0    0.00    0.00    0.00     0.0    0.00    0.00    0.00      0.0   0.00    0.00    0.00   15.2     60700.361      5.50   47.24000   39.71000                   
11.12.2023 16:52:12.096  12.04000000  12039.99951   0.00 -112.3   23.7  28.0 15.30  175.9     0.0    0.00    0.00    0.00     0.0    0.00    0.00    0.00      0.0   0.00    0.00    0.00    7.0     60732.096      5.50   47.24000   39.71000                   
11.12.2023 16:52:54.346  12.04000000  12039.99939   0.00 -110.5   25.5  28.0 12.53  170.4  1878.3  169.25   30.62   43.42  2857.3  168.13   21.97   45.33   3997.5 167.02   11.92   47.56    4.3     60774.346      5.50   47.24000   39.71000  F2F2F2           
11.12.2023 16:53:26.042  12.04000000  12039.99939   0.00 -111.9   24.1  28.0 18.23  176.7     0.0    0.00    0.00    0.00  2857.3  168.13   21.97   45.33   3997.5 167.02   11.92   47.56    2.9     60806.042      5.50   47.24000   39.71000  F2F2F2           
11.12.2023 16:54:29.454  12.04000000  12039.99976   0.00 -115.4   20.6  28.0 15.45  167.8     0.0    0.00    0.00    0.00  2857.3  168.13   21.97   45.33   3997.5 167.02   11.92   47.56    3.5     60869.454      5.50   47.24000   39.71000  F2F2F2           
11.12.2023 16:54:29.454  12.04000000  12039.99939   0.00 -115.4   20.6  28.0  0.01  146.0  2829.8  145.37   25.05   55.45     0.0    0.00    0.00    0.00   3997.5 167.02   11.92   47.56   20.7     60869.454      5.50   47.24000   39.71000  F2F2F2           
11.12.2023 16:55:11.706  12.04000000  12039.99915   0.00 -115.1   20.9  28.0  7.17  178.0  1940.3  177.42   29.84   40.71  3068.1  176.61   19.72   41.48      0.0   0.00    0.00    0.00    6.4     60911.706      5.50   47.24000   39.71000                   
11.12.2023 16:55:11.706  12.04000000  12039.99951   0.00 -114.5   21.5  28.0 18.56  168.4     0.0    0.00    0.00    0.00  3068.1  176.61   19.72   41.48      0.0   0.00    0.00    0.00    1.7     60911.706      5.50   47.24000   39.71000                   
11.12.2023 16:55:43.398  12.04000000  12039.99891   0.00 -114.7   21.3  28.0 22.75  174.7     0.0    0.00    0.00    0.00  3068.1  176.61   19.72   41.48      0.0   0.00    0.00    0.00    9.5     60943.398      5.50   47.24000   39.71000                   
11.12.2023 16:55:43.398  12.04000000  12039.99939   0.00 -111.1   24.9  28.0 21.56  176.0     0.0    0.00    0.00    0.00  3068.1  176.61   19.72   41.48      0.0   0.00    0.00    0.00    5.3     60943.398      5.50   47.24000   39.71000                   
11.12.2023 16:56:15.098  12.04000000  12039.99891   0.00 -114.8   21.2  28.0 22.30  172.2     0.0    0.00    0.00    0.00  3068.1  176.61   19.72   41.48      0.0   0.00    0.00    0.00    7.9     60975.098      5.50   47.24000   39.71000                   
11.12.2023 16:56:15.098  12.04000000  12039.99951   0.00 -111.9   24.1  28.0 20.12  182.2     0.0    0.00    0.00    0.00  3068.1  176.61   19.72   41.48      0.0   0.00    0.00    0.00    1.9     60975.098      5.50   47.24000   39.71000                   
11.12.2023 16:56:46.789  12.04000000  12039.99927   0.00 -113.1   22.9  28.0 13.86  184.1  1880.8  183.05   30.38   38.79  2722.4  182.19   22.81   38.83   3640.8 181.36   14.54   39.05   10.6     61006.789      5.50   47.24000   39.71000  F2F2F2           
11.12.2023 16:57:18.490  12.04000000  12039.99939   0.00 -112.3   23.7  28.0 26.37  176.5     0.0    0.00    0.00    0.00  2722.4  182.19   22.81   38.83   3640.8 181.36   14.54   39.05    6.6     61038.490      5.50   47.24000   39.71000  F2F2F2           
11.12.2023 16:58:00.720  12.04000000  12039.99976   0.00 -115.0   21.0  28.0 17.99  163.8     0.0    0.00    0.00    0.00  2722.4  182.19   22.81   38.83   3640.8 181.36   14.54   39.05    8.0     61080.720      5.50   47.24000   39.71000  F2F2F2           
11.12.2023 16:58:00.720  12.04000000  12039.99951   0.00 -110.8   25.2  28.0  9.90  184.9  1812.4  184.35   31.02   38.39  2788.2  183.91   22.24   38.03   4060.3 183.44   10.80   37.73    8.1     61080.720      5.50   47.24000   39.71000  F2F2F2           
11.12.2023 16:58:32.403  12.04000000  12039.99951   0.00 -113.7   22.3  28.0 22.50  181.6     0.0    0.00    0.00    0.00  2788.2  183.91   22.24   38.03   4060.3 183.44   10.80   37.73    4.3     61112.403      5.50   47.24000   39.71000  F2F2F2           
11.12.2023 16:59:04.108  12.04000000  12039.99939   0.00 -109.8   26.2  28.0 25.02  179.5     0.0    0.00    0.00    0.00  2788.2  183.91   22.24   38.03   4060.3 183.44   10.80   37.73    4.7     61144.108      5.50   47.24000   39.71000  F2F2F2           
11.12.2023 16:59:35.798  12.04000000  12039.99818   0.00 -115.8   20.2  28.0  4.78  159.1  2272.8  158.32   27.92   48.21  3713.5  157.48   15.57   52.45      0.0   0.00    0.00    0.00    2.5     61175.798      5.50   47.24000   39.71000                   
11.12.2023 16:59:35.798  12.04000000  12039.99927   0.00 -115.4   20.6  28.0 16.18  177.2     0.0    0.00    0.00    0.00  3713.5  157.48   15.57   52.45      0.0   0.00    0.00    0.00    6.4     61175.798      5.50   47.24000   39.71000                   
11.12.2023 16:59:35.798  12.04000000  12039.99951   0.00 -111.9   24.1  28.0 17.88  181.8     0.0    0.00    0.00    0.00  3713.5  157.48   15.57   52.45      0.0   0.00    0.00    0.00    9.8     61175.798      5.50   47.24000   39.71000                   
