07.12.2023 18:00:31.755  12.04000000  12039.99161   0.00 -111.9   24.1  28.0 31.17  178.4     0.0    0.00    0.00    0.00  2838.6  229.54   28.24   17.96   3586.7 229.86   22.82   13.54   16.1     64831.755      5.50   47.24000   39.71000  F2F2F2           
07.12.2023 18:00:31.755  12.04000000  12039.99222   0.00 -111.3   24.7  28.0  0.05  295.7  3026.0  295.37   51.84   -2.16     0.0    0.00    0.00    0.00   3586.7 229.86   22.82   13.54    2.4     64831.755      5.50   47.24000   39.71000  F2F2F2           
07.12.2023 18:01:03.500  12.04000000  12039.99234   0.00 -110.7   25.3  28.0  0.11  295.3  3026.0  294.97   51.66   -2.13     0.0    0.00    0.00    0.00   3586.7 229.86   22.82   13.54    3.6     64863.500      5.50   47.24000   39.71000  F2F2F2           
07.12.2023 18:01:35.255  12.04000000  12039.99149   0.00 -114.8   21.2  28.0 23.85  198.9     0.0    0.00    0.00    0.00     0.0    0.00    0.00    0.00   3586.7 229.86   22.82   13.54    1.0     64895.255      5.50   47.24000   39.71000  F2F2F2           
07.12.2023 18:01:35.255  12.04000000  12039.99222   0.00 -110.8   25.2  28.0 10.04  294.8     0.0    0.00    0.00    0.00     0.0    0.00    0.00    0.00   3586.7 229.86   22.82   13.54    1.8     64895.255      5.50   47.24000   39.71000  F2F2F2           
07.12.2023 18:02:06.973  12.04000000  12039.99197   0.00 -113.8   22.2  28.0  0.01  296.8  3028.1  296.48   52.34   -2.29     0.0    0.00    0.00    0.00   3586.7 229.86   22.82   13.54    7.5     64926.973      5.50   47.24000   39.71000  F2F2F2           
07.12.2023 18:02:06.973  12.04000000  12039.99161   0.00 -109.4   26.6  28.0 24.38  195.5     0.0    0.00    0.00    0.00     0.0    0.00    0.00    0.00   3586.7 229.86   22.82   13.54    5.5     64926.973      5.50   47.24000   39.71000  F2F2F2           
07.12.2023 18:02:49.249  12.04000000  12039.99173   0.00 -111.2   24.8  28.0 23.97  294.1     0.0    0.00    0.00    0.00     0.0    0.00    0.00    0.00   3586.7 229.86   22.82   13.54    3.2     64969.249      5.50   47.24000   39.71000  F2F2F2           
07.12.2023 18:02:49.249  12.04000000  12039.99149   0.00 -111.0   25.0  28.0 20.21  190.6     0.0    0.00    0.00    0.00     0.0    0.00    0.00    0.00   3586.7 229.86   22.82   13.54    9.1     64969.249      5.50   47.24000   39.71000  F2F2F2           
07.12.2023 18:02:49.249  12.04000000  12039.99234   0.00 -109.3   26.7  28.0  6.91  296.2  2580.4  296.17   52.48    4.31  4067.2  295.88   50.03  -16.78      0.0   0.00    0.00    0.00    2.8     64969.249      5.50   47.24000   39.71000                   
07.12.2023 18:03:21.003  12.04000000  12039.99137   0.00 -113.0   23.0  28.0 22.74  297.4     0.0    0.00    0.00    0.00  4067.2  295.88   50.03  -16.78      0.0   0.00    0.00    0.00    6.2     65001.003      5.50   47.24000   39.71000                   
07.12.2023 18:03:21.003  12.04000000  12039.99246   0.00 -108.5   27.5  28.0 10.60  295.9     0.0    0.00    0.00    0.00  4067.2  295.88   50.03  -16.78      0.0   0.00    0.00    0.00    3.1     65001.003      5.50   47.24000   39.71000                   
07.12.2023 18:03:52.763  12.04000000  12039.99258   0.00 -104.9   31.1  28.0 14.61  302.2     0.0    0.00    0.00    0.00  4067.2  295.88   50.03  -16.78      0.0   0.00    0.00    0.00    5.2     65032.763      5.50   47.24000   39.71000                   
07.12.2023 18:04:24.496  12.04000000  12039.99149   0.00 -114.9   21.1  28.0  0.00  292.6  3073.9  292.28   50.37   -2.50     0.0    0.00    0.00    0.00      0.0   0.00    0.00    0.00   22.3     65064.496      5.50   47.24000   39.71000                   
07.12.2023 18:04:24.496  12.04000000  12039.99185   0.00 -112.3   23.7  28.0 13.42  198.2     0.0    0.00    0.00    0.00     0.0    0.00    0.00    0.00      0.0   0.00    0.00    0.00   15.3     65064.496      5.50   47.24000   39.71000                   
07.12.2023 18:04:24.496  12.04000000  12039.99246   0.00 -109.5   26.5  28.0 10.02  297.0     0.0    0.00    0.00    0.00     0.0    0.00    0.00    0.00      0.0   0.00    0.00    0.00    4.4     65064.496      5.50   47.24000   39.71000                   
07.12.2023 18:04:56.253  12.04000000  12039.99149   0.00 -110.3   25.7  28.0 21.61  187.8     0.0    0.00    0.00    0.00     0.0    0.00    0.00    0.00      0.0   0.00    0.00    0.00    8.0     65096.253      5.50   47.24000   39.71000                   
07.12.2023 18:04:56.253  12.04000000  12039.99234   0.00 -106.5   29.5  28.0  0.05  295.2  3049.4  294.88   51.59   -2.45     0.0    0.00    0.00    0.00      0.0   0.00    0.00    0.00    2.2     65096.253      5.50   47.24000   39.71000                   
07.12.2023 18:05:28.005  12.04000000  12039.99234   0.00 -110.0   26.0  28.0  9.04  296.1     0.0    0.00    0.00    0.00     0.0    0.00    0.00    0.00      0.0   0.00    0.00    0.00    1.7     65128.005      5.50   47.24000   39.71000                   
07.12.2023 18:05:28.005  12.04000000  12039.99173   0.00 -106.8   29.2  28.0 18.23  190.0     0.0    0.00    0.00    0.00     0.0    0.00    0.00    0.00      0.0   0.00    0.00    0.00   12.7     65128.005      5.50   47.24000   39.71000                   
07.12.2023 18:05:59.733  12.04000000  12039.99161   0.00  -99.7   36.3  28.0  0.01  290.0  3104.6  289.71   49.14   -2.55     0.0    0.00    0.00    0.00      0.0   0.00    0.00    0.00    6.7     65159.733      5.50   47.24000   39.71000                   
07.12.2023 18:05:59.733  12.04000000  12039.99210   0.00  -98.0   38.0  28.0  2.31  293.4  2865.7  293.13   51.03    0.33     0.0    0.00    0.00    0.00      0.0   0.00    0.00    0.00    2.5     65159.733      5.50   47.24000   39.71000                   
07.12.2023 18:06:42.006  12.04000000  12039.99124   0.00 -112.0   24.0  28.0 18.73  295.6     0.0    0.00    0.00    0.00     0.0    0.00    0.00    0.00      0.0   0.00    0.00    0.00    9.1     65202.006      5.50   47.24000   39.71000                   
07.12.2023 18:06:42.006  12.04000000  12039.99149   0.00 -106.1   29.9  28.0 17.10  283.7     0.0    0.00    0.00    0.00     0.0    0.00    0.00    0.00      0.0   0.00    0.00    0.00    3.5     65202.006      5.50   47.24000   39.71000                   
07.12.2023 18:06:42.006  12.04000000  12039.99197   0.00 -104.5   31.5  28.0  0.01  293.3  3076.6  292.99   50.69   -2.63     0.0    0.00    0.00    0.00      0.0   0.00    0.00    0.00    4.6     65202.006      5.50   47.24000   39.71000                   
07.12.2023 18:07:13.749  12.04000000  12039.99149   0.00 -113.9   22.1  28.0  6.41  189.9  2217.4  189.58   27.54   36.14  3637.4  189.10   14.84   34.74      0.0   0.00    0.00    0.00   16.4     65233.749      5.50   47.24000   39.71000                   
07.12.2023 18:07:13.749  12.04000000  12039.99222   0.00 -103.5   32.5  28.0 15.45  294.0     0.0    0.00    0.00    0.00  3637.4  189.10   14.84   34.74      0.0   0.00    0.00    0.00    1.6     65233.749      5.50   47.24000   39.71000                   
07.12.2023 18:07:45.500  12.04000000  12039.99173   0.00 -107.6   28.4  28.0 14.32  290.3     0.0    0.00    0.00    0.00  3637.4  189.10   14.84   34.74      0.0   0.00    0.00    0.00    9.6     65265.500      5.50   47.24000   39.71000                   
07.12.2023 18:07:45.500  12.04000000  12039.99210   0.00 -105.2   30.8  28.0 15.14  291.5     0.0    0.00    0.00    0.00  3637.4  189.10   14.84   34.74      0.0   0.00    0.00    0.00    0.5     65265.500      5.50   47.24000   39.71000                   
07.12.2023 18:08:17.216  12.04000000  12039.99149   0.00 -112.4   23.6  28.0  9.07  287.8  2892.2  288.41   48.96    0.49     0.0    0.00    0.00    0.00      0.0   0.00    0.00    0.00   12.4     65297.216      5.50   47.24000   39.71000                   
07.12.2023 18:08:17.216  12.04000000  12039.99197   0.00 -102.1   33.9  28.0  1.27  293.0  2971.0  292.72   50.72   -1.11     0.0    0.00    0.00    0.00      0.0   0.00    0.00    0.00    2.5     65297.216      5.50   47.24000   39.71000                   
07.12.2023 18:08:59.441  12.04000000  12039.99149   0.00 -109.8   26.2  28.0 33.34  287.8     0.0    0.00    0.00    0.00     0.0    0.00    0.00    0.00      0.0   0.00    0.00    0.00    7.3     65339.441      5.50   47.24000   39.71000                   
07.12.2023 18:08:59.441  12.04000000  12039.99197   0.00 -102.8   33.2  28.0 15.79  290.6     0.0    0.00    0.00    0.00     0.0    0.00    0.00    0.00      0.0   0.00    0.00    0.00    2.4     65339.441      5.50   47.24000   39.71000                   
07.12.2023 18:09:31.203  12.04000000  12039.99124   0.00 -112.4   23.6  28.0  3.03  283.5  2859.7  283.35   46.88    1.66     0.0    0.00    0.00    0.00      0.0   0.00    0.00    0.00   10.2     65371.203      5.50   47.24000   39.71000                   
07.12.2023 18:09:31.203  12.04000000  12039.99161   0.00 -110.5   25.5  28.0 15.59  281.2     0.0    0.00    0.00    0.00     0.0    0.00    0.00    0.00      0.0   0.00    0.00    0.00    5.2     65371.203      5.50   47.24000   39.71000                   
07.12.2023 18:09:31.203  12.04000000  12039.99197   0.00 -106.5   29.5  28.0 18.04  290.2     0.0    0.00    0.00    0.00     0.0    0.00    0.00    0.00      0.0   0.00    0.00    0.00    2.7     65371.203      5.50   47.24000   39.71000                   
07.12.2023 18:10:02.907  12.04000000  12039.99137   0.00 -107.0   29.0  28.0  0.01  287.3  3145.0  287.05   47.84   -2.64     0.0    0.00    0.00    0.00      0.0   0.00    0.00    0.00    7.6     65402.907      5.50   47.24000   39.71000                   
07.12.2023 18:10:02.907  12.04000000  12039.99173   0.00 -106.3   29.7  28.0  0.03  289.4  3124.9  289.13   48.83   -2.73     0.0    0.00    0.00    0.00      0.0   0.00    0.00    0.00   13.6     65402.907      5.50   47.24000   39.71000                   
07.12.2023 18:10:34.630  12.04000000  12039.99149   0.00 -107.0   29.0  28.0 10.57  289.9     0.0    0.00    0.00    0.00     0.0    0.00    0.00    0.00      0.0   0.00    0.00    0.00    5.3     65434.630      5.50   47.24000   39.71000                   
07.12.2023 18:10:34.630  12.04000000  12039.99210   0.00  -99.6   36.4  28.0 19.51  292.4     0.0    0.00    0.00    0.00     0.0    0.00    0.00    0.00      0.0   0.00    0.00    0.00    0.2     65434.630      5.50   47.24000   39.71000                   
07.12.2023 18:11:16.911  12.04000000  12039.99185   0.00 -101.5   34.5  28.0 11.33  289.7     0.0    0.00    0.00    0.00     0.0    0.00    0.00    0.00      0.0   0.00    0.00    0.00    3.2     65476.911      5.50   47.24000   39.71000                   
07.12.2023 18:11:48.634  12.04000000  12039.99197   0.00 -103.5   32.5  28.0 20.41  292.0     0.0    0.00    0.00    0.00     0.0    0.00    0.00    0.00      0.0   0.00    0.00    0.00    3.2     65508.634      5.50   47.24000   39.71000                   
07.12.2023 18:11:48.634  12.04000000  12039.99149   0.00  -96.5   39.5  28.0  6.13  287.4  2612.8  287.33   48.96    4.37     0.0    0.00    0.00    0.00      0.0   0.00    0.00    0.00    5.2     65508.634      5.50   47.24000   39.71000                   
07.12.2023 18:12:20.357  12.04000000  12039.99185   0.00 -109.4   26.6  28.0 15.80  289.9     0.0    0.00    0.00    0.00     0.0    0.00    0.00    0.00      0.0   0.00    0.00    0.00    2.8     65540.357      5.50   47.24000   39.71000                   
07.12.2023 18:12:20.357  12.04000000  12039.99124   0.00  -95.8   40.2  28.0  0.04  286.1  3160.1  285.88   47.26   -2.61     0.0    0.00    0.00    0.00      0.0   0.00    0.00    0.00    5.5     65540.357      5.50   47.24000   39.71000                   
07.12.2023 18:12:52.122  12.04000000  12039.99197   0.00 -114.7   21.3  28.0 27.21  288.5     0.0    0.00    0.00    0.00     0.0    0.00    0.00    0.00      0.0   0.00    0.00    0.00    1.2     65572.122      5.50   47.24000   39.71000                   
07.12.2023 18:12:52.122  12.04000000  12039.99124   0.00  -93.8   42.2  28.0  0.01  285.6  3168.5  285.39   47.02   -2.62     0.0    0.00    0.00    0.00      0.0   0.00    0.00    0.00    5.0     65572.122      5.50   47.24000   39.71000                   
07.12.2023 18:13:23.836  12.04000000  12039.99197   0.00 -113.8   22.2  28.0  0.01  288.1  3151.9  287.85   48.19   -2.87     0.0    0.00    0.00    0.00      0.0   0.00    0.00    0.00    5.8     65603.836      5.50   47.24000   39.71000                   
07.12.2023 18:13:23.836  12.04000000  12039.99137   0.00  -89.2   46.8  28.0  2.38  287.2  2925.7  287.00   48.29    0.24     0.0    0.00    0.00    0.00      0.0   0.00    0.00    0.00    5.7     65603.836      5.50   47.24000   39.71000                   
07.12.2023 18:14:06.154  12.04000000  12039.99112   0.00 -110.2   25.8  28.0 10.78  282.8     0.0    0.00    0.00    0.00     0.0    0.00    0.00    0.00      0.0   0.00    0.00    0.00    8.5     65646.154      5.50   47.24000   39.71000                   
07.12.2023 18:14:06.154  12.04000000  12039.99173   0.00 -107.5   28.5  28.0 34.59  287.8     0.0    0.00    0.00    0.00     0.0    0.00    0.00    0.00      0.0   0.00    0.00    0.00   13.3     65646.154      5.50   47.24000   39.71000                   
07.12.2023 18:14:48.369  12.04000000  12039.99197   0.00 -111.6   24.4  28.0 15.88  288.1     0.0    0.00    0.00    0.00     0.0    0.00    0.00    0.00      0.0   0.00    0.00    0.00    1.7     65688.369      5.50   47.24000   39.71000                   
07.12.2023 18:14:48.369  12.04000000  12039.99137   0.00 -106.8   29.2  28.0 15.15  286.2     0.0    0.00    0.00    0.00     0.0    0.00    0.00    0.00      0.0   0.00    0.00    0.00    7.8     65688.369      5.50   47.24000   39.71000                   
07.12.2023 18:15:20.124  12.04000000  12039.99197   0.00 -114.9   21.1  28.0 16.80  286.0     0.0    0.00    0.00    0.00     0.0    0.00    0.00    0.00      0.0   0.00    0.00    0.00    5.0     65720.124      5.50   47.24000   39.71000                   
07.12.2023 18:15:20.124  12.04000000  12039.99124   0.00 -104.3   31.7  28.0 13.00  286.0     0.0    0.00    0.00    0.00     0.0    0.00    0.00    0.00      0.0   0.00    0.00    0.00    9.3     65720.124      5.50   47.24000   39.71000                   
07.12.2023 18:15:20.124  12.04000000  12039.99161   0.00 -103.3   32.7  28.0 15.48  289.0     0.0    0.00    0.00    0.00     0.0    0.00    0.00    0.00      0.0   0.00    0.00    0.00    7.2     65720.124      5.50   47.24000   39.71000                   
07.12.2023 18:16:02.348  12.04000000  12039.99197   0.00 -107.1   28.9  28.0 20.92  290.2     0.0    0.00    0.00    0.00     0.0    0.00    0.00    0.00      0.0   0.00    0.00    0.00    4.9     65762.348      5.50   47.24000   39.71000                   
07.12.2023 18:16:02.348  12.04000000  12039.99149   0.00  -94.3   41.7  28.0  9.01  287.1     0.0    0.00    0.00    0.00     0.0    0.00    0.00    0.00      0.0   0.00    0.00    0.00    4.7     65762.348      5.50   47.24000   39.71000                   
07.12.2023 18:16:34.049  12.04000000  12039.99149   0.00 -104.5   31.5  28.0 19.46  286.1     0.0    0.00    0.00    0.00     0.0    0.00    0.00    0.00      0.0   0.00    0.00    0.00    4.4     65794.049      5.50   47.24000   39.71000                   
07.12.2023 18:16:34.049  12.04000000  12039.99124   0.00 -103.1   32.9  28.0 14.51  285.3     0.0    0.00    0.00    0.00     0.0    0.00    0.00    0.00      0.0   0.00    0.00    0.00    6.4     65794.049      5.50   47.24000   39.71000                   
07.12.2023 18:17:05.828  12.04000000  12039.99149   0.00 -100.1   35.9  28.0 13.33  286.5     0.0    0.00    0.00    0.00     0.0    0.00    0.00    0.00      0.0   0.00    0.00    0.00    4.2     65825.828      5.50   47.24000   39.71000                   
07.12.2023 18:17:37.594  12.04000000  12039.99137   0.00 -109.8   26.2  28.0 10.99  289.0     0.0    0.00    0.00    0.00     0.0    0.00    0.00    0.00      0.0   0.00    0.00    0.00   13.3     65857.594      5.50   47.24000   39.71000                   
07.12.2023 18:17:37.594  12.04000000  12039.99088   0.00 -107.8   28.2  28.0 14.69  278.9     0.0    0.00    0.00    0.00     0.0    0.00    0.00    0.00      0.0   0.00    0.00    0.00    3.8     65857.594      5.50   47.24000   39.71000                   
07.12.2023 18:18:09.374  12.04000000  12039.99173   0.00 -115.4   20.6  28.0 21.91  171.9     0.0    0.00    0.00    0.00     0.0    0.00    0.00    0.00      0.0   0.00    0.00    0.00    9.9     65889.374      5.50   47.24000   39.71000                   
07.12.2023 18:18:41.124  12.04000000  12039.99137   0.00 -112.0   24.0  28.0 26.91  287.6     0.0    0.00    0.00    0.00     0.0    0.00    0.00    0.00      0.0   0.00    0.00    0.00    6.9     65921.124      5.50   47.24000   39.71000                   
07.12.2023 18:19:12.832  12.04000000  12039.99124   0.00 -115.2   20.8  28.0  0.07  281.4  3196.0  281.30   45.08   -2.09     0.0    0.00    0.00    0.00      0.0   0.00    0.00    0.00    3.5     65952.832      5.50   47.24000   39.71000                   
07.12.2023 18:20:48.095  12.04000000  12039.99173   0.00 -106.2   29.8  28.0  0.21  288.6  3155.1  288.37   48.42   -3.00     0.0    0.00    0.00    0.00      0.0   0.00    0.00    0.00    1.9     66048.095      5.50   47.24000   39.71000                   
07.12.2023 18:21:19.855  12.04000000  12039.99161   0.00 -106.9   29.1  28.0  0.50  289.2  3125.0  288.97   48.76   -2.71     0.0    0.00    0.00    0.00      0.0   0.00    0.00    0.00    4.0     66079.855      5.50   47.24000   39.71000                   
07.12.2023 18:21:51.552  12.04000000  12039.99161   0.00  -98.2   37.8  28.0 13.21  288.4     0.0    0.00    0.00    0.00     0.0    0.00    0.00    0.00      0.0   0.00    0.00    0.00    3.5     66111.552      5.50   47.24000   39.71000                   
07.12.2023 18:22:23.302  12.04000000  12039.98942   0.00 -115.0   21.0  28.0  0.32  286.2  3165.0  286.01   47.31   -2.70     0.0    0.00    0.00    0.00      0.0   0.00    0.00    0.00    3.2     66143.302      5.50   47.24000   39.71000                   
07.12.2023 18:23:26.878  12.04000000  12039.99137   0.00  -94.7   41.3  28.0  0.13  285.2  3192.2  285.03   46.79   -2.85     0.0    0.00    0.00    0.00      0.0   0.00    0.00    0.00    4.6     66206.878      5.50   47.24000   39.71000                   
07.12.2023 18:23:58.650  12.04000000  12039.99076   0.00 -115.8   20.2  28.0 12.65  277.7     0.0    0.00    0.00    0.00     0.0    0.00    0.00    0.00      0.0   0.00    0.00    0.00    4.0     66238.650      5.50   47.24000   39.71000                   
07.12.2023 18:23:58.650  12.04000000  12039.99149   0.00 -108.7   27.3  28.0  0.06  285.7  3198.7  285.52   47.00   -3.03     0.0    0.00    0.00    0.00      0.0   0.00    0.00    0.00    2.0     66238.650      5.50   47.24000   39.71000                   
07.12.2023 18:24:30.414  12.04000000  12039.99124   0.00  -98.6   37.4  28.0  0.04  283.6  3210.5  283.46   46.02   -2.75     0.0    0.00    0.00    0.00      0.0   0.00    0.00    0.00    4.9     66270.414      5.50   47.24000   39.71000                   
07.12.2023 18:25:02.165  12.04000000  12039.99112   0.00 -113.8   22.2  28.0  1.41  284.6  3072.4  284.46   46.84   -1.23     0.0    0.00    0.00    0.00      0.0   0.00    0.00    0.00   11.5     66302.165      5.50   47.24000   39.71000                   
07.12.2023 18:27:09.224  12.04000000  12039.99161   0.00 -115.0   21.0  28.0  6.53  284.5  2699.0  284.61   47.74    3.55     0.0    0.00    0.00    0.00      0.0   0.00    0.00    0.00    2.7     66429.224      5.50   47.24000   39.71000                   
07.12.2023 18:27:09.224  12.04000000  12039.99100   0.00 -114.8   21.2  28.0 11.54  281.6     0.0    0.00    0.00    0.00     0.0    0.00    0.00    0.00      0.0   0.00    0.00    0.00    5.6     66429.224      5.50   47.24000   39.71000                   
07.12.2023 18:29:26.812  12.04000000  12039.99137   0.00 -111.0   25.0  28.0 17.80  286.5     0.0    0.00    0.00    0.00     0.0    0.00    0.00    0.00      0.0   0.00    0.00    0.00    9.9     66566.812      5.50   47.24000   39.71000                   
07.12.2023 18:29:58.585  12.04000000  12039.99137   0.00 -111.6   24.4  28.0 12.27  285.9     0.0    0.00    0.00    0.00     0.0    0.00    0.00    0.00      0.0   0.00    0.00    0.00    5.2     66598.585      5.50   47.24000   39.71000                   
07.12.2023 18:30:30.335  12.04000000  12039.99149   0.00 -115.0   21.0  28.0 11.08  285.8     0.0    0.00    0.00    0.00     0.0    0.00    0.00    0.00      0.0   0.00    0.00    0.00   16.2     66630.335      5.50   47.24000   39.71000                   
07.12.2023 18:31:02.059  12.04000000  12039.99124   0.00 -112.6   23.4  28.0  4.49  286.3  2830.6  286.28   48.17    1.59     0.0    0.00    0.00    0.00      0.0   0.00    0.00    0.00    9.7     66662.059      5.50   47.24000   39.71000                   
07.12.2023 18:34:54.716  12.04000000  12039.99137   0.00 -114.1   21.9  28.0 17.02  282.5     0.0    0.00    0.00    0.00     0.0    0.00    0.00    0.00      0.0   0.00    0.00    0.00    5.8     66894.716      5.50   47.24000   39.71000                   
07.12.2023 18:58:41.293  12.04000000  12040.00365   0.00 -109.8   26.2  28.0  0.05  262.7  3074.9  263.05   37.78    4.15     0.0    0.00    0.00    0.00      0.0   0.00    0.00    0.00   14.6     68321.293      5.50   47.24000   39.71000                   
07.12.2023 18:58:41.293  12.04000000  12040.00328   0.00 -109.3   26.7  28.0  2.67  261.8  2875.5  262.17   38.37    6.36     0.0    0.00    0.00    0.00      0.0   0.00    0.00    0.00    9.1     68321.293      5.50   47.24000   39.71000                   
07.12.2023 18:59:23.497  12.04000000  12040.00353   0.00 -104.5   31.5  28.0  1.38  260.9  2956.1  261.26   37.65    5.84     0.0    0.00    0.00    0.00      0.0   0.00    0.00    0.00    5.2     68363.497      5.50   47.24000   39.71000                   
07.12.2023 18:59:55.171  12.04000000  12040.00328   0.00 -111.2   24.8  28.0  1.11  260.6  2972.8  260.96   37.46    5.77     0.0    0.00    0.00    0.00      0.0   0.00    0.00    0.00    9.5     68395.171      5.50   47.24000   39.71000                   
