13.12.2023 13:03:31.750  21.58000000  21579.99258   0.00 -118.0   22.0  28.0 18.13  287.2     0.0  287.21    0.00    0.00     0.0  287.21    0.00    0.00     0.0  287.21    0.00    0.00    7.7     47011.750      5.50   47.24000   39.71000  "Undefined"          0.0    -7.42  0.00000000
13.12.2023 13:04:56.756  21.58000000  21579.99258   0.00 -120.0   20.0  28.0 18.58  286.6     0.0  286.58    0.00    0.00     0.0  286.58    0.00    0.00     0.0  286.58    0.00    0.00    5.9     47096.756      5.50   47.24000   39.71000  "Undefined"          0.0    -7.42  0.00000000
13.12.2023 13:06:32.115  21.58000000  21579.99246   0.00 -118.0   22.0  28.0 14.54  287.1     0.0  287.14    0.00    0.00     0.0  287.14    0.00    0.00     0.0  287.14    0.00    0.00    4.6     47192.115      5.50   47.24000   39.71000  "Undefined"          0.0    -7.54  0.00000000
13.12.2023 13:08:07.737  21.58000000  21579.99246   0.00 -119.3   20.7  28.0  6.84  286.8     0.0  286.84    0.00    0.00     0.0  286.84    0.00    0.00     0.0  286.84    0.00    0.00    9.0     47287.737      5.50   47.24000   39.71000  "Undefined"          0.0    -7.54  0.00000000
13.12.2023 13:14:54.210  21.58000000  21579.99246   0.00 -113.4   26.6  28.0 14.17  287.4     0.0  287.36    0.00    0.00     0.0  287.36    0.00    0.00     0.0  287.36    0.00    0.00    4.9     47694.210      5.50   47.24000   39.71000  "Undefined"          0.0    -7.54  0.00000000
13.12.2023 13:17:02.730  21.58000000  21579.99246   0.00 -119.2   20.8  28.0 18.60  285.6     0.0  285.59    0.00    0.00     0.0  285.59    0.00    0.00     0.0  285.59    0.00    0.00    4.2     47822.730      5.50   47.24000   39.71000  "Undefined"          0.0    -7.54  0.00000000
13.12.2023 13:18:28.502  21.58000000  21579.99258   0.00 -116.5   23.5  28.0 19.21  286.1     0.0  286.13    0.00    0.00     0.0  286.13    0.00    0.00     0.0  286.13    0.00    0.00    4.4     47908.502      5.50   47.24000   39.71000  "Undefined"          0.0    -7.42  0.00000000
13.12.2023 13:19:11.357  21.58000000  21579.99258   0.00 -115.0   25.0  28.0 16.03  286.7     0.0  286.71    0.00    0.00     0.0  286.71    0.00    0.00     0.0  286.71    0.00    0.00    3.3     47951.357      5.50   47.24000   39.71000  "Undefined"          0.0    -7.42  0.00000000
13.12.2023 13:20:36.559  21.58000000  21579.99258   0.00 -118.9   21.1  28.0 17.18  286.2     0.0  286.25    0.00    0.00     0.0  286.25    0.00    0.00     0.0  286.25    0.00    0.00    2.7     48036.559      5.50   47.24000   39.71000  "Undefined"          0.0    -7.42  0.00000000
13.12.2023 13:46:12.016  21.58000000  21579.99161   0.00 -119.8   20.2  28.0 17.29  285.7     0.0  285.69    0.00    0.00     0.0  285.69    0.00    0.00     0.0  285.69    0.00    0.00    4.5     49572.016      5.50   47.24000   39.71000  "Undefined"          0.0    -8.39  0.00000000
13.12.2023 13:50:28.482  21.58000000  21579.99234   0.00 -113.4   24.6  28.0 17.83  285.6     0.0  285.58    0.00    0.00     0.0  285.58    0.00    0.00     0.0  285.58    0.00    0.00    5.3     49828.482      5.50   47.24000   39.71000  "Undefined"          0.0    -7.66  0.00000000
13.12.2023 13:51:11.242  21.58000000  21579.99234   0.00 -112.2   25.8  28.0 15.91  285.3     0.0  285.33    0.00    0.00     0.0  285.33    0.00    0.00     0.0  285.33    0.00    0.00    4.7     49871.242      5.50   47.24000   39.71000  "Undefined"          0.0    -7.66  0.00000000
13.12.2023 13:51:54.055  21.58000000  21579.99234   0.00 -116.2   23.8  28.0 14.59  285.8     0.0  285.78    0.00    0.00     0.0  285.78    0.00    0.00     0.0  285.78    0.00    0.00    2.3     49914.055      5.50   47.24000   39.71000  "Undefined"          0.0    -7.66  0.00000000
13.12.2023 13:52:36.966  21.58000000  21579.99234   0.00 -115.7   22.3  28.0 19.91  285.8     0.0  285.76    0.00    0.00     0.0  285.76    0.00    0.00     0.0  285.76    0.00    0.00    3.9     49956.966      5.50   47.24000   39.71000  "Undefined"          0.0    -7.66  0.00000000
13.12.2023 13:53:30.684  21.58000000  21579.99234   0.00 -117.6   20.4  28.0 17.64  284.9     0.0  284.89    0.00    0.00     0.0  284.89    0.00    0.00     0.0  284.89    0.00    0.00    3.8     50010.684      5.50   47.24000   39.71000  "Undefined"          0.0    -7.66  0.00000000
13.12.2023 13:54:13.503  21.58000000  21579.99234   0.00 -113.5   24.5  28.0 16.76  284.6     0.0  284.59    0.00    0.00     0.0  284.59    0.00    0.00     0.0  284.59    0.00    0.00    3.4     50053.503      5.50   47.24000   39.71000  "Undefined"          0.0    -7.66  0.00000000
13.12.2023 13:55:39.329  21.58000000  21579.99246   0.00 -115.6   22.4  28.0 16.05  285.5     0.0  285.48    0.00    0.00     0.0  285.48    0.00    0.00     0.0  285.48    0.00    0.00    1.4     50139.329      5.50   47.24000   39.71000  "Undefined"          0.0    -7.54  0.00000000
13.12.2023 13:56:22.316  21.58000000  21579.99246   0.00 -112.9   27.1  28.0 15.58  285.7     0.0  285.67    0.00    0.00     0.0  285.67    0.00    0.00     0.0  285.67    0.00    0.00    3.3     50182.316      5.50   47.24000   39.71000  "Undefined"          0.0    -7.54  0.00000000
13.12.2023 13:57:05.127  21.58000000  21579.99246   0.00 -119.7   20.3  28.0 17.70  285.4     0.0  285.44    0.00    0.00     0.0  285.44    0.00    0.00     0.0  285.44    0.00    0.00    5.9     50225.127      5.50   47.24000   39.71000  "Undefined"          0.0    -7.54  0.00000000
13.12.2023 13:57:47.940  21.58000000  21579.99246   0.00 -113.5   26.5  28.0 21.00  286.0     0.0  285.96    0.00    0.00     0.0  285.96    0.00    0.00     0.0  285.96    0.00    0.00    5.1     50267.940      5.50   47.24000   39.71000  "Undefined"          0.0    -7.54  0.00000000
13.12.2023 13:58:41.499  21.58000000  21579.99246   0.00 -114.5   23.5  28.0 21.42  286.1     0.0  286.10    0.00    0.00     0.0  286.10    0.00    0.00     0.0  286.10    0.00    0.00    6.7     50321.499      5.50   47.24000   39.71000  "Undefined"          0.0    -7.54  0.00000000
