07.12.2023 09:00:24.661  21.58000000  21579.99562   0.00 -115.3   20.7  28.0 28.07  237.8     0.0  237.75    0.00    0.00     0.0  237.75    0.00    0.00     0.0  237.75    0.00    0.00    2.5     32424.661      5.50   47.24000   39.71000  "Undefined"          0.0    -4.38  0.00000000
07.12.2023 09:00:24.661  21.58000000  21579.99453   0.00  -94.6   41.4  28.0 15.55  287.7     0.0  287.72    0.00    0.00     0.0  287.72    0.00    0.00     0.0  287.72    0.00    0.00    2.6     32424.661      5.50   47.24000   39.71000  "Undefined"          0.0    -5.47  0.00000000
07.12.2023 09:00:24.661  21.58000000  21579.99416   0.00  -92.1   43.9  28.0 52.70    7.8     0.0    7.81    0.00    0.00     0.0    7.81    0.00    0.00     0.0    7.81    0.00    0.00   21.3     32424.661      5.50   47.24000   39.71000  "Undefined"          0.0    -5.84  0.00000000
07.12.2023 09:01:07.240  21.58000000  21579.99501   0.00 -111.6   26.4  28.0 20.85  286.4     0.0  286.36    0.00    0.00     0.0  286.36    0.00    0.00     0.0  286.36    0.00    0.00    5.5     32467.240      5.50   47.24000   39.71000  "Undefined"          0.0    -4.99  0.00000000
07.12.2023 09:01:07.240  21.58000000  21579.99477   0.00 -106.0   32.0  28.0 19.66  286.3     0.0  286.28    0.00    0.00     0.0  286.28    0.00    0.00     0.0  286.28    0.00    0.00    3.1     32467.240      5.50   47.24000   39.71000  "Undefined"          0.0    -5.23  0.00000000
07.12.2023 09:01:07.240  21.58000000  21579.99416   0.00  -99.8   38.2  28.0 14.25  284.2     0.0  284.18    0.00    0.00     0.0  284.18    0.00    0.00     0.0  284.18    0.00    0.00   10.4     32467.240      5.50   47.24000   39.71000  "Undefined"          0.0    -5.84  0.00000000
07.12.2023 09:02:00.183  21.58000000  21579.99428   0.00  -86.2   49.8  28.0 14.13  285.5     0.0  285.54    0.00    0.00     0.0  285.54    0.00    0.00     0.0  285.54    0.00    0.00    2.5     32520.183      5.50   47.24000   39.71000  "Undefined"          0.0    -5.72  0.00000000
07.12.2023 09:02:42.641  21.58000000  21579.99368   0.00 -112.9   21.1  28.0 17.55  246.3     0.0  246.29    0.00    0.00     0.0  246.29    0.00    0.00     0.0  246.29    0.00    0.00    4.9     32562.641      5.50   47.24000   39.71000  "Undefined"          0.0    -6.32  0.00000000
07.12.2023 09:02:42.641  21.58000000  21579.99501   0.00 -103.6   30.4  28.0 21.15  284.4     0.0  284.42    0.00    0.00     0.0  284.42    0.00    0.00     0.0  284.42    0.00    0.00   11.6     32562.641      5.50   47.24000   39.71000  "Undefined"          0.0    -4.99  0.00000000
07.12.2023 09:02:42.641  21.58000000  21579.99428   0.00  -85.3   48.7  28.0 10.19  285.5     0.0  285.51    0.00    0.00     0.0  285.51    0.00    0.00     0.0  285.51    0.00    0.00    1.3     32562.641      5.50   47.24000   39.71000  "Undefined"          0.0    -5.72  0.00000000
07.12.2023 09:03:25.170  21.58000000  21579.99392   0.00 -109.7   26.3  28.0  0.08  152.9     0.0  152.89    0.00    0.00     0.0  152.89    0.00    0.00     0.0  152.89    0.00    0.00   16.0     32605.170      5.50   47.24000   39.71000  "Undefined"          0.0    -6.08  0.00000000
07.12.2023 09:03:25.170  21.58000000  21579.99489   0.00 -101.4   34.6  28.0 23.22  288.9     0.0  288.88    0.00    0.00     0.0  288.88    0.00    0.00     0.0  288.88    0.00    0.00    4.9     32605.170      5.50   47.24000   39.71000  "Undefined"          0.0    -5.11  0.00000000
07.12.2023 09:03:25.170  21.58000000  21579.99428   0.00  -87.7   48.3  28.0 12.96  285.3     0.0  285.33    0.00    0.00     0.0  285.33    0.00    0.00     0.0  285.33    0.00    0.00    2.4     32605.170      5.50   47.24000   39.71000  "Undefined"          0.0    -5.72  0.00000000
07.12.2023 09:04:07.637  21.58000000  21579.99477   0.00 -101.7   34.3  28.0 19.99  291.0     0.0  290.99    0.00    0.00     0.0  290.99    0.00    0.00     0.0  290.99    0.00    0.00    6.3     32647.637      5.50   47.24000   39.71000  "Undefined"          0.0    -5.23  0.00000000
07.12.2023 09:04:07.637  21.58000000  21579.99441   0.00  -90.2   45.8  28.0  9.72  286.3     0.0  286.32    0.00    0.00     0.0  286.32    0.00    0.00     0.0  286.32    0.00    0.00    1.3     32647.637      5.50   47.24000   39.71000  "Undefined"          0.0    -5.59  0.00000000
07.12.2023 09:05:11.065  21.58000000  21579.99380   0.00 -110.2   25.8  28.0 21.27  241.7     0.0  241.67    0.00    0.00     0.0  241.67    0.00    0.00     0.0  241.67    0.00    0.00    6.9     32711.065      5.50   47.24000   39.71000  "Undefined"          0.0    -6.20  0.00000000
07.12.2023 09:05:11.065  21.58000000  21579.99501   0.00 -108.6   27.4  28.0 25.37  284.5     0.0  284.47    0.00    0.00     0.0  284.47    0.00    0.00     0.0  284.47    0.00    0.00    8.6     32711.065      5.50   47.24000   39.71000  "Undefined"          0.0    -4.99  0.00000000
07.12.2023 09:05:11.065  21.58000000  21579.99428   0.00  -95.5   40.5  28.0 18.26  285.1     0.0  285.12    0.00    0.00     0.0  285.12    0.00    0.00     0.0  285.12    0.00    0.00    3.9     32711.065      5.50   47.24000   39.71000  "Undefined"          0.0    -5.72  0.00000000
07.12.2023 09:05:11.065  21.58000000  21579.99465   0.00  -93.2   42.8  28.0 21.12  287.6     0.0  287.63    0.00    0.00     0.0  287.63    0.00    0.00     0.0  287.63    0.00    0.00    1.6     32711.065      5.50   47.24000   39.71000  "Undefined"          0.0    -5.35  0.00000000
07.12.2023 09:05:53.601  21.58000000  21579.99465   0.00  -99.3   34.7  28.0 20.90  288.8     0.0  288.77    0.00    0.00     0.0  288.77    0.00    0.00     0.0  288.77    0.00    0.00    1.6     32753.601      5.50   47.24000   39.71000  "Undefined"          0.0    -5.35  0.00000000
07.12.2023 09:05:53.601  21.58000000  21579.99428   0.00  -92.9   41.1  28.0 14.49  284.7     0.0  284.71    0.00    0.00     0.0  284.71    0.00    0.00     0.0  284.71    0.00    0.00    1.9     32753.601      5.50   47.24000   39.71000  "Undefined"          0.0    -5.72  0.00000000
07.12.2023 09:06:46.473  21.58000000  21579.99380   0.00 -111.4   22.6  28.0 26.22  246.1     0.0  246.15    0.00    0.00     0.0  246.15    0.00    0.00     0.0  246.15    0.00    0.00   17.2     32806.473      5.50   47.24000   39.71000  "Undefined"          0.0    -6.20  0.00000000
07.12.2023 09:06:46.473  21.58000000  21579.99453   0.00  -95.6   38.4  28.0 21.23  292.0     0.0  292.04    0.00    0.00     0.0  292.04    0.00    0.00     0.0  292.04    0.00    0.00    2.4     32806.473      5.50   47.24000   39.71000  "Undefined"          0.0    -5.47  0.00000000
07.12.2023 09:06:46.473  21.58000000  21579.99428   0.00  -95.5   38.5  28.0 15.92  287.2     0.0  287.23    0.00    0.00     0.0  287.23    0.00    0.00     0.0  287.23    0.00    0.00    3.6     32806.473      5.50   47.24000   39.71000  "Undefined"          0.0    -5.72  0.00000000
07.12.2023 09:07:29.112  21.58000000  21579.99465   0.00  -95.9   38.1  28.0 21.63  284.4     0.0  284.40    0.00    0.00     0.0  284.40    0.00    0.00     0.0  284.40    0.00    0.00    2.1     32849.112      5.50   47.24000   39.71000  "Undefined"         -0.0    -5.35  0.00000000
07.12.2023 09:07:29.112  21.58000000  21579.99416   0.00  -85.0   49.0  28.0 13.69  284.8     0.0  284.84    0.00    0.00     0.0  284.84    0.00    0.00     0.0  284.84    0.00    0.00    1.5     32849.112      5.50   47.24000   39.71000  "Undefined"         -0.0    -5.84  0.00000000
07.12.2023 09:08:11.960  21.58000000  21579.99428   0.00  -87.8   46.2  28.0 14.71  285.0     0.0  285.03    0.00    0.00     0.0  285.03    0.00    0.00     0.0  285.03    0.00    0.00    2.7     32891.960      5.50   47.24000   39.71000  "Undefined"          0.0    -5.72  0.00000000
07.12.2023 09:08:54.311  21.58000000  21579.99489   0.00 -110.0   26.0  28.0 53.79  129.6     0.0  129.55    0.00    0.00     0.0  129.55    0.00    0.00     0.0  129.55    0.00    0.00   17.9     32934.311      5.50   47.24000   39.71000  "Undefined"          0.0    -5.11  0.00000000
07.12.2023 09:08:54.311  21.58000000  21579.99416   0.00  -87.3   48.7  28.0 14.20  284.4     0.0  284.43    0.00    0.00     0.0  284.43    0.00    0.00     0.0  284.43    0.00    0.00    0.9     32934.311      5.50   47.24000   39.71000  "Undefined"          0.0    -5.84  0.00000000
07.12.2023 09:09:37.091  21.58000000  21579.99501   0.00 -116.0   20.0  28.0 69.52  175.9     0.0  175.91    0.00    0.00     0.0  175.91    0.00    0.00     0.0  175.91    0.00    0.00   20.3     32977.091      5.50   47.24000   39.71000  "Undefined"          0.0    -4.99  0.00000000
07.12.2023 09:09:37.091  21.58000000  21579.99465   0.00 -103.9   32.1  28.0 22.80  285.4     0.0  285.42    0.00    0.00     0.0  285.42    0.00    0.00     0.0  285.42    0.00    0.00   10.1     32977.091      5.50   47.24000   39.71000  "Undefined"          0.0    -5.35  0.00000000
07.12.2023 09:09:37.091  21.58000000  21579.99404   0.00  -84.2   51.8  28.0 14.93  284.1     0.0  284.05    0.00    0.00     0.0  284.05    0.00    0.00     0.0  284.05    0.00    0.00    1.6     32977.091      5.50   47.24000   39.71000  "Undefined"          0.0    -5.96  0.00000000
07.12.2023 09:10:20.059  21.58000000  21579.99453   0.00 -100.9   33.1  28.0 18.92  287.6     0.0  287.60    0.00    0.00     0.0  287.60    0.00    0.00     0.0  287.60    0.00    0.00    1.9     33020.059      5.50   47.24000   39.71000  "Undefined"          0.0    -5.47  0.00000000
07.12.2023 09:10:20.059  21.58000000  21579.99477   0.00  -96.9   37.1  28.0 22.88  289.1     0.0  289.09    0.00    0.00     0.0  289.09    0.00    0.00     0.0  289.09    0.00    0.00    1.5     33020.059      5.50   47.24000   39.71000  "Undefined"          0.0    -5.23  0.00000000
07.12.2023 09:10:20.059  21.58000000  21579.99404   0.00  -88.2   45.8  28.0 13.57  284.2     0.0  284.17    0.00    0.00     0.0  284.17    0.00    0.00     0.0  284.17    0.00    0.00    1.5     33020.059      5.50   47.24000   39.71000  "Undefined"          0.0    -5.96  0.00000000
07.12.2023 09:11:02.809  21.58000000  21579.99392   0.00  -99.5   36.5  28.0 12.87  284.5     0.0  284.45    0.00    0.00     0.0  284.45    0.00    0.00     0.0  284.45    0.00    0.00    1.1     33062.809      5.50   47.24000   39.71000  "Undefined"          0.0    -6.08  0.00000000
07.12.2023 09:11:02.809  21.58000000  21579.99477   0.00  -97.0   39.0  28.0 24.13  286.0     0.0  286.02    0.00    0.00     0.0  286.02    0.00    0.00     0.0  286.02    0.00    0.00    2.4     33062.809      5.50   47.24000   39.71000  "Undefined"          0.0    -5.23  0.00000000
07.12.2023 09:11:02.809  21.58000000  21579.99416   0.00  -96.6   39.4  28.0 11.31  283.6     0.0  283.65    0.00    0.00     0.0  283.65    0.00    0.00     0.0  283.65    0.00    0.00    5.5     33062.809      5.50   47.24000   39.71000  "Undefined"          0.0    -5.84  0.00000000
07.12.2023 09:11:02.809  21.58000000  21579.99441   0.00  -93.3   42.7  28.0 13.20  286.9     0.0  286.86    0.00    0.00     0.0  286.86    0.00    0.00     0.0  286.86    0.00    0.00    4.9     33062.809      5.50   47.24000   39.71000  "Undefined"          0.0    -5.59  0.00000000
07.12.2023 09:11:45.618  21.58000000  21579.99441   0.00  -88.4   47.6  28.0  0.10  285.9     0.0  285.94    0.00    0.00     0.0  285.94    0.00    0.00     0.0  285.94    0.00    0.00    1.4     33105.618      5.50   47.24000   39.71000  "Undefined"          0.0    -5.59  0.00000000
07.12.2023 09:12:28.381  21.58000000  21579.99404   0.00  -99.9   34.1  28.0 11.24  283.1     0.0  283.08    0.00    0.00     0.0  283.08    0.00    0.00     0.0  283.08    0.00    0.00    4.5     33148.381      5.50   47.24000   39.71000  "Undefined"          0.0    -5.96  0.00000000
07.12.2023 09:12:28.381  21.58000000  21579.99477   0.00  -94.2   39.8  28.0 24.52  281.6     0.0  281.60    0.00    0.00     0.0  281.60    0.00    0.00     0.0  281.60    0.00    0.00    0.9     33148.381      5.50   47.24000   39.71000  "Undefined"          0.0    -5.23  0.00000000
07.12.2023 09:12:28.381  21.58000000  21579.99441   0.00  -91.7   42.3  28.0 22.12  284.7     0.0  284.68    0.00    0.00     0.0  284.68    0.00    0.00     0.0  284.68    0.00    0.00    2.8     33148.381      5.50   47.24000   39.71000  "Undefined"          0.0    -5.59  0.00000000
07.12.2023 09:13:11.131  21.58000000  21579.99489   0.00 -102.9   29.1  28.0 21.70  288.1     0.0  288.11    0.00    0.00     0.0  288.11    0.00    0.00     0.0  288.11    0.00    0.00   11.1     33191.131      5.50   47.24000   39.71000  "Undefined"          0.0    -5.11  0.00000000
07.12.2023 09:13:11.131  21.58000000  21579.99392   0.00  -97.9   34.1  28.0 14.10  284.2     0.0  284.23    0.00    0.00     0.0  284.23    0.00    0.00     0.0  284.23    0.00    0.00    1.0     33191.131      5.50   47.24000   39.71000  "Undefined"          0.0    -6.08  0.00000000
07.12.2023 09:13:11.131  21.58000000  21579.99441   0.00  -91.8   40.2  28.0 17.05  285.0     0.0  285.02    0.00    0.00     0.0  285.02    0.00    0.00     0.0  285.02    0.00    0.00    1.4     33191.131      5.50   47.24000   39.71000  "Undefined"          0.0    -5.59  0.00000000
07.12.2023 09:13:53.822  21.58000000  21579.99356   0.00 -114.8   21.2  28.0 13.02  238.3     0.0  238.31    0.00    0.00     0.0  238.31    0.00    0.00     0.0  238.31    0.00    0.00   23.0     33233.822      5.50   47.24000   39.71000  "Undefined"          0.0    -6.44  0.00000000
07.12.2023 09:13:53.822  21.58000000  21579.99501   0.00 -101.5   34.5  28.0 23.71  286.2     0.0  286.19    0.00    0.00     0.0  286.19    0.00    0.00     0.0  286.19    0.00    0.00    2.6     33233.822      5.50   47.24000   39.71000  "Undefined"          0.0    -4.99  0.00000000
07.12.2023 09:13:53.822  21.58000000  21579.99465   0.00  -99.1   36.9  28.0 20.57  281.4     0.0  281.40    0.00    0.00     0.0  281.40    0.00    0.00     0.0  281.40    0.00    0.00    4.3     33233.822      5.50   47.24000   39.71000  "Undefined"          0.0    -5.35  0.00000000
07.12.2023 09:13:53.822  21.58000000  21579.99428   0.00  -98.2   37.8  28.0 15.97  287.2     0.0  287.21    0.00    0.00     0.0  287.21    0.00    0.00     0.0  287.21    0.00    0.00    7.4     33233.822      5.50   47.24000   39.71000  "Undefined"          0.0    -5.72  0.00000000
07.12.2023 09:14:36.572  21.58000000  21579.99356   0.00 -113.5   22.5  28.0 25.73  240.1     0.0  240.05    0.00    0.00     0.0  240.05    0.00    0.00     0.0  240.05    0.00    0.00    6.7     33276.572      5.50   47.24000   39.71000  "Undefined"          0.0    -6.44  0.00000000
07.12.2023 09:14:36.572  21.58000000  21579.99380   0.00 -102.1   33.9  28.0 16.27  282.8     0.0  282.76    0.00    0.00     0.0  282.76    0.00    0.00     0.0  282.76    0.00    0.00    2.5     33276.572      5.50   47.24000   39.71000  "Undefined"          0.0    -6.20  0.00000000
07.12.2023 09:14:36.572  21.58000000  21579.99489   0.00 -100.3   35.7  28.0 23.94  282.0     0.0  281.97    0.00    0.00     0.0  281.97    0.00    0.00     0.0  281.97    0.00    0.00    2.3     33276.572      5.50   47.24000   39.71000  "Undefined"          0.0    -5.11  0.00000000
07.12.2023 09:14:36.572  21.58000000  21579.99428   0.00  -91.9   44.1  28.0 15.36  285.2     0.0  285.21    0.00    0.00     0.0  285.21    0.00    0.00     0.0  285.21    0.00    0.00    1.4     33276.572      5.50   47.24000   39.71000  "Undefined"          0.0    -5.72  0.00000000
07.12.2023 09:15:19.371  21.58000000  21579.99392   0.00 -103.7   32.3  28.0 18.18  242.8     0.0  242.81    0.00    0.00     0.0  242.81    0.00    0.00     0.0  242.81    0.00    0.00   12.1     33319.371      5.50   47.24000   39.71000  "Undefined"          0.0    -6.08  0.00000000
07.12.2023 09:15:19.371  21.58000000  21579.99501   0.00 -100.8   35.2  28.0 26.22  284.8     0.0  284.76    0.00    0.00     0.0  284.76    0.00    0.00     0.0  284.76    0.00    0.00    2.3     33319.371      5.50   47.24000   39.71000  "Undefined"          0.0    -4.99  0.00000000
07.12.2023 09:15:19.371  21.58000000  21579.99453   0.00  -94.1   41.9  28.0 22.57  283.7     0.0  283.67    0.00    0.00     0.0  283.67    0.00    0.00     0.0  283.67    0.00    0.00    2.6     33319.371      5.50   47.24000   39.71000  "Undefined"          0.0    -5.47  0.00000000
07.12.2023 09:16:02.085  21.58000000  21579.99514   0.00 -108.9   27.1  28.0 22.68  285.2     0.0  285.25    0.00    0.00     0.0  285.25    0.00    0.00     0.0  285.25    0.00    0.00    8.0     33362.085      5.50   47.24000   39.71000  "Undefined"          0.0    -4.86  0.00000000
07.12.2023 09:16:02.085  21.58000000  21579.99477   0.00  -95.3   40.7  28.0 20.75  285.0     0.0  284.96    0.00    0.00     0.0  284.96    0.00    0.00     0.0  284.96    0.00    0.00    2.8     33362.085      5.50   47.24000   39.71000  "Undefined"          0.0    -5.23  0.00000000
07.12.2023 09:16:02.085  21.58000000  21579.99453   0.00  -91.8   44.2  28.0 18.02  283.4     0.0  283.44    0.00    0.00     0.0  283.44    0.00    0.00     0.0  283.44    0.00    0.00    0.9     33362.085      5.50   47.24000   39.71000  "Undefined"          0.0    -5.47  0.00000000
07.12.2023 09:16:02.085  21.58000000  21579.99428   0.00  -91.1   44.9  28.0 13.13  285.7     0.0  285.65    0.00    0.00     0.0  285.65    0.00    0.00     0.0  285.65    0.00    0.00    3.2     33362.085      5.50   47.24000   39.71000  "Undefined"          0.0    -5.72  0.00000000
07.12.2023 09:16:44.736  21.58000000  21579.99489   0.00  -97.2   38.8  28.0 23.36  284.5     0.0  284.52    0.00    0.00     0.0  284.52    0.00    0.00     0.0  284.52    0.00    0.00    0.8     33404.736      5.50   47.24000   39.71000  "Undefined"          0.0    -5.11  0.00000000
07.12.2023 09:16:44.736  21.58000000  21579.99416   0.00  -92.4   43.6  28.0 12.45  285.5     0.0  285.49    0.00    0.00     0.0  285.49    0.00    0.00     0.0  285.49    0.00    0.00    4.4     33404.736      5.50   47.24000   39.71000  "Undefined"          0.0    -5.84  0.00000000
07.12.2023 09:16:44.736  21.58000000  21579.99453   0.00  -92.4   43.6  28.0 25.83  281.5     0.0  281.55    0.00    0.00     0.0  281.55    0.00    0.00     0.0  281.55    0.00    0.00    0.7     33404.736      5.50   47.24000   39.71000  "Undefined"          0.0    -5.47  0.00000000
07.12.2023 09:17:27.624  21.58000000  21579.99392   0.00 -104.2   29.8  28.0 17.87  283.3     0.0  283.34    0.00    0.00     0.0  283.34    0.00    0.00     0.0  283.34    0.00    0.00    6.4     33447.624      5.50   47.24000   39.71000  "Undefined"          0.0    -6.08  0.00000000
07.12.2023 09:17:27.624  21.58000000  21579.99428   0.00  -95.2   38.8  28.0 15.18  284.1     0.0  284.11    0.00    0.00     0.0  284.11    0.00    0.00     0.0  284.11    0.00    0.00    2.5     33447.624      5.50   47.24000   39.71000  "Undefined"          0.0    -5.72  0.00000000
07.12.2023 09:17:27.624  21.58000000  21579.99477   0.00  -91.2   42.8  28.0 22.34  284.9     0.0  284.87    0.00    0.00     0.0  284.87    0.00    0.00     0.0  284.87    0.00    0.00    1.2     33447.624      5.50   47.24000   39.71000  "Undefined"          0.0    -5.23  0.00000000
07.12.2023 09:18:10.283  21.58000000  21579.99404   0.00 -101.4   32.6  28.0 13.16  285.1     0.0  285.05    0.00    0.00     0.0  285.05    0.00    0.00     0.0  285.05    0.00    0.00    2.8     33490.283      5.50   47.24000   39.71000  "Undefined"          0.0    -5.96  0.00000000
07.12.2023 09:18:10.283  21.58000000  21579.99441   0.00 -100.4   33.6  28.0  0.01  288.8     0.0  288.82    0.00    0.00     0.0  288.82    0.00    0.00     0.0  288.82    0.00    0.00    2.9     33490.283      5.50   47.24000   39.71000  "Undefined"          0.0    -5.59  0.00000000
07.12.2023 09:18:10.283  21.58000000  21579.99477   0.00  -96.8   37.2  28.0 19.99  286.0     0.0  286.02    0.00    0.00     0.0  286.02    0.00    0.00     0.0  286.02    0.00    0.00    2.8     33490.283      5.50   47.24000   39.71000  "Undefined"          0.0    -5.23  0.00000000
07.12.2023 09:18:53.102  21.58000000  21579.99404   0.00 -100.9   35.1  28.0 10.53  285.7     0.0  285.71    0.00    0.00     0.0  285.71    0.00    0.00     0.0  285.71    0.00    0.00    0.4     33533.102      5.50   47.24000   39.71000  "Undefined"          0.0    -5.96  0.00000000
07.12.2023 09:18:53.102  21.58000000  21579.99465   0.00  -92.1   43.9  28.0 19.36  283.8     0.0  283.77    0.00    0.00     0.0  283.77    0.00    0.00     0.0  283.77    0.00    0.00    0.8     33533.102      5.50   47.24000   39.71000  "Undefined"          0.0    -5.35  0.00000000
07.12.2023 09:19:46.490  21.58000000  21579.99368   0.00 -111.4   24.6  28.0 18.99  244.8     0.0  244.85    0.00    0.00     0.0  244.85    0.00    0.00     0.0  244.85    0.00    0.00    4.9     33586.490      5.50   47.24000   39.71000  "Undefined"          0.0    -6.32  0.00000000
07.12.2023 09:19:46.490  21.58000000  21579.99465   0.00  -99.6   36.4  28.0 27.81  282.1     0.0  282.07    0.00    0.00     0.0  282.07    0.00    0.00     0.0  282.07    0.00    0.00    3.8     33586.490      5.50   47.24000   39.71000  "Undefined"          0.0    -5.35  0.00000000
07.12.2023 09:19:46.490  21.58000000  21579.99428   0.00  -95.7   40.3  28.0 11.45  284.0     0.0  284.05    0.00    0.00     0.0  284.05    0.00    0.00     0.0  284.05    0.00    0.00    0.8     33586.490      5.50   47.24000   39.71000  "Undefined"          0.0    -5.72  0.00000000
07.12.2023 09:20:29.315  21.58000000  21579.99380   0.00 -113.7   22.3  28.0 28.80   11.1     0.0   11.05    0.00    0.00     0.0   11.05    0.00    0.00     0.0   11.05    0.00    0.00   17.5     33629.315      5.50   47.24000   39.71000  "Undefined"          0.0    -6.20  0.00000000
07.12.2023 09:20:29.315  21.58000000  21579.99501   0.00  -99.9   36.1  28.0 21.23  285.4     0.0  285.41    0.00    0.00     0.0  285.41    0.00    0.00     0.0  285.41    0.00    0.00    3.0     33629.315      5.50   47.24000   39.71000  "Undefined"          0.0    -4.99  0.00000000
07.12.2023 09:20:29.315  21.58000000  21579.99465   0.00  -94.8   41.2  28.0 21.50  281.8     0.0  281.80    0.00    0.00     0.0  281.80    0.00    0.00     0.0  281.80    0.00    0.00    3.2     33629.315      5.50   47.24000   39.71000  "Undefined"          0.0    -5.35  0.00000000
07.12.2023 09:21:12.151  21.58000000  21579.99501   0.00 -103.7   32.3  28.0 23.90  282.9     0.0  282.90    0.00    0.00     0.0  282.90    0.00    0.00     0.0  282.90    0.00    0.00    2.0     33672.151      5.50   47.24000   39.71000  "Undefined"          0.0    -4.99  0.00000000
07.12.2023 09:21:12.151  21.58000000  21579.99453   0.00 -103.7   32.3  28.0 22.45  283.8     0.0  283.82    0.00    0.00     0.0  283.82    0.00    0.00     0.0  283.82    0.00    0.00    0.5     33672.151      5.50   47.24000   39.71000  "Undefined"          0.0    -5.47  0.00000000
07.12.2023 09:21:12.151  21.58000000  21579.99477   0.00 -103.2   32.8  28.0 21.66  281.1     0.0  281.10    0.00    0.00     0.0  281.10    0.00    0.00     0.0  281.10    0.00    0.00    3.9     33672.151      5.50   47.24000   39.71000  "Undefined"          0.0    -5.23  0.00000000
07.12.2023 09:21:12.151  21.58000000  21579.99428   0.00 -100.4   35.6  28.0 18.30  284.4     0.0  284.36    0.00    0.00     0.0  284.36    0.00    0.00     0.0  284.36    0.00    0.00    6.2     33672.151      5.50   47.24000   39.71000  "Undefined"          0.0    -5.72  0.00000000
07.12.2023 09:21:54.903  21.58000000  21579.99392   0.00 -107.4   28.6  28.0 18.10  243.9     0.0  243.86    0.00    0.00     0.0  243.86    0.00    0.00     0.0  243.86    0.00    0.00   12.9     33714.903      5.50   47.24000   39.71000  "Undefined"          0.0    -6.08  0.00000000
07.12.2023 09:21:54.903  21.58000000  21579.99501   0.00 -100.3   35.7  28.0 20.07  281.9     0.0  281.88    0.00    0.00     0.0  281.88    0.00    0.00     0.0  281.88    0.00    0.00    3.0     33714.903      5.50   47.24000   39.71000  "Undefined"          0.0    -4.99  0.00000000
07.12.2023 09:21:54.903  21.58000000  21579.99428   0.00  -98.1   37.9  28.0 18.64  288.0     0.0  288.00    0.00    0.00     0.0  288.00    0.00    0.00     0.0  288.00    0.00    0.00    4.7     33714.903      5.50   47.24000   39.71000  "Undefined"          0.0    -5.72  0.00000000
07.12.2023 09:21:54.903  21.58000000  21579.99453   0.00  -97.5   38.5  28.0 21.94  287.9     0.0  287.87    0.00    0.00     0.0  287.87    0.00    0.00     0.0  287.87    0.00    0.00    6.7     33714.903      5.50   47.24000   39.71000  "Undefined"          0.0    -5.47  0.00000000
07.12.2023 09:22:37.729  21.58000000  21579.99380   0.00 -111.8   24.2  28.0 17.93  244.5     0.0  244.53    0.00    0.00     0.0  244.53    0.00    0.00     0.0  244.53    0.00    0.00    6.5     33757.729      5.50   47.24000   39.71000  "Undefined"          0.0    -6.20  0.00000000
07.12.2023 09:22:37.729  21.58000000  21579.99489   0.00 -104.2   31.8  28.0 18.54  288.2     0.0  288.15    0.00    0.00     0.0  288.15    0.00    0.00     0.0  288.15    0.00    0.00    5.5     33757.729      5.50   47.24000   39.71000  "Undefined"          0.0    -5.11  0.00000000
07.12.2023 09:22:37.729  21.58000000  21579.99514   0.00 -103.1   32.9  28.0 20.63  283.3     0.0  283.30    0.00    0.00     0.0  283.30    0.00    0.00     0.0  283.30    0.00    0.00    0.6     33757.729      5.50   47.24000   39.71000  "Undefined"          0.0    -4.86  0.00000000
07.12.2023 09:22:37.729  21.58000000  21579.99465   0.00 -102.3   33.7  28.0 25.85  284.8     0.0  284.76    0.00    0.00     0.0  284.76    0.00    0.00     0.0  284.76    0.00    0.00    6.1     33757.729      5.50   47.24000   39.71000  "Undefined"          0.0    -5.35  0.00000000
07.12.2023 09:22:37.729  21.58000000  21579.99428   0.00  -90.7   45.3  28.0 10.86  285.5     0.0  285.50    0.00    0.00     0.0  285.50    0.00    0.00     0.0  285.50    0.00    0.00    3.3     33757.729      5.50   47.24000   39.71000  "Undefined"          0.0    -5.72  0.00000000
07.12.2023 09:23:20.395  21.58000000  21579.99392   0.00 -107.8   28.2  28.0 18.30  243.4     0.0  243.44    0.00    0.00     0.0  243.44    0.00    0.00     0.0  243.44    0.00    0.00   20.5     33800.395      5.50   47.24000   39.71000  "Undefined"          0.0    -6.08  0.00000000
07.12.2023 09:23:20.395  21.58000000  21579.99526   0.00 -104.4   31.6  28.0 20.17  282.7     0.0  282.73    0.00    0.00     0.0  282.73    0.00    0.00     0.0  282.73    0.00    0.00    3.5     33800.395      5.50   47.24000   39.71000  "Undefined"          0.0    -4.74  0.00000000
07.12.2023 09:23:20.395  21.58000000  21579.99441   0.00  -87.6   48.4  28.0 12.20  285.8     0.0  285.80    0.00    0.00     0.0  285.80    0.00    0.00     0.0  285.80    0.00    0.00    0.9     33800.395      5.50   47.24000   39.71000  "Undefined"          0.0    -5.59  0.00000000
07.12.2023 09:24:13.701  21.58000000  21579.99368   0.00 -112.6   23.4  28.0  0.24  155.4     0.0  155.36    0.00    0.00     0.0  155.36    0.00    0.00     0.0  155.36    0.00    0.00   15.7     33853.701      5.50   47.24000   39.71000  "Undefined"          0.0    -6.32  0.00000000
07.12.2023 09:24:13.701  21.58000000  21579.99501   0.00 -105.1   30.9  28.0 21.79  280.7     0.0  280.66    0.00    0.00     0.0  280.66    0.00    0.00     0.0  280.66    0.00    0.00    2.4     33853.701      5.50   47.24000   39.71000  "Undefined"          0.0    -4.99  0.00000000
07.12.2023 09:24:13.701  21.58000000  21579.99428   0.00  -89.6   46.4  28.0 14.18  285.4     0.0  285.39    0.00    0.00     0.0  285.39    0.00    0.00     0.0  285.39    0.00    0.00    2.7     33853.701      5.50   47.24000   39.71000  "Undefined"          0.0    -5.72  0.00000000
07.12.2023 09:24:56.641  21.58000000  21579.99368   0.00 -113.3   22.7  28.0 25.49  241.6     0.0  241.65    0.00    0.00     0.0  241.65    0.00    0.00     0.0  241.65    0.00    0.00   15.5     33896.641      5.50   47.24000   39.71000  "Undefined"          0.0    -6.32  0.00000000
07.12.2023 09:24:56.641  21.58000000  21579.99501   0.00 -108.2   27.8  28.0 12.11  280.1     0.0  280.14    0.00    0.00     0.0  280.14    0.00    0.00     0.0  280.14    0.00    0.00    7.2     33896.641      5.50   47.24000   39.71000  "Undefined"          0.0    -4.99  0.00000000
07.12.2023 09:24:56.641  21.58000000  21579.99428   0.00  -85.8   50.2  28.0 13.25  284.9     0.0  284.88    0.00    0.00     0.0  284.88    0.00    0.00     0.0  284.88    0.00    0.00    1.9     33896.641      5.50   47.24000   39.71000  "Undefined"          0.0    -5.72  0.00000000
07.12.2023 09:25:39.441  21.58000000  21579.99356   0.00 -115.4   20.6  28.0 21.35  244.0     0.0  244.00    0.00    0.00     0.0  244.00    0.00    0.00     0.0  244.00    0.00    0.00    5.7     33939.441      5.50   47.24000   39.71000  "Undefined"          0.0    -6.44  0.00000000
07.12.2023 09:25:39.441  21.58000000  21579.99465   0.00 -102.1   33.9  28.0 26.07  282.3     0.0  282.27    0.00    0.00     0.0  282.27    0.00    0.00     0.0  282.27    0.00    0.00    6.7     33939.441      5.50   47.24000   39.71000  "Undefined"          0.0    -5.35  0.00000000
07.12.2023 09:25:39.441  21.58000000  21579.99501   0.00 -100.9   35.1  28.0 23.36  280.2     0.0  280.18    0.00    0.00     0.0  280.18    0.00    0.00     0.0  280.18    0.00    0.00    0.9     33939.441      5.50   47.24000   39.71000  "Undefined"          0.0    -4.99  0.00000000
07.12.2023 09:25:39.441  21.58000000  21579.99428   0.00  -91.0   45.0  28.0  6.17  285.0     0.0  284.97    0.00    0.00     0.0  284.97    0.00    0.00     0.0  284.97    0.00    0.00    1.5     33939.441      5.50   47.24000   39.71000  "Undefined"          0.0    -5.72  0.00000000
07.12.2023 09:26:22.171  21.58000000  21579.99368   0.00 -113.1   22.9  28.0 22.47  242.8     0.0  242.80    0.00    0.00     0.0  242.80    0.00    0.00     0.0  242.80    0.00    0.00    6.4     33982.171      5.50   47.24000   39.71000  "Undefined"          0.0    -6.32  0.00000000
07.12.2023 09:26:22.171  21.58000000  21579.99453   0.00  -97.2   38.8  28.0 23.57  284.0     0.0  283.97    0.00    0.00     0.0  283.97    0.00    0.00     0.0  283.97    0.00    0.00    0.8     33982.171      5.50   47.24000   39.71000  "Undefined"          0.0    -5.47  0.00000000
07.12.2023 09:26:22.171  21.58000000  21579.99489   0.00  -97.1   38.9  28.0 22.16  280.9     0.0  280.90    0.00    0.00     0.0  280.90    0.00    0.00     0.0  280.90    0.00    0.00    0.7     33982.171      5.50   47.24000   39.71000  "Undefined"          0.0    -5.11  0.00000000
07.12.2023 09:26:22.171  21.58000000  21579.99428   0.00  -94.4   41.6  28.0  6.73  286.1     0.0  286.06    0.00    0.00     0.0  286.06    0.00    0.00     0.0  286.06    0.00    0.00    6.2     33982.171      5.50   47.24000   39.71000  "Undefined"          0.0    -5.72  0.00000000
07.12.2023 09:27:04.967  21.58000000  21579.99501   0.00 -104.5   31.5  28.0 24.73  280.4     0.0  280.43    0.00    0.00     0.0  280.43    0.00    0.00     0.0  280.43    0.00    0.00    3.9     34024.967      5.50   47.24000   39.71000  "Undefined"          0.0    -4.99  0.00000000
07.12.2023 09:27:04.967  21.58000000  21579.99428   0.00  -91.8   44.2  28.0 17.12  284.9     0.0  284.90    0.00    0.00     0.0  284.90    0.00    0.00     0.0  284.90    0.00    0.00    5.1     34024.967      5.50   47.24000   39.71000  "Undefined"          0.0    -5.72  0.00000000
07.12.2023 09:27:58.372  21.58000000  21579.99514   0.00 -106.7   29.3  28.0 23.74  282.5     0.0  282.54    0.00    0.00     0.0  282.54    0.00    0.00     0.0  282.54    0.00    0.00    2.0     34078.372      5.50   47.24000   39.71000  "Undefined"          0.0    -4.86  0.00000000
07.12.2023 09:27:58.372  21.58000000  21579.99428   0.00  -88.3   47.7  28.0 14.42  285.2     0.0  285.23    0.00    0.00     0.0  285.23    0.00    0.00     0.0  285.23    0.00    0.00    1.8     34078.372      5.50   47.24000   39.71000  "Undefined"          0.0    -5.72  0.00000000
07.12.2023 09:28:41.079  21.58000000  21579.99514   0.00 -109.0   27.0  28.0 18.88  281.2     0.0  281.19    0.00    0.00     0.0  281.19    0.00    0.00     0.0  281.19    0.00    0.00    2.2     34121.079      5.50   47.24000   39.71000  "Undefined"          0.0    -4.86  0.00000000
07.12.2023 09:28:41.079  21.58000000  21579.99416   0.00  -93.4   42.6  28.0 12.18  284.5     0.0  284.51    0.00    0.00     0.0  284.51    0.00    0.00     0.0  284.51    0.00    0.00    2.1     34121.079      5.50   47.24000   39.71000  "Undefined"          0.0    -5.84  0.00000000
07.12.2023 09:29:23.878  21.58000000  21579.99501   0.00 -113.8   22.2  28.0 24.57  302.5     0.0  302.49    0.00    0.00     0.0  302.49    0.00    0.00     0.0  302.49    0.00    0.00   10.1     34163.878      5.50   47.24000   39.71000  "Undefined"          0.0    -4.99  0.00000000
07.12.2023 09:29:23.878  21.58000000  21579.99428   0.00  -92.2   43.8  28.0 14.63  284.5     0.0  284.52    0.00    0.00     0.0  284.52    0.00    0.00     0.0  284.52    0.00    0.00    3.1     34163.878      5.50   47.24000   39.71000  "Undefined"          0.0    -5.72  0.00000000
07.12.2023 09:30:17.173  21.58000000  21579.99368   0.00 -111.5   24.5  28.0 29.16  245.2     0.0  245.19    0.00    0.00     0.0  245.19    0.00    0.00     0.0  245.19    0.00    0.00   10.3     34217.173      5.50   47.24000   39.71000  "Undefined"          0.0    -6.32  0.00000000
07.12.2023 09:30:17.173  21.58000000  21579.99416   0.00  -88.7   47.3  28.0 12.20  285.6     0.0  285.63    0.00    0.00     0.0  285.63    0.00    0.00     0.0  285.63    0.00    0.00    2.7     34217.173      5.50   47.24000   39.71000  "Undefined"          0.0    -5.84  0.00000000
07.12.2023 09:30:59.742  21.58000000  21579.99453   0.00 -104.1   31.9  28.0 19.96  278.9     0.0  278.94    0.00    0.00     0.0  278.94    0.00    0.00     0.0  278.94    0.00    0.00   19.7     34259.742      5.50   47.24000   39.71000  "Undefined"          0.0    -5.47  0.00000000
07.12.2023 09:30:59.742  21.58000000  21579.99404   0.00  -95.1   40.9  28.0  9.36  286.4     0.0  286.38    0.00    0.00     0.0  286.38    0.00    0.00     0.0  286.38    0.00    0.00    1.3     34259.742      5.50   47.24000   39.71000  "Undefined"          0.0    -5.96  0.00000000
07.12.2023 09:31:42.298  21.58000000  21579.99501   0.00 -109.2   26.8  28.0 21.60  280.9     0.0  280.94    0.00    0.00     0.0  280.94    0.00    0.00     0.0  280.94    0.00    0.00    1.5     34302.298      5.50   47.24000   39.71000  "Undefined"          0.0    -4.99  0.00000000
07.12.2023 09:31:42.298  21.58000000  21579.99416   0.00  -95.1   40.9  28.0  5.29  287.0     0.0  286.95    0.00    0.00     0.0  286.95    0.00    0.00     0.0  286.95    0.00    0.00    8.6     34302.298      5.50   47.24000   39.71000  "Undefined"          0.0    -5.84  0.00000000
07.12.2023 09:32:35.427  21.58000000  21579.99501   0.00 -111.8   24.2  28.0 21.14  278.1     0.0  278.12    0.00    0.00     0.0  278.12    0.00    0.00     0.0  278.12    0.00    0.00    7.6     34355.427      5.50   47.24000   39.71000  "Undefined"          0.0    -4.99  0.00000000
07.12.2023 09:32:35.427  21.58000000  21579.99477   0.00 -111.6   24.4  28.0 48.35  152.0     0.0  151.96    0.00    0.00     0.0  151.96    0.00    0.00     0.0  151.96    0.00    0.00   24.1     34355.427      5.50   47.24000   39.71000  "Undefined"          0.0    -5.23  0.00000000
07.12.2023 09:32:35.427  21.58000000  21579.99416   0.00  -94.5   41.5  28.0 19.74  287.6     0.0  287.64    0.00    0.00     0.0  287.64    0.00    0.00     0.0  287.64    0.00    0.00    7.1     34355.427      5.50   47.24000   39.71000  "Undefined"          0.0    -5.84  0.00000000
07.12.2023 09:33:18.046  21.58000000  21579.99514   0.00 -111.3   24.7  28.0 22.57  277.2     0.0  277.18    0.00    0.00     0.0  277.18    0.00    0.00     0.0  277.18    0.00    0.00    0.4     34398.046      5.50   47.24000   39.71000  "Undefined"          0.0    -4.86  0.00000000
07.12.2023 09:33:18.046  21.58000000  21579.99465   0.00 -106.3   29.7  28.0 22.28  247.9     0.0  247.90    0.00    0.00     0.0  247.90    0.00    0.00     0.0  247.90    0.00    0.00   10.8     34398.046      5.50   47.24000   39.71000  "Undefined"          0.0    -5.35  0.00000000
07.12.2023 09:33:18.046  21.58000000  21579.99404   0.00  -94.0   42.0  28.0 16.58  286.6     0.0  286.62    0.00    0.00     0.0  286.62    0.00    0.00     0.0  286.62    0.00    0.00    4.5     34398.046      5.50   47.24000   39.71000  "Undefined"          0.0    -5.96  0.00000000
07.12.2023 09:34:00.650  21.58000000  21579.99356   0.00 -109.3   26.7  28.0 17.85  241.9     0.0  241.91    0.00    0.00     0.0  241.91    0.00    0.00     0.0  241.91    0.00    0.00   14.2     34440.650      5.50   47.24000   39.71000  "Undefined"          0.0    -6.44  0.00000000
07.12.2023 09:34:00.650  21.58000000  21579.99404   0.00  -99.9   36.1  28.0 15.60  285.0     0.0  284.99    0.00    0.00     0.0  284.99    0.00    0.00     0.0  284.99    0.00    0.00    9.8     34440.650      5.50   47.24000   39.71000  "Undefined"          0.0    -5.96  0.00000000
07.12.2023 09:34:00.650  21.58000000  21579.99428   0.00  -96.2   39.8  28.0  7.16  287.3     0.0  287.30    0.00    0.00     0.0  287.30    0.00    0.00     0.0  287.30    0.00    0.00    5.6     34440.650      5.50   47.24000   39.71000  "Undefined"          0.0    -5.72  0.00000000
07.12.2023 09:34:43.213  21.58000000  21579.99514   0.00 -111.4   24.6  28.0 19.65  275.4     0.0  275.36    0.00    0.00     0.0  275.36    0.00    0.00     0.0  275.36    0.00    0.00    1.6     34483.213      5.50   47.24000   39.71000  "Undefined"          0.0    -4.86  0.00000000
07.12.2023 09:34:43.213  21.58000000  21579.99404   0.00  -93.7   42.3  28.0 13.95  284.8     0.0  284.82    0.00    0.00     0.0  284.82    0.00    0.00     0.0  284.82    0.00    0.00    2.6     34483.213      5.50   47.24000   39.71000  "Undefined"          0.0    -5.96  0.00000000
07.12.2023 09:35:46.671  21.58000000  21579.99343   0.00 -114.8   21.2  28.0 26.72  242.7     0.0  242.70    0.00    0.00     0.0  242.70    0.00    0.00     0.0  242.70    0.00    0.00   14.5     34546.671      5.50   47.24000   39.71000  "Undefined"          0.0    -6.57  0.00000000
07.12.2023 09:35:46.671  21.58000000  21579.99477   0.00 -107.3   28.7  28.0 22.74  290.4     0.0  290.36    0.00    0.00     0.0  290.36    0.00    0.00     0.0  290.36    0.00    0.00    9.8     34546.671      5.50   47.24000   39.71000  "Undefined"          0.0    -5.23  0.00000000
07.12.2023 09:35:46.671  21.58000000  21579.99441   0.00 -101.0   35.0  28.0  0.00  291.0     0.0  291.02    0.00    0.00     0.0  291.02    0.00    0.00     0.0  291.02    0.00    0.00   13.0     34546.671      5.50   47.24000   39.71000  "Undefined"          0.0    -5.59  0.00000000
07.12.2023 09:35:46.671  21.58000000  21579.99404   0.00  -95.8   40.2  28.0 15.62  284.4     0.0  284.44    0.00    0.00     0.0  284.44    0.00    0.00     0.0  284.44    0.00    0.00    2.6     34546.671      5.50   47.24000   39.71000  "Undefined"          0.0    -5.96  0.00000000
07.12.2023 09:36:29.109  21.58000000  21579.99465   0.00 -107.5   28.5  28.0 28.59  163.7     0.0  163.73    0.00    0.00     0.0  163.73    0.00    0.00     0.0  163.73    0.00    0.00   13.0     34589.109      5.50   47.24000   39.71000  "Undefined"          0.0    -5.35  0.00000000
07.12.2023 09:36:29.109  21.58000000  21579.99416   0.00  -93.4   42.6  28.0  8.16  286.5     0.0  286.46    0.00    0.00     0.0  286.46    0.00    0.00     0.0  286.46    0.00    0.00    2.7     34589.109      5.50   47.24000   39.71000  "Undefined"          0.0    -5.84  0.00000000
07.12.2023 09:37:22.232  21.58000000  21579.99514   0.00 -115.7   20.3  28.0 23.54  276.0     0.0  276.03    0.00    0.00     0.0  276.03    0.00    0.00     0.0  276.03    0.00    0.00    9.0     34642.232      5.50   47.24000   39.71000  "Undefined"          0.0    -4.86  0.00000000
07.12.2023 09:37:22.232  21.58000000  21579.99428   0.00  -95.5   40.5  28.0 15.05  285.7     0.0  285.74    0.00    0.00     0.0  285.74    0.00    0.00     0.0  285.74    0.00    0.00    3.5     34642.232      5.50   47.24000   39.71000  "Undefined"          0.0    -5.72  0.00000000
07.12.2023 09:37:22.232  21.58000000  21579.99404   0.00  -91.9   44.1  28.0 12.44  285.5     0.0  285.46    0.00    0.00     0.0  285.46    0.00    0.00     0.0  285.46    0.00    0.00    3.4     34642.232      5.50   47.24000   39.71000  "Undefined"          0.0    -5.96  0.00000000
07.12.2023 09:38:04.766  21.58000000  21579.99356   0.00 -113.7   22.3  28.0 19.17  245.9     0.0  245.90    0.00    0.00     0.0  245.90    0.00    0.00     0.0  245.90    0.00    0.00   10.4     34684.766      5.50   47.24000   39.71000  "Undefined"          0.0    -6.44  0.00000000
07.12.2023 09:38:04.766  21.58000000  21579.99489   0.00 -111.9   24.1  28.0 22.94  282.0     0.0  281.97    0.00    0.00     0.0  281.97    0.00    0.00     0.0  281.97    0.00    0.00   14.8     34684.766      5.50   47.24000   39.71000  "Undefined"          0.0    -5.11  0.00000000
07.12.2023 09:38:04.766  21.58000000  21579.99465   0.00 -107.1   28.9  28.0 23.29  272.6     0.0  272.61    0.00    0.00     0.0  272.61    0.00    0.00     0.0  272.61    0.00    0.00    8.8     34684.766      5.50   47.24000   39.71000  "Undefined"          0.0    -5.35  0.00000000
07.12.2023 09:38:04.766  21.58000000  21579.99416   0.00  -88.1   47.9  28.0 13.76  284.8     0.0  284.85    0.00    0.00     0.0  284.85    0.00    0.00     0.0  284.85    0.00    0.00    1.4     34684.766      5.50   47.24000   39.71000  "Undefined"          0.0    -5.84  0.00000000
07.12.2023 09:38:47.194  21.58000000  21579.99514   0.00 -113.2   22.8  28.0 22.88  279.3     0.0  279.31    0.00    0.00     0.0  279.31    0.00    0.00     0.0  279.31    0.00    0.00    0.7     34727.194      5.50   47.24000   39.71000  "Undefined"          0.0    -4.86  0.00000000
07.12.2023 09:38:47.194  21.58000000  21579.99465   0.00 -103.2   32.8  28.0 10.23  282.6     0.0  282.65    0.00    0.00     0.0  282.65    0.00    0.00     0.0  282.65    0.00    0.00   11.2     34727.194      5.50   47.24000   39.71000  "Undefined"          0.0    -5.35  0.00000000
07.12.2023 09:38:47.194  21.58000000  21579.99404   0.00  -91.8   44.2  28.0 11.75  285.2     0.0  285.21    0.00    0.00     0.0  285.21    0.00    0.00     0.0  285.21    0.00    0.00    0.9     34727.194      5.50   47.24000   39.71000  "Undefined"          0.0    -5.96  0.00000000
07.12.2023 09:39:30.148  21.58000000  21579.99477   0.00 -106.6   29.4  28.0 23.58  249.3     0.0  249.29    0.00    0.00     0.0  249.29    0.00    0.00     0.0  249.29    0.00    0.00   21.0     34770.148      5.50   47.24000   39.71000  "Undefined"          0.0    -5.23  0.00000000
07.12.2023 09:39:30.148  21.58000000  21579.99404   0.00  -89.0   47.0  28.0 15.44  284.5     0.0  284.55    0.00    0.00     0.0  284.55    0.00    0.00     0.0  284.55    0.00    0.00    1.6     34770.148      5.50   47.24000   39.71000  "Undefined"          0.0    -5.96  0.00000000
07.12.2023 09:40:12.923  21.58000000  21579.99441   0.00 -105.0   31.0  28.0 23.59  268.5     0.0  268.50    0.00    0.00     0.0  268.50    0.00    0.00     0.0  268.50    0.00    0.00    2.7     34812.923      5.50   47.24000   39.71000  "Undefined"          0.0    -5.59  0.00000000
07.12.2023 09:40:12.923  21.58000000  21579.99404   0.00  -93.6   42.4  28.0  9.68  286.1     0.0  286.15    0.00    0.00     0.0  286.15    0.00    0.00     0.0  286.15    0.00    0.00    2.4     34812.923      5.50   47.24000   39.71000  "Undefined"          0.0    -5.96  0.00000000
07.12.2023 09:40:55.644  21.58000000  21579.99501   0.00 -109.6   26.4  28.0 22.18  277.4     0.0  277.39    0.00    0.00     0.0  277.39    0.00    0.00     0.0  277.39    0.00    0.00    5.0     34855.644      5.50   47.24000   39.71000  "Undefined"          0.0    -4.99  0.00000000
07.12.2023 09:40:55.644  21.58000000  21579.99465   0.00 -104.2   31.8  28.0 24.05  279.4     0.0  279.37    0.00    0.00     0.0  279.37    0.00    0.00     0.0  279.37    0.00    0.00    2.7     34855.644      5.50   47.24000   39.71000  "Undefined"          0.0    -5.35  0.00000000
07.12.2023 09:40:55.644  21.58000000  21579.99404   0.00  -90.0   46.0  28.0 13.61  284.6     0.0  284.61    0.00    0.00     0.0  284.61    0.00    0.00     0.0  284.61    0.00    0.00    1.0     34855.644      5.50   47.24000   39.71000  "Undefined"          0.0    -5.96  0.00000000
07.12.2023 09:41:38.401  21.58000000  21579.99465   0.00 -104.8   31.2  28.0 23.29  271.7     0.0  271.73    0.00    0.00     0.0  271.73    0.00    0.00     0.0  271.73    0.00    0.00    1.5     34898.401      5.50   47.24000   39.71000  "Undefined"          0.0    -5.35  0.00000000
07.12.2023 09:41:38.401  21.58000000  21579.99404   0.00  -90.6   45.4  28.0 11.79  284.5     0.0  284.50    0.00    0.00     0.0  284.50    0.00    0.00     0.0  284.50    0.00    0.00    1.6     34898.401      5.50   47.24000   39.71000  "Undefined"          0.0    -5.96  0.00000000
07.12.2023 09:42:21.174  21.58000000  21579.99356   0.00 -115.1   22.9  28.0 22.63  246.3     0.0  246.26    0.00    0.00     0.0  246.26    0.00    0.00     0.0  246.26    0.00    0.00    8.1     34941.174      5.50   47.24000   39.71000  "Undefined"          0.0    -6.44  0.00000000
07.12.2023 09:42:21.174  21.58000000  21579.99477   0.00 -110.2   27.8  28.0 17.88  268.4     0.0  268.42    0.00    0.00     0.0  268.42    0.00    0.00     0.0  268.42    0.00    0.00    8.2     34941.174      5.50   47.24000   39.71000  "Undefined"          0.0    -5.23  0.00000000
07.12.2023 09:42:21.174  21.58000000  21579.99416   0.00 -101.4   36.6  28.0 20.60  284.0     0.0  284.00    0.00    0.00     0.0  284.00    0.00    0.00     0.0  284.00    0.00    0.00    7.7     34941.174      5.50   47.24000   39.71000  "Undefined"          0.0    -5.84  0.00000000
07.12.2023 09:43:03.823  21.58000000  21579.99465   0.00 -112.0   26.0  28.0 63.50  129.6     0.0  129.65    0.00    0.00     0.0  129.65    0.00    0.00     0.0  129.65    0.00    0.00   20.9     34983.823      5.50   47.24000   39.71000  "Undefined"          0.0    -5.35  0.00000000
07.12.2023 09:43:03.823  21.58000000  21579.99489   0.00 -111.5   26.5  28.0 26.78  266.5     0.0  266.46    0.00    0.00     0.0  266.46    0.00    0.00     0.0  266.46    0.00    0.00   14.7     34983.823      5.50   47.24000   39.71000  "Undefined"          0.0    -5.11  0.00000000
07.12.2023 09:43:03.823  21.58000000  21579.99416   0.00 -101.1   36.9  28.0 18.47  282.7     0.0  282.74    0.00    0.00     0.0  282.74    0.00    0.00     0.0  282.74    0.00    0.00    1.5     34983.823      5.50   47.24000   39.71000  "Undefined"          0.0    -5.84  0.00000000
07.12.2023 09:43:46.378  21.58000000  21579.99465   0.00 -107.9   28.1  28.0 18.95  239.3     0.0  239.32    0.00    0.00     0.0  239.32    0.00    0.00     0.0  239.32    0.00    0.00   13.3     35026.378      5.50   47.24000   39.71000  "Undefined"          0.0    -5.35  0.00000000
07.12.2023 09:43:46.378  21.58000000  21579.99392   0.00 -100.7   35.3  28.0 21.66  253.6     0.0  253.63    0.00    0.00     0.0  253.63    0.00    0.00     0.0  253.63    0.00    0.00   12.0     35026.378      5.50   47.24000   39.71000  "Undefined"          0.0    -6.08  0.00000000
07.12.2023 09:43:46.378  21.58000000  21579.99416   0.00  -97.6   38.4  28.0 16.98  284.5     0.0  284.54    0.00    0.00     0.0  284.54    0.00    0.00     0.0  284.54    0.00    0.00    4.7     35026.378      5.50   47.24000   39.71000  "Undefined"          0.0    -5.84  0.00000000
07.12.2023 09:44:29.039  21.58000000  21579.99416   0.00  -87.2   48.8  28.0 13.93  285.0     0.0  284.97    0.00    0.00     0.0  284.97    0.00    0.00     0.0  284.97    0.00    0.00    1.4     35069.039      5.50   47.24000   39.71000  "Undefined"          0.0    -5.84  0.00000000
07.12.2023 09:45:11.911  21.58000000  21579.99465   0.00 -114.6   21.4  28.0 21.34  266.6     0.0  266.55    0.00    0.00     0.0  266.55    0.00    0.00     0.0  266.55    0.00    0.00   18.3     35111.911      5.50   47.24000   39.71000  "Undefined"          0.0    -5.35  0.00000000
07.12.2023 09:45:11.911  21.58000000  21579.99356   0.00 -113.4   22.6  28.0 21.91  251.8     0.0  251.82    0.00    0.00     0.0  251.82    0.00    0.00     0.0  251.82    0.00    0.00    6.7     35111.911      5.50   47.24000   39.71000  "Undefined"          0.0    -6.44  0.00000000
07.12.2023 09:45:11.911  21.58000000  21579.99416   0.00  -90.6   45.4  28.0 12.86  285.0     0.0  284.96    0.00    0.00     0.0  284.96    0.00    0.00     0.0  284.96    0.00    0.00    1.7     35111.911      5.50   47.24000   39.71000  "Undefined"          0.0    -5.84  0.00000000
07.12.2023 09:45:54.759  21.58000000  21579.99356   0.00 -114.5   21.5  28.0 18.40  252.0     0.0  252.02    0.00    0.00     0.0  252.02    0.00    0.00     0.0  252.02    0.00    0.00   12.3     35154.759      5.50   47.24000   39.71000  "Undefined"          0.0    -6.44  0.00000000
07.12.2023 09:45:54.759  21.58000000  21579.99489   0.00 -111.8   24.2  28.0 24.50  263.6     0.0  263.56    0.00    0.00     0.0  263.56    0.00    0.00     0.0  263.56    0.00    0.00    6.1     35154.759      5.50   47.24000   39.71000  "Undefined"          0.0    -5.11  0.00000000
07.12.2023 09:45:54.759  21.58000000  21579.99392   0.00  -95.1   40.9  28.0 17.72  284.9     0.0  284.88    0.00    0.00     0.0  284.88    0.00    0.00     0.0  284.88    0.00    0.00    6.2     35154.759      5.50   47.24000   39.71000  "Undefined"          0.0    -6.08  0.00000000
07.12.2023 09:45:54.759  21.58000000  21579.99416   0.00  -90.6   45.4  28.0 12.60  285.0     0.0  285.01    0.00    0.00     0.0  285.01    0.00    0.00     0.0  285.01    0.00    0.00    0.8     35154.759      5.50   47.24000   39.71000  "Undefined"          0.0    -5.84  0.00000000
07.12.2023 09:46:37.450  21.58000000  21579.99477   0.00 -112.4   23.6  28.0 15.99  287.5     0.0  287.54    0.00    0.00     0.0  287.54    0.00    0.00     0.0  287.54    0.00    0.00   18.3     35197.450      5.50   47.24000   39.71000  "Undefined"          0.0    -5.23  0.00000000
07.12.2023 09:46:37.450  21.58000000  21579.99392   0.00  -87.8   48.2  28.0 14.36  284.8     0.0  284.82    0.00    0.00     0.0  284.82    0.00    0.00     0.0  284.82    0.00    0.00    3.0     35197.450      5.50   47.24000   39.71000  "Undefined"          0.0    -6.08  0.00000000
07.12.2023 09:47:20.484  21.58000000  21579.99343   0.00 -115.4   20.6  28.0 22.97  248.3     0.0  248.35    0.00    0.00     0.0  248.35    0.00    0.00     0.0  248.35    0.00    0.00   20.7     35240.484      5.50   47.24000   39.71000  "Undefined"          0.0    -6.57  0.00000000
07.12.2023 09:47:20.484  21.58000000  21579.99477   0.00 -111.4   24.6  28.0 29.45  267.1     0.0  267.10    0.00    0.00     0.0  267.10    0.00    0.00     0.0  267.10    0.00    0.00   10.4     35240.484      5.50   47.24000   39.71000  "Undefined"          0.0    -5.23  0.00000000
07.12.2023 09:47:20.484  21.58000000  21579.99416   0.00  -92.5   43.5  28.0 15.30  285.1     0.0  285.12    0.00    0.00     0.0  285.12    0.00    0.00     0.0  285.12    0.00    0.00    2.8     35240.484      5.50   47.24000   39.71000  "Undefined"          0.0    -5.84  0.00000000
07.12.2023 09:48:03.342  21.58000000  21579.99465   0.00 -113.8   22.2  28.0 19.37  248.1     0.0  248.07    0.00    0.00     0.0  248.07    0.00    0.00     0.0  248.07    0.00    0.00   14.8     35283.342      5.50   47.24000   39.71000  "Undefined"          0.0    -5.35  0.00000000
07.12.2023 09:48:03.342  21.58000000  21579.99489   0.00 -113.4   22.6  28.0  0.72   84.2     0.0   84.21    0.00    0.00     0.0   84.21    0.00    0.00     0.0   84.21    0.00    0.00   16.3     35283.342      5.50   47.24000   39.71000  "Undefined"          0.0    -5.11  0.00000000
07.12.2023 09:48:03.342  21.58000000  21579.99416   0.00  -91.0   45.0  28.0 10.75  284.8     0.0  284.77    0.00    0.00     0.0  284.77    0.00    0.00     0.0  284.77    0.00    0.00    1.7     35283.342      5.50   47.24000   39.71000  "Undefined"          0.0    -5.84  0.00000000
07.12.2023 09:48:46.299  21.58000000  21579.99319   0.00 -112.9   23.1  28.0 26.20  248.9     0.0  248.91    0.00    0.00     0.0  248.91    0.00    0.00     0.0  248.91    0.00    0.00    2.0     35326.299      5.50   47.24000   39.71000  "Undefined"          0.0    -6.81  0.00000000
07.12.2023 09:48:46.299  21.58000000  21579.99392   0.00  -98.0   38.0  28.0 18.73  283.8     0.0  283.77    0.00    0.00     0.0  283.77    0.00    0.00     0.0  283.77    0.00    0.00    5.6     35326.299      5.50   47.24000   39.71000  "Undefined"          0.0    -6.08  0.00000000
07.12.2023 09:48:46.299  21.58000000  21579.99416   0.00  -95.8   40.2  28.0 13.27  284.1     0.0  284.05    0.00    0.00     0.0  284.05    0.00    0.00     0.0  284.05    0.00    0.00    3.7     35326.299      5.50   47.24000   39.71000  "Undefined"          0.0    -5.84  0.00000000
07.12.2023 09:49:29.157  21.58000000  21579.99501   0.00 -113.3   22.7  28.0 28.49   10.3     0.0   10.34    0.00    0.00     0.0   10.34    0.00    0.00     0.0   10.34    0.00    0.00   24.9     35369.157      5.50   47.24000   39.71000  "Undefined"          0.0    -4.99  0.00000000
07.12.2023 09:49:29.157  21.58000000  21579.99416   0.00  -87.9   48.1  28.0 12.41  285.0     0.0  285.04    0.00    0.00     0.0  285.04    0.00    0.00     0.0  285.04    0.00    0.00    1.9     35369.157      5.50   47.24000   39.71000  "Undefined"          0.0    -5.84  0.00000000
07.12.2023 09:50:22.522  21.58000000  21579.99574   0.00 -114.6   23.4  28.0 22.74  291.7     0.0  291.65    0.00    0.00     0.0  291.65    0.00    0.00     0.0  291.65    0.00    0.00    2.8     35422.522      5.50   47.24000   39.71000  "Undefined"          0.0    -4.26  0.00000000
07.12.2023 09:50:22.522  21.58000000  21579.99538   0.00 -112.5   25.5  28.0 25.08  292.4     0.0  292.44    0.00    0.00     0.0  292.44    0.00    0.00     0.0  292.44    0.00    0.00    3.0     35422.522      5.50   47.24000   39.71000  "Undefined"          0.0    -4.62  0.00000000
07.12.2023 09:50:22.522  21.58000000  21579.99465   0.00 -109.7   28.3  28.0 19.61  256.3     0.0  256.28    0.00    0.00     0.0  256.28    0.00    0.00     0.0  256.28    0.00    0.00   16.5     35422.522      5.50   47.24000   39.71000  "Undefined"          0.0    -5.35  0.00000000
07.12.2023 09:50:22.522  21.58000000  21579.99416   0.00  -94.3   43.7  28.0 18.77  286.4     0.0  286.36    0.00    0.00     0.0  286.36    0.00    0.00     0.0  286.36    0.00    0.00    1.3     35422.522      5.50   47.24000   39.71000  "Undefined"          0.0    -5.84  0.00000000
07.12.2023 09:51:05.295  21.58000000  21579.99343   0.00 -112.7   23.3  28.0 25.59  249.4     0.0  249.42    0.00    0.00     0.0  249.42    0.00    0.00     0.0  249.42    0.00    0.00    6.8     35465.295      5.50   47.24000   39.71000  "Undefined"          0.0    -6.57  0.00000000
07.12.2023 09:51:05.295  21.58000000  21579.99550   0.00 -112.7   23.3  28.0 21.42  293.0     0.0  293.02    0.00    0.00     0.0  293.02    0.00    0.00     0.0  293.02    0.00    0.00    6.9     35465.295      5.50   47.24000   39.71000  "Undefined"          0.0    -4.50  0.00000000
07.12.2023 09:51:05.295  21.58000000  21579.99404   0.00  -79.8   56.2  28.0 12.42  284.1     0.0  284.05    0.00    0.00     0.0  284.05    0.00    0.00     0.0  284.05    0.00    0.00    1.0     35465.295      5.50   47.24000   39.71000  "Undefined"          0.0    -5.96  0.00000000
07.12.2023 09:51:48.042  21.58000000  21579.99319   0.00 -115.8   20.2  28.0 23.01  249.2     0.0  249.19    0.00    0.00     0.0  249.19    0.00    0.00     0.0  249.19    0.00    0.00    9.3     35508.042      5.50   47.24000   39.71000  "Undefined"          0.0    -6.81  0.00000000
07.12.2023 09:51:48.042  21.58000000  21579.99538   0.00 -109.5   26.5  28.0 18.71  290.9     0.0  290.86    0.00    0.00     0.0  290.86    0.00    0.00     0.0  290.86    0.00    0.00    0.9     35508.042      5.50   47.24000   39.71000  "Undefined"          0.0    -4.62  0.00000000
07.12.2023 09:51:48.042  21.58000000  21579.99416   0.00  -79.9   56.1  28.0 14.48  284.6     0.0  284.59    0.00    0.00     0.0  284.59    0.00    0.00     0.0  284.59    0.00    0.00    2.4     35508.042      5.50   47.24000   39.71000  "Undefined"          0.0    -5.84  0.00000000
07.12.2023 09:52:30.811  21.58000000  21579.99416   0.00  -80.6   49.4  28.0 15.13  285.4     0.0  285.36    0.00    0.00     0.0  285.36    0.00    0.00     0.0  285.36    0.00    0.00    4.4     35550.811      5.50   47.24000   39.71000  "Undefined"          0.0    -5.84  0.00000000
07.12.2023 09:53:13.733  21.58000000  21579.99477   0.00 -108.6   27.4  28.0 12.49  290.0     0.0  289.96    0.00    0.00     0.0  289.96    0.00    0.00     0.0  289.96    0.00    0.00    7.5     35593.733      5.50   47.24000   39.71000  "Undefined"          0.0    -5.23  0.00000000
07.12.2023 09:53:13.733  21.58000000  21579.99526   0.00 -100.9   35.1  28.0 22.48  291.9     0.0  291.92    0.00    0.00     0.0  291.92    0.00    0.00     0.0  291.92    0.00    0.00    1.9     35593.733      5.50   47.24000   39.71000  "Undefined"          0.0    -4.74  0.00000000
07.12.2023 09:53:13.733  21.58000000  21579.99416   0.00  -85.4   50.6  28.0 11.06  284.9     0.0  284.94    0.00    0.00     0.0  284.94    0.00    0.00     0.0  284.94    0.00    0.00    2.4     35593.733      5.50   47.24000   39.71000  "Undefined"          0.0    -5.84  0.00000000
07.12.2023 09:53:56.743  21.58000000  21579.99562   0.00 -113.1   22.9  28.0 23.41  293.1     0.0  293.07    0.00    0.00     0.0  293.07    0.00    0.00     0.0  293.07    0.00    0.00    5.6     35636.743      5.50   47.24000   39.71000  "Undefined"          0.0    -4.38  0.00000000
07.12.2023 09:53:56.743  21.58000000  21579.99501   0.00 -100.7   35.3  28.0 20.64  290.4     0.0  290.41    0.00    0.00     0.0  290.41    0.00    0.00     0.0  290.41    0.00    0.00    2.6     35636.743      5.50   47.24000   39.71000  "Undefined"          0.0    -4.99  0.00000000
07.12.2023 09:53:56.743  21.58000000  21579.99416   0.00  -83.6   52.4  28.0 10.35  284.9     0.0  284.94    0.00    0.00     0.0  284.94    0.00    0.00     0.0  284.94    0.00    0.00    1.5     35636.743      5.50   47.24000   39.71000  "Undefined"          0.0    -5.84  0.00000000
07.12.2023 09:54:50.378  21.58000000  21579.99343   0.00 -115.2   20.8  28.0 25.24  245.9     0.0  245.90    0.00    0.00     0.0  245.90    0.00    0.00     0.0  245.90    0.00    0.00   16.2     35690.378      5.50   47.24000   39.71000  "Undefined"          0.0    -6.57  0.00000000
07.12.2023 09:54:50.378  21.58000000  21579.99368   0.00 -115.2   20.8  28.0 26.17  246.5     0.0  246.46    0.00    0.00     0.0  246.46    0.00    0.00     0.0  246.46    0.00    0.00   16.9     35690.378      5.50   47.24000   39.71000  "Undefined"          0.0    -6.32  0.00000000
07.12.2023 09:54:50.378  21.58000000  21579.99526   0.00 -112.3   23.7  28.0 25.02  286.3     0.0  286.28    0.00    0.00     0.0  286.28    0.00    0.00     0.0  286.28    0.00    0.00    1.2     35690.378      5.50   47.24000   39.71000  "Undefined"          0.0    -4.74  0.00000000
07.12.2023 09:54:50.378  21.58000000  21579.99307   0.00 -111.7   24.3  28.0 22.81  249.0     0.0  249.00    0.00    0.00     0.0  249.00    0.00    0.00     0.0  249.00    0.00    0.00    1.7     35690.378      5.50   47.24000   39.71000  "Undefined"          0.0    -6.93  0.00000000
07.12.2023 09:54:50.378  21.58000000  21579.99489   0.00 -111.0   25.0  28.0 25.94  287.5     0.0  287.53    0.00    0.00     0.0  287.53    0.00    0.00     0.0  287.53    0.00    0.00    7.9     35690.378      5.50   47.24000   39.71000  "Undefined"          0.0    -5.11  0.00000000
07.12.2023 09:54:50.378  21.58000000  21579.99416   0.00  -83.4   52.6  28.0 15.85  285.0     0.0  285.03    0.00    0.00     0.0  285.03    0.00    0.00     0.0  285.03    0.00    0.00    5.5     35690.378      5.50   47.24000   39.71000  "Undefined"          0.0    -5.84  0.00000000
07.12.2023 09:55:33.305  21.58000000  21579.99307   0.00 -114.4   21.6  28.0 24.26  247.4     0.0  247.37    0.00    0.00     0.0  247.37    0.00    0.00     0.0  247.37    0.00    0.00    1.2     35733.305      5.50   47.24000   39.71000  "Undefined"          0.0    -6.93  0.00000000
07.12.2023 09:55:33.305  21.58000000  21579.99465   0.00 -110.9   25.1  28.0 25.18  298.6     0.0  298.57    0.00    0.00     0.0  298.57    0.00    0.00     0.0  298.57    0.00    0.00    7.2     35733.305      5.50   47.24000   39.71000  "Undefined"          0.0    -5.35  0.00000000
07.12.2023 09:55:33.305  21.58000000  21579.99550   0.00 -110.4   25.6  28.0 21.31  290.4     0.0  290.39    0.00    0.00     0.0  290.39    0.00    0.00     0.0  290.39    0.00    0.00    2.9     35733.305      5.50   47.24000   39.71000  "Undefined"          0.0    -4.50  0.00000000
07.12.2023 09:55:33.305  21.58000000  21579.99343   0.00 -108.8   27.2  28.0 22.50  246.5     0.0  246.54    0.00    0.00     0.0  246.54    0.00    0.00     0.0  246.54    0.00    0.00    4.9     35733.305      5.50   47.24000   39.71000  "Undefined"          0.0    -6.57  0.00000000
07.12.2023 09:55:33.305  21.58000000  21579.99501   0.00 -101.6   34.4  28.0 21.39  290.3     0.0  290.31    0.00    0.00     0.0  290.31    0.00    0.00     0.0  290.31    0.00    0.00    3.1     35733.305      5.50   47.24000   39.71000  "Undefined"          0.0    -4.99  0.00000000
07.12.2023 09:55:33.305  21.58000000  21579.99416   0.00  -88.8   47.2  28.0 17.18  284.7     0.0  284.74    0.00    0.00     0.0  284.74    0.00    0.00     0.0  284.74    0.00    0.00    6.9     35733.305      5.50   47.24000   39.71000  "Undefined"          0.0    -5.84  0.00000000
07.12.2023 09:56:16.176  21.58000000  21579.99319   0.00 -113.9   22.1  28.0 22.99  247.7     0.0  247.74    0.00    0.00     0.0  247.74    0.00    0.00     0.0  247.74    0.00    0.00    2.9     35776.176      5.50   47.24000   39.71000  "Undefined"          0.0    -6.81  0.00000000
07.12.2023 09:56:16.176  21.58000000  21579.99514   0.00 -106.7   29.3  28.0 21.88  286.9     0.0  286.88    0.00    0.00     0.0  286.88    0.00    0.00     0.0  286.88    0.00    0.00    3.3     35776.176      5.50   47.24000   39.71000  "Undefined"          0.0    -4.86  0.00000000
07.12.2023 09:56:16.176  21.58000000  21579.99416   0.00  -83.4   52.6  28.0 14.07  285.1     0.0  285.12    0.00    0.00     0.0  285.12    0.00    0.00     0.0  285.12    0.00    0.00    2.0     35776.176      5.50   47.24000   39.71000  "Undefined"          0.0    -5.84  0.00000000
07.12.2023 09:56:58.944  21.58000000  21579.99368   0.00 -116.9   21.1  28.0 17.52  111.6     0.0  111.63    0.00    0.00     0.0  111.63    0.00    0.00     0.0  111.63    0.00    0.00   20.3     35818.944      5.50   47.24000   39.71000  "Undefined"          0.0    -6.32  0.00000000
07.12.2023 09:56:58.944  21.58000000  21579.99562   0.00 -114.5   23.5  28.0 21.86  290.8     0.0  290.77    0.00    0.00     0.0  290.77    0.00    0.00     0.0  290.77    0.00    0.00    4.4     35818.944      5.50   47.24000   39.71000  "Undefined"          0.0    -4.38  0.00000000
07.12.2023 09:56:58.944  21.58000000  21579.99319   0.00 -111.0   27.0  28.0 23.29  250.0     0.0  250.03    0.00    0.00     0.0  250.03    0.00    0.00     0.0  250.03    0.00    0.00    3.3     35818.944      5.50   47.24000   39.71000  "Undefined"          0.0    -6.81  0.00000000
07.12.2023 09:56:58.944  21.58000000  21579.99514   0.00 -106.6   31.4  28.0 24.54  289.7     0.0  289.74    0.00    0.00     0.0  289.74    0.00    0.00     0.0  289.74    0.00    0.00    5.8     35818.944      5.50   47.24000   39.71000  "Undefined"          0.0    -4.86  0.00000000
07.12.2023 09:56:58.944  21.58000000  21579.99416   0.00  -96.3   41.7  28.0 48.22    1.5     0.0    1.50    0.00    0.00     0.0    1.50    0.00    0.00     0.0    1.50    0.00    0.00    8.1     35818.944      5.50   47.24000   39.71000  "Undefined"          0.0    -5.84  0.00000000
07.12.2023 09:57:41.710  21.58000000  21579.99319   0.00 -115.6   20.4  28.0 22.57  251.1     0.0  251.05    0.00    0.00     0.0  251.05    0.00    0.00     0.0  251.05    0.00    0.00    8.0     35861.710      5.50   47.24000   39.71000  "Undefined"          0.0    -6.81  0.00000000
07.12.2023 09:57:41.710  21.58000000  21579.99574   0.00 -114.9   21.1  28.0 19.96  287.4     0.0  287.40    0.00    0.00     0.0  287.40    0.00    0.00     0.0  287.40    0.00    0.00    3.8     35861.710      5.50   47.24000   39.71000  "Undefined"          0.0    -4.26  0.00000000
07.12.2023 09:57:41.710  21.58000000  21579.99550   0.00 -112.9   23.1  28.0 21.29  288.7     0.0  288.71    0.00    0.00     0.0  288.71    0.00    0.00     0.0  288.71    0.00    0.00    3.4     35861.710      5.50   47.24000   39.71000  "Undefined"          0.0    -4.50  0.00000000
07.12.2023 09:57:41.710  21.58000000  21579.99489   0.00 -104.2   31.8  28.0 21.63  291.1     0.0  291.09    0.00    0.00     0.0  291.09    0.00    0.00     0.0  291.09    0.00    0.00    2.1     35861.710      5.50   47.24000   39.71000  "Undefined"          0.0    -5.11  0.00000000
07.12.2023 09:57:41.710  21.58000000  21579.99428   0.00  -89.0   47.0  28.0 16.87  285.4     0.0  285.40    0.00    0.00     0.0  285.40    0.00    0.00     0.0  285.40    0.00    0.00    5.0     35861.710      5.50   47.24000   39.71000  "Undefined"          0.0    -5.72  0.00000000
07.12.2023 09:58:34.944  21.58000000  21579.99331   0.00 -114.7   21.3  28.0 17.89  252.8     0.0  252.80    0.00    0.00     0.0  252.80    0.00    0.00     0.0  252.80    0.00    0.00   15.6     35914.944      5.50   47.24000   39.71000  "Undefined"          0.0    -6.69  0.00000000
07.12.2023 09:58:34.944  21.58000000  21579.99380   0.00 -110.3   25.7  28.0 16.55  226.2     0.0  226.19    0.00    0.00     0.0  226.19    0.00    0.00     0.0  226.19    0.00    0.00   24.0     35914.944      5.50   47.24000   39.71000  "Undefined"          0.0    -6.20  0.00000000
07.12.2023 09:58:34.944  21.58000000  21579.99465   0.00 -110.0   26.0  28.0 48.73  138.7     0.0  138.70    0.00    0.00     0.0  138.70    0.00    0.00     0.0  138.70    0.00    0.00   15.6     35914.944      5.50   47.24000   39.71000  "Undefined"          0.0    -5.35  0.00000000
07.12.2023 09:58:34.944  21.58000000  21579.99550   0.00 -105.8   30.2  28.0 20.82  289.6     0.0  289.57    0.00    0.00     0.0  289.57    0.00    0.00     0.0  289.57    0.00    0.00    3.2     35914.944      5.50   47.24000   39.71000  "Undefined"          0.0    -4.50  0.00000000
07.12.2023 09:58:34.944  21.58000000  21579.99501   0.00 -102.5   33.5  28.0 18.79  290.4     0.0  290.38    0.00    0.00     0.0  290.38    0.00    0.00     0.0  290.38    0.00    0.00    1.8     35914.944      5.50   47.24000   39.71000  "Undefined"          0.0    -4.99  0.00000000
07.12.2023 09:58:34.944  21.58000000  21579.99428   0.00  -92.1   43.9  28.0 12.24  285.9     0.0  285.92    0.00    0.00     0.0  285.92    0.00    0.00     0.0  285.92    0.00    0.00    2.5     35914.944      5.50   47.24000   39.71000  "Undefined"          0.0    -5.72  0.00000000
07.12.2023 09:59:17.897  21.58000000  21579.99343   0.00 -110.8   25.2  28.0 23.88  249.8     0.0  249.84    0.00    0.00     0.0  249.84    0.00    0.00     0.0  249.84    0.00    0.00    2.4     35957.897      5.50   47.24000   39.71000  "Undefined"          0.0    -6.57  0.00000000
07.12.2023 09:59:17.897  21.58000000  21579.99501   0.00 -102.0   34.0  28.0 19.94  290.9     0.0  290.91    0.00    0.00     0.0  290.91    0.00    0.00     0.0  290.91    0.00    0.00    3.8     35957.897      5.50   47.24000   39.71000  "Undefined"          0.0    -4.99  0.00000000
07.12.2023 09:59:17.897  21.58000000  21579.99428   0.00  -96.4   39.6  28.0 16.23  285.0     0.0  285.03    0.00    0.00     0.0  285.03    0.00    0.00     0.0  285.03    0.00    0.00    3.7     35957.897      5.50   47.24000   39.71000  "Undefined"          0.0    -5.72  0.00000000
