
delt0=     0.1  eps=   1e-05  ep=   1e-06  ep1=   0.001
Geomagnetic Field - const
fh= 1.34  i=  65.2  d=   6.8
Number TID: 1
Tid Parametres
  delt   lamb     t     b      a     fi
0.000   200.0  20.0 -45.0   45.0   0.000
delta=-0.000  r0= 200.0  lon=  39.000 lat=  55.000
Beta=  20.0  Alfa=   0.0 aX=  20.0 aY= 100.0 aZ=  20.0

lonIon=  40.000 latIon=  47.500 it=14.00 h_tec=450.0  TEC= 1.44000e+17
lonIon=  40.000 latIon=  47.500 it=14.25 h_tec=450.0  TEC= 1.44000e+17
lonIon=  40.000 latIon=  47.500 it=14.50 h_tec=450.0  TEC= 1.44000e+17
lonIon=  40.000 latIon=  47.500 it=14.75 h_tec=450.0  TEC= 1.44000e+17

Number diff. equation: 6

+==============================================================================+
|   Medium characteristics Sunspot number= 183.5 IG= 183.5   GMT time:14:00    |
|------------------------------------------------------------------------------|
|   S   | fh |  I  |   D  | fd |  hd | fe |  he | ff1 | hf1 | ff2 | hf2 |   Hi |
|-------+----+-----+------+----+-----+----+-----+-----+-----+-----+-----+------|
|    0.0|1.25| 58.8|   3.1|0.18| 82.5|1.86|110.0| 0.00|  0.0|11.14|290.5|  87.2|
+==============================================================================+

+==================================+
|       Es-layer parametres        |
|----------------------------------|
|   S   | hEs | fbEs | f0Es | P Es |
|-------+-----+------+------+------|
|    0.0|108.0| 2.29 | 2.76 | 64.0 |
+==================================+

|  0|10.00|50498.2|  1|24.32|27.84|  30.541|  37.477|  882.265| -45.2|  -0.0| 1015.8| 0.000|   0.0|  35.143|  39.836|205.71|   0.0|    0.0|    0.0|F2              |
|   |     |       |  2|27.84|29.18|  20.390|  33.554| 1668.548| -45.2|  -0.0| 1940.0| 0.000|   0.0|  25.487|  35.322|194.61|   0.0|    0.0|    0.0|F2F2            |
|   |     |       |  3|29.18|29.29|   8.446|  30.600| 2444.988| -45.0|   0.2| 2859.1| 0.000|   0.0|  14.559|  31.928|193.69|   0.0|    0.0|    0.0|F2F2F2          |
|  0|10.00|50498.2|  1|21.25|24.03|  40.738|  33.783|  995.575|   3.3|   0.6| 1115.1| 0.000|   0.0|  40.188|  37.989|203.61|   0.0|    0.0|    0.0|F2              |
|   |     |       |  2|24.03|23.11|  42.540|  25.082| 1967.664|   3.8|   1.1| 2212.2| 0.000|   0.0|  41.461|  29.495|198.05|   0.0|    0.0|    0.0|F2F2            |
|   |     |       |  3|23.11|16.11|  49.279|  12.885| 3343.244|   4.2|   1.5| 3729.3| 0.000|   0.0|  44.482|  19.717|229.68|   0.0|    0.0|    0.0|F2F2F2          |
|  0|10.00|50498.2|  1| 0.00| 0.00|   0.000|   0.000|    0.000|   0.0|   0.0|    0.0| 0.000|   0.0|   0.000|   0.000|  0.00|   0.0|    0.0|    0.0|                |
|  0|10.00|50498.2|  1|37.84|41.08|  33.720|  39.083|  599.812| -45.4|  -0.1|  805.0| 0.000|   0.0|  36.708|  40.751|225.12|   0.0|    0.0|    0.0|F2              |
|   |     |       |  2|41.08|43.02|  27.359|  36.107| 1143.192| -45.4|  -0.1| 1562.1| 0.000|   0.0|  30.538|  37.492|216.68|   0.0|    0.0|    0.0|F2F2            |
|   |     |       |  3|43.02|43.73|  20.413|  33.588| 1665.400| -45.3|  -0.0| 2304.8| 0.000|   0.0|  23.928|  34.774|213.57|   0.0|    0.0|    0.0|F2F2F2          |
|  0|10.00|50498.2|  1|31.35|31.51|  36.608|  49.347|  780.028|-159.7|  -0.9|  948.2| 0.000|   0.0|  38.066|  45.992|227.39|   0.0|    0.0|    0.0|F2              |
|   |     |       |  2|31.51|34.25|  34.254|  55.837| 1530.773|-160.3|  -1.5| 1874.9| 0.000|   0.0|  35.317|  52.690|222.98|   0.0|    0.0|    0.0|F2F2            |
|   |     |       |  3|34.25|36.55|  32.446|  61.888| 2224.980|-160.7|  -1.9| 2757.0| 0.000|   0.0|  33.296|  58.929|214.27|   0.0|    0.0|    0.0|F2F2F2          |
|  0|10.00|50498.2|  1| 0.00| 0.00|   0.000|   0.000|    0.000|   0.0|   0.0|    0.0| 0.000|   0.0|   0.000|   0.000|  0.00|   0.0|    0.0|    0.0|                |
+---+-----+-------+---+-----+-----+--------+--------+---------+------+------+-------+------+------+--------+--------+------+------+-------+-------+----------------+
+---+-----+-------+---+-----+-----+--------+--------+---------+------+------+-------+------+------+--------+--------+------+------+-------+-------+----------------+
|0-x| fr  |  time |hop| d0  | d1  |   fi   |  teta  |   dist  |  at  |  dev |   p   |  df  |  l   |   fot  |   tot  |  rot | lsp  |   pf  |    s  |                |
+---+-----+-------+---+-----+-----+--------+--------+---------+------+------+-------+------+------+--------+--------+------+------+-------+-------+----------------+
|  0|10.00|50498.2|  1|33.16|33.79|  34.559|  48.099|  728.185|-143.3|  -0.9|  905.4| 0.000|   0.0|  36.909|  45.454|226.19|   0.0|    0.0|    0.0|F2              |
|   |     |       |  2|33.79|36.01|  30.436|  53.565| 1431.810|-144.0|  -1.6| 1794.7| 0.000|   0.0|  32.345|  50.869|224.08|   0.0|    0.0|    0.0|F2F2            |
|   |     |       |  3|36.01|38.26|  27.120|  58.854| 2094.670|-144.4|  -2.0| 2655.9| 0.000|   0.0|  28.669|  56.274|217.71|   0.0|    0.0|    0.0|F2F2F2          |
|  0|10.00|50583.2|  1|21.19|23.67|  27.900|  46.887| 1040.512|-112.1|  -0.5| 1164.6| 0.000|   0.0|  33.337|  44.708|208.87|   0.0|    0.0|    0.0|F2              |
|   |     |       |  2|23.67|26.24|  18.433|  51.784| 2005.945|-112.4|  -0.8| 2265.7| 0.000|   0.0|  22.822|  49.317|201.57|   0.0|    0.0|    0.0|F2F2            |
|   |     |       |  3|26.24|28.64|  10.872|  56.833| 2889.188|-112.4|  -0.8| 3293.9| 0.000|   0.0|  14.392|  54.354|191.65|   0.0|    0.0|    0.0|F2F2F2          |
|  0|10.00|50583.2|  1| 0.00| 0.00|   0.000|   0.000|    0.000|   0.0|   0.0|    0.0| 0.000|   0.0|   0.000|   0.000|  0.00|   0.0|    0.0|    0.0|                |
|  0|10.00|50583.2|  1|31.57|31.26|  38.462|  49.709|  784.586|-171.6|  -0.9|  953.8| 0.000|   0.0|  39.034|  46.212|229.44|   0.0|    0.0|    0.0|F2              |
|   |     |       |  2|31.26|34.30|  37.592|  56.458| 1538.753|-172.2|  -1.5| 1884.0| 0.000|   0.0|  37.964|  53.214|224.69|   0.0|    0.0|    0.0|F2F2            |
|   |     |       |  3|34.30|37.01|  36.981|  62.565| 2220.146|-172.6|  -1.9| 2752.5| 0.000|   0.0|  37.268|  59.609|213.72|   0.0|    0.0|    0.0|F2F2F2          |
|  0|10.00|50583.2|  1|33.38|33.45|  36.625|  48.921|  734.674|-158.6|  -0.9|  913.2| 0.000|   0.0|  38.049|  45.839|229.51|   0.0|    0.0|    0.0|F2              |
|   |     |       |  2|33.45|35.96|  34.249|  55.042| 1446.166|-159.3|  -1.6| 1810.7| 0.000|   0.0|  35.329|  52.055|226.42|   0.0|    0.0|    0.0|F2F2            |
|   |     |       |  3|35.96|38.36|  32.409|  60.780| 2107.079|-159.7|  -2.0| 2669.9| 0.000|   0.0|  33.273|  57.979|218.42|   0.0|    0.0|    0.0|F2F2F2          |
|  0|10.00|50583.2|  1|22.96|24.97|  29.923|  48.171|  989.342|-124.2|  -0.6| 1120.8| 0.000|   0.0|  34.411|  45.408|213.27|   0.0|    0.0|    0.0|F2              |
|   |     |       |  2|24.97|27.82|  22.293|  53.961| 1910.398|-124.5|  -0.9| 2184.6| 0.000|   0.0|  25.789|  51.115|205.90|   0.0|    0.0|    0.0|F2F2            |
|   |     |       |  3|27.82|30.26|  16.299|  59.612| 2749.981|-124.7|  -1.1| 3177.2| 0.000|   0.0|  19.088|  56.852|195.42|   0.0|    0.0|    0.0|F2F2F2          |
|  0|10.00|50583.2|  1|27.93|30.92|  29.221|  41.374|  802.136| -75.4|  -0.5|  953.3| 0.000|   0.0|  34.330|  41.858|212.96|   0.0|    0.0|    0.0|F2              |
|   |     |       |  2|30.92|32.63|  19.288|  41.122| 1530.208| -75.8|  -0.9| 1838.8| 0.000|   0.0|  24.135|  41.110|204.30|   0.0|    0.0|    0.0|F2F2            |
|   |     |       |  3|32.63|33.57|   9.839|  41.746| 2228.291| -76.1|  -1.2| 2699.7| 0.000|   0.0|  14.468|  41.319|201.00|   0.0|    0.0|    0.0|F2F2F2          |
|  0|10.00|50583.2|  1| 0.00| 0.00|   0.000|   0.000|    0.000|   0.0|   0.0|    0.0| 0.000|   0.0|   0.000|   0.000|  0.00|   0.0|    0.0|    0.0|                |
+---+-----+-------+---+-----+-----+--------+--------+---------+------+------+-------+------+------+--------+--------+------+------+-------+-------+----------------+
+---+-----+-------+---+-----+-----+--------+--------+---------+------+------+-------+------+------+--------+--------+------+------+-------+-------+----------------+
|0-x| fr  |  time |hop| d0  | d1  |   fi   |  teta  |   dist  |  at  |  dev |   p   |  df  |  l   |   fot  |   tot  |  rot | lsp  |   pf  |    s  |                |
+---+-----+-------+---+-----+-----+--------+--------+---------+------+------+-------+------+------+--------+--------+------+------+-------+-------+----------------+
|  0|10.00|50647.1|  1|24.66|25.02|  38.356|  51.450|  977.791|-172.5|  -0.7| 1117.0| 0.000|   0.0|  38.948|  47.202|222.60|   0.0|    0.0|    0.0|F2              |
|   |     |       |  2|25.02|28.93|  37.468|  59.488| 1875.100|-173.0|  -1.2| 2159.4| 0.000|   0.0|  37.846|  55.705|211.10|   0.0|    0.0|    0.0|F2F2            |
|   |     |       |  3|28.93|31.00|  36.832|  66.603| 2668.598|-173.3|  -1.5| 3106.7| 0.000|   0.0|  37.138|  63.138|197.80|   0.0|    0.0|    0.0|F2F2F2          |
|  0|10.00|50647.1|  1| 0.00| 0.00|   0.000|   0.000|    0.000|   0.0|   0.0|    0.0| 0.000|   0.0|   0.000|   0.000|  0.00|   0.0|    0.0|    0.0|                |
|  0|10.00|50647.1|  1|15.09|19.00|  23.325|  39.599| 1252.428| -67.8|  -0.1| 1351.6| 0.000|   0.0|  31.081|  40.705|191.57|   0.0|    0.0|    0.0|F2              |
|   |     |       |  2|19.00|20.76|   7.622|  38.991| 2358.058| -67.9|  -0.2| 2564.1| 0.000|   0.0|  15.309|  39.013|180.49|   0.0|    0.0|    0.0|F2F2            |
|   |     |       |  3|20.76|21.80|  -7.319|  40.393| 3428.454| -67.9|  -0.2| 3748.8| 0.000|   0.0|  -0.126|  39.461|176.62|   0.0|    0.0|    0.0|F2F2F2          |
|  0|10.00|50647.1|  1|31.88|33.89|  30.692|  44.618|  730.895|-103.4|  -0.7|  902.0| 0.000|   0.0|  35.050|  43.556|221.59|   0.0|    0.0|    0.0|F2              |
|   |     |       |  2|33.89|35.51|  22.802|  47.150| 1420.240|-104.1|  -1.4| 1770.1| 0.000|   0.0|  26.564|  45.816|216.75|   0.0|    0.0|    0.0|F2F2            |
|   |     |       |  3|35.51|36.95|  15.879|  50.116| 2084.924|-104.5|  -1.8| 2622.7| 0.000|   0.0|  19.221|  48.585|213.77|   0.0|    0.0|    0.0|F2F2F2          |
|  0|10.00|50647.1|  1|27.84|31.02|  29.452|  40.579|  800.939| -68.9|  -0.4|  951.9| 0.000|   0.0|  34.453|  41.443|212.71|   0.0|    0.0|    0.0|F2              |
|   |     |       |  2|31.02|32.78|  19.500|  39.581| 1521.348| -69.2|  -0.7| 1829.0| 0.000|   0.0|  24.369|  39.933|203.11|   0.0|    0.0|    0.0|F2F2            |
|   |     |       |  3|32.78|33.75|   9.782|  39.500| 2208.681| -69.5|  -1.0| 2678.1| 0.000|   0.0|  14.573|  39.419|199.35|   0.0|    0.0|    0.0|F2F2F2          |
|  0|10.00|50647.1|  1| 0.00| 0.00|   0.000|   0.000|    0.000|   0.0|   0.0|    0.0| 0.000|   0.0|   0.000|   0.000|  0.00|   0.0|    0.0|    0.0|                |
|  0|10.00|50711.3|  1| 0.00| 0.00|   0.000|   0.000|    0.000|   0.0|   0.0|    0.0| 0.000|   0.0|   0.000|   0.000|  0.00|   0.0|    0.0|    0.0|                |
|  0|10.00|50711.3|  1| 0.00| 0.00|   0.000|   0.000|    0.000|   0.0|   0.0|    0.0| 0.000|   0.0|   0.000|   0.000|  0.00|   0.0|    0.0|    0.0|                |
|  0|10.00|50711.3|  1|16.08|19.58|  23.968|  45.158| 1249.768| -96.7|  -0.3| 1356.2| 0.000|   0.0|  31.174|  43.713|199.36|   0.0|    0.0|    0.0|F2              |
|   |     |       |  2|19.58|21.97|  10.964|  49.204| 2399.957| -96.9|  -0.5| 2627.4| 0.000|   0.0|  17.045|  47.056|190.70|   0.0|    0.0|    0.0|F2F2            |
|   |     |       |  3|21.97|23.85|   0.263|  54.127| 3480.683| -96.8|  -0.4| 3839.3| 0.000|   0.0|   5.300|  51.625|182.18|   0.0|    0.0|    0.0|F2F2F2          |
|  0|10.00|50711.3|  1|18.48|21.08|  29.336|  50.094| 1174.518|-130.5|  -0.5| 1291.4| 0.000|   0.0|  34.018|  46.396|209.87|   0.0|    0.0|    0.0|F2              |
+---+-----+-------+---+-----+-----+--------+--------+---------+------+------+-------+------+------+--------+--------+------+------+-------+-------+----------------+
|   |     |       |  2|21.08|24.61|  21.839|  57.446| 2231.939|-130.7|  -0.7| 2477.8| 0.000|   0.0|  25.182|  53.931|196.86|   0.0|    0.0|    0.0|F2F2            |
|   |     |       |  3|24.61|26.65|  16.170|  64.340| 3175.300|-130.9|  -0.9| 3558.6| 0.000|   0.0|  18.817|  60.960|183.52|   0.0|    0.0|    0.0|F2F2F2          |
|  0|10.00|50711.3|  1|17.36|19.48|  36.549|  53.779| 1258.725|-166.5|  -0.6| 1373.4| 0.000|   0.0|  37.908|  48.463|214.81|   0.0|    0.0|    0.0|F2              |
|   |     |       |  2|19.48|23.32|  34.565|  63.346| 2338.783|-166.8|  -0.9| 2571.9| 0.000|   0.0|  35.429|  58.882|192.21|   0.0|    0.0|    0.0|F2F2            |
|   |     |       |  3|23.32|23.89|  33.052|  72.160| 3330.839|-167.0|  -1.1| 3690.1| 0.000|   0.0|  33.765|  67.869|182.11|   0.0|    0.0|    0.0|F2F2F2          |
|  0|10.00|50711.3|  1| 0.00| 0.00|   0.000|   0.000|    0.000|   0.0|   0.0|    0.0| 0.000|   0.0|   0.000|   0.000|  0.00|   0.0|    0.0|    0.0|                |
|  0|10.00|50775.5|  1| 0.00| 0.00|   0.000|   0.000|    0.000|   0.0|   0.0|    0.0| 0.000|   0.0|   0.000|   0.000|  0.00|   0.0|    0.0|    0.0|                |
|  0|10.00|50775.5|  1|31.61|34.34|  30.184|  42.238|  724.516| -82.2|  -0.6|  894.7| 0.000|   0.0|  34.819|  42.327|219.55|   0.0|    0.0|    0.0|F2              |
|   |     |       |  2|34.34|36.06|  21.338|  42.633| 1389.160| -82.8|  -1.2| 1736.3| 0.000|   0.0|  25.635|  42.321|212.15|   0.0|    0.0|    0.0|F2F2            |
|   |     |       |  3|36.06|37.05|  13.095|  43.729| 2027.548| -83.3|  -1.7| 2558.1| 0.000|   0.0|  17.111|  43.088|209.10|   0.0|    0.0|    0.0|F2F2F2          |
|  0|10.00|50775.5|  1| 0.00| 0.00|   0.000|   0.000|    0.000|   0.0|   0.0|    0.0| 0.000|   0.0|   0.000|   0.000|  0.00|   0.0|    0.0|    0.0|                |
|  0|10.00|50839.5|  1|15.36|18.90|  25.057|  48.161| 1313.283|-112.0|  -0.3| 1420.3| 0.000|   0.0|  31.567|  45.356|202.57|   0.0|    0.0|    0.0|F2              |
|   |     |       |  2|18.90|22.28|  14.028|  54.474| 2498.658|-112.2|  -0.5| 2729.2| 0.000|   0.0|  18.984|  51.376|190.04|   0.0|    0.0|    0.0|F2F2            |
|   |     |       |  3|22.28|24.65|   5.973|  60.498| 3507.331|-112.1|  -0.4| 3863.5| 0.000|   0.0|   9.709|  57.553|172.75|   0.0|    0.0|    0.0|F2F2F2          |
|  0|10.00|50839.5|  1| 2.91| 4.13|  16.833|  35.459| 1790.731| -54.7|   0.1| 1821.4| 0.000|   0.0|  28.631|  38.347|109.05|   0.0|    0.0|    0.0|Es              |
|   |     |       |  2| 4.13| 4.63|  -8.246|  33.670| 3375.978| -54.7|   0.1| 3434.6| 0.000|   0.0|   4.161|  33.896| 99.32|   0.0|    0.0|    0.0|EEs             |
|  0|10.00|50839.5|  1|35.99|39.31|  32.367|  39.851|  632.131| -57.0|  -0.4|  827.4| 0.000|   0.0|  35.992|  41.122|224.37|   0.0|    0.0|    0.0|F2              |
|   |     |       |  2|39.31|41.41|  24.924|  37.783| 1199.152| -57.3|  -0.7| 1597.3| 0.000|   0.0|  28.568|  38.690|214.93|   0.0|    0.0|    0.0|F2F2            |
|   |     |       |  3|41.41|42.51|  17.287|  36.333| 1735.230| -57.5|  -0.9| 2342.2| 0.000|   0.0|  21.087|  36.965|210.67|   0.0|    0.0|    0.0|F2F2F2          |
|  0|10.00|50839.5|  1|22.89|25.72|  27.240|  43.609|  960.345| -91.3|  -0.5| 1090.2| 0.000|   0.0|  33.183|  42.971|209.37|   0.0|    0.0|    0.0|F2              |
+---+-----+-------+---+-----+-----+--------+--------+---------+------+------+-------+------+------+--------+--------+------+------+-------+-------+----------------+
|   |     |       |  2|25.72|27.54|  16.311|  45.695| 1844.379| -91.7|  -0.9| 2112.6| 0.000|   0.0|  21.552|  44.521|201.88|   0.0|    0.0|    0.0|F2F2            |
|   |     |       |  3|27.54|28.80|   6.639|  48.652| 2698.052| -91.9|  -1.1| 3113.4| 0.000|   0.0|  11.293|  47.084|198.57|   0.0|    0.0|    0.0|F2F2F2          |
|  0|10.00|50839.5|  1| 0.00| 0.00|   0.000|   0.000|    0.000|   0.0|   0.0|    0.0| 0.000|   0.0|   0.000|   0.000|  0.00|   0.0|    0.0|    0.0|                |
|  0|10.00|50967.5|  1| 0.00| 0.00|   0.000|   0.000|    0.000|   0.0|   0.0|    0.0| 0.000|   0.0|   0.000|   0.000|  0.00|   0.0|    0.0|    0.0|                |
|  0|10.00|50967.5|  1| 0.00| 0.00|   0.000|   0.000|    0.000|   0.0|   0.0|    0.0| 0.000|   0.0|   0.000|   0.000|  0.00|   0.0|    0.0|    0.0|                |
|  0|10.00|50967.5|  1| 0.00| 0.00|   0.000|   0.000|    0.000|   0.0|   0.0|    0.0| 0.000|   0.0|   0.000|   0.000|  0.00|   0.0|    0.0|    0.0|                |
|  0|10.00|50967.5|  1| 0.00| 0.00|   0.000|   0.000|    0.000|   0.0|   0.0|    0.0| 0.000|   0.0|   0.000|   0.000|  0.00|   0.0|    0.0|    0.0|                |
|  0|10.00|50967.5|  1| 0.00| 0.00|   0.000|   0.000|    0.000|   0.0|   0.0|    0.0| 0.000|   0.0|   0.000|   0.000|  0.00|   0.0|    0.0|    0.0|                |
|  0|10.00|50967.5|  1| 0.00| 0.00|   0.000|   0.000|    0.000|   0.0|   0.0|    0.0| 0.000|   0.0|   0.000|   0.000|  0.00|   0.0|    0.0|    0.0|                |
|  0|10.00|50967.5|  1| 0.00| 0.00|   0.000|   0.000|    0.000|   0.0|   0.0|    0.0| 0.000|   0.0|   0.000|   0.000|  0.00|   0.0|    0.0|    0.0|                |
|  0|10.00|50967.5|  1| 0.00| 0.00|   0.000|   0.000|    0.000|   0.0|   0.0|    0.0| 0.000|   0.0|   0.000|   0.000|  0.00|   0.0|    0.0|    0.0|                |
|  0|10.00|50967.5|  1| 0.00| 0.00|   0.000|   0.000|    0.000|   0.0|   0.0|    0.0| 0.000|   0.0|   0.000|   0.000|  0.00|   0.0|    0.0|    0.0|                |
|  0|10.00|50967.5|  1| 0.00| 0.00|   0.000|   0.000|    0.000|   0.0|   0.0|    0.0| 0.000|   0.0|   0.000|   0.000|  0.00|   0.0|    0.0|    0.0|                |
|  0|10.00|50967.5|  1| 0.00| 0.00|   0.000|   0.000|    0.000|   0.0|   0.0|    0.0| 0.000|   0.0|   0.000|   0.000|  0.00|   0.0|    0.0|    0.0|                |
|  0|10.00|50967.5|  1| 0.00| 0.00|   0.000|   0.000|    0.000|   0.0|   0.0|    0.0| 0.000|   0.0|   0.000|   0.000|  0.00|   0.0|    0.0|    0.0|                |
|  0|10.00|50967.5|  1| 0.00| 0.00|   0.000|   0.000|    0.000|   0.0|   0.0|    0.0| 0.000|   0.0|   0.000|   0.000|  0.00|   0.0|    0.0|    0.0|                |
|  0|10.00|50967.5|  1| 0.00| 0.00|   0.000|   0.000|    0.000|   0.0|   0.0|    0.0| 0.000|   0.0|   0.000|   0.000|  0.00|   0.0|    0.0|    0.0|                |
|  0|10.00|50967.5|  1| 0.00| 0.00|   0.000|   0.000|    0.000|   0.0|   0.0|    0.0| 0.000|   0.0|   0.000|   0.000|  0.00|   0.0|    0.0|    0.0|                |
|  0|10.00|50967.5|  1| 0.00| 0.00|   0.000|   0.000|    0.000|   0.0|   0.0|    0.0| 0.000|   0.0|   0.000|   0.000|  0.00|   0.0|    0.0|    0.0|                |
|  0|10.00|50967.5|  1| 0.00| 0.00|   0.000|   0.000|    0.000|   0.0|   0.0|    0.0| 0.000|   0.0|   0.000|   0.000|  0.00|   0.0|    0.0|    0.0|                |
+---+-----+-------+---+-----+-----+--------+--------+---------+------+------+-------+------+------+--------+--------+------+------+-------+-------+----------------+
+---+-----+-------+---+-----+-----+--------+--------+---------+------+------+-------+------+------+--------+--------+------+------+-------+-------+----------------+
|0-x| fr  |  time |hop| d0  | d1  |   fi   |  teta  |   dist  |  at  |  dev |   p   |  df  |  l   |   fot  |   tot  |  rot | lsp  |   pf  |    s  |                |
+---+-----+-------+---+-----+-----+--------+--------+---------+------+------+-------+------+------+--------+--------+------+------+-------+-------+----------------+
|  0|10.00|50967.5|  1| 0.00| 0.00|   0.000|   0.000|    0.000|   0.0|   0.0|    0.0| 0.000|   0.0|   0.000|   0.000|  0.00|   0.0|    0.0|    0.0|                |
|  0|10.00|50967.5|  1| 0.00| 0.00|   0.000|   0.000|    0.000|   0.0|   0.0|    0.0| 0.000|   0.0|   0.000|   0.000|  0.00|   0.0|    0.0|    0.0|                |
|  0|10.00|50967.5|  1| 0.00| 0.00|   0.000|   0.000|    0.000|   0.0|   0.0|    0.0| 0.000|   0.0|   0.000|   0.000|  0.00|   0.0|    0.0|    0.0|                |
|  0|10.00|50967.5|  1| 4.76| 4.61|  37.471|  28.587| 1578.234|  -4.6|   0.0| 1607.9| 0.000|   0.0|  38.845|  35.677|109.87|   0.0|    0.0|    0.0|Es              |
|  0|10.00|50967.5|  1| 0.00| 0.00|   0.000|   0.000|    0.000|   0.0|   0.0|    0.0| 0.000|   0.0|   0.000|   0.000|  0.00|   0.0|    0.0|    0.0|                |
|  0|10.00|50967.5|  1| 0.00| 0.00|   0.000|   0.000|    0.000|   0.0|   0.0|    0.0| 0.000|   0.0|   0.000|   0.000|  0.00|   0.0|    0.0|    0.0|                |
|  0|10.00|50967.5|  1| 0.00| 0.00|   0.000|   0.000|    0.000|   0.0|   0.0|    0.0| 0.000|   0.0|   0.000|   0.000|  0.00|   0.0|    0.0|    0.0|                |
|  0|10.00|50967.5|  1| 0.00| 0.00|   0.000|   0.000|    0.000|   0.0|   0.0|    0.0| 0.000|   0.0|   0.000|   0.000|  0.00|   0.0|    0.0|    0.0|                |
|  0|10.00|50967.5|  1| 0.00| 0.00|   0.000|   0.000|    0.000|   0.0|   0.0|    0.0| 0.000|   0.0|   0.000|   0.000|  0.00|   0.0|    0.0|    0.0|                |
|  0|10.00|50967.5|  1| 0.00| 0.00|   0.000|   0.000|    0.000|   0.0|   0.0|    0.0| 0.000|   0.0|   0.000|   0.000|  0.00|   0.0|    0.0|    0.0|                |
|  0|10.00|50967.5|  1| 0.00| 0.00|   0.000|   0.000|    0.000|   0.0|   0.0|    0.0| 0.000|   0.0|   0.000|   0.000|  0.00|   0.0|    0.0|    0.0|                |
|  0|10.00|50967.5|  1| 0.00| 0.00|   0.000|   0.000|    0.000|   0.0|   0.0|    0.0| 0.000|   0.0|   0.000|   0.000|  0.00|   0.0|    0.0|    0.0|                |
|  0|10.00|50967.5|  1| 0.00| 0.00|   0.000|   0.000|    0.000|   0.0|   0.0|    0.0| 0.000|   0.0|   0.000|   0.000|  0.00|   0.0|    0.0|    0.0|                |
|  0|10.00|50967.5|  1| 0.00| 0.00|   0.000|   0.000|    0.000|   0.0|   0.0|    0.0| 0.000|   0.0|   0.000|   0.000|  0.00|   0.0|    0.0|    0.0|                |
|  0|10.00|50967.5|  1| 0.00| 0.00|   0.000|   0.000|    0.000|   0.0|   0.0|    0.0| 0.000|   0.0|   0.000|   0.000|  0.00|   0.0|    0.0|    0.0|                |
|  0|10.00|50967.5|  1| 0.00| 0.00|   0.000|   0.000|    0.000|   0.0|   0.0|    0.0| 0.000|   0.0|   0.000|   0.000|  0.00|   0.0|    0.0|    0.0|                |
|  0|10.00|50967.5|  1| 0.00| 0.00|   0.000|   0.000|    0.000|   0.0|   0.0|    0.0| 0.000|   0.0|   0.000|   0.000|  0.00|   0.0|    0.0|    0.0|                |
|  0|10.00|50967.5|  1| 0.00| 0.00|   0.000|   0.000|    0.000|   0.0|   0.0|    0.0| 0.000|   0.0|   0.000|   0.000|  0.00|   0.0|    0.0|    0.0|                |
|  0|10.00|50967.5|  1| 0.00| 0.00|   0.000|   0.000|    0.000|   0.0|   0.0|    0.0| 0.000|   0.0|   0.000|   0.000|  0.00|   0.0|    0.0|    0.0|                |
|  0|10.00|50967.5|  1| 8.15|12.22|  37.909|  27.802| 1662.803|  -3.4|   0.3| 1736.8| 0.000|   0.0|  38.866|  34.335|176.49|   0.0|    0.0|    0.0|F2              |
+---+-----+-------+---+-----+-----+--------+--------+---------+------+------+-------+------+------+--------+--------+------+------+-------+-------+----------------+
|   |     |       |  2|12.22| 3.87|  27.458|   8.351| 3846.701|  -3.1|   0.6| 4008.9| 0.000|   0.0|  36.132|  20.249|191.54|   0.0|    0.0|    0.0|F2F2            |
|  0|10.00|50967.5|  1| 0.00| 0.00|   0.000|   0.000|    0.000|   0.0|   0.0|    0.0| 0.000|   0.0|   0.000|   0.000|  0.00|   0.0|    0.0|    0.0|                |
|  0|10.00|50967.5|  1| 0.00| 0.00|   0.000|   0.000|    0.000|   0.0|   0.0|    0.0| 0.000|   0.0|   0.000|   0.000|  0.00|   0.0|    0.0|    0.0|                |
|  0|10.00|50967.5|  1| 0.00| 0.00|   0.000|   0.000|    0.000|   0.0|   0.0|    0.0| 0.000|   0.0|   0.000|   0.000|  0.00|   0.0|    0.0|    0.0|                |
|  0|10.00|50967.5|  1| 0.00| 0.00|   0.000|   0.000|    0.000|   0.0|   0.0|    0.0| 0.000|   0.0|   0.000|   0.000|  0.00|   0.0|    0.0|    0.0|                |
|  0|10.00|50967.5|  1| 0.00| 0.00|   0.000|   0.000|    0.000|   0.0|   0.0|    0.0| 0.000|   0.0|   0.000|   0.000|  0.00|   0.0|    0.0|    0.0|                |
|  0|10.00|51032.6|  1| 0.00| 0.00|   0.000|   0.000|    0.000|   0.0|   0.0|    0.0| 0.000|   0.0|   0.000|   0.000|  0.00|   0.0|    0.0|    0.0|                |
|  0|10.00|51032.6|  1| 0.00| 0.00|   0.000|   0.000|    0.000|   0.0|   0.0|    0.0| 0.000|   0.0|   0.000|   0.000|  0.00|   0.0|    0.0|    0.0|                |
|  0|10.00|51032.6|  1| 0.00| 0.00|   0.000|   0.000|    0.000|   0.0|   0.0|    0.0| 0.000|   0.0|   0.000|   0.000|  0.00|   0.0|    0.0|    0.0|                |
|  0|10.00|51032.6|  1| 0.00| 0.00|   0.000|   0.000|    0.000|   0.0|   0.0|    0.0| 0.000|   0.0|   0.000|   0.000|  0.00|   0.0|    0.0|    0.0|                |
|  0|10.00|51032.6|  1| 0.00| 0.00|   0.000|   0.000|    0.000|   0.0|   0.0|    0.0| 0.000|   0.0|   0.000|   0.000|  0.00|   0.0|    0.0|    0.0|                |
|  0|10.00|51032.6|  1| 0.00| 0.00|   0.000|   0.000|    0.000|   0.0|   0.0|    0.0| 0.000|   0.0|   0.000|   0.000|  0.00|   0.0|    0.0|    0.0|                |
|  0|10.00|51032.6|  1| 0.00| 0.00|   0.000|   0.000|    0.000|   0.0|   0.0|    0.0| 0.000|   0.0|   0.000|   0.000|  0.00|   0.0|    0.0|    0.0|                |
|  0|10.00|51032.6|  1| 0.00| 0.00|   0.000|   0.000|    0.000|   0.0|   0.0|    0.0| 0.000|   0.0|   0.000|   0.000|  0.00|   0.0|    0.0|    0.0|                |
|  0|10.00|51032.6|  1| 0.00| 0.00|   0.000|   0.000|    0.000|   0.0|   0.0|    0.0| 0.000|   0.0|   0.000|   0.000|  0.00|   0.0|    0.0|    0.0|                |
|  0|10.00|51032.6|  1| 0.00| 0.00|   0.000|   0.000|    0.000|   0.0|   0.0|    0.0| 0.000|   0.0|   0.000|   0.000|  0.00|   0.0|    0.0|    0.0|                |
|  0|10.00|51032.6|  1| 0.00| 0.00|   0.000|   0.000|    0.000|   0.0|   0.0|    0.0| 0.000|   0.0|   0.000|   0.000|  0.00|   0.0|    0.0|    0.0|                |
|  0|10.00|51032.6|  1| 0.00| 0.00|   0.000|   0.000|    0.000|   0.0|   0.0|    0.0| 0.000|   0.0|   0.000|   0.000|  0.00|   0.0|    0.0|    0.0|                |
|  0|10.00|51032.6|  1| 0.00| 0.00|   0.000|   0.000|    0.000|   0.0|   0.0|    0.0| 0.000|   0.0|   0.000|   0.000|  0.00|   0.0|    0.0|    0.0|                |
|  0|10.00|51032.6|  1| 0.00| 0.00|   0.000|   0.000|    0.000|   0.0|   0.0|    0.0| 0.000|   0.0|   0.000|   0.000|  0.00|   0.0|    0.0|    0.0|                |
+---+-----+-------+---+-----+-----+--------+--------+---------+------+------+-------+------+------+--------+--------+------+------+-------+-------+----------------+
+---+-----+-------+---+-----+-----+--------+--------+---------+------+------+-------+------+------+--------+--------+------+------+-------+-------+----------------+
|0-x| fr  |  time |hop| d0  | d1  |   fi   |  teta  |   dist  |  at  |  dev |   p   |  df  |  l   |   fot  |   tot  |  rot | lsp  |   pf  |    s  |                |
+---+-----+-------+---+-----+-----+--------+--------+---------+------+------+-------+------+------+--------+--------+------+------+-------+-------+----------------+
|  0|10.00|51032.6|  1| 0.00| 0.00|   0.000|   0.000|    0.000|   0.0|   0.0|    0.0| 0.000|   0.0|   0.000|   0.000|  0.00|   0.0|    0.0|    0.0|                |
|  0|10.00|51032.6|  1| 0.00| 0.00|   0.000|   0.000|    0.000|   0.0|   0.0|    0.0| 0.000|   0.0|   0.000|   0.000|  0.00|   0.0|    0.0|    0.0|                |
|  0|10.00|51032.6|  1| 0.00| 0.00|   0.000|   0.000|    0.000|   0.0|   0.0|    0.0| 0.000|   0.0|   0.000|   0.000|  0.00|   0.0|    0.0|    0.0|                |
|  0|10.00|51032.6|  1| 0.00| 0.00|   0.000|   0.000|    0.000|   0.0|   0.0|    0.0| 0.000|   0.0|   0.000|   0.000|  0.00|   0.0|    0.0|    0.0|                |
|  0|10.00|51032.6|  1| 0.00| 0.00|   0.000|   0.000|    0.000|   0.0|   0.0|    0.0| 0.000|   0.0|   0.000|   0.000|  0.00|   0.0|    0.0|    0.0|                |
|  0|10.00|51032.6|  1| 0.00| 0.00|   0.000|   0.000|    0.000|   0.0|   0.0|    0.0| 0.000|   0.0|   0.000|   0.000|  0.00|   0.0|    0.0|    0.0|                |
|  0|10.00|51032.6|  1| 0.00| 0.00|   0.000|   0.000|    0.000|   0.0|   0.0|    0.0| 0.000|   0.0|   0.000|   0.000|  0.00|   0.0|    0.0|    0.0|                |
|  0|10.00|51032.6|  1| 0.00| 0.00|   0.000|   0.000|    0.000|   0.0|   0.0|    0.0| 0.000|   0.0|   0.000|   0.000|  0.00|   0.0|    0.0|    0.0|                |
|  0|10.00|51032.6|  1| 0.00| 0.00|   0.000|   0.000|    0.000|   0.0|   0.0|    0.0| 0.000|   0.0|   0.000|   0.000|  0.00|   0.0|    0.0|    0.0|                |
|  0|10.00|51032.6|  1| 0.00| 0.00|   0.000|   0.000|    0.000|   0.0|   0.0|    0.0| 0.000|   0.0|   0.000|   0.000|  0.00|   0.0|    0.0|    0.0|                |
|  0|10.00|51097.3|  1| 0.00| 0.00|   0.000|   0.000|    0.000|   0.0|   0.0|    0.0| 0.000|   0.0|   0.000|   0.000|  0.00|   0.0|    0.0|    0.0|                |
|  0|10.00|51097.3|  1| 0.00| 0.00|   0.000|   0.000|    0.000|   0.0|   0.0|    0.0| 0.000|   0.0|   0.000|   0.000|  0.00|   0.0|    0.0|    0.0|                |
|  0|10.00|51097.3|  1| 0.00| 0.00|   0.000|   0.000|    0.000|   0.0|   0.0|    0.0| 0.000|   0.0|   0.000|   0.000|  0.00|   0.0|    0.0|    0.0|                |
|  0|10.00|51097.3|  1| 0.00| 0.00|   0.000|   0.000|    0.000|   0.0|   0.0|    0.0| 0.000|   0.0|   0.000|   0.000|  0.00|   0.0|    0.0|    0.0|                |
|  0|10.00|51097.3|  1| 0.00| 0.00|   0.000|   0.000|    0.000|   0.0|   0.0|    0.0| 0.000|   0.0|   0.000|   0.000|  0.00|   0.0|    0.0|    0.0|                |
|  0|10.00|51097.3|  1| 0.00| 0.00|   0.000|   0.000|    0.000|   0.0|   0.0|    0.0| 0.000|   0.0|   0.000|   0.000|  0.00|   0.0|    0.0|    0.0|                |
|  0|10.00|51097.3|  1| 0.00| 0.00|   0.000|   0.000|    0.000|   0.0|   0.0|    0.0| 0.000|   0.0|   0.000|   0.000|  0.00|   0.0|    0.0|    0.0|                |
|  0|10.00|51097.3|  1| 0.00| 0.00|   0.000|   0.000|    0.000|   0.0|   0.0|    0.0| 0.000|   0.0|   0.000|   0.000|  0.00|   0.0|    0.0|    0.0|                |
|  0|10.00|51097.3|  1| 0.00| 0.00|   0.000|   0.000|    0.000|   0.0|   0.0|    0.0| 0.000|   0.0|   0.000|   0.000|  0.00|   0.0|    0.0|    0.0|                |
|  0|10.00|51097.3|  1| 0.00| 0.00|   0.000|   0.000|    0.000|   0.0|   0.0|    0.0| 0.000|   0.0|   0.000|   0.000|  0.00|   0.0|    0.0|    0.0|                |
+---+-----+-------+---+-----+-----+--------+--------+---------+------+------+-------+------+------+--------+--------+------+------+-------+-------+----------------+
+---+-----+-------+---+-----+-----+--------+--------+---------+------+------+-------+------+------+--------+--------+------+------+-------+-------+----------------+
|0-x| fr  |  time |hop| d0  | d1  |   fi   |  teta  |   dist  |  at  |  dev |   p   |  df  |  l   |   fot  |   tot  |  rot | lsp  |   pf  |    s  |                |
+---+-----+-------+---+-----+-----+--------+--------+---------+------+------+-------+------+------+--------+--------+------+------+-------+-------+----------------+
|  0|10.00|51097.3|  1| 0.00| 0.00|   0.000|   0.000|    0.000|   0.0|   0.0|    0.0| 0.000|   0.0|   0.000|   0.000|  0.00|   0.0|    0.0|    0.0|                |
|  0|10.00|51097.3|  1| 0.00| 0.00|   0.000|   0.000|    0.000|   0.0|   0.0|    0.0| 0.000|   0.0|   0.000|   0.000|  0.00|   0.0|    0.0|    0.0|                |
|  0|10.00|51097.3|  1| 0.00| 0.00|   0.000|   0.000|    0.000|   0.0|   0.0|    0.0| 0.000|   0.0|   0.000|   0.000|  0.00|   0.0|    0.0|    0.0|                |
|  0|10.00|51097.3|  1| 0.00| 0.00|   0.000|   0.000|    0.000|   0.0|   0.0|    0.0| 0.000|   0.0|   0.000|   0.000|  0.00|   0.0|    0.0|    0.0|                |
|  0|10.00|51162.1|  1| 9.12|13.48|  39.038|  28.527| 1578.677|  -1.5|   0.3| 1656.2| 0.000|   0.0|  39.384|  34.714|180.23|   0.0|    0.0|    0.0|F2              |
|   |     |       |  2|13.48| 7.70|  36.971|  12.499| 3362.069|  -1.2|   0.6| 3525.9| 0.000|   0.0|  38.467|  21.641|187.98|   0.0|    0.0|    0.0|F2F2            |
|  0|10.00|51162.1|  1| 9.99|14.35|  38.555|  29.123| 1513.737|  -2.6|   0.3| 1593.9| 0.000|   0.0|  39.159|  35.147|182.38|   0.0|    0.0|    0.0|F2              |
|   |     |       |  2|14.35| 9.34|  35.448|  14.491| 3145.004|  -2.3|   0.6| 3311.6| 0.000|   0.0|  37.603|  22.623|186.25|   0.0|    0.0|    0.0|F2F2            |
|  0|10.00|51162.1|  1| 0.00| 0.00|   0.000|   0.000|    0.000|   0.0|   0.0|    0.0| 0.000|   0.0|   0.000|   0.000|  0.00|   0.0|    0.0|    0.0|                |
|  0|10.00|51162.1|  1| 5.56| 9.61|  38.120|  25.627| 1903.095|  -2.5|   0.2| 1970.2| 0.000|   0.0|  38.987|  33.016|169.66|   0.0|    0.0|    0.0|F2              |
|  0|10.00|51162.1|  1| 0.00| 0.00|   0.000|   0.000|    0.000|   0.0|   0.0|    0.0| 0.000|   0.0|   0.000|   0.000|  0.00|   0.0|    0.0|    0.0|                |
|  0|10.00|51162.1|  1| 0.00| 0.00|   0.000|   0.000|    0.000|   0.0|   0.0|    0.0| 0.000|   0.0|   0.000|   0.000|  0.00|   0.0|    0.0|    0.0|                |
|  0|10.00|51162.1|  1| 0.00| 0.00|   0.000|   0.000|    0.000|   0.0|   0.0|    0.0| 0.000|   0.0|   0.000|   0.000|  0.00|   0.0|    0.0|    0.0|                |
|  0|10.00|51162.1|  1| 0.00| 0.00|   0.000|   0.000|    0.000|   0.0|   0.0|    0.0| 0.000|   0.0|   0.000|   0.000|  0.00|   0.0|    0.0|    0.0|                |
|  0|10.00|51162.1|  1| 0.00| 0.00|   0.000|   0.000|    0.000|   0.0|   0.0|    0.0| 0.000|   0.0|   0.000|   0.000|  0.00|   0.0|    0.0|    0.0|                |
|  0|10.00|51162.1|  1| 0.00| 0.00|   0.000|   0.000|    0.000|   0.0|   0.0|    0.0| 0.000|   0.0|   0.000|   0.000|  0.00|   0.0|    0.0|    0.0|                |
|  0|10.00|51226.4|  1| 0.00| 0.00|   0.000|   0.000|    0.000|   0.0|   0.0|    0.0| 0.000|   0.0|   0.000|   0.000|  0.00|   0.0|    0.0|    0.0|                |
|  0|10.00|51226.4|  1|32.86|30.67|  45.040|  48.787|  792.259| 146.5|  -0.6|  968.0| 0.000|   0.0|  42.453|  45.652|238.67|   0.0|    0.0|    0.0|F2              |
|   |     |       |  2|30.67|34.07|  49.486|  54.841| 1568.939| 145.7|  -1.4| 1923.1| 0.000|   0.0|  47.412|  51.976|235.89|   0.0|    0.0|    0.0|F2F2            |
|   |     |       |  3|34.07|39.59|  52.893|  59.860| 2210.955| 144.9|  -2.2| 2754.4| 0.000|   0.0|  51.321|  57.544|214.98|   0.0|    0.0|    0.0|F2F2F2          |
+---+-----+-------+---+-----+-----+--------+--------+---------+------+------+-------+------+------+--------+--------+------+------+-------+-------+----------------+
+---+-----+-------+---+-----+-----+--------+--------+---------+------+------+-------+------+------+--------+--------+------+------+-------+-------+----------------+
|0-x| fr  |  time |hop| d0  | d1  |   fi   |  teta  |   dist  |  at  |  dev |   p   |  df  |  l   |   fot  |   tot  |  rot | lsp  |   pf  |    s  |                |
+---+-----+-------+---+-----+-----+--------+--------+---------+------+------+-------+------+------+--------+--------+------+------+-------+-------+----------------+
|  0|10.00|51226.4|  1| 0.00| 0.00|   0.000|   0.000|    0.000|   0.0|   0.0|    0.0| 0.000|   0.0|   0.000|   0.000|  0.00|   0.0|    0.0|    0.0|                |
|  0|10.00|51226.4|  1|31.79|29.57|  45.450|  48.896|  820.074| 144.8|  -0.6|  990.5| 0.000|   0.0|  42.652|  45.684|237.99|   0.0|    0.0|    0.0|F2              |
|   |     |       |  2|29.57|33.17|  50.195|  55.048| 1619.957| 144.1|  -1.3| 1963.3| 0.000|   0.0|  47.990|  52.142|234.47|   0.0|    0.0|    0.0|F2F2            |
|   |     |       |  3|33.17|38.74|  53.782|  60.102| 2274.211| 143.2|  -2.2| 2800.7| 0.000|   0.0|  52.122|  57.762|212.27|   0.0|    0.0|    0.0|F2F2F2          |
|  0|10.00|51226.4|  1| 0.00| 0.00|   0.000|   0.000|    0.000|   0.0|   0.0|    0.0| 0.000|   0.0|   0.000|   0.000|  0.00|   0.0|    0.0|    0.0|                |
|  0|10.00|51226.4|  1| 0.00| 0.00|   0.000|   0.000|    0.000|   0.0|   0.0|    0.0| 0.000|   0.0|   0.000|   0.000|  0.00|   0.0|    0.0|    0.0|                |
|  0|10.00|51226.4|  1| 0.00| 0.00|   0.000|   0.000|    0.000|   0.0|   0.0|    0.0| 0.000|   0.0|   0.000|   0.000|  0.00|   0.0|    0.0|    0.0|                |
|  0|10.00|51226.4|  1| 0.00| 0.00|   0.000|   0.000|    0.000|   0.0|   0.0|    0.0| 0.000|   0.0|   0.000|   0.000|  0.00|   0.0|    0.0|    0.0|                |
|  0|10.00|51226.4|  1|33.55|31.25|  45.184|  48.564|  777.037| 144.8|  -0.6|  956.1| 0.000|   0.0|  42.522|  45.538|239.27|   0.0|    0.0|    0.0|F2              |
|   |     |       |  2|31.25|34.39|  49.804|  54.462| 1545.741| 144.0|  -1.4| 1906.4| 0.000|   0.0|  47.639|  51.659|237.64|   0.0|    0.0|    0.0|F2F2            |
|   |     |       |  3|34.39|39.96|  53.382|  59.390| 2186.329| 143.1|  -2.3| 2739.9| 0.000|   0.0|  51.719|  57.109|217.66|   0.0|    0.0|    0.0|F2F2F2          |
|  0|10.00|51226.4|  1|32.63|30.37|  45.321|  48.734|  799.151| 144.8|  -0.6|  973.6| 0.000|   0.0|  42.588|  45.613|238.60|   0.0|    0.0|    0.0|F2              |
|   |     |       |  2|30.37|33.74|  50.007|  54.765| 1584.122| 144.0|  -1.4| 1935.7| 0.000|   0.0|  47.821|  51.909|236.02|   0.0|    0.0|    0.0|F2F2            |
|   |     |       |  3|33.74|39.32|  53.590|  59.760| 2232.013| 143.2|  -2.2| 2771.3| 0.000|   0.0|  51.929|  57.447|214.86|   0.0|    0.0|    0.0|F2F2F2          |
|  0|10.00|51226.4|  1|32.09|29.91|  45.241|  48.902|  811.673| 145.9|  -0.6|  983.6| 0.000|   0.0|  42.554|  45.700|238.13|   0.0|    0.0|    0.0|F2              |
|   |     |       |  2|29.91|33.48|  49.818|  55.047| 1603.395| 145.1|  -1.4| 1949.9| 0.000|   0.0|  47.689|  52.145|234.67|   0.0|    0.0|    0.0|F2F2            |
|   |     |       |  3|33.48|39.01|  53.289|  60.106| 2252.707| 144.3|  -2.2| 2784.1| 0.000|   0.0|  51.690|  57.773|212.82|   0.0|    0.0|    0.0|F2F2F2          |
|  0|10.00|51226.4|  1|32.67|30.36|  45.445|  48.674|  798.850| 143.9|  -0.6|  973.4| 0.000|   0.0|  42.650|  45.581|238.67|   0.0|    0.0|    0.0|F2              |
|   |     |       |  2|30.36|33.67|  50.247|  54.668| 1585.439| 143.2|  -1.3| 1937.2| 0.000|   0.0|  48.002|  51.822|236.39|   0.0|    0.0|    0.0|F2F2            |
|   |     |       |  3|33.67|39.29|  53.925|  59.638| 2235.365| 142.3|  -2.2| 2775.0| 0.000|   0.0|  52.219|  57.339|215.33|   0.0|    0.0|    0.0|F2F2F2          |
+---+-----+-------+---+-----+-----+--------+--------+---------+------+------+-------+------+------+--------+--------+------+------+-------+-------+----------------+
+---+-----+-------+---+-----+-----+--------+--------+---------+------+------+-------+------+------+--------+--------+------+------+-------+-------+----------------+
|0-x| fr  |  time |hop| d0  | d1  |   fi   |  teta  |   dist  |  at  |  dev |   p   |  df  |  l   |   fot  |   tot  |  rot | lsp  |   pf  |    s  |                |
+---+-----+-------+---+-----+-----+--------+--------+---------+------+------+-------+------+------+--------+--------+------+------+-------+-------+----------------+
|  0|10.00|51226.4|  1|31.80|29.64|  45.255|  48.970|  818.787| 146.1|  -0.6|  989.3| 0.000|   0.0|  42.556|  45.727|237.93|   0.0|    0.0|    0.0|F2              |
|   |     |       |  2|29.64|33.31|  49.824|  55.164| 1615.128| 145.3|  -1.4| 1958.9| 0.000|   0.0|  47.702|  52.242|234.06|   0.0|    0.0|    0.0|F2F2            |
|   |     |       |  3|33.31|38.82|  53.276|  60.248| 2266.145| 144.5|  -2.2| 2793.2| 0.000|   0.0|  51.678|  57.890|211.88|   0.0|    0.0|    0.0|F2F2F2          |
|  0|10.00|51226.4|  1|33.05|30.74|  45.329|  48.627|  789.321| 144.3|  -0.6|  965.8| 0.000|   0.0|  42.585|  45.554|238.96|   0.0|    0.0|    0.0|F2              |
|   |     |       |  2|30.74|33.98|  50.051|  54.580| 1568.137| 143.5|  -1.4| 1923.7| 0.000|   0.0|  47.843|  51.754|236.93|   0.0|    0.0|    0.0|F2F2            |
|   |     |       |  3|33.98|39.58|  53.684|  59.532| 2214.025| 142.7|  -2.2| 2759.7| 0.000|   0.0|  51.998|  57.241|216.33|   0.0|    0.0|    0.0|F2F2F2          |
|  0|10.00|51226.4|  1|33.50|31.22|  45.134|  48.596|  777.910| 145.2|  -0.6|  956.7| 0.000|   0.0|  42.486|  45.543|239.26|   0.0|    0.0|    0.0|F2              |
|   |     |       |  2|31.22|34.39|  49.706|  54.514| 1546.507| 144.4|  -1.4| 1906.8| 0.000|   0.0|  47.559|  51.695|237.44|   0.0|    0.0|    0.0|F2F2            |
|   |     |       |  3|34.39|39.95|  53.243|  59.456| 2186.504| 143.5|  -2.3| 2739.5| 0.000|   0.0|  51.608|  57.178|217.35|   0.0|    0.0|    0.0|F2F2F2          |
|  0|10.00|51226.4|  1|31.29|29.07|  45.620|  48.958|  833.478| 144.2|  -0.6| 1001.4| 0.000|   0.0|  42.748|  45.721|237.61|   0.0|    0.0|    0.0|F2              |
|   |     |       |  2|29.07|32.77|  50.481|  55.165| 1644.032| 143.5|  -1.3| 1982.4| 0.000|   0.0|  48.232|  52.244|233.70|   0.0|    0.0|    0.0|F2F2            |
|   |     |       |  3|32.77|38.34|  54.133|  60.239| 2303.629| 142.6|  -2.2| 2822.3| 0.000|   0.0|  52.444|  57.890|210.90|   0.0|    0.0|    0.0|F2F2F2          |
|  0|10.00|51226.4|  1|32.01|29.78|  45.401|  48.859|  814.457| 144.9|  -0.6|  985.9| 0.000|   0.0|  42.632|  45.673|238.13|   0.0|    0.0|    0.0|F2              |
|   |     |       |  2|29.78|33.33|  50.117|  54.983| 1610.195| 144.1|  -1.4| 1955.7| 0.000|   0.0|  47.926|  52.092|234.84|   0.0|    0.0|    0.0|F2F2            |
|   |     |       |  3|33.33|38.89|  53.693|  60.024| 2262.591| 143.3|  -2.2| 2792.5| 0.000|   0.0|  52.037|  57.690|212.91|   0.0|    0.0|    0.0|F2F2F2          |
|  0|10.00|51291.1|  1| 0.00| 0.00|   0.000|   0.000|    0.000|   0.0|   0.0|    0.0| 0.000|   0.0|   0.000|   0.000|  0.00|   0.0|    0.0|    0.0|                |
|  0|10.00|51291.1|  1| 0.00| 0.00|   0.000|   0.000|    0.000|   0.0|   0.0|    0.0| 0.000|   0.0|   0.000|   0.000|  0.00|   0.0|    0.0|    0.0|                |
|  0|10.00|51291.1|  1| 0.00| 0.00|   0.000|   0.000|    0.000|   0.0|   0.0|    0.0| 0.000|   0.0|   0.000|   0.000|  0.00|   0.0|    0.0|    0.0|                |
|  0|10.00|51291.1|  1| 0.00| 0.00|   0.000|   0.000|    0.000|   0.0|   0.0|    0.0| 0.000|   0.0|   0.000|   0.000|  0.00|   0.0|    0.0|    0.0|                |
|  0|10.00|51291.1|  1| 0.00| 0.00|   0.000|   0.000|    0.000|   0.0|   0.0|    0.0| 0.000|   0.0|   0.000|   0.000|  0.00|   0.0|    0.0|    0.0|                |
+---+-----+-------+---+-----+-----+--------+--------+---------+------+------+-------+------+------+--------+--------+------+------+-------+-------+----------------+
+---+-----+-------+---+-----+-----+--------+--------+---------+------+------+-------+------+------+--------+--------+------+------+-------+-------+----------------+
|0-x| fr  |  time |hop| d0  | d1  |   fi   |  teta  |   dist  |  at  |  dev |   p   |  df  |  l   |   fot  |   tot  |  rot | lsp  |   pf  |    s  |                |
+---+-----+-------+---+-----+-----+--------+--------+---------+------+------+-------+------+------+--------+--------+------+------+-------+-------+----------------+
|  0|10.00|51291.1|  1| 0.00| 0.00|   0.000|   0.000|    0.000|   0.0|   0.0|    0.0| 0.000|   0.0|   0.000|   0.000|  0.00|   0.0|    0.0|    0.0|                |
|  0|10.00|51291.1|  1| 0.03| 3.33|  36.864|  18.318| 2717.246|  -2.2|   0.2| 2773.7| 0.000|   0.0|  38.663|  29.145|155.91|   0.0|    0.0|    0.0|F2              |
|  0|10.00|51291.1|  1| 0.00| 0.00|   0.000|   0.000|    0.000|   0.0|   0.0|    0.0| 0.000|   0.0|   0.000|   0.000|  0.00|   0.0|    0.0|    0.0|                |
|  0|10.00|51291.1|  1| 0.00| 0.00|   0.000|   0.000|    0.000|   0.0|   0.0|    0.0| 0.000|   0.0|   0.000|   0.000|  0.00|   0.0|    0.0|    0.0|                |
|  0|10.00|51291.1|  1| 0.00| 0.00|   0.000|   0.000|    0.000|   0.0|   0.0|    0.0| 0.000|   0.0|   0.000|   0.000|  0.00|   0.0|    0.0|    0.0|                |
|  0|10.00|51291.1|  1| 0.00| 0.00|   0.000|   0.000|    0.000|   0.0|   0.0|    0.0| 0.000|   0.0|   0.000|   0.000|  0.00|   0.0|    0.0|    0.0|                |
|  0|10.00|51291.1|  1| 0.00| 0.00|   0.000|   0.000|    0.000|   0.0|   0.0|    0.0| 0.000|   0.0|   0.000|   0.000|  0.00|   0.0|    0.0|    0.0|                |
+==============================================================================+
|   Medium characteristics Sunspot number= 183.5 IG= 183.5   GMT time:14:14    |
|------------------------------------------------------------------------------|
|   S   | fh |  I  |   D  | fd |  hd | fe |  he | ff1 | hf1 | ff2 | hf2 |   Hi |
|-------+----+-----+------+----+-----+----+-----+-----+-----+-----+-----+------|
|    0.0|1.25| 58.8|   3.1|0.18| 82.8|1.61|110.0| 0.00|  0.0|11.37|295.7|  89.6|
+==============================================================================+

+==================================+
|       Es-layer parametres        |
|----------------------------------|
|   S   | hEs | fbEs | f0Es | P Es |
|-------+-----+------+------+------|
|    0.0|108.0| 2.24 | 2.73 | 64.1 |
+==================================+

|  0|10.00|51356.0|  1| 0.00| 0.00|   0.000|   0.000|    0.000|   0.0|   0.0|    0.0| 0.000|   0.0|   0.000|   0.000|  0.00|   0.0|    0.0|    0.0|                |
|  0|10.00|51356.0|  1| 0.00| 0.00|   0.000|   0.000|    0.000|   0.0|   0.0|    0.0| 0.000|   0.0|   0.000|   0.000|  0.00|   0.0|    0.0|    0.0|                |
|  0|10.00|51356.0|  1| 0.03| 3.48|  35.396|  18.696| 2680.965|  -3.5|   0.1| 2736.2| 0.000|   0.0|  38.106|  29.282|155.20|   0.0|    0.0|    0.0|F2              |
|  0|10.00|51356.0|  1| 0.00| 0.00|   0.000|   0.000|    0.000|   0.0|   0.0|    0.0| 0.000|   0.0|   0.000|   0.000|  0.00|   0.0|    0.0|    0.0|                |
|  0|10.00|51356.0|  1| 0.00| 0.00|   0.000|   0.000|    0.000|   0.0|   0.0|    0.0| 0.000|   0.0|   0.000|   0.000|  0.00|   0.0|    0.0|    0.0|                |
|  0|10.00|51356.0|  1| 0.00| 0.00|   0.000|   0.000|    0.000|   0.0|   0.0|    0.0| 0.000|   0.0|   0.000|   0.000|  0.00|   0.0|    0.0|    0.0|                |
|  0|10.00|51356.0|  1| 0.03| 3.49|  35.268|  18.698| 2681.337|  -3.6|   0.1| 2736.6| 0.000|   0.0|  38.058|  29.285|155.16|   0.0|    0.0|    0.0|F2              |
|  0|10.00|51356.0|  1| 0.00| 0.00|   0.000|   0.000|    0.000|   0.0|   0.0|    0.0| 0.000|   0.0|   0.000|   0.000|  0.00|   0.0|    0.0|    0.0|                |
|  0|10.00|51356.0|  1| 0.02| 3.40|  36.155|  18.640| 2683.988|  -2.9|   0.1| 2739.1| 0.000|   0.0|  38.381|  29.208|155.39|   0.0|    0.0|    0.0|F2              |
|  0|10.00|51356.0|  1| 0.02| 3.36|  36.536|  18.611| 2685.815|  -2.6|   0.1| 2740.9| 0.000|   0.0|  38.525|  29.203|155.52|   0.0|    0.0|    0.0|F2              |
|  0|10.00|51356.0|  1| 0.03| 3.56|  34.859|  18.650| 2688.578|  -3.9|   0.1| 2744.3| 0.000|   0.0|  37.914|  29.280|155.05|   0.0|    0.0|    0.0|F2              |
|  0|10.00|51356.0|  1| 0.02| 3.42|  35.900|  18.654| 2683.438|  -3.1|   0.1| 2738.6| 0.000|   0.0|  38.292|  29.254|155.34|   0.0|    0.0|    0.0|F2              |
|  0|10.00|51356.0|  1| 0.03| 3.49|  35.268|  18.698| 2681.337|  -3.6|   0.1| 2736.6| 0.000|   0.0|  38.058|  29.285|155.16|   0.0|    0.0|    0.0|F2              |
+---+-----+-------+---+-----+-----+--------+--------+---------+------+------+-------+------+------+--------+--------+------+------+-------+-------+----------------+
+---+-----+-------+---+-----+-----+--------+--------+---------+------+------+-------+------+------+--------+--------+------+------+-------+-------+----------------+
|0-x| fr  |  time |hop| d0  | d1  |   fi   |  teta  |   dist  |  at  |  dev |   p   |  df  |  l   |   fot  |   tot  |  rot | lsp  |   pf  |    s  |                |
+---+-----+-------+---+-----+-----+--------+--------+---------+------+------+-------+------+------+--------+--------+------+------+-------+-------+----------------+
|  0|10.00|51356.0|  1| 0.00| 0.00|   0.000|   0.000|    0.000|   0.0|   0.0|    0.0| 0.000|   0.0|   0.000|   0.000|  0.00|   0.0|    0.0|    0.0|                |
|  0|10.00|51356.0|  1| 0.00| 0.00|   0.000|   0.000|    0.000|   0.0|   0.0|    0.0| 0.000|   0.0|   0.000|   0.000|  0.00|   0.0|    0.0|    0.0|                |
|  0|10.00|51356.0|  1| 0.00| 0.00|   0.000|   0.000|    0.000|   0.0|   0.0|    0.0| 0.000|   0.0|   0.000|   0.000|  0.00|   0.0|    0.0|    0.0|                |
|  0|10.00|51356.0|  1| 0.00| 0.00|   0.000|   0.000|    0.000|   0.0|   0.0|    0.0| 0.000|   0.0|   0.000|   0.000|  0.00|   0.0|    0.0|    0.0|                |
|  0|10.00|51356.0|  1| 0.03| 3.44|  35.782|  18.687| 2680.252|  -3.2|   0.1| 2735.4| 0.000|   0.0|  38.246|  29.266|155.31|   0.0|    0.0|    0.0|F2              |
|  0|10.00|51356.0|  1| 0.02| 3.46|  35.514|  18.665| 2683.844|  -3.4|   0.1| 2739.1| 0.000|   0.0|  38.142|  29.217|155.20|   0.0|    0.0|    0.0|F2              |
|  0|10.00|51356.0|  1| 0.02| 3.55|  34.961|  18.583| 2695.509|  -3.8|   0.1| 2751.4| 0.000|   0.0|  37.962|  29.279|155.07|   0.0|    0.0|    0.0|F2              |
|  0|10.00|51356.0|  1| 0.00| 0.00|   0.000|   0.000|    0.000|   0.0|   0.0|    0.0| 0.000|   0.0|   0.000|   0.000|  0.00|   0.0|    0.0|    0.0|                |
|  0|10.00|51356.0|  1| 0.00| 0.00|   0.000|   0.000|    0.000|   0.0|   0.0|    0.0| 0.000|   0.0|   0.000|   0.000|  0.00|   0.0|    0.0|    0.0|                |
|  0|10.00|51356.0|  1| 0.02| 3.46|  35.514|  18.665| 2683.844|  -3.4|   0.1| 2739.1| 0.000|   0.0|  38.142|  29.217|155.20|   0.0|    0.0|    0.0|F2              |
|  0|10.00|51356.0|  1| 0.03| 3.42|  36.036|  18.674| 2680.629|  -3.0|   0.1| 2735.8| 0.000|   0.0|  38.342|  29.262|155.39|   0.0|    0.0|    0.0|F2              |
|  0|10.00|51356.0|  1| 0.02| 3.39|  36.282|  18.631| 2684.487|  -2.8|   0.1| 2739.6| 0.000|   0.0|  38.429|  29.206|155.43|   0.0|    0.0|    0.0|F2              |
|  0|10.00|51356.0|  1| 0.00| 0.00|   0.000|   0.000|    0.000|   0.0|   0.0|    0.0| 0.000|   0.0|   0.000|   0.000|  0.00|   0.0|    0.0|    0.0|                |
|  0|10.00|51356.0|  1| 0.00| 0.00|   0.000|   0.000|    0.000|   0.0|   0.0|    0.0| 0.000|   0.0|   0.000|   0.000|  0.00|   0.0|    0.0|    0.0|                |
|  0|10.00|51356.0|  1| 0.00| 0.00|   0.000|   0.000|    0.000|   0.0|   0.0|    0.0| 0.000|   0.0|   0.000|   0.000|  0.00|   0.0|    0.0|    0.0|                |
|  0|10.00|51356.0|  1| 0.00| 0.00|   0.000|   0.000|    0.000|   0.0|   0.0|    0.0| 0.000|   0.0|   0.000|   0.000|  0.00|   0.0|    0.0|    0.0|                |
|  0|10.00|51356.0|  1| 0.03| 3.48|  35.396|  18.696| 2680.965|  -3.5|   0.1| 2736.2| 0.000|   0.0|  38.106|  29.282|155.20|   0.0|    0.0|    0.0|F2              |
|  0|10.00|51356.0|  1| 0.00| 0.00|   0.000|   0.000|    0.000|   0.0|   0.0|    0.0| 0.000|   0.0|   0.000|   0.000|  0.00|   0.0|    0.0|    0.0|                |
|  0|10.00|51356.0|  1| 0.00| 0.00|   0.000|   0.000|    0.000|   0.0|   0.0|    0.0| 0.000|   0.0|   0.000|   0.000|  0.00|   0.0|    0.0|    0.0|                |
|  0|10.00|51356.0|  1| 0.00| 0.00|   0.000|   0.000|    0.000|   0.0|   0.0|    0.0| 0.000|   0.0|   0.000|   0.000|  0.00|   0.0|    0.0|    0.0|                |
+---+-----+-------+---+-----+-----+--------+--------+---------+------+------+-------+------+------+--------+--------+------+------+-------+-------+----------------+
+---+-----+-------+---+-----+-----+--------+--------+---------+------+------+-------+------+------+--------+--------+------+------+-------+-------+----------------+
|0-x| fr  |  time |hop| d0  | d1  |   fi   |  teta  |   dist  |  at  |  dev |   p   |  df  |  l   |   fot  |   tot  |  rot | lsp  |   pf  |    s  |                |
+---+-----+-------+---+-----+-----+--------+--------+---------+------+------+-------+------+------+--------+--------+------+------+-------+-------+----------------+
|  0|10.00|51356.0|  1| 0.02| 3.49|  35.253|  18.660| 2685.578|  -3.6|   0.1| 2741.0| 0.000|   0.0|  38.041|  29.189|155.09|   0.0|    0.0|    0.0|F2              |
|  0|10.00|51356.0|  1| 0.00| 0.00|   0.000|   0.000|    0.000|   0.0|   0.0|    0.0| 0.000|   0.0|   0.000|   0.000|  0.00|   0.0|    0.0|    0.0|                |
|  0|10.00|51356.0|  1| 0.00| 0.00|   0.000|   0.000|    0.000|   0.0|   0.0|    0.0| 0.000|   0.0|   0.000|   0.000|  0.00|   0.0|    0.0|    0.0|                |
|  0|10.00|51356.0|  1| 0.02| 3.51|  35.114|  18.638| 2688.723|  -3.7|   0.1| 2744.3| 0.000|   0.0|  38.009|  29.277|155.11|   0.0|    0.0|    0.0|F2              |
|  0|10.00|51356.0|  1| 0.00| 0.00|   0.000|   0.000|    0.000|   0.0|   0.0|    0.0| 0.000|   0.0|   0.000|   0.000|  0.00|   0.0|    0.0|    0.0|                |
|  0|10.00|51356.0|  1| 0.02| 3.55|  34.961|  18.583| 2695.509|  -3.8|   0.1| 2751.4| 0.000|   0.0|  37.962|  29.279|155.07|   0.0|    0.0|    0.0|F2              |
|  0|10.00|51356.0|  1| 0.00| 0.00|   0.000|   0.000|    0.000|   0.0|   0.0|    0.0| 0.000|   0.0|   0.000|   0.000|  0.00|   0.0|    0.0|    0.0|                |
|  0|10.00|51356.0|  1| 0.02| 3.49|  35.253|  18.660| 2685.578|  -3.6|   0.1| 2741.0| 0.000|   0.0|  38.041|  29.189|155.09|   0.0|    0.0|    0.0|F2              |
|  0|10.00|51356.0|  1| 0.02| 3.55|  34.961|  18.583| 2695.509|  -3.8|   0.1| 2751.4| 0.000|   0.0|  37.962|  29.279|155.07|   0.0|    0.0|    0.0|F2              |
|  0|10.00|51356.0|  1| 0.02| 3.51|  35.114|  18.638| 2688.723|  -3.7|   0.1| 2744.3| 0.000|   0.0|  38.009|  29.277|155.11|   0.0|    0.0|    0.0|F2              |
|  0|10.00|51356.0|  1| 0.00| 0.00|   0.000|   0.000|    0.000|   0.0|   0.0|    0.0| 0.000|   0.0|   0.000|   0.000|  0.00|   0.0|    0.0|    0.0|                |
|  0|10.00|51356.0|  1| 0.00| 0.00|   0.000|   0.000|    0.000|   0.0|   0.0|    0.0| 0.000|   0.0|   0.000|   0.000|  0.00|   0.0|    0.0|    0.0|                |
|  0|10.00|51356.0|  1| 0.00| 0.00|   0.000|   0.000|    0.000|   0.0|   0.0|    0.0| 0.000|   0.0|   0.000|   0.000|  0.00|   0.0|    0.0|    0.0|                |
|  0|10.00|51421.4|  1| 0.00| 0.00|   0.000|   0.000|    0.000|   0.0|   0.0|    0.0| 0.000|   0.0|   0.000|   0.000|  0.00|   0.0|    0.0|    0.0|                |
|  0|10.00|51421.4|  1| 0.04| 3.42|  34.699|  18.887| 2663.394|  -4.1|   0.1| 2717.4| 0.000|   0.0|  37.849|  29.434|154.89|   0.0|    0.0|    0.0|F2              |
|  0|10.00|51421.4|  1| 0.00| 0.00|   0.000|   0.000|    0.000|   0.0|   0.0|    0.0| 0.000|   0.0|   0.000|   0.000|  0.00|   0.0|    0.0|    0.0|                |
|  0|10.00|51421.4|  1| 0.03| 3.33|  35.460|  18.885| 2659.822|  -3.5|   0.1| 2713.4| 0.000|   0.0|  38.126|  29.400|155.05|   0.0|    0.0|    0.0|F2              |
|  0|10.00|51421.4|  1| 0.00| 0.00|   0.000|   0.000|    0.000|   0.0|   0.0|    0.0| 0.000|   0.0|   0.000|   0.000|  0.00|   0.0|    0.0|    0.0|                |
|  0|10.00|51421.4|  1| 0.00| 0.00|   0.000|   0.000|    0.000|   0.0|   0.0|    0.0| 0.000|   0.0|   0.000|   0.000|  0.00|   0.0|    0.0|    0.0|                |
|  0|10.00|51421.4|  1| 0.00| 0.00|   0.000|   0.000|    0.000|   0.0|   0.0|    0.0| 0.000|   0.0|   0.000|   0.000|  0.00|   0.0|    0.0|    0.0|                |
+---+-----+-------+---+-----+-----+--------+--------+---------+------+------+-------+------+------+--------+--------+------+------+-------+-------+----------------+
+---+-----+-------+---+-----+-----+--------+--------+---------+------+------+-------+------+------+--------+--------+------+------+-------+-------+----------------+
|0-x| fr  |  time |hop| d0  | d1  |   fi   |  teta  |   dist  |  at  |  dev |   p   |  df  |  l   |   fot  |   tot  |  rot | lsp  |   pf  |    s  |                |
+---+-----+-------+---+-----+-----+--------+--------+---------+------+------+-------+------+------+--------+--------+------+------+-------+-------+----------------+
|  0|10.00|51421.4|  1| 0.00| 0.00|   0.000|   0.000|    0.000|   0.0|   0.0|    0.0| 0.000|   0.0|   0.000|   0.000|  0.00|   0.0|    0.0|    0.0|                |
|  0|10.00|51421.4|  1| 0.00| 0.00|   0.000|   0.000|    0.000|   0.0|   0.0|    0.0| 0.000|   0.0|   0.000|   0.000|  0.00|   0.0|    0.0|    0.0|                |
|  0|10.00|51421.4|  1| 0.01| 3.34|  35.188|  18.841| 2665.941|  -3.7|   0.1| 2719.7| 0.000|   0.0|  38.033|  29.406|154.96|   0.0|    0.0|    0.0|F2              |
|  0|10.00|51421.4|  1| 0.00| 0.00|   0.000|   0.000|    0.000|   0.0|   0.0|    0.0| 0.000|   0.0|   0.000|   0.000|  0.00|   0.0|    0.0|    0.0|                |
|  0|10.00|51421.4|  1| 0.00| 0.00|   0.000|   0.000|    0.000|   0.0|   0.0|    0.0| 0.000|   0.0|   0.000|   0.000|  0.00|   0.0|    0.0|    0.0|                |
|  0|10.00|51421.4|  1| 0.00| 0.00|   0.000|   0.000|    0.000|   0.0|   0.0|    0.0| 0.000|   0.0|   0.000|   0.000|  0.00|   0.0|    0.0|    0.0|                |
|  0|10.00|51421.4|  1| 0.00| 0.00|   0.000|   0.000|    0.000|   0.0|   0.0|    0.0| 0.000|   0.0|   0.000|   0.000|  0.00|   0.0|    0.0|    0.0|                |
|  0|10.00|51421.4|  1| 0.00| 0.00|   0.000|   0.000|    0.000|   0.0|   0.0|    0.0| 0.000|   0.0|   0.000|   0.000|  0.00|   0.0|    0.0|    0.0|                |
|  0|10.00|51421.4|  1| 0.00| 0.00|   0.000|   0.000|    0.000|   0.0|   0.0|    0.0| 0.000|   0.0|   0.000|   0.000|  0.00|   0.0|    0.0|    0.0|                |
|  0|10.00|51421.4|  1| 0.00| 0.00|   0.000|   0.000|    0.000|   0.0|   0.0|    0.0| 0.000|   0.0|   0.000|   0.000|  0.00|   0.0|    0.0|    0.0|                |
|  0|10.00|51421.4|  1| 0.00| 0.00|   0.000|   0.000|    0.000|   0.0|   0.0|    0.0| 0.000|   0.0|   0.000|   0.000|  0.00|   0.0|    0.0|    0.0|                |
|  0|10.00|51421.4|  1| 0.00| 0.00|   0.000|   0.000|    0.000|   0.0|   0.0|    0.0| 0.000|   0.0|   0.000|   0.000|  0.00|   0.0|    0.0|    0.0|                |
|  0|10.00|51421.4|  1| 0.00| 0.00|   0.000|   0.000|    0.000|   0.0|   0.0|    0.0| 0.000|   0.0|   0.000|   0.000|  0.00|   0.0|    0.0|    0.0|                |
|  0|10.00|51421.4|  1| 0.00| 0.00|   0.000|   0.000|    0.000|   0.0|   0.0|    0.0| 0.000|   0.0|   0.000|   0.000|  0.00|   0.0|    0.0|    0.0|                |
|  0|10.00|51421.4|  1| 0.00| 0.00|   0.000|   0.000|    0.000|   0.0|   0.0|    0.0| 0.000|   0.0|   0.000|   0.000|  0.00|   0.0|    0.0|    0.0|                |
|  0|10.00|51421.4|  1| 0.00| 0.00|   0.000|   0.000|    0.000|   0.0|   0.0|    0.0| 0.000|   0.0|   0.000|   0.000|  0.00|   0.0|    0.0|    0.0|                |
|  0|10.00|51421.4|  1| 0.00| 0.00|   0.000|   0.000|    0.000|   0.0|   0.0|    0.0| 0.000|   0.0|   0.000|   0.000|  0.00|   0.0|    0.0|    0.0|                |
|  0|10.00|51486.4|  1| 0.00| 0.00|   0.000|   0.000|    0.000|   0.0|   0.0|    0.0| 0.000|   0.0|   0.000|   0.000|  0.00|   0.0|    0.0|    0.0|                |
|  0|10.00|51486.4|  1| 0.00| 0.00|   0.000|   0.000|    0.000|   0.0|   0.0|    0.0| 0.000|   0.0|   0.000|   0.000|  0.00|   0.0|    0.0|    0.0|                |
|  0|10.00|51486.4|  1| 0.00| 0.00|   0.000|   0.000|    0.000|   0.0|   0.0|    0.0| 0.000|   0.0|   0.000|   0.000|  0.00|   0.0|    0.0|    0.0|                |
+---+-----+-------+---+-----+-----+--------+--------+---------+------+------+-------+------+------+--------+--------+------+------+-------+-------+----------------+
+---+-----+-------+---+-----+-----+--------+--------+---------+------+------+-------+------+------+--------+--------+------+------+-------+-------+----------------+
|0-x| fr  |  time |hop| d0  | d1  |   fi   |  teta  |   dist  |  at  |  dev |   p   |  df  |  l   |   fot  |   tot  |  rot | lsp  |   pf  |    s  |                |
+---+-----+-------+---+-----+-----+--------+--------+---------+------+------+-------+------+------+--------+--------+------+------+-------+-------+----------------+
|  0|10.00|51486.4|  1| 0.00| 0.00|   0.000|   0.000|    0.000|   0.0|   0.0|    0.0| 0.000|   0.0|   0.000|   0.000|  0.00|   0.0|    0.0|    0.0|                |
|  0|10.00|51486.4|  1| 0.00| 0.00|   0.000|   0.000|    0.000|   0.0|   0.0|    0.0| 0.000|   0.0|   0.000|   0.000|  0.00|   0.0|    0.0|    0.0|                |
|  0|10.00|51486.4|  1| 0.00| 0.00|   0.000|   0.000|    0.000|   0.0|   0.0|    0.0| 0.000|   0.0|   0.000|   0.000|  0.00|   0.0|    0.0|    0.0|                |
|  0|10.00|51486.4|  1| 0.00| 0.00|   0.000|   0.000|    0.000|   0.0|   0.0|    0.0| 0.000|   0.0|   0.000|   0.000|  0.00|   0.0|    0.0|    0.0|                |
|  0|10.00|51486.4|  1| 0.00| 0.00|   0.000|   0.000|    0.000|   0.0|   0.0|    0.0| 0.000|   0.0|   0.000|   0.000|  0.00|   0.0|    0.0|    0.0|                |
|  0|10.00|51486.4|  1| 0.00| 0.00|   0.000|   0.000|    0.000|   0.0|   0.0|    0.0| 0.000|   0.0|   0.000|   0.000|  0.00|   0.0|    0.0|    0.0|                |
|  0|10.00|51486.4|  1| 0.00| 0.00|   0.000|   0.000|    0.000|   0.0|   0.0|    0.0| 0.000|   0.0|   0.000|   0.000|  0.00|   0.0|    0.0|    0.0|                |
|  0|10.00|51486.4|  1| 0.00| 0.00|   0.000|   0.000|    0.000|   0.0|   0.0|    0.0| 0.000|   0.0|   0.000|   0.000|  0.00|   0.0|    0.0|    0.0|                |
|  0|10.00|51486.4|  1| 0.00| 0.00|   0.000|   0.000|    0.000|   0.0|   0.0|    0.0| 0.000|   0.0|   0.000|   0.000|  0.00|   0.0|    0.0|    0.0|                |
|  0|10.00|51551.1|  1| 0.03| 3.02|  35.472|  18.943| 2653.340|  -3.5|   0.1| 2705.3| 0.000|   0.0|  38.154|  29.561|154.92|   0.0|    0.0|    0.0|F2              |
|  0|10.00|51551.1|  1| 0.02| 3.05|  35.215|  18.930| 2656.016|  -3.7|   0.1| 2708.1| 0.000|   0.0|  38.060|  29.555|154.87|   0.0|    0.0|    0.0|F2              |
|  0|10.00|51551.1|  1| 0.02| 2.99|  35.965|  18.913| 2654.543|  -3.1|   0.1| 2706.5| 0.000|   0.0|  38.335|  29.533|154.99|   0.0|    0.0|    0.0|F2              |
|  0|10.00|51551.1|  1| 0.03| 3.05|  35.223|  18.949| 2653.889|  -3.7|   0.1| 2706.0| 0.000|   0.0|  38.059|  29.554|154.88|   0.0|    0.0|    0.0|F2              |
|  0|10.00|51551.1|  1| 0.04| 3.11|  34.857|  18.975| 2652.807|  -4.0|   0.1| 2705.1| 0.000|   0.0|  37.923|  29.570|154.84|   0.0|    0.0|    0.0|F2              |
|  0|10.00|51551.1|  1| 0.03| 3.10|  34.972|  18.949| 2655.102|  -3.9|   0.1| 2707.3| 0.000|   0.0|  37.967|  29.558|154.84|   0.0|    0.0|    0.0|F2              |
|  0|10.00|51551.1|  1| 0.02| 3.01|  35.589|  18.919| 2655.524|  -3.4|   0.1| 2707.5| 0.000|   0.0|  38.198|  29.549|154.93|   0.0|    0.0|    0.0|F2              |
|  0|10.00|51551.1|  1| 0.04| 3.03|  35.479|  18.961| 2651.315|  -3.5|   0.1| 2703.3| 0.000|   0.0|  38.153|  29.560|154.93|   0.0|    0.0|    0.0|F2              |
|  0|10.00|51551.1|  1| 0.00| 0.00|   0.000|   0.000|    0.000|   0.0|   0.0|    0.0| 0.000|   0.0|   0.000|   0.000|  0.00|   0.0|    0.0|    0.0|                |
|  0|10.00|51551.1|  1| 0.03| 3.05|  35.223|  18.949| 2653.889|  -3.7|   0.1| 2706.0| 0.000|   0.0|  38.059|  29.554|154.88|   0.0|    0.0|    0.0|F2              |
|  0|10.00|51551.1|  1| 0.04| 3.08|  34.983|  18.976| 2652.097|  -3.9|   0.1| 2704.2| 0.000|   0.0|  37.969|  29.568|154.85|   0.0|    0.0|    0.0|F2              |
+---+-----+-------+---+-----+-----+--------+--------+---------+------+------+-------+------+------+--------+--------+------+------+-------+-------+----------------+
+---+-----+-------+---+-----+-----+--------+--------+---------+------+------+-------+------+------+--------+--------+------+------+-------+-------+----------------+
|0-x| fr  |  time |hop| d0  | d1  |   fi   |  teta  |   dist  |  at  |  dev |   p   |  df  |  l   |   fot  |   tot  |  rot | lsp  |   pf  |    s  |                |
+---+-----+-------+---+-----+-----+--------+--------+---------+------+------+-------+------+------+--------+--------+------+------+-------+-------+----------------+
|  0|10.00|51551.1|  1| 0.02| 3.05|  35.215|  18.930| 2656.016|  -3.7|   0.1| 2708.1| 0.000|   0.0|  38.060|  29.555|154.87|   0.0|    0.0|    0.0|F2              |
|  0|10.00|51551.1|  1| 0.03| 3.00|  35.846|  18.933| 2652.884|  -3.2|   0.1| 2704.8| 0.000|   0.0|  38.288|  29.534|154.98|   0.0|    0.0|    0.0|F2              |
|  0|10.00|51615.5|  1| 0.00| 0.00|   0.000|   0.000|    0.000|   0.0|   0.0|    0.0| 0.000|   0.0|   0.000|   0.000|  0.00|   0.0|    0.0|    0.0|                |
|  0|10.00|51615.5|  1| 0.00| 0.00|   0.000|   0.000|    0.000|   0.0|   0.0|    0.0| 0.000|   0.0|   0.000|   0.000|  0.00|   0.0|    0.0|    0.0|                |
|  0|10.00|51615.5|  1| 0.00| 0.00|   0.000|   0.000|    0.000|   0.0|   0.0|    0.0| 0.000|   0.0|   0.000|   0.000|  0.00|   0.0|    0.0|    0.0|                |
|  0|10.00|51744.5|  1|33.69|36.79|  30.760|  41.674|  685.591| -76.9|  -0.8|  870.5| 0.000|   0.0|  35.099|  42.033|227.34|   0.0|    0.0|    0.0|F2              |
|   |     |       |  2|36.79|38.83|  22.390|  41.518| 1303.213| -77.7|  -1.6| 1680.1| 0.000|   0.0|  26.446|  41.473|218.21|   0.0|    0.0|    0.0|F2F2            |
|   |     |       |  3|38.83|40.00|  14.524|  42.063| 1888.480| -78.4|  -2.3| 2464.1| 0.000|   0.0|  18.369|  41.691|214.21|   0.0|    0.0|    0.0|F2F2F2          |
|  0|10.00|51809.5|  1| 0.05| 2.52|  36.564|  18.858| 2658.349|  -2.6|   0.1| 2708.7| 0.000|   0.0|  38.586|  29.683|154.97|   0.0|    0.0|    0.0|F2              |
|  0|10.00|51809.5|  1|26.14|30.09|  29.354|  39.491|  843.614| -61.0|  -0.5|  990.4| 0.000|   0.0|  34.431|  40.851|216.23|   0.0|    0.0|    0.0|F2              |
|   |     |       |  2|30.09|32.23|  19.220|  37.644| 1574.688| -61.4|  -0.9| 1873.6| 0.000|   0.0|  24.218|  38.397|202.88|   0.0|    0.0|    0.0|F2F2            |
|   |     |       |  3|32.23|33.24|   9.039|  36.821| 2264.896| -61.8|  -1.3| 2721.2| 0.000|   0.0|  14.089|  37.095|198.04|   0.0|    0.0|    0.0|F2F2F2          |
|  0|10.00|51809.5|  1|25.45|29.37|  28.989|  39.620|  862.863| -62.5|  -0.5| 1006.4| 0.000|   0.0|  34.186|  40.896|215.25|   0.0|    0.0|    0.0|F2              |
|   |     |       |  2|29.37|31.48|  18.573|  37.943| 1611.042| -62.9|  -0.9| 1903.3| 0.000|   0.0|  23.672|  38.603|201.97|   0.0|    0.0|    0.0|F2F2            |
|   |     |       |  3|31.48|32.50|   8.194|  37.326| 2318.238| -63.3|  -1.3| 2764.6| 0.000|   0.0|  13.343|  37.495|197.29|   0.0|    0.0|    0.0|F2F2F2          |
|  0|10.00|51874.0|  1|33.63|37.07|  30.993|  40.921|  683.322| -69.7|  -0.7|  868.7| 0.000|   0.0|  35.217|  41.637|227.48|   0.0|    0.0|    0.0|F2              |
|   |     |       |  2|37.07|39.31|  22.683|  40.067| 1290.268| -70.5|  -1.5| 1668.3| 0.000|   0.0|  26.734|  40.363|217.00|   0.0|    0.0|    0.0|F2F2            |
|   |     |       |  3|39.31|40.55|  14.700|  39.946| 1860.429| -71.2|  -2.2| 2437.4| 0.000|   0.0|  18.610|  39.902|212.16|   0.0|    0.0|    0.0|F2F2F2          |
|  0|10.00|51938.2|  1| 0.02| 3.51|  11.246|  36.708| 2119.941| -61.0|   0.1| 2150.4| 0.000|   0.0|  24.188|  38.390|108.76|   0.0|    0.0|    0.0|Es              |
|   |     |       |  2| 3.51| 3.90| -13.166|  37.469| 3750.860| -61.0|   0.1| 3807.3| 0.000|   0.0|  -1.536|  36.477| 97.37|   0.0|    0.0|    0.0|EEs             |
+---+-----+-------+---+-----+-----+--------+--------+---------+------+------+-------+------+------+--------+--------+------+------+-------+-------+----------------+
+---+-----+-------+---+-----+-----+--------+--------+---------+------+------+-------+------+------+--------+--------+------+------+-------+-------+----------------+
|0-x| fr  |  time |hop| d0  | d1  |   fi   |  teta  |   dist  |  at  |  dev |   p   |  df  |  l   |   fot  |   tot  |  rot | lsp  |   pf  |    s  |                |
+---+-----+-------+---+-----+-----+--------+--------+---------+------+------+-------+------+------+--------+--------+------+------+-------+-------+----------------+
|  0|10.00|52067.1|  1| 0.02| 2.62|  33.754|  19.056| 2650.422|  -4.9|   0.1| 2700.4| 0.000|   0.0|  37.558|  29.797|154.72|   0.0|    0.0|    0.0|F2              |
|  0|10.00|52067.1|  1|26.18|30.38|  29.695|  39.052|  840.740| -57.3|  -0.5|  988.7| 0.000|   0.0|  34.576|  40.606|217.48|   0.0|    0.0|    0.0|F2              |
|   |     |       |  2|30.38|32.67|  19.794|  36.801| 1561.269| -57.7|  -0.9| 1862.6| 0.000|   0.0|  24.651|  37.743|203.02|   0.0|    0.0|    0.0|F2F2            |
|   |     |       |  3|32.67|33.64|   9.662|  35.571| 2239.528| -58.0|  -1.2| 2699.5| 0.000|   0.0|  14.688|  36.047|197.90|   0.0|    0.0|    0.0|F2F2F2          |
|  0|10.00|52131.8|  1|20.49|23.73|  25.901|  43.338| 1056.315| -88.6|  -0.6| 1180.1| 0.000|   0.0|  32.443|  42.780|214.11|   0.0|    0.0|    0.0|F2              |
|   |     |       |  2|23.73|25.92|  14.018|  45.431| 2008.134| -89.1|  -1.1| 2264.8| 0.000|   0.0|  19.662|  44.232|204.24|   0.0|    0.0|    0.0|F2F2            |
|   |     |       |  3|25.92|27.42|   3.624|  48.551| 2920.605| -89.4|  -1.4| 3320.7| 0.000|   0.0|   8.608|  46.889|200.14|   0.0|    0.0|    0.0|F2F2F2          |
|  0|10.00|52195.7|  1| 0.04| 1.99|  37.633|  18.623| 2681.439|  -1.7|   0.1| 2730.6| 0.000|   0.0|  39.004|  29.777|154.97|   0.0|    0.0|    0.0|F2              |
|  0|10.00|52195.7|  1| 0.03| 3.21|  11.462|  35.672| 2122.697| -57.8|   0.1| 2152.5| 0.000|   0.0|  24.636|  37.841|108.85|   0.0|    0.0|    0.0|Es              |
|   |     |       |  2| 3.21| 3.72| -14.552|  35.822| 3802.810| -57.8|   0.1| 3858.9| 0.000|   0.0|  -2.125|  35.050| 97.83|   0.0|    0.0|    0.0|EEs             |
|  0|10.00|52195.7|  1|19.58|22.73|  25.553|  44.173| 1100.599| -93.2|  -0.6| 1221.5| 0.000|   0.0|  32.112|  43.218|214.13|   0.0|    0.0|    0.0|F2              |
|   |     |       |  2|22.73|25.13|  13.658|  47.055| 2097.314| -93.6|  -1.0| 2349.5| 0.000|   0.0|  19.260|  45.481|204.76|   0.0|    0.0|    0.0|F2F2            |
|   |     |       |  3|25.13|26.98|   3.556|  50.831| 3041.674| -93.8|  -1.2| 3436.5| 0.000|   0.0|   8.335|  48.881|199.05|   0.0|    0.0|    0.0|F2F2F2          |
|  0|10.00|52195.7|  1| 0.02| 2.80|  32.399|  19.293| 2634.365|  -6.1|   0.1| 2684.4| 0.000|   0.0|  37.020|  29.833|154.65|   0.0|    0.0|    0.0|F2              |
|  0|10.00|52195.7|  1|29.72|33.48|  30.011|  40.494|  764.109| -67.5|  -0.7|  930.0| 0.000|   0.0|  34.697|  41.383|224.13|   0.0|    0.0|    0.0|F2              |
|   |     |       |  2|33.48|35.78|  20.793|  39.429| 1432.375| -68.2|  -1.4| 1770.6| 0.000|   0.0|  25.294|  39.810|211.79|   0.0|    0.0|    0.0|F2F2            |
|   |     |       |  3|35.78|36.98|  11.881|  39.237| 2060.036| -68.8|  -2.0| 2576.8| 0.000|   0.0|  16.294|  39.213|206.77|   0.0|    0.0|    0.0|F2F2F2          |
|  0|10.00|52195.7|  1| 0.02| 4.56|  12.025|  43.121| 2093.161| -80.9|   0.1| 2125.5| 0.000|   0.0|  23.220|  42.155|106.87|   0.0|    0.0|    0.0|E               |
|   |     |       |  2| 4.56| 4.80|  -5.832|  47.190| 3567.880| -80.9|   0.1| 3625.9| 0.000|   0.0|   2.656|  44.835| 97.10|   0.0|    0.0|    0.0|EE              |
|  0|10.00|52195.7|  1|32.07|35.02|  30.172|  42.328|  725.404| -83.0|  -0.9|  902.9| 0.000|   0.0|  34.778|  42.358|228.81|   0.0|    0.0|    0.0|F2              |
+---+-----+-------+---+-----+-----+--------+--------+---------+------+------+-------+------+------+--------+--------+------+------+-------+-------+----------------+
|   |     |       |  2|35.02|37.01|  21.472|  42.864| 1382.197| -83.9|  -1.8| 1744.3| 0.000|   0.0|  25.706|  42.471|220.03|   0.0|    0.0|    0.0|F2F2            |
|   |     |       |  3|37.01|38.22|  13.489|  44.117| 2007.974| -84.7|  -2.6| 2562.4| 0.000|   0.0|  17.363|  43.394|216.30|   0.0|    0.0|    0.0|F2F2F2          |
+==============================================================================+
|   Medium characteristics Sunspot number= 183.5 IG= 183.5   GMT time:14:29    |
|------------------------------------------------------------------------------|
|   S   | fh |  I  |   D  | fd |  hd | fe |  he | ff1 | hf1 | ff2 | hf2 |   Hi |
|-------+----+-----+------+----+-----+----+-----+-----+-----+-----+-----+------|
|    0.0|1.25| 58.8|   3.1|0.18| 83.1|1.35|110.0| 0.00|  0.0|11.62|300.9|  92.1|
+==============================================================================+

+==================================+
|       Es-layer parametres        |
|----------------------------------|
|   S   | hEs | fbEs | f0Es | P Es |
|-------+-----+------+------+------|
|    0.0|108.0| 2.19 | 2.69 | 64.1 |
+==================================+

|  0|10.00|52259.3|  1| 0.04| 2.39|  40.066|  18.855| 2653.249|   0.2|   0.1| 2703.0| 0.000|   0.0|  39.862|  29.718|155.58|   0.0|    0.0|    0.0|F2              |
|  0|10.00|52259.3|  1|27.83|29.20|  31.372|  47.730|  867.612|-126.9|  -0.8| 1024.7| 0.000|   0.0|  35.239|  45.182|231.36|   0.0|    0.0|    0.0|F2              |
|   |     |       |  2|29.20|32.08|  24.750|  53.001| 1682.422|-127.3|  -1.2| 2006.8| 0.000|   0.0|  27.809|  50.405|224.89|   0.0|    0.0|    0.0|F2F2            |
|   |     |       |  3|32.08|34.68|  19.432|  58.159| 2434.889|-127.5|  -1.4| 2940.4| 0.000|   0.0|  21.917|  55.643|216.04|   0.0|    0.0|    0.0|F2F2F2          |
|  0|10.00|52259.3|  1| 0.02| 2.43|  34.845|  18.987| 2651.625|  -4.0|   0.1| 2701.1| 0.000|   0.0|  37.958|  29.754|154.92|   0.0|    0.0|    0.0|F2              |
|  0|10.00|52259.3|  1|27.00|30.18|  28.583|  42.193|  844.168| -81.9|  -0.8|  996.5| 0.000|   0.0|  33.929|  42.249|222.69|   0.0|    0.0|    0.0|F2              |
|   |     |       |  2|30.18|32.20|  18.543|  42.839| 1601.217| -82.6|  -1.5| 1912.8| 0.000|   0.0|  23.369|  42.372|212.55|   0.0|    0.0|    0.0|F2F2            |
|   |     |       |  3|32.20|33.38|   9.361|  44.373| 2324.842| -83.2|  -2.1| 2803.5| 0.000|   0.0|  13.801|  43.498|208.89|   0.0|    0.0|    0.0|F2F2F2          |
|  0|10.00|52259.3|  1|28.06|31.88|  29.470|  40.437|  803.466| -67.8|  -0.7|  961.2| 0.000|   0.0|  34.426|  41.341|222.32|   0.0|    0.0|    0.0|F2              |
|   |     |       |  2|31.88|34.14|  19.781|  39.409| 1503.511| -68.4|  -1.3| 1825.1| 0.000|   0.0|  24.511|  39.764|209.46|   0.0|    0.0|    0.0|F2F2            |
|   |     |       |  3|34.14|35.31|  10.431|  39.320| 2162.217| -69.0|  -1.9| 2653.8| 0.000|   0.0|  15.068|  39.238|204.54|   0.0|    0.0|    0.0|F2F2F2          |
|  0|10.00|52364.6|  1| 0.01| 3.00|  32.161|  19.477| 2616.357|  -6.4|   0.1| 2666.5| 0.000|   0.0|  36.870|  29.791|155.14|   0.0|    0.0|    0.0|F2              |
|  0|10.00|52364.6|  1|28.28|30.15|  29.820|  45.703|  841.992|-109.5|  -0.8| 1000.9| 0.000|   0.0|  34.506|  44.094|229.79|   0.0|    0.0|    0.0|F2              |
|   |     |       |  2|30.15|32.35|  21.543|  49.350| 1631.996|-110.2|  -1.5| 1959.0| 0.000|   0.0|  25.420|  47.484|223.80|   0.0|    0.0|    0.0|F2F2            |
|   |     |       |  3|32.35|34.67|  14.616|  53.305| 2376.318|-110.5|  -1.8| 2883.9| 0.000|   0.0|  17.873|  51.335|217.79|   0.0|    0.0|    0.0|F2F2F2          |
|  0|10.00|52364.6|  1|27.95|32.28|  30.372|  39.053|  798.056| -55.8|  -0.5|  956.0| 0.000|   0.0|  34.953|  40.629|221.83|   0.0|    0.0|    0.0|F2              |
|   |     |       |  2|32.28|34.81|  21.149|  36.723| 1478.211| -56.3|  -1.0| 1800.1| 0.000|   0.0|  25.709|  37.720|206.89|   0.0|    0.0|    0.0|F2F2            |
|   |     |       |  3|34.81|35.89|  11.714|  35.337| 2113.545| -56.8|  -1.5| 2605.0| 0.000|   0.0|  16.379|  35.896|201.03|   0.0|    0.0|    0.0|F2F2F2          |
+---+-----+-------+---+-----+-----+--------+--------+---------+------+------+-------+------+------+--------+--------+------+------+-------+-------+----------------+
+---+-----+-------+---+-----+-----+--------+--------+---------+------+------+-------+------+------+--------+--------+------+------+-------+-------+----------------+
|0-x| fr  |  time |hop| d0  | d1  |   fi   |  teta  |   dist  |  at  |  dev |   p   |  df  |  l   |   fot  |   tot  |  rot | lsp  |   pf  |    s  |                |
+---+-----+-------+---+-----+-----+--------+--------+---------+------+------+-------+------+------+--------+--------+------+------+-------+-------+----------------+
|  0|10.00|52364.6|  1|19.78|23.95|  26.045|  40.111| 1051.650| -68.9|  -0.5| 1172.2| 0.000|   0.0|  32.553|  41.057|210.40|   0.0|    0.0|    0.0|F2              |
|   |     |       |  2|23.95|26.05|  13.429|  39.415| 1950.900| -69.4|  -1.0| 2197.2| 0.000|   0.0|  19.564|  39.547|195.90|   0.0|    0.0|    0.0|F2F2            |
|   |     |       |  3|26.05|27.08|   1.403|  40.117| 2808.620| -69.7|  -1.3| 3187.4| 0.000|   0.0|   7.322|  39.591|192.07|   0.0|    0.0|    0.0|F2F2F2          |
|  0|10.00|52448.9|  1|27.03|29.27|  28.910|  44.799|  868.925|-101.4|  -0.8| 1022.2| 0.000|   0.0|  34.060|  43.607|227.55|   0.0|    0.0|    0.0|F2              |
|   |     |       |  2|29.27|31.38|  19.722|  47.742| 1675.555|-102.1|  -1.5| 1990.7| 0.000|   0.0|  24.084|  46.182|220.59|   0.0|    0.0|    0.0|F2F2            |
|   |     |       |  3|31.38|33.41|  11.886|  51.201| 2440.733|-102.5|  -1.9| 2929.3| 0.000|   0.0|  15.590|  49.445|215.43|   0.0|    0.0|    0.0|F2F2F2          |
|  0|10.00|52448.9|  1| 0.01| 2.80|  34.098|  19.217| 2630.582|  -4.7|   0.1| 2680.7| 0.000|   0.0|  37.633|  29.729|155.59|   0.0|    0.0|    0.0|F2              |
|  0|10.00|52448.9|  1|31.74|34.85|  30.072|  42.043|  733.445| -80.5|  -0.9|  910.4| 0.000|   0.0|  34.726|  42.204|229.77|   0.0|    0.0|    0.0|F2              |
|   |     |       |  2|34.85|36.93|  21.254|  42.347| 1392.237| -81.4|  -1.8| 1753.1| 0.000|   0.0|  25.546|  42.063|220.13|   0.0|    0.0|    0.0|F2F2            |
|   |     |       |  3|36.93|38.16|  13.127|  43.406| 2017.365| -82.3|  -2.7| 2569.6| 0.000|   0.0|  17.069|  42.774|216.03|   0.0|    0.0|    0.0|F2F2F2          |
|  0|10.00|52448.9|  1|31.09|34.18|  29.871|  42.119|  748.128| -81.2|  -0.9|  921.7| 0.000|   0.0|  34.615|  42.239|229.06|   0.0|    0.0|    0.0|F2              |
|   |     |       |  2|34.18|36.24|  20.898|  42.518| 1420.618| -82.1|  -1.8| 1774.5| 0.000|   0.0|  25.262|  42.185|219.44|   0.0|    0.0|    0.0|F2F2            |
|   |     |       |  3|36.24|37.47|  12.651|  43.685| 2059.663| -82.9|  -2.6| 2601.6| 0.000|   0.0|  16.680|  42.995|215.49|   0.0|    0.0|    0.0|F2F2F2          |
|  0|10.00|52448.9|  1| 0.03| 2.51|  37.457|  18.910| 2649.950|  -1.9|   0.1| 2700.0| 0.000|   0.0|  38.907|  29.709|155.98|   0.0|    0.0|    0.0|F2              |
|  0|10.00|52512.7|  1|23.21|25.60|  27.638|  45.481|  989.627|-103.6|  -0.7| 1126.4| 0.000|   0.0|  33.330|  43.935|223.86|   0.0|    0.0|    0.0|F2              |
|   |     |       |  2|25.60|28.12|  17.673|  49.192| 1901.827|-104.1|  -1.2| 2185.7| 0.000|   0.0|  22.311|  47.276|215.77|   0.0|    0.0|    0.0|F2F2            |
|   |     |       |  3|28.12|30.51|   9.439|  53.360| 2752.576|-104.3|  -1.4| 3195.6| 0.000|   0.0|  13.300|  51.274|208.36|   0.0|    0.0|    0.0|F2F2F2          |
|  0|10.00|52512.7|  1| 0.02| 2.36|  38.816|  18.755| 2664.875|  -0.8|   0.1| 2715.0| 0.000|   0.0|  39.406|  29.669|156.33|   0.0|    0.0|    0.0|F2              |
|  0|10.00|52512.7|  1|33.77|35.72|  30.895|  44.449|  709.732|-102.4|  -1.0|  896.9| 0.000|   0.0|  35.119|  43.467|235.62|   0.0|    0.0|    0.0|F2              |
|   |     |       |  2|35.72|37.48|  23.213|  46.838| 1375.052|-103.4|  -2.0| 1756.7| 0.000|   0.0|  26.854|  45.572|230.07|   0.0|    0.0|    0.0|F2F2            |
+---+-----+-------+---+-----+-----+--------+--------+---------+------+------+-------+------+------+--------+--------+------+------+-------+-------+----------------+
|   |     |       |  3|37.48|39.20|  16.521|  49.663| 2012.306|-104.0|  -2.6| 2599.1| 0.000|   0.0|  19.736|  48.202|226.68|   0.0|    0.0|    0.0|F2F2F2          |
|  0|10.00|52512.7|  1|40.55|44.24|  32.764|  40.758|  565.264| -64.7|  -0.9|  794.5| 0.000|   0.0|  36.141|  41.578|239.31|   0.0|    0.0|    0.0|F2              |
|   |     |       |  2|44.24|47.02|  26.091|  39.573| 1061.180| -65.7|  -1.9| 1529.3| 0.000|   0.0|  29.323|  40.040|228.69|   0.0|    0.0|    0.0|F2F2            |
|   |     |       |  3|47.02|48.74|  19.681|  38.996| 1516.262| -66.7|  -2.9| 2231.7| 0.000|   0.0|  22.828|  39.186|222.74|   0.0|    0.0|    0.0|F2F2F2          |
|  0|10.00|52512.7|  1| 0.03| 2.60|  35.747|  19.020| 2643.609|  -3.3|   0.1| 2693.7| 0.000|   0.0|  38.262|  29.665|155.83|   0.0|    0.0|    0.0|F2              |
|  0|10.00|52576.0|  1|29.26|31.71|  29.347|  43.786|  805.495| -94.6|  -0.9|  969.9| 0.000|   0.0|  34.324|  43.093|229.86|   0.0|    0.0|    0.0|F2              |
|   |     |       |  2|31.71|33.64|  20.284|  45.762| 1547.739| -95.4|  -1.7| 1884.0| 0.000|   0.0|  24.595|  44.671|222.34|   0.0|    0.0|    0.0|F2F2            |
|   |     |       |  3|33.64|35.25|  12.318|  48.375| 2257.578| -96.0|  -2.3| 2775.8| 0.000|   0.0|  16.150|  46.997|218.57|   0.0|    0.0|    0.0|F2F2F2          |
|  0|10.00|52576.0|  1| 0.02| 3.03|  32.533|  19.467| 2614.454|  -6.1|   0.1| 2664.8| 0.000|   0.0|  36.998|  29.759|155.80|   0.0|    0.0|    0.0|F2              |
|  0|10.00|52576.0|  1| 0.19| 4.33|  13.216|  44.247| 2032.045| -85.0|   0.0| 2062.3| 0.000|   0.0|  23.885|  42.882|106.42|   0.0|    0.0|    0.0|Es              |
|   |     |       |  2| 4.33| 4.60|  -4.237|  48.996| 3534.155| -84.9|   0.1| 3590.0| 0.000|   0.0|   3.934|  46.347| 96.98|   0.0|    0.0|    0.0|EEs             |
|  0|10.00|52576.0|  1|22.50|26.43|  27.096|  40.711|  965.772| -71.9|  -0.6| 1098.7| 0.000|   0.0|  33.123|  41.414|216.72|   0.0|    0.0|    0.0|F2              |
|   |     |       |  2|26.43|28.60|  15.548|  40.331| 1800.019| -72.5|  -1.2| 2071.3| 0.000|   0.0|  21.146|  40.331|202.89|   0.0|    0.0|    0.0|F2F2            |
|   |     |       |  3|28.60|29.69|   4.677|  41.149| 2593.084| -73.0|  -1.7| 3009.8| 0.000|   0.0|  10.008|  40.588|198.76|   0.0|    0.0|    0.0|F2F2F2          |
|  0|10.00|52576.0|  1| 0.03| 2.43|  36.697|  18.863| 2657.451|  -2.5|   0.1| 2707.5| 0.000|   0.0|  38.632|  29.695|156.19|   0.0|    0.0|    0.0|F2              |
|  0|10.00|52639.8|  1| 2.35|11.84|   7.823|  41.214| 2366.674| -74.0|   0.1| 2453.0| 0.000|   0.0|  19.987|  40.721|173.91|   0.0|    0.0|    0.0|F2              |
|   |     |       |  2|11.84|14.42| -13.978|  45.483| 4090.061| -73.9|   0.2| 4275.7| 0.000|   0.0|  -4.081|  42.964|151.02|   0.0|    0.0|    0.0|F2F2            |
|  0|10.00|52639.8|  1| 0.02| 2.08|  41.628|  18.545| 2689.381|   1.4|   0.1| 2739.5| 0.000|   0.0|  40.410|  29.661|156.93|   0.0|    0.0|    0.0|F2              |
|  0|10.00|52639.8|  1| 0.04| 3.99|  11.016|  41.251| 2135.156| -74.9|   0.1| 2167.6| 0.000|   0.0|  23.174|  40.990|108.86|   0.0|    0.0|    0.0|E               |
|   |     |       |  2| 3.99| 4.29|  -8.927|  44.613| 3685.965| -74.9|   0.1| 3744.0| 0.000|   0.0|   0.497|  42.538| 97.09|   0.0|    0.0|    0.0|EE              |
+---+-----+-------+---+-----+-----+--------+--------+---------+------+------+-------+------+------+--------+--------+------+------+-------+-------+----------------+
+---+-----+-------+---+-----+-----+--------+--------+---------+------+------+-------+------+------+--------+--------+------+------+-------+-------+----------------+
|0-x| fr  |  time |hop| d0  | d1  |   fi   |  teta  |   dist  |  at  |  dev |   p   |  df  |  l   |   fot  |   tot  |  rot | lsp  |   pf  |    s  |                |
+---+-----+-------+---+-----+-----+--------+--------+---------+------+------+-------+------+------+--------+--------+------+------+-------+-------+----------------+
|  0|10.00|52639.8|  1|20.05|23.12|  25.660|  44.113| 1090.989| -93.0|  -0.7| 1215.1| 0.000|   0.0|  32.275|  43.175|218.24|   0.0|    0.0|    0.0|F2              |
|   |     |       |  2|23.12|25.58|  13.873|  46.930| 2075.913| -93.5|  -1.2| 2334.0| 0.000|   0.0|  19.402|  45.393|208.25|   0.0|    0.0|    0.0|F2F2            |
|   |     |       |  3|25.58|27.53|   3.875|  50.632| 3006.908| -93.7|  -1.4| 3410.7| 0.000|   0.0|   8.595|  48.721|202.39|   0.0|    0.0|    0.0|F2F2F2          |
|  0|10.00|52639.8|  1|12.05|18.14|  40.823|  30.487| 1361.617|   2.4|   0.4| 1454.3| 0.000|   0.0|  40.240|  35.722|195.11|   0.0|    0.0|    0.0|F2              |
|   |     |       |  2|18.14|14.65|  43.175|  19.454| 2592.871|   2.8|   0.8| 2777.4| 0.000|   0.0|  41.624|  25.348|183.38|   0.0|    0.0|    0.0|F2F2            |
|  0|10.00|52639.8|  1|20.23|24.73|  26.785|  39.121| 1027.933| -62.3|  -0.5| 1151.0| 0.000|   0.0|  32.983|  40.539|211.84|   0.0|    0.0|    0.0|F2              |
|   |     |       |  2|24.73|26.96|  14.554|  37.498| 1888.786| -62.8|  -1.0| 2139.0| 0.000|   0.0|  20.516|  38.081|195.21|   0.0|    0.0|    0.0|F2F2            |
|   |     |       |  3|26.96|27.92|   2.486|  37.271| 2702.710| -63.1|  -1.3| 3085.7| 0.000|   0.0|   8.479|  37.209|190.64|   0.0|    0.0|    0.0|F2F2F2          |
|  0|10.00|52639.8|  1|26.62|30.24|  28.580|  41.223|  850.811| -74.6|  -0.8| 1002.9| 0.000|   0.0|  33.914|  41.729|223.58|   0.0|    0.0|    0.0|F2              |
|   |     |       |  2|30.24|32.44|  18.377|  41.035| 1596.555| -75.3|  -1.5| 1906.8| 0.000|   0.0|  23.300|  40.966|211.12|   0.0|    0.0|    0.0|F2F2            |
|   |     |       |  3|32.44|33.61|   8.842|  41.823| 2302.593| -76.0|  -2.2| 2778.0| 0.000|   0.0|  13.481|  41.302|206.69|   0.0|    0.0|    0.0|F2F2F2          |
|  0|10.00|52766.9|  1|21.66|25.49|  26.503|  41.262| 1001.889| -75.8|  -0.7| 1132.0| 0.000|   0.0|  32.783|  41.689|217.45|   0.0|    0.0|    0.0|F2              |
|   |     |       |  2|25.49|27.67|  14.655|  41.464| 1871.606| -76.4|  -1.3| 2137.8| 0.000|   0.0|  20.405|  41.172|204.07|   0.0|    0.0|    0.0|F2F2            |
|   |     |       |  3|27.67|28.82|   3.717|  42.881| 2702.096| -76.9|  -1.8| 3112.4| 0.000|   0.0|   9.036|  42.024|200.22|   0.0|    0.0|    0.0|F2F2F2          |
|  0|10.00|52766.9|  1|29.78|32.74|  29.383|  42.547|  785.086| -84.8|  -1.0|  953.0| 0.000|   0.0|  34.347|  42.448|230.14|   0.0|    0.0|    0.0|F2              |
|   |     |       |  2|32.74|34.77|  20.114|  43.411| 1493.498| -85.7|  -1.9| 1836.2| 0.000|   0.0|  24.601|  42.843|220.70|   0.0|    0.0|    0.0|F2F2            |
|   |     |       |  3|34.77|36.08|  11.725|  45.059| 2168.576| -86.5|  -2.7| 2694.5| 0.000|   0.0|  15.770|  44.137|216.78|   0.0|    0.0|    0.0|F2F2F2          |
|  0|10.00|52766.9|  1|21.85|26.26|  27.381|  39.465|  976.458| -63.7|  -0.6| 1107.0| 0.000|   0.0|  33.334|  40.754|215.65|   0.0|    0.0|    0.0|F2              |
|   |     |       |  2|26.26|28.59|  15.781|  38.018| 1798.352| -64.2|  -1.1| 2064.0| 0.000|   0.0|  21.464|  38.533|199.33|   0.0|    0.0|    0.0|F2F2            |
|   |     |       |  3|28.59|29.62|   4.455|  37.852| 2571.715| -64.7|  -1.6| 2978.2| 0.000|   0.0|  10.063|  37.772|194.29|   0.0|    0.0|    0.0|F2F2F2          |
+---+-----+-------+---+-----+-----+--------+--------+---------+------+------+-------+------+------+--------+--------+------+------+-------+-------+----------------+
+---+-----+-------+---+-----+-----+--------+--------+---------+------+------+-------+------+------+--------+--------+------+------+-------+-------+----------------+
|0-x| fr  |  time |hop| d0  | d1  |   fi   |  teta  |   dist  |  at  |  dev |   p   |  df  |  l   |   fot  |   tot  |  rot | lsp  |   pf  |    s  |                |
+---+-----+-------+---+-----+-----+--------+--------+---------+------+------+-------+------+------+--------+--------+------+------+-------+-------+----------------+
|  0|10.00|52958.6|  1| 0.02| 2.69|  32.903|  19.265| 2633.507|  -5.7|   0.1| 2683.4| 0.000|   0.0|  37.195|  29.811|156.40|   0.0|    0.0|    0.0|F2              |
|  0|10.00|52958.6|  1| 0.02| 2.26|  34.798|  18.837| 2668.308|  -4.0|   0.1| 2718.0| 0.000|   0.0|  37.962|  29.776|156.53|   0.0|    0.0|    0.0|F2              |
|  0|10.00|52958.6|  1| 0.02| 2.44|  34.005|  19.017| 2653.071|  -4.7|   0.1| 2702.8| 0.000|   0.0|  37.647|  29.793|156.48|   0.0|    0.0|    0.0|F2              |
|  0|10.00|52958.6|  1| 0.02| 2.47|  33.893|  19.043| 2650.931|  -4.8|   0.1| 2700.7| 0.000|   0.0|  37.602|  29.796|156.47|   0.0|    0.0|    0.0|F2              |
|  0|10.00|52958.6|  1| 0.02| 2.51|  33.667|  19.086| 2647.652|  -5.0|   0.1| 2697.5| 0.000|   0.0|  37.512|  29.801|156.46|   0.0|    0.0|    0.0|F2              |
|  0|10.00|52958.6|  1| 0.02| 2.23|  34.913|  18.810| 2670.715|  -3.9|   0.1| 2720.4| 0.000|   0.0|  38.003|  29.753|156.48|   0.0|    0.0|    0.0|F2              |
|  0|10.00|53855.3|  1| 0.01| 2.56|  34.480|  19.310| 2618.164|  -4.4|   0.1| 2666.9| 0.000|   0.0|  37.795|  29.857|156.85|   0.0|    0.0|    0.0|F2              |
|  0|10.00|53855.3|  1| 0.02| 2.67|  33.942|  19.435| 2607.706|  -4.9|   0.1| 2656.5| 0.000|   0.0|  37.572|  29.868|156.80|   0.0|    0.0|    0.0|F2              |
|  0|10.00|53855.3|  1| 0.04| 2.67|  33.951|  19.453| 2605.684|  -4.9|   0.1| 2654.5| 0.000|   0.0|  37.577|  29.887|156.81|   0.0|    0.0|    0.0|F2              |
|  0|10.00|53855.3|  1| 0.02| 2.48|  34.693|  19.250| 2623.469|  -4.2|   0.1| 2672.2| 0.000|   0.0|  37.886|  29.856|156.84|   0.0|    0.0|    0.0|F2              |
|  0|10.00|53855.3|  1| 0.02| 2.60|  34.267|  19.367| 2613.142|  -4.6|   0.1| 2661.9| 0.000|   0.0|  37.711|  29.882|156.86|   0.0|    0.0|    0.0|F2              |
|  0|10.00|53982.8|  1| 0.02| 2.30|  35.954|  19.072| 2637.055|  -3.1|   0.1| 2685.7| 0.000|   0.0|  38.382|  29.864|156.97|   0.0|    0.0|    0.0|F2              |
|  0|10.00|53982.8|  1| 0.04| 2.43|  35.402|  19.222| 2622.975|  -3.6|   0.1| 2671.6| 0.000|   0.0|  38.160|  29.881|156.94|   0.0|    0.0|    0.0|F2              |
|  0|10.00|53982.8|  1| 0.02| 2.36|  35.731|  19.130| 2631.607|  -3.3|   0.1| 2680.2| 0.000|   0.0|  38.291|  29.857|156.95|   0.0|    0.0|    0.0|F2              |
+---+-----+-------+---+-----+-----+--------+--------+---------+------+------+-------+------+------+--------+--------+------+------+-------+-------+----------------+