
delt0=       1  eps=   1e-05  ep=   1e-06  ep1=   0.001
Geomagnetic Field - const
fh= 1.34  i=  65.2  d=   6.8
Number TID: 1
Tid Parametres
  delt   lamb     t     b      a     fi
0.000   200.0  20.0 -45.0   45.0   0.000
delta=-0.000  r0= 200.0  lon=  39.000 lat=  55.000
Beta=  20.0  Alfa=   0.0 aX=  20.0 aY= 100.0 aZ=  20.0


Number diff. equation: 6

+==============================================================================+
|   Medium characteristics Sunspot number=   3.1 IG= -13.1   GMT time:09:00    |
|------------------------------------------------------------------------------|
|   S   | fh |  I  |   D  | fd |  hd | fe |  he | ff1 | hf1 | ff2 | hf2 |   Hi |
|-------+----+-----+------+----+-----+----+-----+-----+-----+-----+-----+------|
|    0.0|1.25| 58.8|   3.1|0.21| 81.0|3.14|110.0| 4.22|176.9| 5.36|237.1|  37.9|
+==============================================================================+

+==================================+
|       Es-layer parametres        |
|----------------------------------|
|   S   | hEs | fbEs | f0Es | P Es |
|-------+-----+------+------+------|
|    0.0|111.6| 3.61 | 3.71 | 65.1 |
+==================================+

+---+-----+-------+---+-----+-----+--------+--------+---------+------+------+-------+------+------+--------+--------+------+------+-------+-------+----------------+
|0-x| fr  |  time |hop| d0  | d1  |   fi   |  teta  |   dist  |  at  |  dev |   p   |  df  |  l   |   fot  |   tot  |  rot | lsp  |   pf  |    s  |                |
+---+-----+-------+---+-----+-----+--------+--------+---------+------+------+-------+------+------+--------+--------+------+------+-------+-------+----------------+
|  0|10.00|32393.0|  1|12.60|12.42|  38.182|  34.581|  911.794|  -6.5|  -0.0|  950.1| 0.000|   0.0|  39.064|  38.614|102.48|   0.0|    0.0|    0.0|E               |
|  0|10.00|32403.6|  1|11.40|11.26|  38.128|  34.355|  937.202|  -6.5|  -0.0|  971.5| 0.000|   0.0|  39.033|  38.457|100.46|   0.0|    0.0|    0.0|E               |
|  0|10.00|32414.2|  1|11.40|11.26|  38.128|  34.355|  937.191|  -6.5|  -0.0|  971.5| 0.000|   0.0|  39.033|  38.457|100.46|   0.0|    0.0|    0.0|E               |
|  0|10.00|32425.9|  1|12.00|11.84|  38.166|  34.514|  919.341|  -6.5|  -0.0|  955.4| 0.000|   0.0|  39.052|  38.552|101.35|   0.0|    0.0|    0.0|E               |
|  0|10.00|32438.1|  1|12.00|11.84|  38.166|  34.514|  919.324|  -6.5|  -0.0|  955.3| 0.000|   0.0|  39.052|  38.552|101.35|   0.0|    0.0|    0.0|E               |
|  0|10.00|32448.7|  1|11.40|11.26|  37.948|  34.370|  937.100|  -7.2|  -0.0|  971.4| 0.000|   0.0|  38.949|  38.464|100.45|   0.0|    0.0|    0.0|E               |
|  0|10.00|32459.3|  1|11.40|11.26|  38.128|  34.355|  937.144|  -6.5|  -0.0|  971.4| 0.000|   0.0|  39.033|  38.457|100.46|   0.0|    0.0|    0.0|E               |
|  0|10.00|32470.6|  1|11.40|11.26|  37.948|  34.370|  937.076|  -7.2|  -0.0|  971.4| 0.000|   0.0|  38.949|  38.464|100.45|   0.0|    0.0|    0.0|E               |
|  0|10.00|32481.2|  1|11.40|11.26|  37.974|  34.368|  937.073|  -7.1|  -0.0|  971.4| 0.000|   0.0|  38.961|  38.463|100.45|   0.0|    0.0|    0.0|E               |
|  0|10.00|32493.9|  1|12.00|11.84|  38.167|  34.515|  919.247|  -6.5|  -0.0|  955.3| 0.000|   0.0|  39.052|  38.552|101.35|   0.0|    0.0|    0.0|E               |
|  0|10.00|32504.6|  1|11.40|11.26|  38.128|  34.356|  937.096|  -6.5|  -0.0|  971.4| 0.000|   0.0|  39.033|  38.457|100.45|   0.0|    0.0|    0.0|E               |
|  0|10.00|32517.3|  1|11.40|11.26|  38.128|  34.356|  937.083|  -6.5|  -0.0|  971.4| 0.000|   0.0|  39.033|  38.457|100.45|   0.0|    0.0|    0.0|E               |
|  0|10.00|32527.9|  1|12.00|11.84|  38.167|  34.515|  919.200|  -6.5|  -0.0|  955.2| 0.000|   0.0|  39.052|  38.552|101.35|   0.0|    0.0|    0.0|E               |
|  0|10.00|32539.6|  1|12.00|11.84|  38.167|  34.515|  919.184|  -6.5|  -0.0|  955.2| 0.000|   0.0|  39.052|  38.552|101.35|   0.0|    0.0|    0.0|E               |
|  0|10.00|32550.2|  1|11.40|11.26|  38.128|  34.356|  937.048|  -6.5|  -0.0|  971.3| 0.000|   0.0|  39.033|  38.457|100.45|   0.0|    0.0|    0.0|E               |
|  0|10.00|32560.7|  1|12.00|11.84|  37.991|  34.531|  919.077|  -7.2|  -0.0|  955.1| 0.000|   0.0|  38.970|  38.558|101.34|   0.0|    0.0|    0.0|E               |
|  0|10.00|32571.3|  1|11.40|11.26|  38.128|  34.356|  937.026|  -6.5|  -0.0|  971.3| 0.000|   0.0|  39.033|  38.457|100.45|   0.0|    0.0|    0.0|E               |
|  0|10.00|32583.0|  1|11.40|11.26|  38.128|  34.356|  937.014|  -6.5|  -0.0|  971.3| 0.000|   0.0|  39.033|  38.457|100.45|   0.0|    0.0|    0.0|E               |
|  0|10.00|32594.6|  1|11.40|11.26|  38.128|  34.356|  937.002|  -6.5|  -0.0|  971.3| 0.000|   0.0|  39.033|  38.457|100.45|   0.0|    0.0|    0.0|E               |
|  0|10.00|32605.2|  1|11.40|11.26|  38.128|  34.357|  936.990|  -6.5|  -0.0|  971.3| 0.000|   0.0|  39.033|  38.457|100.45|   0.0|    0.0|    0.0|E               |
+---+-----+-------+---+-----+-----+--------+--------+---------+------+------+-------+------+------+--------+--------+------+------+-------+-------+----------------+
+---+-----+-------+---+-----+-----+--------+--------+---------+------+------+-------+------+------+--------+--------+------+------+-------+-------+----------------+
|0-x| fr  |  time |hop| d0  | d1  |   fi   |  teta  |   dist  |  at  |  dev |   p   |  df  |  l   |   fot  |   tot  |  rot | lsp  |   pf  |    s  |                |
+---+-----+-------+---+-----+-----+--------+--------+---------+------+------+-------+------+------+--------+--------+------+------+-------+-------+----------------+
|  0|10.00|32616.9|  1|12.00|11.84|  38.167|  34.516|  919.077|  -6.5|  -0.0|  955.1| 0.000|   0.0|  39.052|  38.552|101.34|   0.0|    0.0|    0.0|E               |
|  0|10.00|32627.5|  1|12.00|11.84|  38.167|  34.516|  919.058|  -6.5|  -0.0|  955.1| 0.000|   0.0|  39.052|  38.552|101.34|   0.0|    0.0|    0.0|E               |
|  0|10.00|32639.1|  1|10.80|10.67|  38.076|  34.144|  960.887|  -6.5|  -0.0|  993.8| 0.000|   0.0|  39.023|  38.409| 99.87|   0.0|    0.0|    0.0|E               |
|  0|10.00|32649.7|  1|10.80|10.67|  38.076|  34.144|  960.877|  -6.5|  -0.0|  993.8| 0.000|   0.0|  39.023|  38.409| 99.87|   0.0|    0.0|    0.0|E               |
|  0|10.00|32660.3|  1|11.40|11.26|  38.129|  34.357|  936.933|  -6.5|  -0.0|  971.2| 0.000|   0.0|  39.033|  38.457|100.44|   0.0|    0.0|    0.0|E               |
|  0|10.00|32670.8|  1|12.00|11.84|  37.992|  34.532|  918.918|  -7.2|  -0.0|  954.9| 0.000|   0.0|  38.970|  38.558|101.33|   0.0|    0.0|    0.0|E               |
|  0|10.00|32682.5|  1|11.40|11.26|  37.949|  34.372|  936.850|  -7.2|  -0.0|  971.1| 0.000|   0.0|  38.949|  38.464|100.44|   0.0|    0.0|    0.0|E               |
|  0|10.00|32693.1|  1|11.40|11.26|  38.129|  34.357|  936.898|  -6.5|  -0.0|  971.2| 0.000|   0.0|  39.033|  38.457|100.44|   0.0|    0.0|    0.0|E               |
|  0|10.00|32705.8|  1|11.40|11.26|  37.949|  34.373|  936.825|  -7.2|  -0.0|  971.1| 0.000|   0.0|  38.949|  38.464|100.44|   0.0|    0.0|    0.0|E               |
|  0|10.00|32716.4|  1|11.40|11.26|  37.949|  34.373|  936.814|  -7.2|  -0.0|  971.1| 0.000|   0.0|  38.949|  38.464|100.44|   0.0|    0.0|    0.0|E               |
|  0|10.00|32727.0|  1|10.80|10.67|  37.891|  34.160|  960.761|  -7.2|  -0.0|  993.6| 0.000|   0.0|  38.939|  38.416| 99.87|   0.0|    0.0|    0.0|E               |
|  0|10.00|32737.6|  1|10.80|10.67|  37.891|  34.160|  960.752|  -7.2|  -0.0|  993.6| 0.000|   0.0|  38.939|  38.416| 99.87|   0.0|    0.0|    0.0|E               |
|  0|10.00|32748.1|  1|10.80|10.67|  37.918|  34.158|  960.749|  -7.1|  -0.0|  993.6| 0.000|   0.0|  38.951|  38.415| 99.87|   0.0|    0.0|    0.0|E               |
|  0|10.00|32760.9|  1|10.80|10.67|  38.077|  34.145|  960.780|  -6.5|  -0.0|  993.6| 0.000|   0.0|  39.023|  38.409| 99.87|   0.0|    0.0|    0.0|E               |
|  0|10.00|32772.6|  1|10.80|10.67|  38.077|  34.145|  960.770|  -6.5|  -0.0|  993.6| 0.000|   0.0|  39.023|  38.409| 99.87|   0.0|    0.0|    0.0|E               |
|  0|10.00|32783.1|  1| 9.60| 9.48|  37.739|  33.610| 1022.591|  -7.2|  -0.0| 1053.1| 0.000|   0.0|  38.876|  38.134| 98.68|   0.0|    0.0|    0.0|E               |
|  0|10.00|32793.7|  1|12.60|12.42|  38.185|  34.589|  910.879|  -6.5|  -0.0|  949.1| 0.000|   0.0|  39.064|  38.614|102.45|   0.0|    0.0|    0.0|E               |
|  0|10.00|32805.4|  1|10.20|10.07|  38.013|  33.888|  989.547|  -6.5|  -0.0| 1021.2| 0.000|   0.0|  39.001|  38.299| 99.27|   0.0|    0.0|    0.0|E               |
|  0|10.00|32816.0|  1|11.40|11.26|  38.129|  34.358|  936.770|  -6.5|  -0.0|  971.1| 0.000|   0.0|  39.033|  38.457|100.43|   0.0|    0.0|    0.0|E               |
|  0|10.00|32832.0|  1|10.80|10.67|  37.892|  34.161|  960.667|  -7.2|  -0.0|  993.5| 0.000|   0.0|  38.939|  38.416| 99.86|   0.0|    0.0|    0.0|E               |
+---+-----+-------+---+-----+-----+--------+--------+---------+------+------+-------+------+------+--------+--------+------+------+-------+-------+----------------+
+---+-----+-------+---+-----+-----+--------+--------+---------+------+------+-------+------+------+--------+--------+------+------+-------+-------+----------------+
|0-x| fr  |  time |hop| d0  | d1  |   fi   |  teta  |   dist  |  at  |  dev |   p   |  df  |  l   |   fot  |   tot  |  rot | lsp  |   pf  |    s  |                |
+---+-----+-------+---+-----+-----+--------+--------+---------+------+------+-------+------+------+--------+--------+------+------+-------+-------+----------------+
|  0|10.00|32842.7|  1|10.80|10.67|  37.892|  34.161|  960.658|  -7.2|  -0.0|  993.5| 0.000|   0.0|  38.939|  38.416| 99.86|   0.0|    0.0|    0.0|E               |
|  0|10.00|32855.4|  1|11.40|11.26|  37.975|  34.372|  936.675|  -7.1|  -0.0|  971.0| 0.000|   0.0|  38.961|  38.463|100.43|   0.0|    0.0|    0.0|E               |
|  0|10.00|32868.2|  1|10.20|10.07|  37.821|  33.905|  989.456|  -7.2|  -0.0| 1021.1| 0.000|   0.0|  38.914|  38.306| 99.26|   0.0|    0.0|    0.0|E               |
|  0|10.00|32879.5|  1|11.40|11.26|  37.949|  34.374|  936.640|  -7.2|  -0.0|  970.9| 0.000|   0.0|  38.949|  38.464|100.43|   0.0|    0.0|    0.0|E               |
|  0|10.00|32890.1|  1|12.00|11.84|  37.992|  34.535|  918.616|  -7.2|  -0.0|  954.6| 0.000|   0.0|  38.970|  38.558|101.32|   0.0|    0.0|    0.0|E               |
|  0|10.00|32901.4|  1|13.20|12.98|  37.971|  34.457|  927.335|  -7.2|  -0.0|  969.2| 0.000|   0.0|  38.979|  38.597|104.02|   0.0|    0.0|    0.0|E               |
|  0|10.00|32931.3|  1|12.00|11.84|  38.168|  34.520|  918.644|  -6.5|  -0.0|  954.6| 0.000|   0.0|  39.052|  38.552|101.32|   0.0|    0.0|    0.0|E               |
|  0|10.00|32941.9|  1|11.40|11.26|  38.129|  34.360|  936.638|  -6.5|  -0.0|  970.9| 0.000|   0.0|  39.033|  38.457|100.43|   0.0|    0.0|    0.0|E               |
|  0|10.00|32955.7|  1|14.40|13.95|  37.846|  33.234| 1063.013|  -6.5|  -0.0| 1119.4| 0.000|   0.0|  38.936|  37.984|114.14|   0.0|    0.0|    0.0|F1              |
|  0|10.00|32969.6|  1|11.40|11.26|  38.129|  34.360|  936.610|  -6.5|  -0.0|  970.9| 0.000|   0.0|  39.033|  38.457|100.42|   0.0|    0.0|    0.0|E               |
|  0|10.00|32981.2|  1| 9.60| 9.48|  37.768|  33.609| 1022.453|  -7.1|  -0.0| 1053.0| 0.000|   0.0|  38.889|  38.133| 98.68|   0.0|    0.0|    0.0|E               |
|  0|10.00|32991.8|  1|12.00|11.84|  38.168|  34.521|  918.561|  -6.5|  -0.0|  954.5| 0.000|   0.0|  39.052|  38.552|101.31|   0.0|    0.0|    0.0|E               |
|  0|10.00|33002.4|  1|12.60|12.42|  38.360|  34.580|  910.537|  -5.8|  -0.0|  948.7| 0.000|   0.0|  39.144|  38.608|102.43|   0.0|    0.0|    0.0|E               |
|  0|10.00|33014.1|  1|11.40|11.26|  38.130|  34.360|  936.563|  -6.5|  -0.0|  970.8| 0.000|   0.0|  39.033|  38.457|100.42|   0.0|    0.0|    0.0|E               |
|  0|10.00|33026.4|  1|10.80|10.67|  37.892|  34.162|  960.494|  -7.2|  -0.0|  993.4| 0.000|   0.0|  38.939|  38.416| 99.85|   0.0|    0.0|    0.0|E               |
|  0|10.00|33038.1|  1|12.00|11.85|  37.993|  34.536|  918.410|  -7.2|  -0.0|  954.4| 0.000|   0.0|  38.970|  38.558|101.31|   0.0|    0.0|    0.0|E               |
|  0|10.00|33050.5|  1|11.40|11.26|  37.950|  34.376|  936.474|  -7.2|  -0.0|  970.7| 0.000|   0.0|  38.949|  38.464|100.42|   0.0|    0.0|    0.0|E               |
|  0|10.00|33063.3|  1|10.80|10.67|  37.892|  34.163|  960.461|  -7.2|  -0.0|  993.3| 0.000|   0.0|  38.939|  38.416| 99.85|   0.0|    0.0|    0.0|E               |
|  0|10.00|33076.0|  1|11.40|11.26|  38.130|  34.361|  936.498|  -6.5|  -0.0|  970.8| 0.000|   0.0|  39.033|  38.457|100.42|   0.0|    0.0|    0.0|E               |
|  0|10.00|33087.8|  1|12.60|12.42|  38.186|  34.595|  910.268|  -6.5|  -0.0|  948.5| 0.000|   0.0|  39.064|  38.614|102.42|   0.0|    0.0|    0.0|E               |
+---+-----+-------+---+-----+-----+--------+--------+---------+------+------+-------+------+------+--------+--------+------+------+-------+-------+----------------+
+---+-----+-------+---+-----+-----+--------+--------+---------+------+------+-------+------+------+--------+--------+------+------+-------+-------+----------------+
|0-x| fr  |  time |hop| d0  | d1  |   fi   |  teta  |   dist  |  at  |  dev |   p   |  df  |  l   |   fot  |   tot  |  rot | lsp  |   pf  |    s  |                |
+---+-----+-------+---+-----+-----+--------+--------+---------+------+------+-------+------+------+--------+--------+------+------+-------+-------+----------------+
|  0|10.00|33100.1|  1|10.80|10.67|  37.892|  34.163|  960.429|  -7.2|  -0.0|  993.3| 0.000|   0.0|  38.939|  38.416| 99.85|   0.0|    0.0|    0.0|E               |
|  0|10.00|33111.8|  1|12.00|11.85|  38.018|  34.535|  918.330|  -7.1|  -0.0|  954.3| 0.000|   0.0|  38.982|  38.557|101.30|   0.0|    0.0|    0.0|E               |
|  0|10.00|33122.4|  1|12.00|11.85|  38.018|  34.535|  918.315|  -7.1|  -0.0|  954.3| 0.000|   0.0|  38.982|  38.557|101.30|   0.0|    0.0|    0.0|E               |
|  0|10.00|33135.2|  1|11.40|11.26|  37.950|  34.377|  936.385|  -7.2|  -0.0|  970.7| 0.000|   0.0|  38.949|  38.464|100.41|   0.0|    0.0|    0.0|E               |
|  0|10.00|33145.8|  1|11.40|11.26|  38.130|  34.361|  936.441|  -6.5|  -0.0|  970.7| 0.000|   0.0|  39.033|  38.457|100.41|   0.0|    0.0|    0.0|E               |
|  0|10.00|33158.5|  1|11.40|11.26|  37.950|  34.377|  936.360|  -7.2|  -0.0|  970.6| 0.000|   0.0|  38.949|  38.464|100.41|   0.0|    0.0|    0.0|E               |
|  0|10.00|33169.1|  1|10.80|10.67|  37.892|  34.163|  960.374|  -7.2|  -0.0|  993.2| 0.000|   0.0|  38.939|  38.416| 99.85|   0.0|    0.0|    0.0|E               |
|  0|10.00|33180.8|  1|10.80|10.67|  37.892|  34.163|  960.363|  -7.2|  -0.0|  993.2| 0.000|   0.0|  38.939|  38.416| 99.85|   0.0|    0.0|    0.0|E               |
|  0|10.00|33193.6|  1|11.40|11.26|  37.976|  34.375|  936.333|  -7.1|  -0.0|  970.6| 0.000|   0.0|  38.961|  38.463|100.41|   0.0|    0.0|    0.0|E               |
|  0|10.00|33205.2|  1|11.40|11.26|  37.976|  34.375|  936.321|  -7.1|  -0.0|  970.6| 0.000|   0.0|  38.961|  38.463|100.41|   0.0|    0.0|    0.0|E               |
|  0|10.00|33222.5|  1|12.00|11.85|  38.019|  34.536|  918.178|  -7.1|  -0.0|  954.1| 0.000|   0.0|  38.982|  38.557|101.29|   0.0|    0.0|    0.0|E               |
|  0|10.00|33237.4|  1|11.40|11.26|  38.130|  34.362|  936.346|  -6.5|  -0.0|  970.6| 0.000|   0.0|  39.033|  38.457|100.41|   0.0|    0.0|    0.0|E               |
|  0|10.00|33248.0|  1|11.40|11.26|  37.951|  34.378|  936.270|  -7.2|  -0.0|  970.5| 0.000|   0.0|  38.949|  38.464|100.40|   0.0|    0.0|    0.0|E               |
|  0|10.00|33258.6|  1|11.40|11.26|  37.951|  34.378|  936.259|  -7.2|  -0.0|  970.5| 0.000|   0.0|  38.949|  38.464|100.40|   0.0|    0.0|    0.0|E               |
|  0|10.00|33270.2|  1|11.40|11.26|  38.130|  34.363|  936.312|  -6.5|  -0.0|  970.6| 0.000|   0.0|  39.033|  38.457|100.41|   0.0|    0.0|    0.0|E               |
|  0|10.00|33281.9|  1|12.00|11.85|  37.994|  34.539|  918.083|  -7.2|  -0.0|  954.0| 0.000|   0.0|  38.970|  38.558|101.29|   0.0|    0.0|    0.0|E               |
|  0|10.00|33292.5|  1|12.00|11.85|  38.169|  34.524|  918.160|  -6.5|  -0.0|  954.1| 0.000|   0.0|  39.052|  38.552|101.29|   0.0|    0.0|    0.0|E               |
+==============================================================================+
|   Medium characteristics Sunspot number=   3.1 IG= -13.1   GMT time:09:14    |
|------------------------------------------------------------------------------|
|   S   | fh |  I  |   D  | fd |  hd | fe |  he | ff1 | hf1 | ff2 | hf2 |   Hi |
|-------+----+-----+------+----+-----+----+-----+-----+-----+-----+-----+------|
|    0.0|1.25| 58.8|   3.1|0.21| 81.0|3.15|110.0| 4.23|177.3| 5.42|238.1|  37.0|
+==============================================================================+

+==================================+
|       Es-layer parametres        |
|----------------------------------|
|   S   | hEs | fbEs | f0Es | P Es |
|-------+-----+------+------+------|
|    0.0|111.1| 3.59 | 3.69 | 64.1 |
+==================================+

|  0|10.00|33308.4|  1|12.00|11.85|  38.169|  34.524|  918.148|  -6.5|  -0.0|  954.1| 0.000|   0.0|  39.052|  38.552|101.29|   0.0|    0.0|    0.0|E               |
|  0|10.00|33321.2|  1|11.40|11.26|  38.130|  34.363|  936.280|  -6.5|  -0.0|  970.5| 0.000|   0.0|  39.033|  38.457|100.40|   0.0|    0.0|    0.0|E               |
|  0|10.00|33332.8|  1|11.40|11.26|  37.951|  34.378|  936.205|  -7.2|  -0.0|  970.5| 0.000|   0.0|  38.949|  38.464|100.40|   0.0|    0.0|    0.0|E               |
+---+-----+-------+---+-----+-----+--------+--------+---------+------+------+-------+------+------+--------+--------+------+------+-------+-------+----------------+
+---+-----+-------+---+-----+-----+--------+--------+---------+------+------+-------+------+------+--------+--------+------+------+-------+-------+----------------+
|0-x| fr  |  time |hop| d0  | d1  |   fi   |  teta  |   dist  |  at  |  dev |   p   |  df  |  l   |   fot  |   tot  |  rot | lsp  |   pf  |    s  |                |
+---+-----+-------+---+-----+-----+--------+--------+---------+------+------+-------+------+------+--------+--------+------+------+-------+-------+----------------+
|  0|10.00|33343.5|  1|11.40|11.26|  37.951|  34.378|  936.202|  -7.2|  -0.0|  970.5| 0.000|   0.0|  38.949|  38.464|100.40|   0.0|    0.0|    0.0|E               |
|  0|10.00|33355.1|  1|12.00|11.85|  37.994|  34.540|  918.039|  -7.2|  -0.0|  954.0| 0.000|   0.0|  38.970|  38.558|101.29|   0.0|    0.0|    0.0|E               |
|  0|10.00|33366.8|  1|12.60|12.42|  38.014|  34.615|  909.622|  -7.2|  -0.0|  947.8| 0.000|   0.0|  38.984|  38.620|102.39|   0.0|    0.0|    0.0|E               |
|  0|10.00|33378.5|  1|12.00|11.85|  38.019|  34.538|  918.045|  -7.1|  -0.0|  954.0| 0.000|   0.0|  38.982|  38.557|101.29|   0.0|    0.0|    0.0|E               |
|  0|10.00|33393.4|  1|12.60|12.42|  38.039|  34.612|  909.628|  -7.1|  -0.0|  947.8| 0.000|   0.0|  38.995|  38.619|102.39|   0.0|    0.0|    0.0|E               |
|  0|10.00|33407.2|  1|10.80|10.67|  38.078|  34.149|  960.290|  -6.5|  -0.0|  993.1| 0.000|   0.0|  39.023|  38.409| 99.84|   0.0|    0.0|    0.0|E               |
|  0|10.00|33419.9|  1|12.00|11.85|  37.994|  34.540|  918.016|  -7.2|  -0.0|  954.0| 0.000|   0.0|  38.970|  38.558|101.29|   0.0|    0.0|    0.0|E               |
|  0|10.00|33430.5|  1|11.40|11.26|  37.976|  34.376|  936.189|  -7.1|  -0.0|  970.4| 0.000|   0.0|  38.961|  38.463|100.40|   0.0|    0.0|    0.0|E               |
|  0|10.00|33441.1|  1|10.80|10.67|  37.893|  34.165|  960.221|  -7.2|  -0.0|  993.1| 0.000|   0.0|  38.939|  38.416| 99.84|   0.0|    0.0|    0.0|E               |
|  0|10.00|33451.6|  1|11.40|11.26|  37.951|  34.378|  936.172|  -7.2|  -0.0|  970.4| 0.000|   0.0|  38.949|  38.464|100.40|   0.0|    0.0|    0.0|E               |
|  0|10.00|33463.3|  1|11.40|11.26|  37.976|  34.376|  936.179|  -7.1|  -0.0|  970.4| 0.000|   0.0|  38.961|  38.463|100.40|   0.0|    0.0|    0.0|E               |
|  0|10.00|33473.9|  1|11.40|11.26|  37.951|  34.379|  936.165|  -7.2|  -0.0|  970.4| 0.000|   0.0|  38.949|  38.464|100.40|   0.0|    0.0|    0.0|E               |
|  0|10.00|33484.5|  1|11.40|11.26|  37.976|  34.376|  936.173|  -7.1|  -0.0|  970.4| 0.000|   0.0|  38.961|  38.463|100.40|   0.0|    0.0|    0.0|E               |
|  0|10.00|33495.1|  1|11.40|11.26|  37.951|  34.379|  936.159|  -7.2|  -0.0|  970.4| 0.000|   0.0|  38.949|  38.464|100.40|   0.0|    0.0|    0.0|E               |
|  0|10.00|33508.9|  1|11.40|11.26|  37.951|  34.379|  936.155|  -7.2|  -0.0|  970.4| 0.000|   0.0|  38.949|  38.464|100.40|   0.0|    0.0|    0.0|E               |
|  0|10.00|33520.6|  1|11.40|11.26|  37.951|  34.379|  936.152|  -7.2|  -0.0|  970.4| 0.000|   0.0|  38.949|  38.464|100.40|   0.0|    0.0|    0.0|E               |
|  0|10.00|33532.3|  1|11.40|11.26|  37.951|  34.379|  936.149|  -7.2|  -0.0|  970.4| 0.000|   0.0|  38.949|  38.464|100.40|   0.0|    0.0|    0.0|E               |
|  0|10.00|33542.9|  1|12.00|11.85|  38.019|  34.538|  917.989|  -7.1|  -0.0|  953.9| 0.000|   0.0|  38.982|  38.557|101.28|   0.0|    0.0|    0.0|E               |
|  0|10.00|33553.5|  1|12.00|11.85|  38.019|  34.538|  917.986|  -7.1|  -0.0|  953.9| 0.000|   0.0|  38.982|  38.557|101.28|   0.0|    0.0|    0.0|E               |
|  0|10.00|33564.0|  1|12.00|11.85|  38.170|  34.525|  918.065|  -6.5|  -0.0|  954.0| 0.000|   0.0|  39.052|  38.552|101.29|   0.0|    0.0|    0.0|E               |
+---+-----+-------+---+-----+-----+--------+--------+---------+------+------+-------+------+------+--------+--------+------+------+-------+-------+----------------+
+---+-----+-------+---+-----+-----+--------+--------+---------+------+------+-------+------+------+--------+--------+------+------+-------+-------+----------------+
|0-x| fr  |  time |hop| d0  | d1  |   fi   |  teta  |   dist  |  at  |  dev |   p   |  df  |  l   |   fot  |   tot  |  rot | lsp  |   pf  |    s  |                |
+---+-----+-------+---+-----+-----+--------+--------+---------+------+------+-------+------+------+--------+--------+------+------+-------+-------+----------------+
|  0|10.00|33574.6|  1|12.60|12.42|  38.014|  34.616|  909.503|  -7.2|  -0.0|  947.7| 0.000|   0.0|  38.984|  38.620|102.39|   0.0|    0.0|    0.0|E               |
|  0|10.00|33585.2|  1|12.60|12.42|  38.014|  34.616|  909.497|  -7.2|  -0.0|  947.7| 0.000|   0.0|  38.984|  38.620|102.39|   0.0|    0.0|    0.0|E               |
|  0|10.00|33596.8|  1|12.00|11.85|  37.994|  34.540|  917.956|  -7.2|  -0.0|  953.9| 0.000|   0.0|  38.970|  38.558|101.28|   0.0|    0.0|    0.0|E               |
|  0|10.00|33607.4|  1|12.00|11.85|  38.170|  34.525|  918.050|  -6.5|  -0.0|  954.0| 0.000|   0.0|  39.052|  38.552|101.29|   0.0|    0.0|    0.0|E               |
|  0|10.00|33620.1|  1|11.40|11.26|  38.130|  34.364|  936.201|  -6.5|  -0.0|  970.5| 0.000|   0.0|  39.033|  38.457|100.40|   0.0|    0.0|    0.0|E               |
|  0|10.00|33630.7|  1|12.00|11.85|  38.170|  34.525|  918.043|  -6.5|  -0.0|  954.0| 0.000|   0.0|  39.052|  38.552|101.29|   0.0|    0.0|    0.0|E               |
|  0|10.00|33641.3|  1|10.20|10.08|  37.850|  33.906|  989.063|  -7.1|  -0.0| 1020.7| 0.000|   0.0|  38.927|  38.305| 99.25|   0.0|    0.0|    0.0|E               |
|  0|10.00|33656.2|  1|12.00|11.85|  38.170|  34.525|  918.035|  -6.5|  -0.0|  954.0| 0.000|   0.0|  39.052|  38.552|101.29|   0.0|    0.0|    0.0|E               |
|  0|10.00|33669.0|  1|10.80|10.67|  37.919|  34.163|  960.173|  -7.1|  -0.0|  993.0| 0.000|   0.0|  38.951|  38.415| 99.84|   0.0|    0.0|    0.0|E               |
|  0|10.00|33680.6|  1|11.40|11.26|  38.131|  34.364|  936.185|  -6.5|  -0.0|  970.4| 0.000|   0.0|  39.033|  38.457|100.40|   0.0|    0.0|    0.0|E               |
|  0|10.00|33694.4|  1|10.80|10.67|  37.920|  34.163|  960.167|  -7.1|  -0.0|  993.0| 0.000|   0.0|  38.951|  38.415| 99.84|   0.0|    0.0|    0.0|E               |
|  0|10.00|33707.2|  1|11.40|11.26|  38.131|  34.364|  936.178|  -6.5|  -0.0|  970.4| 0.000|   0.0|  39.033|  38.457|100.40|   0.0|    0.0|    0.0|E               |
|  0|10.00|33721.0|  1|11.40|11.26|  38.131|  34.364|  936.175|  -6.5|  -0.0|  970.4| 0.000|   0.0|  39.033|  38.457|100.40|   0.0|    0.0|    0.0|E               |
|  0|10.00|33731.6|  1|11.40|11.26|  37.977|  34.377|  936.104|  -7.1|  -0.0|  970.4| 0.000|   0.0|  38.961|  38.463|100.39|   0.0|    0.0|    0.0|E               |
|  0|10.00|33743.2|  1|11.40|11.26|  37.951|  34.379|  936.089|  -7.2|  -0.0|  970.3| 0.000|   0.0|  38.949|  38.464|100.39|   0.0|    0.0|    0.0|E               |
|  0|10.00|33756.0|  1|10.80|10.67|  37.920|  34.163|  960.151|  -7.1|  -0.0|  993.0| 0.000|   0.0|  38.951|  38.415| 99.84|   0.0|    0.0|    0.0|E               |
|  0|10.00|33767.6|  1| 9.60| 9.48|  37.741|  33.614| 1022.113|  -7.2|  -0.0| 1052.6| 0.000|   0.0|  38.876|  38.134| 98.66|   0.0|    0.0|    0.0|E               |
|  0|10.00|33779.3|  1|12.00|11.85|  38.170|  34.526|  917.996|  -6.5|  -0.0|  953.9| 0.000|   0.0|  39.052|  38.552|101.29|   0.0|    0.0|    0.0|E               |
|  0|10.00|33790.9|  1|10.80|10.67|  38.078|  34.150|  960.200|  -6.5|  -0.0|  993.0| 0.000|   0.0|  39.023|  38.409| 99.84|   0.0|    0.0|    0.0|E               |
|  0|10.00|33805.9|  1|10.80|10.67|  38.078|  34.150|  960.196|  -6.5|  -0.0|  993.0| 0.000|   0.0|  39.023|  38.409| 99.84|   0.0|    0.0|    0.0|E               |
+---+-----+-------+---+-----+-----+--------+--------+---------+------+------+-------+------+------+--------+--------+------+------+-------+-------+----------------+
+---+-----+-------+---+-----+-----+--------+--------+---------+------+------+-------+------+------+--------+--------+------+------+-------+-------+----------------+
|0-x| fr  |  time |hop| d0  | d1  |   fi   |  teta  |   dist  |  at  |  dev |   p   |  df  |  l   |   fot  |   tot  |  rot | lsp  |   pf  |    s  |                |
+---+-----+-------+---+-----+-----+--------+--------+---------+------+------+-------+------+------+--------+--------+------+------+-------+-------+----------------+
|  0|10.00|33817.5|  1|10.80|10.67|  38.078|  34.150|  960.193|  -6.5|  -0.0|  993.0| 0.000|   0.0|  39.023|  38.409| 99.84|   0.0|    0.0|    0.0|E               |
|  0|10.00|33831.3|  1|11.40|11.26|  38.131|  34.364|  936.145|  -6.5|  -0.0|  970.4| 0.000|   0.0|  39.033|  38.457|100.40|   0.0|    0.0|    0.0|E               |
|  0|10.00|33841.9|  1|11.40|11.26|  37.977|  34.377|  936.073|  -7.1|  -0.0|  970.3| 0.000|   0.0|  38.961|  38.463|100.39|   0.0|    0.0|    0.0|E               |
|  0|10.00|33854.2|  1|11.40|11.26|  38.131|  34.364|  936.139|  -6.5|  -0.0|  970.4| 0.000|   0.0|  39.033|  38.457|100.40|   0.0|    0.0|    0.0|E               |
|  0|10.00|33869.1|  1|10.80|10.67|  38.078|  34.150|  960.181|  -6.5|  -0.0|  993.0| 0.000|   0.0|  39.023|  38.409| 99.84|   0.0|    0.0|    0.0|E               |
|  0|10.00|33883.0|  1|11.40|11.26|  38.131|  34.364|  936.132|  -6.5|  -0.0|  970.4| 0.000|   0.0|  39.033|  38.457|100.40|   0.0|    0.0|    0.0|E               |
|  0|10.00|33894.6|  1|14.40|14.00|  37.808|  33.068| 1081.646|  -6.5|   0.0| 1139.5| 0.000|   0.0|  38.909|  37.853|114.46|   0.0|    0.0|    0.0|F1              |
|  0|10.00|33907.3|  1|11.40|11.26|  38.131|  34.364|  936.125|  -6.5|  -0.0|  970.4| 0.000|   0.0|  39.033|  38.457|100.40|   0.0|    0.0|    0.0|E               |
|  0|10.00|33917.9|  1|11.40|11.26|  37.951|  34.380|  936.039|  -7.2|  -0.0|  970.3| 0.000|   0.0|  38.949|  38.464|100.39|   0.0|    0.0|    0.0|E               |
|  0|10.00|33931.7|  1|10.80|10.67|  37.893|  34.166|  960.097|  -7.2|  -0.0|  992.9| 0.000|   0.0|  38.939|  38.416| 99.83|   0.0|    0.0|    0.0|E               |
|  0|10.00|33945.6|  1|12.00|11.85|  38.170|  34.526|  917.942|  -6.5|  -0.0|  953.9| 0.000|   0.0|  39.052|  38.552|101.28|   0.0|    0.0|    0.0|E               |
|  0|10.00|33956.1|  1|10.80|10.67|  37.920|  34.163|  960.101|  -7.1|  -0.0|  992.9| 0.000|   0.0|  38.951|  38.415| 99.83|   0.0|    0.0|    0.0|E               |
|  0|10.00|33968.9|  1|12.00|11.85|  37.995|  34.542|  917.832|  -7.2|  -0.0|  953.8| 0.000|   0.0|  38.970|  38.558|101.28|   0.0|    0.0|    0.0|E               |
|  0|10.00|33980.6|  1|12.00|11.85|  38.020|  34.539|  917.844|  -7.1|  -0.0|  953.8| 0.000|   0.0|  38.982|  38.557|101.28|   0.0|    0.0|    0.0|E               |
|  0|10.00|33993.3|  1|11.40|11.26|  37.977|  34.378|  936.030|  -7.1|  -0.0|  970.3| 0.000|   0.0|  38.961|  38.463|100.39|   0.0|    0.0|    0.0|E               |
|  0|10.00|34006.1|  1|11.40|11.26|  37.951|  34.380|  936.014|  -7.2|  -0.0|  970.3| 0.000|   0.0|  38.949|  38.464|100.39|   0.0|    0.0|    0.0|E               |
|  0|10.00|34019.9|  1|12.00|11.85|  38.020|  34.539|  917.830|  -7.1|  -0.0|  953.8| 0.000|   0.0|  38.982|  38.557|101.28|   0.0|    0.0|    0.0|E               |
|  0|10.00|34031.5|  1|12.00|11.85|  38.020|  34.539|  917.826|  -7.1|  -0.0|  953.8| 0.000|   0.0|  38.982|  38.557|101.28|   0.0|    0.0|    0.0|E               |
|  0|10.00|34044.3|  1|12.00|11.85|  38.170|  34.526|  917.916|  -6.5|  -0.0|  953.9| 0.000|   0.0|  39.052|  38.552|101.28|   0.0|    0.0|    0.0|E               |
|  0|10.00|34055.9|  1|11.40|11.26|  37.951|  34.380|  936.000|  -7.2|  -0.0|  970.3| 0.000|   0.0|  38.949|  38.464|100.39|   0.0|    0.0|    0.0|E               |
+---+-----+-------+---+-----+-----+--------+--------+---------+------+------+-------+------+------+--------+--------+------+------+-------+-------+----------------+
+---+-----+-------+---+-----+-----+--------+--------+---------+------+------+-------+------+------+--------+--------+------+------+-------+-------+----------------+
|0-x| fr  |  time |hop| d0  | d1  |   fi   |  teta  |   dist  |  at  |  dev |   p   |  df  |  l   |   fot  |   tot  |  rot | lsp  |   pf  |    s  |                |
+---+-----+-------+---+-----+-----+--------+--------+---------+------+------+-------+------+------+--------+--------+------+------+-------+-------+----------------+
|  0|10.00|34067.6|  1|12.00|11.85|  38.170|  34.527|  917.908|  -6.5|  -0.0|  953.9| 0.000|   0.0|  39.052|  38.552|101.28|   0.0|    0.0|    0.0|E               |
|  0|10.00|34080.5|  1|11.40|11.26|  37.977|  34.378|  936.006|  -7.1|  -0.0|  970.3| 0.000|   0.0|  38.961|  38.463|100.39|   0.0|    0.0|    0.0|E               |
|  0|10.00|34094.3|  1|11.40|11.26|  37.977|  34.378|  936.002|  -7.1|  -0.0|  970.3| 0.000|   0.0|  38.961|  38.463|100.39|   0.0|    0.0|    0.0|E               |
|  0|10.00|34104.9|  1|11.40|11.26|  38.131|  34.365|  936.073|  -6.5|  -0.0|  970.3| 0.000|   0.0|  39.033|  38.457|100.39|   0.0|    0.0|    0.0|E               |
|  0|10.00|34115.5|  1|12.60|12.42|  38.188|  34.603|  909.362|  -6.5|  -0.0|  947.5| 0.000|   0.0|  39.064|  38.614|102.38|   0.0|    0.0|    0.0|E               |
|  0|10.00|34127.2|  1|12.00|11.85|  38.020|  34.540|  917.793|  -7.1|  -0.0|  953.7| 0.000|   0.0|  38.982|  38.557|101.28|   0.0|    0.0|    0.0|E               |
|  0|10.00|34138.8|  1|12.00|11.85|  37.995|  34.542|  917.773|  -7.2|  -0.0|  953.7| 0.000|   0.0|  38.970|  38.558|101.27|   0.0|    0.0|    0.0|E               |
|  0|10.00|34149.4|  1|12.00|11.85|  38.170|  34.527|  917.881|  -6.5|  -0.0|  953.8| 0.000|   0.0|  39.052|  38.552|101.28|   0.0|    0.0|    0.0|E               |
|  0|10.00|34163.3|  1|12.60|12.43|  38.188|  34.603|  909.337|  -6.5|  -0.0|  947.5| 0.000|   0.0|  39.064|  38.614|102.38|   0.0|    0.0|    0.0|E               |
|  0|10.00|34178.3|  1| 7.80| 7.68|  37.423|  32.517| 1145.679|  -7.2|  -0.0| 1173.5| 0.000|   0.0|  38.742|  37.548| 97.17|   0.0|    0.0|    0.0|E               |
|  0|10.00|34188.9|  1|12.00|11.85|  37.995|  34.542|  917.755|  -7.2|  -0.0|  953.7| 0.000|   0.0|  38.970|  38.558|101.27|   0.0|    0.0|    0.0|E               |
+==============================================================================+
|   Medium characteristics Sunspot number=   3.1 IG= -13.1   GMT time:09:29    |
|------------------------------------------------------------------------------|
|   S   | fh |  I  |   D  | fd |  hd | fe |  he | ff1 | hf1 | ff2 | hf2 |   Hi |
|-------+----+-----+------+----+-----+----+-----+-----+-----+-----+-----+------|
|    0.0|1.25| 58.8|   3.1|0.21| 81.0|3.16|110.0| 4.24|178.0| 5.45|239.0|  36.5|
+==============================================================================+

+==================================+
|       Es-layer parametres        |
|----------------------------------|
|   S   | hEs | fbEs | f0Es | P Es |
|-------+-----+------+------+------|
|    0.0|110.8| 3.56 | 3.66 | 63.2 |
+==================================+

|  0|10.00|34202.7|  1|12.60|12.43|  38.188|  34.603|  909.320|  -6.5|  -0.0|  947.5| 0.000|   0.0|  39.064|  38.614|102.38|   0.0|    0.0|    0.0|E               |
|  0|10.00|34213.3|  1|13.20|12.98|  38.156|  34.468|  924.518|  -6.5|  -0.0|  966.3| 0.000|   0.0|  39.049|  38.538|103.90|   0.0|    0.0|    0.0|E               |
|  0|10.00|34225.0|  1|13.20|12.98|  38.156|  34.467|  924.544|  -6.5|  -0.0|  966.3| 0.000|   0.0|  39.049|  38.538|103.91|   0.0|    0.0|    0.0|E               |
|  0|10.00|34238.9|  1|12.60|12.43|  38.188|  34.603|  909.360|  -6.5|  -0.0|  947.5| 0.000|   0.0|  39.064|  38.614|102.39|   0.0|    0.0|    0.0|E               |
|  0|10.00|34252.8|  1|12.60|12.43|  38.188|  34.603|  909.375|  -6.5|  -0.0|  947.5| 0.000|   0.0|  39.064|  38.614|102.39|   0.0|    0.0|    0.0|E               |
|  0|10.00|34263.4|  1|12.60|12.43|  38.188|  34.602|  909.387|  -6.5|  -0.0|  947.5| 0.000|   0.0|  39.064|  38.614|102.39|   0.0|    0.0|    0.0|E               |
|  0|10.00|34276.2|  1|11.40|11.26|  37.952|  34.380|  935.996|  -7.2|  -0.0|  970.3| 0.000|   0.0|  38.949|  38.464|100.39|   0.0|    0.0|    0.0|E               |
|  0|10.00|34276.2|  1|13.20|12.98|  38.155|  34.466|  924.670|  -6.5|  -0.0|  966.4| 0.000|   0.0|  39.049|  38.538|103.91|   0.0|    0.0|    0.0|E               |
|  0|10.00|34287.9|  1|11.40|11.26|  37.951|  34.380|  936.002|  -7.2|  -0.0|  970.3| 0.000|   0.0|  38.949|  38.464|100.39|   0.0|    0.0|    0.0|E               |
+---+-----+-------+---+-----+-----+--------+--------+---------+------+------+-------+------+------+--------+--------+------+------+-------+-------+----------------+
+---+-----+-------+---+-----+-----+--------+--------+---------+------+------+-------+------+------+--------+--------+------+------+-------+-------+----------------+
|0-x| fr  |  time |hop| d0  | d1  |   fi   |  teta  |   dist  |  at  |  dev |   p   |  df  |  l   |   fot  |   tot  |  rot | lsp  |   pf  |    s  |                |
+---+-----+-------+---+-----+-----+--------+--------+---------+------+------+-------+------+------+--------+--------+------+------+-------+-------+----------------+
|  0|10.00|34299.5|  1|12.60|12.43|  38.188|  34.602|  909.427|  -6.5|  -0.0|  947.6| 0.000|   0.0|  39.064|  38.614|102.39|   0.0|    0.0|    0.0|E               |
|  0|10.00|34310.1|  1|13.80|12.62|  36.714|  28.176| 1628.783|  -5.8|   0.0| 1714.4| 0.000|   0.0|  38.303|  34.326|113.34|   0.0|    0.0|    0.0|F1              |
|  0|10.00|34321.8|  1|13.20|12.98|  38.155|  34.465|  924.788|  -6.5|  -0.0|  966.5| 0.000|   0.0|  39.049|  38.538|103.91|   0.0|    0.0|    0.0|E               |
|  0|10.00|34333.5|  1|12.00|11.85|  38.170|  34.526|  917.952|  -6.5|  -0.0|  953.9| 0.000|   0.0|  39.052|  38.552|101.28|   0.0|    0.0|    0.0|E               |
|  0|10.00|34346.2|  1|13.20|12.98|  38.155|  34.465|  924.852|  -6.5|  -0.0|  966.6| 0.000|   0.0|  39.049|  38.538|103.92|   0.0|    0.0|    0.0|E               |
|  0|10.00|34356.8|  1|12.60|12.43|  38.188|  34.602|  909.491|  -6.5|  -0.0|  947.6| 0.000|   0.0|  39.064|  38.614|102.39|   0.0|    0.0|    0.0|E               |
|  0|10.00|34369.6|  1|12.60|12.43|  38.188|  34.601|  909.505|  -6.5|  -0.0|  947.7| 0.000|   0.0|  39.064|  38.614|102.39|   0.0|    0.0|    0.0|E               |
|  0|10.00|34380.2|  1|12.00|11.85|  38.170|  34.526|  917.982|  -6.5|  -0.0|  953.9| 0.000|   0.0|  39.052|  38.552|101.29|   0.0|    0.0|    0.0|E               |
|  0|10.00|34390.8|  1|12.60|12.43|  38.188|  34.601|  909.528|  -6.5|  -0.0|  947.7| 0.000|   0.0|  39.064|  38.614|102.39|   0.0|    0.0|    0.0|E               |
|  0|10.00|34402.1|  1|10.20|10.08|  37.850|  33.906|  988.998|  -7.1|  -0.0| 1020.6| 0.000|   0.0|  38.927|  38.305| 99.24|   0.0|    0.0|    0.0|E               |
|  0|10.00|34412.8|  1| 9.00| 8.88|  37.648|  33.284| 1059.257|  -7.2|  -0.0| 1088.8| 0.000|   0.0|  38.834|  37.951| 98.11|   0.0|    0.0|    0.0|E               |
|  0|10.00|34423.3|  1|10.20|10.08|  37.823|  33.909|  988.994|  -7.2|  -0.0| 1020.6| 0.000|   0.0|  38.914|  38.306| 99.24|   0.0|    0.0|    0.0|E               |
|  0|10.00|34436.1|  1| 9.60| 9.48|  37.542|  33.633| 1022.011|  -7.9|  -0.0| 1052.5| 0.000|   0.0|  38.785|  38.142| 98.65|   0.0|    0.0|    0.0|E               |
|  0|10.00|34436.1|  1|11.40|11.26|  37.951|  34.379|  936.074|  -7.2|  -0.0|  970.3| 0.000|   0.0|  38.949|  38.464|100.39|   0.0|    0.0|    0.0|E               |
|  0|10.00|34449.9|  1|11.40|11.26|  37.951|  34.379|  936.081|  -7.2|  -0.0|  970.3| 0.000|   0.0|  38.949|  38.464|100.40|   0.0|    0.0|    0.0|E               |
|  0|10.00|34461.5|  1|12.60|12.43|  38.188|  34.601|  909.607|  -6.5|  -0.0|  947.8| 0.000|   0.0|  39.064|  38.614|102.40|   0.0|    0.0|    0.0|E               |
|  0|10.00|34473.2|  1|13.20|12.98|  38.154|  34.462|  925.169|  -6.5|  -0.0|  967.0| 0.000|   0.0|  39.049|  38.538|103.93|   0.0|    0.0|    0.0|E               |
|  0|10.00|34483.8|  1|12.60|12.43|  38.188|  34.600|  909.632|  -6.5|  -0.0|  947.8| 0.000|   0.0|  39.064|  38.614|102.40|   0.0|    0.0|    0.0|E               |
|  0|10.00|34494.4|  1|13.20|12.98|  38.154|  34.461|  925.223|  -6.5|  -0.0|  967.0| 0.000|   0.0|  39.049|  38.538|103.93|   0.0|    0.0|    0.0|E               |
|  0|10.00|34494.4|  1|12.00|11.85|  37.995|  34.541|  917.942|  -7.2|  -0.0|  953.9| 0.000|   0.0|  38.970|  38.558|101.29|   0.0|    0.0|    0.0|E               |
+---+-----+-------+---+-----+-----+--------+--------+---------+------+------+-------+------+------+--------+--------+------+------+-------+-------+----------------+
+---+-----+-------+---+-----+-----+--------+--------+---------+------+------+-------+------+------+--------+--------+------+------+-------+-------+----------------+
|0-x| fr  |  time |hop| d0  | d1  |   fi   |  teta  |   dist  |  at  |  dev |   p   |  df  |  l   |   fot  |   tot  |  rot | lsp  |   pf  |    s  |                |
+---+-----+-------+---+-----+-----+--------+--------+---------+------+------+-------+------+------+--------+--------+------+------+-------+-------+----------------+
|  0|10.00|34506.1|  1|14.40|13.54|  36.702|  29.254| 1510.341|  -6.5|   0.0| 1596.8| 0.000|   0.0|  38.489|  35.902|132.15|   0.0|    0.0|    0.0|F1              |
|  0|10.00|34516.7|  1|15.60|15.08|  37.152|  30.741| 1343.180|  -6.5|  -0.0| 1429.7| 0.000|   0.0|  38.598|  36.396|137.99|   0.0|    0.0|    0.0|F1              |
|  0|10.00|34527.3|  1|13.20|12.98|  37.978|  34.479|  924.921|  -7.2|  -0.0|  966.7| 0.000|   0.0|  38.967|  38.545|103.92|   0.0|    0.0|    0.0|E               |
|  0|10.00|34540.1|  1|12.60|12.43|  38.015|  34.616|  909.512|  -7.2|  -0.0|  947.7| 0.000|   0.0|  38.984|  38.620|102.39|   0.0|    0.0|    0.0|E               |
|  0|10.00|34551.8|  1|13.20|12.98|  38.154|  34.460|  925.367|  -6.5|  -0.0|  967.2| 0.000|   0.0|  39.049|  38.538|103.93|   0.0|    0.0|    0.0|E               |
|  0|10.00|34562.4|  1|12.00|11.85|  38.170|  34.525|  918.108|  -6.5|  -0.0|  954.1| 0.000|   0.0|  39.052|  38.552|101.29|   0.0|    0.0|    0.0|E               |
|  0|10.00|34573.0|  1|11.40|11.26|  38.131|  34.363|  936.237|  -6.5|  -0.0|  970.5| 0.000|   0.0|  39.033|  38.457|100.40|   0.0|    0.0|    0.0|E               |
|  0|10.00|34583.6|  1|12.60|12.43|  38.015|  34.615|  909.558|  -7.2|  -0.0|  947.7| 0.000|   0.0|  38.984|  38.620|102.40|   0.0|    0.0|    0.0|E               |
|  0|10.00|34594.2|  1|12.60|12.43|  38.188|  34.599|  909.747|  -6.5|  -0.0|  947.9| 0.000|   0.0|  39.064|  38.614|102.40|   0.0|    0.0|    0.0|E               |
|  0|10.00|34606.9|  1|13.20|12.98|  38.154|  34.459|  925.506|  -6.5|  -0.0|  967.3| 0.000|   0.0|  39.049|  38.538|103.94|   0.0|    0.0|    0.0|E               |
|  0|10.00|34621.9|  1|13.20|12.98|  38.154|  34.458|  925.544|  -6.5|  -0.0|  967.3| 0.000|   0.0|  39.049|  38.538|103.94|   0.0|    0.0|    0.0|E               |
|  0|10.00|34635.8|  1|16.80|16.37|  37.137|  30.571| 1361.988|  -6.4|  -0.0| 1461.6| 0.000|   0.0|  38.591|  36.281|146.41|   0.0|    0.0|    0.0|F1              |
|  0|10.00|34646.4|  1|16.80|16.37|  37.385|  30.553| 1362.005|  -5.8|  -0.0| 1461.7| 0.000|   0.0|  38.705|  36.273|146.43|   0.0|    0.0|    0.0|F1              |
|  0|10.00|34660.3|  1|12.00|11.85|  38.170|  34.524|  918.175|  -6.5|  -0.0|  954.1| 0.000|   0.0|  39.052|  38.552|101.30|   0.0|    0.0|    0.0|E               |
|  0|10.00|34676.3|  1|13.80|12.97|  37.027|  30.300| 1392.686|  -6.5|   0.0| 1464.9| 0.000|   0.0|  38.705|  36.885|113.41|   0.0|    0.0|    0.0|F1              |
|  0|10.00|34690.1|  1|12.60|12.43|  38.014|  34.614|  909.666|  -7.2|  -0.0|  947.8| 0.000|   0.0|  38.984|  38.620|102.40|   0.0|    0.0|    0.0|E               |
|  0|10.00|34700.7|  1|13.80|12.98|  37.044|  30.353| 1386.718|  -6.5|   0.0| 1458.6| 0.000|   0.0|  38.705|  36.885|113.41|   0.0|    0.0|    0.0|F1              |
|  0|10.00|34712.4|  1|12.00|11.85|  37.994|  34.539|  918.085|  -7.2|  -0.0|  954.0| 0.000|   0.0|  38.970|  38.558|101.29|   0.0|    0.0|    0.0|E               |
|  0|10.00|34734.2|  1|12.60|12.43|  38.187|  34.598|  909.896|  -6.5|  -0.0|  948.1| 0.000|   0.0|  39.064|  38.614|102.41|   0.0|    0.0|    0.0|E               |
|  0|10.00|34745.8|  1|13.20|12.98|  38.153|  34.456|  925.860|  -6.5|  -0.0|  967.7| 0.000|   0.0|  39.049|  38.538|103.95|   0.0|    0.0|    0.0|E               |
+---+-----+-------+---+-----+-----+--------+--------+---------+------+------+-------+------+------+--------+--------+------+------+-------+-------+----------------+
+---+-----+-------+---+-----+-----+--------+--------+---------+------+------+-------+------+------+--------+--------+------+------+-------+-------+----------------+
|0-x| fr  |  time |hop| d0  | d1  |   fi   |  teta  |   dist  |  at  |  dev |   p   |  df  |  l   |   fot  |   tot  |  rot | lsp  |   pf  |    s  |                |
+---+-----+-------+---+-----+-----+--------+--------+---------+------+------+-------+------+------+--------+--------+------+------+-------+-------+----------------+
|  0|10.00|34758.6|  1|12.60|12.43|  38.187|  34.598|  909.923|  -6.5|  -0.0|  948.1| 0.000|   0.0|  39.064|  38.614|102.41|   0.0|    0.0|    0.0|E               |
|  0|10.00|34770.2|  1|12.60|12.43|  38.187|  34.598|  909.936|  -6.5|  -0.0|  948.1| 0.000|   0.0|  39.064|  38.614|102.41|   0.0|    0.0|    0.0|E               |
|  0|10.00|34781.9|  1|12.60|12.43|  38.187|  34.597|  909.949|  -6.5|  -0.0|  948.1| 0.000|   0.0|  39.064|  38.614|102.41|   0.0|    0.0|    0.0|E               |
|  0|10.00|34793.7|  1|13.80|13.01|  37.089|  30.503| 1369.844|  -6.5|   0.0| 1440.8| 0.000|   0.0|  38.711|  36.911|113.43|   0.0|    0.0|    0.0|F1              |
|  0|10.00|34804.3|  1|13.20|12.98|  38.153|  34.454|  926.009|  -6.5|  -0.0|  967.8| 0.000|   0.0|  39.049|  38.538|103.95|   0.0|    0.0|    0.0|E               |
|  0|10.00|34814.8|  1|13.80|13.00|  36.811|  30.434| 1379.862|  -7.1|   0.0| 1451.4| 0.000|   0.0|  38.604|  36.893|113.42|   0.0|    0.0|    0.0|F1              |
|  0|10.00|34825.4|  1|13.20|12.98|  38.001|  34.469|  925.712|  -7.1|  -0.0|  967.5| 0.000|   0.0|  38.979|  38.544|103.94|   0.0|    0.0|    0.0|E               |
|  0|10.00|34836.0|  1|13.20|12.98|  38.001|  34.469|  925.739|  -7.1|  -0.0|  967.6| 0.000|   0.0|  38.979|  38.544|103.95|   0.0|    0.0|    0.0|E               |
|  0|10.00|34846.6|  1|14.40|13.58|  36.763|  29.448| 1488.568|  -6.5|   0.0| 1573.7| 0.000|   0.0|  38.519|  36.032|132.32|   0.0|    0.0|    0.0|F1              |
|  0|10.00|34857.9|  1|16.80|16.37|  37.127|  30.541| 1365.355|  -6.4|  -0.0| 1465.4| 0.000|   0.0|  38.591|  36.281|146.66|   0.0|    0.0|    0.0|F1              |
|  0|10.00|34869.0|  1|16.80|16.37|  37.085|  30.542| 1365.561|  -6.5|  -0.0| 1465.6| 0.000|   0.0|  38.572|  36.283|146.67|   0.0|    0.0|    0.0|F1              |
|  0|10.00|34881.4|  1|12.60|12.43|  38.014|  34.612|  909.865|  -7.2|  -0.0|  948.0| 0.000|   0.0|  38.984|  38.620|102.41|   0.0|    0.0|    0.0|E               |
|  0|10.00|34903.3|  1|15.60|15.09|  37.145|  30.715| 1346.139|  -6.5|  -0.0| 1433.0| 0.000|   0.0|  38.627|  36.525|138.64|   0.0|    0.0|    0.0|F1              |
|  0|10.00|34913.9|  1|15.60|15.09|  37.144|  30.714| 1346.214|  -6.5|  -0.0| 1433.1| 0.000|   0.0|  38.627|  36.525|138.64|   0.0|    0.0|    0.0|F1              |
|  0|10.00|34924.5|  1|15.60|15.09|  37.144|  30.713| 1346.297|  -6.5|  -0.0| 1433.2| 0.000|   0.0|  38.627|  36.525|138.65|   0.0|    0.0|    0.0|F1              |
|  0|10.00|34935.1|  1|13.80|13.04|  37.136|  30.657| 1352.550|  -6.5|   0.0| 1422.5| 0.000|   0.0|  38.705|  36.885|113.43|   0.0|    0.0|    0.0|F1              |
|  0|10.00|34945.7|  1|14.40|13.58|  36.775|  29.484| 1484.522|  -6.5|   0.0| 1569.5| 0.000|   0.0|  38.524|  36.058|132.36|   0.0|    0.0|    0.0|F1              |
|  0|10.00|34956.3|  1|13.20|12.98|  38.152|  34.451|  926.379|  -6.5|  -0.0|  968.2| 0.000|   0.0|  39.049|  38.538|103.97|   0.0|    0.0|    0.0|E               |
|  0|10.00|34966.9|  1|13.20|12.98|  37.976|  34.469|  926.007|  -7.2|  -0.0|  967.8| 0.000|   0.0|  38.967|  38.545|103.95|   0.0|    0.0|    0.0|E               |
|  0|10.00|34977.5|  1|13.20|12.98|  38.001|  34.466|  926.094|  -7.1|  -0.0|  967.9| 0.000|   0.0|  38.979|  38.544|103.96|   0.0|    0.0|    0.0|E               |
+---+-----+-------+---+-----+-----+--------+--------+---------+------+------+-------+------+------+--------+--------+------+------+-------+-------+----------------+
+---+-----+-------+---+-----+-----+--------+--------+---------+------+------+-------+------+------+--------+--------+------+------+-------+-------+----------------+
|0-x| fr  |  time |hop| d0  | d1  |   fi   |  teta  |   dist  |  at  |  dev |   p   |  df  |  l   |   fot  |   tot  |  rot | lsp  |   pf  |    s  |                |
+---+-----+-------+---+-----+-----+--------+--------+---------+------+------+-------+------+------+--------+--------+------+------+-------+-------+----------------+
|  0|10.00|34989.1|  1|13.20|12.98|  37.975|  34.468|  926.062|  -7.2|  -0.0|  967.9| 0.000|   0.0|  38.967|  38.545|103.96|   0.0|    0.0|    0.0|E               |
|  0|10.00|34999.7|  1|12.60|12.43|  38.014|  34.611|  909.994|  -7.2|  -0.0|  948.2| 0.000|   0.0|  38.984|  38.620|102.42|   0.0|    0.0|    0.0|E               |
|  0|10.00|35013.7|  1|12.60|12.43|  38.014|  34.611|  910.009|  -7.2|  -0.0|  948.2| 0.000|   0.0|  38.984|  38.620|102.42|   0.0|    0.0|    0.0|E               |
|  0|10.00|35025.4|  1|12.60|12.43|  38.014|  34.611|  910.021|  -7.2|  -0.0|  948.2| 0.000|   0.0|  38.984|  38.620|102.42|   0.0|    0.0|    0.0|E               |
|  0|10.00|35039.2|  1|11.40|11.26|  37.951|  34.377|  936.362|  -7.2|  -0.0|  970.6| 0.000|   0.0|  38.949|  38.464|100.41|   0.0|    0.0|    0.0|E               |
|  0|10.00|35049.9|  1|11.40|11.26|  37.951|  34.377|  936.367|  -7.2|  -0.0|  970.6| 0.000|   0.0|  38.949|  38.464|100.42|   0.0|    0.0|    0.0|E               |
|  0|10.00|35060.4|  1|11.40|11.26|  38.105|  34.363|  936.447|  -6.6|  -0.0|  970.7| 0.000|   0.0|  39.021|  38.458|100.42|   0.0|    0.0|    0.0|E               |
|  0|10.00|35072.1|  1|11.40|11.26|  37.951|  34.377|  936.378|  -7.2|   0.0|  970.7| 0.000|   0.0|  38.949|  38.464|100.42|   0.0|    0.0|    0.0|E               |
|  0|10.00|35084.8|  1|10.80|10.67|  37.919|  34.161|  960.372|  -7.1|   0.0|  993.2| 0.000|   0.0|  38.951|  38.415| 99.85|   0.0|    0.0|    0.0|E               |
|  0|10.00|35095.4|  1|10.80|10.67|  37.919|  34.161|  960.376|  -7.1|   0.0|  993.2| 0.000|   0.0|  38.951|  38.415| 99.85|   0.0|    0.0|    0.0|E               |
|  0|10.00|35107.1|  1|13.20|12.98|  38.151|  34.448|  926.751|  -6.5|  -0.0|  968.6| 0.000|   0.0|  39.049|  38.538|103.98|   0.0|    0.0|    0.0|E               |
|  0|10.00|35118.7|  1|12.00|11.85|  38.019|  34.535|  918.368|  -7.1|  -0.0|  954.3| 0.000|   0.0|  38.982|  38.557|101.31|   0.0|    0.0|    0.0|E               |
|  0|10.00|35129.3|  1| 6.60| 6.48|  37.176|  31.584| 1250.317|  -7.1|   0.0| 1276.8| 0.000|   0.0|  38.650|  37.082| 96.44|   0.0|    0.0|    0.0|E               |
|  0|10.00|35139.9|  1|12.60|12.43|  38.013|  34.610|  910.164|  -7.2|  -0.0|  948.4| 0.000|   0.0|  38.984|  38.620|102.42|   0.0|    0.0|    0.0|E               |
|  0|10.00|35151.5|  1|13.20|12.98|  38.000|  34.462|  926.511|  -7.1|  -0.0|  968.4| 0.000|   0.0|  38.979|  38.544|103.97|   0.0|    0.0|    0.0|E               |
|  0|10.00|35162.1|  1|15.00|14.39|  37.062|  30.425| 1378.609|  -6.5|  -0.0| 1462.2| 0.000|   0.0|  38.616|  36.476|135.45|   0.0|    0.0|    0.0|F1              |
|  0|10.00|35175.9|  1|12.00|11.85|  38.169|  34.521|  918.526|  -6.5|   0.0|  954.5| 0.000|   0.0|  39.052|  38.552|101.32|   0.0|    0.0|    0.0|E               |
|  0|10.00|35186.6|  1|12.60|12.43|  38.187|  34.594|  910.383|  -6.5|   0.0|  948.6| 0.000|   0.0|  39.064|  38.614|102.43|   0.0|    0.0|    0.0|E               |
|  0|10.00|35198.2|  1|11.40|11.26|  38.130|  34.361|  936.533|  -6.5|   0.0|  970.8| 0.000|   0.0|  39.033|  38.457|100.43|   0.0|    0.0|    0.0|E               |
|  0|10.00|35209.9|  1| 8.40| 8.29|  37.542|  32.919| 1100.412|  -7.2|   0.0| 1129.1| 0.000|   0.0|  38.790|  37.756| 97.63|   0.0|    0.0|    0.0|E               |
+---+-----+-------+---+-----+-----+--------+--------+---------+------+------+-------+------+------+--------+--------+------+------+-------+-------+----------------+
+---+-----+-------+---+-----+-----+--------+--------+---------+------+------+-------+------+------+--------+--------+------+------+-------+-------+----------------+
|0-x| fr  |  time |hop| d0  | d1  |   fi   |  teta  |   dist  |  at  |  dev |   p   |  df  |  l   |   fot  |   tot  |  rot | lsp  |   pf  |    s  |                |
+---+-----+-------+---+-----+-----+--------+--------+---------+------+------+-------+------+------+--------+--------+------+------+-------+-------+----------------+
|  0|10.00|35220.5|  1|12.00|11.85|  37.994|  34.536|  918.416|  -7.2|   0.0|  954.4| 0.000|   0.0|  38.970|  38.558|101.31|   0.0|    0.0|    0.0|E               |
|  0|10.00|35231.1|  1|12.00|11.85|  37.994|  34.536|  918.424|  -7.2|   0.0|  954.4| 0.000|   0.0|  38.970|  38.558|101.31|   0.0|    0.0|    0.0|E               |
|  0|10.00|35241.7|  1|13.20|12.98|  37.974|  34.463|  926.660|  -7.2|   0.0|  968.5| 0.000|   0.0|  38.967|  38.545|103.98|   0.0|    0.0|    0.0|E               |
|  0|10.00|35252.3|  1|12.60|12.43|  38.038|  34.607|  910.280|  -7.1|   0.0|  948.5| 0.000|   0.0|  38.995|  38.619|102.43|   0.0|    0.0|    0.0|E               |
|  0|10.00|35273.5|  1|12.00|11.85|  37.994|  34.536|  918.452|  -7.2|   0.0|  954.4| 0.000|   0.0|  38.970|  38.558|101.32|   0.0|    0.0|    0.0|E               |
|  0|10.00|35285.1|  1|15.60|15.10|  37.137|  30.687| 1349.226|  -6.5|  -0.0| 1436.4| 0.000|   0.0|  38.649|  36.629|139.03|   0.0|    0.0|    0.0|F1              |
|  0|10.00|35296.8|  1|14.40|13.60|  36.475|  29.577| 1477.005|  -7.2|   0.0| 1561.5| 0.000|   0.0|  38.400|  36.122|132.50|   0.0|    0.0|    0.0|F1              |
|  0|10.00|35308.2|  1|14.40|13.61|  36.523|  29.580| 1476.229|  -7.1|   0.0| 1560.7| 0.000|   0.0|  38.413|  36.094|132.48|   0.0|    0.0|    0.0|F1              |
|  0|10.00|35319.8|  1|15.60|15.10|  36.848|  30.700| 1350.364|  -7.2|  -0.0| 1437.6| 0.000|   0.0|  38.525|  36.639|139.05|   0.0|    0.0|    0.0|F1              |
|  0|10.00|35330.4|  1|13.20|12.98|  37.974|  34.461|  926.883|  -7.2|   0.0|  968.8| 0.000|   0.0|  38.967|  38.545|103.98|   0.0|    0.0|    0.0|E               |
|  0|10.00|35342.0|  1| 8.40| 8.29|  37.542|  32.918| 1100.440|  -7.2|   0.0| 1129.1| 0.000|   0.0|  38.790|  37.756| 97.64|   0.0|    0.0|    0.0|E               |
|  0|10.00|35354.8|  1|12.60|12.43|  38.186|  34.592|  910.572|  -6.5|   0.0|  948.8| 0.000|   0.0|  39.064|  38.614|102.44|   0.0|    0.0|    0.0|E               |
|  0|10.00|35366.6|  1|13.80|13.09|  37.215|  30.921| 1322.833|  -6.5|   0.0| 1391.1| 0.000|   0.0|  38.717|  36.937|113.55|   0.0|    0.0|    0.0|F1              |
|  0|10.00|35377.1|  1|16.20|15.77|  37.172|  30.681| 1349.591|  -6.4|  -0.0| 1442.5| 0.000|   0.0|  38.604|  36.339|142.51|   0.0|    0.0|    0.0|F1              |
|  0|10.00|35389.5|  1|17.40|16.90|  36.907|  29.988| 1428.003|  -6.5|  -0.0| 1539.7| 0.000|   0.0|  38.581|  36.326|153.00|   0.0|    0.0|    0.0|F1              |
|  0|10.00|35401.1|  1|13.20|12.98|  37.998|  34.457|  927.141|  -7.1|   0.0|  969.0| 0.000|   0.0|  38.979|  38.544|103.99|   0.0|    0.0|    0.0|E               |
|  0|10.00|35412.8|  1|12.60|12.43|  38.038|  34.605|  910.455|  -7.1|   0.0|  948.7| 0.000|   0.0|  38.995|  38.619|102.44|   0.0|    0.0|    0.0|E               |
|  0|10.00|35423.3|  1|13.20|12.98|  37.998|  34.456|  927.198|  -7.1|   0.0|  969.1| 0.000|   0.0|  38.979|  38.544|103.99|   0.0|    0.0|    0.0|E               |
|  0|10.00|35435.1|  1|13.20|12.98|  38.150|  34.440|  927.614|  -6.5|   0.0|  969.5| 0.000|   0.0|  39.049|  38.538|104.00|   0.0|    0.0|    0.0|E               |
|  0|10.00|35447.8|  1|15.60|15.10|  36.845|  30.690| 1351.485|  -7.2|  -0.0| 1438.9| 0.000|   0.0|  38.525|  36.639|139.14|   0.0|    0.0|    0.0|F1              |
+---+-----+-------+---+-----+-----+--------+--------+---------+------+------+-------+------+------+--------+--------+------+------+-------+-------+----------------+
+---+-----+-------+---+-----+-----+--------+--------+---------+------+------+-------+------+------+--------+--------+------+------+-------+-------+----------------+
|0-x| fr  |  time |hop| d0  | d1  |   fi   |  teta  |   dist  |  at  |  dev |   p   |  df  |  l   |   fot  |   tot  |  rot | lsp  |   pf  |    s  |                |
+---+-----+-------+---+-----+-----+--------+--------+---------+------+------+-------+------+------+--------+--------+------+------+-------+-------+----------------+
|  0|10.00|35459.5|  1|12.00|11.85|  37.994|  34.535|  918.577|  -7.2|   0.0|  954.6| 0.000|   0.0|  38.970|  38.558|101.32|   0.0|    0.0|    0.0|E               |
|  0|10.00|35469.7|  1|12.60|12.43|  38.013|  34.607|  910.485|  -7.2|   0.0|  948.7| 0.000|   0.0|  38.984|  38.620|102.44|   0.0|    0.0|    0.0|E               |
|  0|10.00|35481.4|  1|13.20|12.98|  37.998|  34.455|  927.342|  -7.1|   0.0|  969.3| 0.000|   0.0|  38.979|  38.544|104.00|   0.0|    0.0|    0.0|E               |
|  0|10.00|35492.0|  1|12.60|12.43|  38.013|  34.607|  910.510|  -7.2|   0.0|  948.7| 0.000|   0.0|  38.984|  38.620|102.44|   0.0|    0.0|    0.0|E               |
|  0|10.00|35503.7|  1|10.80|10.67|  38.078|  34.146|  960.615|  -6.5|   0.0|  993.5| 0.000|   0.0|  39.023|  38.409| 99.87|   0.0|    0.0|    0.0|E               |
|  0|10.00|35514.3|  1|11.40|11.26|  38.130|  34.359|  936.693|  -6.5|   0.0|  971.0| 0.000|   0.0|  39.033|  38.457|100.44|   0.0|    0.0|    0.0|E               |
|  0|10.00|35525.9|  1|11.40|11.26|  37.976|  34.372|  936.599|  -7.1|   0.0|  970.9| 0.000|   0.0|  38.961|  38.463|100.43|   0.0|    0.0|    0.0|E               |
|  0|10.00|35538.3|  1|11.40|11.26|  37.951|  34.375|  936.588|  -7.2|   0.0|  970.9| 0.000|   0.0|  38.949|  38.464|100.43|   0.0|    0.0|    0.0|E               |
|  0|10.00|35550.0|  1|11.40|11.26|  37.950|  34.375|  936.594|  -7.2|   0.0|  970.9| 0.000|   0.0|  38.949|  38.464|100.43|   0.0|    0.0|    0.0|E               |
|  0|10.00|35563.2|  1|11.40|11.26|  37.950|  34.375|  936.601|  -7.2|   0.0|  970.9| 0.000|   0.0|  38.949|  38.464|100.43|   0.0|    0.0|    0.0|E               |
|  0|10.00|35574.8|  1| 9.60| 9.48|  37.769|  33.609| 1022.397|  -7.1|   0.0| 1052.9| 0.000|   0.0|  38.889|  38.133| 98.68|   0.0|    0.0|    0.0|E               |
|  0|10.00|35585.4|  1|10.20|10.08|  38.207|  33.874|  989.511|  -5.8|   0.0| 1021.2| 0.000|   0.0|  39.088|  38.292| 99.27|   0.0|    0.0|    0.0|E               |
|  0|10.00|35597.1|  1|12.60|12.43|  38.186|  34.589|  910.850|  -6.5|   0.0|  949.1| 0.000|   0.0|  39.064|  38.614|102.45|   0.0|    0.0|    0.0|E               |
|  0|10.00|35608.8|  1|12.00|11.85|  37.993|  34.534|  918.678|  -7.2|   0.0|  954.7| 0.000|   0.0|  38.970|  38.558|101.33|   0.0|    0.0|    0.0|E               |
|  0|10.00|35620.5|  1|11.40|11.26|  37.976|  34.372|  936.646|  -7.1|   0.0|  970.9| 0.000|   0.0|  38.961|  38.463|100.44|   0.0|    0.0|    0.0|E               |
|  0|10.00|35631.1|  1|11.40|11.26|  38.130|  34.359|  936.752|  -6.5|   0.0|  971.0| 0.000|   0.0|  39.033|  38.457|100.44|   0.0|    0.0|    0.0|E               |
|  0|10.00|35643.8|  1|11.40|11.26|  38.130|  34.359|  936.759|  -6.5|   0.0|  971.1| 0.000|   0.0|  39.033|  38.457|100.44|   0.0|    0.0|    0.0|E               |
|  0|10.00|35654.4|  1|12.00|11.85|  38.169|  34.518|  918.857|  -6.5|   0.0|  954.9| 0.000|   0.0|  39.052|  38.552|101.34|   0.0|    0.0|    0.0|E               |
|  0|10.00|35665.0|  1|12.60|12.43|  38.037|  34.603|  910.732|  -7.1|   0.0|  949.0| 0.000|   0.0|  38.995|  38.619|102.45|   0.0|    0.0|    0.0|E               |
|  0|10.00|35677.8|  1|12.60|12.43|  38.037|  34.602|  910.746|  -7.1|   0.0|  949.0| 0.000|   0.0|  38.995|  38.619|102.45|   0.0|    0.0|    0.0|E               |
+---+-----+-------+---+-----+-----+--------+--------+---------+------+------+-------+------+------+--------+--------+------+------+-------+-------+----------------+
+---+-----+-------+---+-----+-----+--------+--------+---------+------+------+-------+------+------+--------+--------+------+------+-------+-------+----------------+
|0-x| fr  |  time |hop| d0  | d1  |   fi   |  teta  |   dist  |  at  |  dev |   p   |  df  |  l   |   fot  |   tot  |  rot | lsp  |   pf  |    s  |                |
+---+-----+-------+---+-----+-----+--------+--------+---------+------+------+-------+------+------+--------+--------+------+------+-------+-------+----------------+
|  0|10.00|35689.4|  1|12.00|11.85|  38.018|  34.531|  918.755|  -7.1|   0.0|  954.8| 0.000|   0.0|  38.982|  38.557|101.33|   0.0|    0.0|    0.0|E               |
|  0|10.00|35700.0|  1|11.40|11.26|  38.104|  34.360|  936.770|  -6.6|   0.0|  971.1| 0.000|   0.0|  39.021|  38.458|100.44|   0.0|    0.0|    0.0|E               |
|  0|10.00|35716.1|  1|12.60|12.43|  38.037|  34.602|  910.788|  -7.1|   0.0|  949.0| 0.000|   0.0|  38.995|  38.619|102.45|   0.0|    0.0|    0.0|E               |
|  0|10.00|35727.7|  1|12.00|11.85|  38.169|  34.518|  918.909|  -6.5|   0.0|  954.9| 0.000|   0.0|  39.052|  38.552|101.34|   0.0|    0.0|    0.0|E               |
|  0|10.00|35742.7|  1|11.40|11.26|  37.976|  34.371|  936.705|  -7.1|   0.0|  971.0| 0.000|   0.0|  38.961|  38.463|100.44|   0.0|    0.0|    0.0|E               |
|  0|10.00|35753.3|  1|12.00|11.85|  38.018|  34.531|  918.795|  -7.1|   0.0|  954.8| 0.000|   0.0|  38.982|  38.557|101.34|   0.0|    0.0|    0.0|E               |
|  0|10.00|35765.1|  1|12.60|12.43|  38.185|  34.588|  911.042|  -6.5|   0.0|  949.3| 0.000|   0.0|  39.064|  38.614|102.46|   0.0|    0.0|    0.0|E               |
|  0|10.00|35777.9|  1|11.40|11.26|  37.950|  34.374|  936.705|  -7.2|   0.0|  971.0| 0.000|   0.0|  38.949|  38.464|100.44|   0.0|    0.0|    0.0|E               |
|  0|10.00|35789.6|  1|10.20|10.08|  37.822|  33.905|  989.403|  -7.2|   0.0| 1021.0| 0.000|   0.0|  38.914|  38.306| 99.27|   0.0|    0.0|    0.0|E               |
|  0|10.00|35802.4|  1|11.40|11.26|  37.950|  34.374|  936.717|  -7.2|   0.0|  971.0| 0.000|   0.0|  38.949|  38.464|100.44|   0.0|    0.0|    0.0|E               |
|  0|10.00|35814.1|  1|12.60|12.43|  38.185|  34.587|  911.098|  -6.5|   0.0|  949.4| 0.000|   0.0|  39.064|  38.614|102.46|   0.0|    0.0|    0.0|E               |
|  0|10.00|35824.7|  1|12.00|11.85|  37.993|  34.533|  918.820|  -7.2|   0.0|  954.8| 0.000|   0.0|  38.970|  38.558|101.34|   0.0|    0.0|    0.0|E               |
|  0|10.00|35836.4|  1|11.40|11.26|  37.950|  34.373|  936.733|  -7.2|   0.0|  971.0| 0.000|   0.0|  38.949|  38.464|100.44|   0.0|    0.0|    0.0|E               |
|  0|10.00|35847.0|  1|10.20|10.08|  37.822|  33.905|  989.420|  -7.2|   0.0| 1021.1| 0.000|   0.0|  38.914|  38.306| 99.27|   0.0|    0.0|    0.0|E               |
|  0|10.00|35860.8|  1|10.20|10.08|  37.822|  33.905|  989.424|  -7.2|   0.0| 1021.1| 0.000|   0.0|  38.914|  38.306| 99.27|   0.0|    0.0|    0.0|E               |
|  0|10.00|35874.6|  1|10.20|10.08|  37.822|  33.905|  989.428|  -7.2|   0.0| 1021.1| 0.000|   0.0|  38.914|  38.306| 99.27|   0.0|    0.0|    0.0|E               |
|  0|10.00|35889.6|  1|10.80|10.67|  37.919|  34.158|  960.680|  -7.1|   0.0|  993.6| 0.000|   0.0|  38.951|  38.415| 99.87|   0.0|    0.0|    0.0|E               |
|  0|10.00|35901.2|  1|12.00|11.85|  37.993|  34.532|  918.872|  -7.2|   0.0|  954.9| 0.000|   0.0|  38.970|  38.558|101.34|   0.0|    0.0|    0.0|E               |
|  0|10.00|35911.8|  1|12.00|11.85|  38.168|  34.516|  919.043|  -6.5|   0.0|  955.1| 0.000|   0.0|  39.052|  38.552|101.35|   0.0|    0.0|    0.0|E               |
|  0|10.00|35924.6|  1|10.20|10.08|  38.014|  33.888|  989.538|  -6.5|   0.0| 1021.2| 0.000|   0.0|  39.001|  38.299| 99.28|   0.0|    0.0|    0.0|E               |
+---+-----+-------+---+-----+-----+--------+--------+---------+------+------+-------+------+------+--------+--------+------+------+-------+-------+----------------+
+---+-----+-------+---+-----+-----+--------+--------+---------+------+------+-------+------+------+--------+--------+------+------+-------+-------+----------------+
|0-x| fr  |  time |hop| d0  | d1  |   fi   |  teta  |   dist  |  at  |  dev |   p   |  df  |  l   |   fot  |   tot  |  rot | lsp  |   pf  |    s  |                |
+---+-----+-------+---+-----+-----+--------+--------+---------+------+------+-------+------+------+--------+--------+------+------+-------+-------+----------------+
|  0|10.00|35937.4|  1| 9.60| 9.48|  37.769|  33.609| 1022.496|  -7.1|   0.0| 1053.0| 0.000|   0.0|  38.889|  38.133| 98.69|   0.0|    0.0|    0.0|E               |
|  0|10.00|35948.0|  1|11.40|11.26|  37.950|  34.373|  936.788|  -7.2|   0.0|  971.1| 0.000|   0.0|  38.949|  38.464|100.45|   0.0|    0.0|    0.0|E               |
|  0|10.00|35958.6|  1| 9.00| 8.88|  37.617|  33.284| 1059.598|  -7.3|   0.0| 1089.2| 0.000|   0.0|  38.821|  37.952| 98.14|   0.0|    0.0|    0.0|E               |
|  0|10.00|35970.3|  1| 7.80| 7.68|  37.390|  32.517| 1145.987|  -7.3|   0.0| 1173.8| 0.000|   0.0|  38.727|  37.549| 97.20|   0.0|    0.0|    0.0|E               |
|  0|10.00|35980.9|  1|10.80|10.67|  37.892|  34.160|  960.699|  -7.2|   0.0|  993.6| 0.000|   0.0|  38.939|  38.416| 99.87|   0.0|    0.0|    0.0|E               |
+---+-----+-------+---+-----+-----+--------+--------+---------+------+------+-------+------+------+--------+--------+------+------+-------+-------+----------------+