
delt0=     0.1  eps=   1e-05  ep=   1e-06  ep1=   0.001
Geomagnetic Field - const
fh= 1.34  i=  65.2  d=   6.8
Number TID: 1
Tid Parametres
  delt   lamb     t     b      a     fi
0.000   200.0  20.0 -45.0   45.0   0.000
delta=-0.000  r0= 200.0  lon=  39.000 lat=  55.000
Beta=  20.0  Alfa=   0.0 aX=  20.0 aY= 100.0 aZ=  20.0

lonIon=  40.000 latIon=  47.500 it=14.00 h_tec=450.0  TEC= 5.70000e+16
lonIon=  40.000 latIon=  47.500 it=14.25 h_tec=450.0  TEC= 5.70000e+16
lonIon=  40.000 latIon=  47.500 it=14.50 h_tec=450.0  TEC= 5.70000e+16
lonIon=  40.000 latIon=  47.500 it=14.75 h_tec=450.0  TEC= 5.70000e+16

Number diff. equation: 6

+==============================================================================+
|   Medium characteristics Sunspot number=  92.0 IG=  92.0   GMT time:14:00    |
|------------------------------------------------------------------------------|
|   S   | fh |  I  |   D  | fd |  hd | fe |  he | ff1 | hf1 | ff2 | hf2 |   Hi |
|-------+----+-----+------+----+-----+----+-----+-----+-----+-----+-----+------|
|    0.0|1.25| 58.8|   3.1|0.18| 82.5|1.52|110.0| 0.00|  0.0| 7.41|258.7|  87.5|
+==============================================================================+

+==================================+
|       Es-layer parametres        |
|----------------------------------|
|   S   | hEs | fbEs | f0Es | P Es |
|-------+-----+------+------+------|
|    0.0|108.0| 2.29 | 2.76 | 64.0 |
+==================================+

|  0|10.00|50402.4|  1|15.95|16.04|  37.229|  30.314| 1389.490|  -6.0|   0.6| 1495.7| 0.000|   0.0|  38.605|  36.427|207.13|   0.0|    0.0|    0.0|F2              |
|   |     |       |  2|16.04|10.46|  28.753|  13.634| 3272.320|  -5.3|   1.3| 3506.7| 0.000|   0.0|  34.723|  22.866|234.95|   0.0|    0.0|    0.0|F2F2            |
|  0|10.00|50414.9|  1|19.80|20.18|  35.947|  32.255| 1191.928| -11.2|   0.6| 1314.4| 0.000|   0.0|  37.973|  37.336|213.15|   0.0|    0.0|    0.0|F2              |
|   |     |       |  2|20.18|16.45|  27.486|  19.733| 2640.345| -10.3|   1.5| 2901.5| 0.000|   0.0|  32.774|  26.379|230.86|   0.0|    0.0|    0.0|F2F2            |
|  0|10.00|50414.9|  1|27.17|27.10|  37.453|  34.035|  978.996|  -8.7|   0.9| 1144.0| 0.000|   0.0|  38.621|  38.276|229.01|   0.0|    0.0|    0.0|F2              |
|   |     |       |  2|27.10|23.53|  33.547|  23.506| 2167.139|  -7.5|   2.1| 2516.7| 0.000|   0.0|  35.754|  29.029|246.52|   0.0|    0.0|    0.0|F2F2            |
|   |     |       |  3|23.53|17.38|  15.188|   8.173| 3938.206|  -5.9|   3.7| 4508.6| 0.000|   0.0|  28.840|  16.397|296.16|   0.0|    0.0|    0.0|F2F2F2          |
|  0|10.00|50414.9|  1|14.56|14.70|  36.734|  29.626| 1469.238|  -6.7|   0.5| 1570.2| 0.000|   0.0|  38.399|  36.046|204.34|   0.0|    0.0|    0.0|F2              |
+---+-----+-------+---+-----+-----+--------+--------+---------+------+------+-------+------+------+--------+--------+------+------+-------+-------+----------------+
|   |     |       |  2|14.70| 8.63|  24.278|  11.650| 3515.491|  -5.9|   1.3| 3741.2| 0.000|   0.0|  33.538|  21.742|234.61|   0.0|    0.0|    0.0|F2F2            |
|  0|10.00|50427.5|  1|15.22|15.35|  36.941|  29.969| 1429.814|  -6.5|   0.5| 1533.2| 0.000|   0.0|  38.481|  36.224|205.69|   0.0|    0.0|    0.0|F2              |
|   |     |       |  2|15.35| 9.57|  26.539|  12.685| 3389.453|  -5.7|   1.3| 3619.1| 0.000|   0.0|  34.063|  22.315|234.58|   0.0|    0.0|    0.0|F2F2            |
|  0|10.00|50440.1|  1|17.89|18.06|  37.078|  31.263| 1286.533|  -7.1|   0.6| 1400.8| 0.000|   0.0|  38.505|  36.838|210.45|   0.0|    0.0|    0.0|F2              |
|   |     |       |  2|18.06|13.29|  29.930|  16.583| 2947.115|  -6.3|   1.4| 3194.8| 0.000|   0.0|  34.644|  24.542|233.93|   0.0|    0.0|    0.0|F2F2            |
|  0|10.00|50452.5|  1|16.67|16.80|  37.253|  30.673| 1349.804|  -6.2|   0.6| 1459.0| 0.000|   0.0|  38.603|  36.584|208.60|   0.0|    0.0|    0.0|F2              |
|   |     |       |  2|16.80|11.54|  29.645|  14.776| 3143.441|  -5.5|   1.3| 3382.8| 0.000|   0.0|  34.856|  23.498|234.67|   0.0|    0.0|    0.0|F2F2            |
|  0|10.00|50465.1|  1|11.34|11.35|  36.628|  27.431| 1711.393|  -5.5|   0.5| 1802.2| 0.000|   0.0|  38.368|  34.754|197.94|   0.0|    0.0|    0.0|F2              |
|  0|10.00|50477.8|  1|14.44|14.60|  36.846|  29.541| 1477.571|  -6.4|   0.5| 1578.3| 0.000|   0.0|  38.438|  35.954|204.28|   0.0|    0.0|    0.0|F2              |
|   |     |       |  2|14.60| 8.41|  24.542|  11.342| 3545.669|  -5.6|   1.3| 3771.3| 0.000|   0.0|  33.749|  21.585|235.10|   0.0|    0.0|    0.0|F2F2            |
|  0|10.00|50490.3|  1|17.43|17.64|  37.011|  31.068| 1308.483|  -7.1|   0.6| 1420.9| 0.000|   0.0|  38.480|  36.741|209.84|   0.0|    0.0|    0.0|F2              |
|   |     |       |  2|17.64|12.77|  29.400|  16.078| 3005.616|  -6.3|   1.4| 3250.0| 0.000|   0.0|  34.503|  24.283|233.77|   0.0|    0.0|    0.0|F2F2            |
|  0|10.00|50503.0|  1|17.36|17.57|  37.039|  31.032| 1312.216|  -7.0|   0.6| 1424.4| 0.000|   0.0|  38.490|  36.712|209.73|   0.0|    0.0|    0.0|F2              |
|   |     |       |  2|17.57|12.66|  29.453|  15.967| 3017.091|  -6.2|   1.4| 3261.1| 0.000|   0.0|  34.547|  24.213|233.86|   0.0|    0.0|    0.0|F2F2            |
|  0|10.00|50515.3|  1|17.02|17.23|  37.067|  30.870| 1329.713|  -6.8|   0.6| 1440.5| 0.000|   0.0|  38.504|  36.622|209.15|   0.0|    0.0|    0.0|F2              |
|   |     |       |  2|17.23|12.21|  29.292|  15.491| 3069.360|  -6.0|   1.4| 3311.1| 0.000|   0.0|  34.569|  23.942|234.04|   0.0|    0.0|    0.0|F2F2            |
|  0|10.00|50527.7|  1|26.44|26.43|  37.583|  33.856|  997.161|  -8.0|   0.9| 1157.8| 0.000|   0.0|  38.692|  38.211|228.24|   0.0|    0.0|    0.0|F2              |
|   |     |       |  2|26.43|22.81|  33.865|  23.099| 2208.338|  -6.9|   2.0| 2548.8| 0.000|   0.0|  35.973|  28.752|245.68|   0.0|    0.0|    0.0|F2F2            |
|   |     |       |  3|22.81|16.68|  14.507|   7.351| 4022.945|  -5.3|   3.6| 4580.0| 0.000|   0.0|  29.190|  15.751|296.66|   0.0|    0.0|    0.0|F2F2F2          |
|  0|10.00|50540.0|  1|17.30|17.49|  37.301|  30.964| 1317.400|  -6.3|   0.6| 1429.5| 0.000|   0.0|  38.613|  36.705|210.09|   0.0|    0.0|    0.0|F2              |
+---+-----+-------+---+-----+-----+--------+--------+---------+------+------+-------+------+------+--------+--------+------+------+-------+-------+----------------+
|   |     |       |  2|17.49|12.46|  30.387|  15.682| 3040.523|  -5.5|   1.4| 3284.8| 0.000|   0.0|  35.049|  24.086|234.76|   0.0|    0.0|    0.0|F2F2            |
|  0|10.00|50552.5|  1| 8.34| 7.79|  38.446|  24.293| 2050.179|  -1.8|   0.4| 2134.5| 0.000|   0.0|  39.186|  33.397|195.31|   0.0|    0.0|    0.0|F2              |
|  0|10.00|50552.5|  1|16.40|16.60|  37.214|  30.549| 1363.721|  -6.2|   0.6| 1472.2| 0.000|   0.0|  38.608|  36.614|208.74|   0.0|    0.0|    0.0|F2              |
|   |     |       |  2|16.60|11.28|  29.310|  14.480| 3177.665|  -5.5|   1.3| 3415.7| 0.000|   0.0|  34.763|  23.311|234.66|   0.0|    0.0|    0.0|F2F2            |
|  0|10.00|50565.1|  1|14.94|15.16|  36.982|  29.816| 1446.322|  -6.3|   0.5| 1549.2| 0.000|   0.0|  38.491|  36.094|205.67|   0.0|    0.0|    0.0|F2              |
|   |     |       |  2|15.16| 9.24|  26.367|  12.260| 3435.737|  -5.5|   1.3| 3664.6| 0.000|   0.0|  34.121|  22.075|234.93|   0.0|    0.0|    0.0|F2F2            |
|  0|10.00|50577.9|  1|16.32|16.55|  37.162|  30.519| 1367.484|  -6.3|   0.6| 1475.7| 0.000|   0.0|  38.575|  36.546|208.63|   0.0|    0.0|    0.0|F2              |
|   |     |       |  2|16.55|11.24|  29.049|  14.429| 3184.975|  -5.6|   1.3| 3422.5| 0.000|   0.0|  34.665|  23.293|234.55|   0.0|    0.0|    0.0|F2F2            |
|  0|10.00|50590.6|  1|15.97|16.18|  37.275|  30.324| 1387.989|  -5.9|   0.6| 1494.9| 0.000|   0.0|  38.632|  36.469|208.15|   0.0|    0.0|    0.0|F2              |
|   |     |       |  2|16.18|10.66|  29.121|  13.776| 3254.553|  -5.2|   1.3| 3490.1| 0.000|   0.0|  34.870|  23.001|235.11|   0.0|    0.0|    0.0|F2F2            |
|  0|10.00|50603.2|  1|16.78|17.01|  37.269|  30.727| 1343.723|  -6.2|   0.6| 1453.9| 0.000|   0.0|  38.625|  36.687|209.69|   0.0|    0.0|    0.0|F2              |
|   |     |       |  2|17.01|11.84|  29.903|  15.030| 3114.230|  -5.5|   1.3| 3355.2| 0.000|   0.0|  34.942|  23.691|234.77|   0.0|    0.0|    0.0|F2F2            |
|  0|10.00|50616.1|  1|14.88|15.13|  36.973|  29.786| 1449.616|  -6.3|   0.5| 1552.4| 0.000|   0.0|  38.484|  36.067|205.74|   0.0|    0.0|    0.0|F2              |
|   |     |       |  2|15.13| 9.21|  26.275|  12.205| 3442.202|  -5.5|   1.3| 3670.9| 0.000|   0.0|  34.129|  22.101|234.97|   0.0|    0.0|    0.0|F2F2            |
|  0|10.00|50628.8|  1|15.85|16.10|  37.174|  30.280| 1393.668|  -6.1|   0.6| 1500.2| 0.000|   0.0|  38.589|  36.448|208.05|   0.0|    0.0|    0.0|F2              |
|   |     |       |  2|16.10|10.59|  28.608|  13.711| 3265.102|  -5.4|   1.3| 3499.9| 0.000|   0.0|  34.629|  22.867|234.79|   0.0|    0.0|    0.0|F2F2            |
|  0|10.00|50641.2|  1|16.66|16.94|  37.132|  30.691| 1348.785|  -6.5|   0.6| 1458.6| 0.000|   0.0|  38.567|  36.668|209.56|   0.0|    0.0|    0.0|F2              |
|   |     |       |  2|16.94|11.80|  29.306|  15.007| 3121.095|  -5.8|   1.3| 3361.2| 0.000|   0.0|  34.652|  23.610|234.33|   0.0|    0.0|    0.0|F2F2            |
|  0|10.00|50653.7|  1|15.43|15.69|  37.194|  30.057| 1418.036|  -6.0|   0.5| 1523.0| 0.000|   0.0|  38.595|  36.304|207.38|   0.0|    0.0|    0.0|F2              |
|   |     |       |  2|15.69| 9.97|  28.164|  13.009| 3343.327|  -5.2|   1.3| 3575.7| 0.000|   0.0|  34.651|  22.557|235.20|   0.0|    0.0|    0.0|F2F2            |
+---+-----+-------+---+-----+-----+--------+--------+---------+------+------+-------+------+------+--------+--------+------+------+-------+-------+----------------+
+---+-----+-------+---+-----+-----+--------+--------+---------+------+------+-------+------+------+--------+--------+------+------+-------+-------+----------------+
|0-x| fr  |  time |hop| d0  | d1  |   fi   |  teta  |   dist  |  at  |  dev |   p   |  df  |  l   |   fot  |   tot  |  rot | lsp  |   pf  |    s  |                |
+---+-----+-------+---+-----+-----+--------+--------+---------+------+------+-------+------+------+--------+--------+------+------+-------+-------+----------------+
|  0|10.00|50666.0|  1|14.20|14.49|  36.851|  29.414| 1491.496|  -6.3|   0.5| 1592.0| 0.000|   0.0|  38.467|  36.002|205.07|   0.0|    0.0|    0.0|F2              |
|   |     |       |  2|14.49| 8.22|  24.260|  11.055| 3577.744|  -5.5|   1.3| 3802.9| 0.000|   0.0|  33.747|  21.412|235.33|   0.0|    0.0|    0.0|F2F2            |
|  0|10.00|50678.3|  1|17.36|17.66|  37.194|  31.011| 1313.174|  -6.6|   0.6| 1426.0| 0.000|   0.0|  38.569|  36.746|210.90|   0.0|    0.0|    0.0|F2              |
|   |     |       |  2|17.66|12.75|  30.116|  15.948| 3013.813|  -5.8|   1.4| 3259.2| 0.000|   0.0|  34.841|  24.153|234.41|   0.0|    0.0|    0.0|F2F2            |
|  0|10.00|50690.8|  1|16.23|16.52|  37.231|  30.467| 1372.604|  -6.1|   0.6| 1480.9| 0.000|   0.0|  38.606|  36.523|209.04|   0.0|    0.0|    0.0|F2              |
|   |     |       |  2|16.52|11.18|  29.311|  14.313| 3195.576|  -5.4|   1.3| 3433.2| 0.000|   0.0|  34.825|  23.276|234.84|   0.0|    0.0|    0.0|F2F2            |
|  0|10.00|50703.3|  1|17.17|17.50|  37.128|  30.935| 1322.087|  -6.7|   0.6| 1434.2| 0.000|   0.0|  38.541|  36.707|210.64|   0.0|    0.0|    0.0|F2              |
|   |     |       |  2|17.50|12.57|  29.757|  15.771| 3035.677|  -5.9|   1.4| 3279.7| 0.000|   0.0|  34.699|  24.033|234.23|   0.0|    0.0|    0.0|F2F2            |
|  0|10.00|50715.6|  1|14.29|14.63|  36.778|  29.485| 1484.372|  -6.5|   0.5| 1585.3| 0.000|   0.0|  38.432|  36.023|205.40|   0.0|    0.0|    0.0|F2              |
|   |     |       |  2|14.63| 8.49|  24.293|  11.382| 3543.400|  -5.7|   1.3| 3769.1| 0.000|   0.0|  33.626|  21.561|234.94|   0.0|    0.0|    0.0|F2F2            |
|  0|10.00|50728.3|  1|18.82|19.15|  37.274|  31.622| 1245.290|  -6.9|   0.6| 1364.7| 0.000|   0.0|  38.595|  37.069|213.94|   0.0|    0.0|    0.0|F2              |
|   |     |       |  2|19.15|14.66|  31.256|  17.680| 2818.149|  -6.1|   1.4| 3075.5| 0.000|   0.0|  35.130|  25.227|235.03|   0.0|    0.0|    0.0|F2F2            |
|  0|10.00|50740.8|  1| 0.00| 0.00|   0.000|   0.000|    0.000|   0.0|   0.0|    0.0| 0.000|   0.0|   0.000|   0.000|  0.00|   0.0|    0.0|    0.0|                |
|  0|10.00|50740.8|  1|16.98|17.32|  37.258|  30.828| 1332.755|  -6.3|   0.6| 1444.2| 0.000|   0.0|  38.604|  36.671|210.60|   0.0|    0.0|    0.0|F2              |
|   |     |       |  2|17.32|12.27|  30.113|  15.423| 3070.417|  -5.5|   1.4| 3313.5| 0.000|   0.0|  34.957|  23.899|234.72|   0.0|    0.0|    0.0|F2F2            |
|  0|10.00|50753.2|  1|35.31|34.08|  36.632|  33.241| 1075.780| -10.4|   2.3| 1377.1| 0.000|   0.0|  38.118|  37.869|261.07|   0.0|    0.0|    0.0|F2              |
|  0|10.00|50753.2|  1|17.69|18.07|  37.050|  31.183| 1295.534|  -7.1|   0.6| 1410.0| 0.000|   0.0|  38.501|  36.829|211.78|   0.0|    0.0|    0.0|F2              |
|   |     |       |  2|18.07|13.36|  29.872|  16.547| 2951.429|  -6.3|   1.4| 3199.4| 0.000|   0.0|  34.627|  24.527|234.00|   0.0|    0.0|    0.0|F2F2            |
|  0|10.00|50765.9|  1|33.49|33.16|  37.160|  34.602|  920.940| -10.5|   1.5| 1152.3| 0.000|   0.0|  38.468|  38.672|249.25|   0.0|    0.0|    0.0|F2              |
|  0|10.00|50765.9|  1|14.62|14.94|  37.243|  29.610| 1466.954|  -5.6|   0.5| 1569.3| 0.000|   0.0|  38.626|  36.084|206.49|   0.0|    0.0|    0.0|F2              |
+---+-----+-------+---+-----+-----+--------+--------+---------+------+------+-------+------+------+--------+--------+------+------+-------+-------+----------------+
|   |     |       |  2|14.94| 8.77|  27.151|  11.584| 3502.116|  -4.8|   1.3| 3730.7| 0.000|   0.0|  34.623|  21.721|236.04|   0.0|    0.0|    0.0|F2F2            |
|  0|10.00|50778.4|  1|33.91|33.60|  36.889|  34.596|  925.469| -11.5|   1.6| 1164.4| 0.000|   0.0|  38.325|  38.634|250.82|   0.0|    0.0|    0.0|F2              |
|  0|10.00|50778.4|  1|17.23|17.57|  37.370|  30.927| 1320.911|  -6.1|   0.6| 1433.6| 0.000|   0.0|  38.650|  36.715|211.29|   0.0|    0.0|    0.0|F2              |
|   |     |       |  2|17.57|12.58|  30.734|  15.692| 3036.868|  -5.3|   1.4| 3282.2| 0.000|   0.0|  35.196|  24.062|235.07|   0.0|    0.0|    0.0|F2F2            |
|  0|10.00|50790.8|  1| 6.88| 6.43|  37.149|  22.721| 2228.605|  -3.0|   0.4| 2310.9| 0.000|   0.0|  38.753|  32.843|194.22|   0.0|    0.0|    0.0|F2              |
|  0|10.00|50790.8|  1|17.55|17.90|  37.373|  31.071| 1305.070|  -6.2|   0.6| 1419.1| 0.000|   0.0|  38.648|  36.786|211.94|   0.0|    0.0|    0.0|F2              |
|   |     |       |  2|17.90|13.00|  30.954|  16.113| 2989.860|  -5.4|   1.4| 3237.6| 0.000|   0.0|  35.228|  24.302|235.04|   0.0|    0.0|    0.0|F2F2            |
|  0|10.00|50803.1|  1|29.87|29.97|  37.153|  34.509|  931.174| -10.4|   1.1| 1119.3| 0.000|   0.0|  38.454|  38.491|237.23|   0.0|    0.0|    0.0|F2              |
|   |     |       |  2|29.97|26.62|  32.971|  24.595| 2055.790|  -9.0|   2.5| 2456.2| 0.000|   0.0|  35.261|  29.720|253.75|   0.0|    0.0|    0.0|F2F2            |
|   |     |       |  3|26.62|20.12|  17.338|  10.109| 3731.075|  -7.0|   4.5| 4384.9| 0.000|   0.0|  28.245|  17.775|301.23|   0.0|    0.0|    0.0|F2F2F2          |
|  0|10.00|50803.1|  1|14.52|14.92|  36.868|  29.613| 1469.582|  -6.4|   0.5| 1571.6| 0.000|   0.0|  38.446|  35.991|206.03|   0.0|    0.0|    0.0|F2              |
|   |     |       |  2|14.92| 8.91|  25.366|  11.828| 3488.587|  -5.6|   1.3| 3716.0| 0.000|   0.0|  33.857|  21.787|234.89|   0.0|    0.0|    0.0|F2F2            |
|  0|10.00|50815.5|  1|16.69|17.07|  37.298|  30.687| 1347.874|  -6.1|   0.6| 1458.4| 0.000|   0.0|  38.619|  36.576|210.39|   0.0|    0.0|    0.0|F2              |
|   |     |       |  2|17.07|11.92|  30.080|  15.035| 3112.471|  -5.4|   1.3| 3354.0| 0.000|   0.0|  34.992|  23.618|234.88|   0.0|    0.0|    0.0|F2F2            |
|  0|10.00|50828.0|  1|18.36|18.70|  37.585|  31.388| 1268.444|  -5.9|   0.6| 1386.2| 0.000|   0.0|  38.731|  36.920|213.66|   0.0|    0.0|    0.0|F2              |
|   |     |       |  2|18.70|13.98|  32.168|  16.963| 2889.225|  -5.1|   1.4| 3144.0| 0.000|   0.0|  35.690|  24.820|235.92|   0.0|    0.0|    0.0|F2F2            |
|  0|10.00|50840.6|  1|16.72|17.10|  37.422|  30.684| 1347.237|  -5.8|   0.6| 1458.0| 0.000|   0.0|  38.666|  36.535|210.48|   0.0|    0.0|    0.0|F2              |
|   |     |       |  2|17.10|11.91|  30.599|  14.989| 3113.880|  -5.1|   1.3| 3356.0| 0.000|   0.0|  35.257|  23.653|235.31|   0.0|    0.0|    0.0|F2F2            |
|  0|10.00|50853.1|  1|27.41|27.25|  38.755|  33.854|  988.252|  -3.8|   1.0| 1157.7| 0.000|   0.0|  39.218|  38.165|232.79|   0.0|    0.0|    0.0|F2              |
|   |     |       |  2|27.25|23.15|  37.491|  22.687| 2231.099|  -2.6|   2.2| 2594.5| 0.000|   0.0|  38.089|  28.543|253.51|   0.0|    0.0|    0.0|F2F2            |
+---+-----+-------+---+-----+-----+--------+--------+---------+------+------+-------+------+------+--------+--------+------+------+-------+-------+----------------+
+---+-----+-------+---+-----+-----+--------+--------+---------+------+------+-------+------+------+--------+--------+------+------+-------+-------+----------------+
|0-x| fr  |  time |hop| d0  | d1  |   fi   |  teta  |   dist  |  at  |  dev |   p   |  df  |  l   |   fot  |   tot  |  rot | lsp  |   pf  |    s  |                |
+---+-----+-------+---+-----+-----+--------+--------+---------+------+------+-------+------+------+--------+--------+------+------+-------+-------+----------------+
|  0|10.00|50853.1|  1|16.10|16.49|  37.338|  30.394| 1379.802|  -5.8|   0.6| 1488.1| 0.000|   0.0|  38.639|  36.414|209.47|   0.0|    0.0|    0.0|F2              |
|   |     |       |  2|16.49|11.10|  29.729|  14.149| 3210.340|  -5.1|   1.3| 3448.2| 0.000|   0.0|  35.034|  23.169|235.24|   0.0|    0.0|    0.0|F2F2            |
|  0|10.00|50865.4|  1|15.77|16.18|  37.291|  30.235| 1397.703|  -5.8|   0.6| 1504.7| 0.000|   0.0|  38.622|  36.334|208.91|   0.0|    0.0|    0.0|F2              |
|   |     |       |  2|16.18|10.66|  29.201|  13.683| 3264.090|  -5.1|   1.3| 3499.8| 0.000|   0.0|  34.910|  22.909|235.25|   0.0|    0.0|    0.0|F2F2            |
|  0|10.00|50940.7|  1|17.09|17.54|  37.432|  30.860| 1327.823|  -5.9|   0.6| 1440.5| 0.000|   0.0|  38.662|  36.603|211.57|   0.0|    0.0|    0.0|F2              |
|   |     |       |  2|17.54|12.52|  30.963|  15.570| 3048.540|  -5.1|   1.4| 3293.9| 0.000|   0.0|  35.298|  23.922|235.28|   0.0|    0.0|    0.0|F2F2            |
|  0|10.00|50940.7|  1|16.04|16.52|  37.248|  30.383| 1381.706|  -6.0|   0.6| 1490.1| 0.000|   0.0|  38.617|  36.490|209.89|   0.0|    0.0|    0.0|F2              |
|   |     |       |  2|16.52|11.17|  29.384|  14.216| 3205.487|  -5.3|   1.3| 3443.3| 0.000|   0.0|  34.865|  23.188|234.97|   0.0|    0.0|    0.0|F2F2            |
|  0|10.00|50940.7|  1|16.41|16.90|  37.179|  30.577| 1360.979|  -6.3|   0.6| 1470.8| 0.000|   0.0|  38.579|  36.568|210.52|   0.0|    0.0|    0.0|F2              |
|   |     |       |  2|16.90|11.74|  29.476|  14.836| 3138.216|  -5.6|   1.3| 3378.3| 0.000|   0.0|  34.769|  23.521|234.62|   0.0|    0.0|    0.0|F2F2            |
|  0|10.00|50940.7|  1|16.43|16.93|  37.142|  30.593| 1359.569|  -6.4|   0.6| 1469.5| 0.000|   0.0|  38.562|  36.572|210.53|   0.0|    0.0|    0.0|F2              |
|   |     |       |  2|16.93|11.80|  29.353|  14.899| 3132.315|  -5.7|   1.3| 3372.5| 0.000|   0.0|  34.679|  23.505|234.47|   0.0|    0.0|    0.0|F2F2            |
|  0|10.00|50940.7|  1|16.80|17.28|  37.235|  30.755| 1340.950|  -6.3|   0.6| 1452.4| 0.000|   0.0|  38.580|  36.562|210.99|   0.0|    0.0|    0.0|F2              |
|   |     |       |  2|17.28|12.25|  30.016|  15.343| 3079.753|  -5.6|   1.3| 3322.7| 0.000|   0.0|  34.895|  23.770|234.68|   0.0|    0.0|    0.0|F2F2            |
|  0|10.00|50940.7|  1|16.66|17.14|  37.215|  30.691| 1348.095|  -6.3|   0.6| 1458.9| 0.000|   0.0|  38.574|  36.536|210.75|   0.0|    0.0|    0.0|F2              |
|   |     |       |  2|17.14|12.07|  29.828|  15.163| 3100.509|  -5.6|   1.3| 3342.4| 0.000|   0.0|  34.842|  23.661|234.64|   0.0|    0.0|    0.0|F2F2            |
|  0|10.00|50940.7|  1|16.71|17.20|  37.182|  30.720| 1345.183|  -6.4|   0.6| 1456.2| 0.000|   0.0|  38.557|  36.543|210.79|   0.0|    0.0|    0.0|F2              |
|   |     |       |  2|17.20|12.16|  29.747|  15.263| 3090.341|  -5.7|   1.3| 3332.5| 0.000|   0.0|  34.804|  23.763|234.56|   0.0|    0.0|    0.0|F2F2            |
|  0|10.00|50940.7|  1|16.93|17.42|  37.174|  30.825| 1333.736|  -6.5|   0.6| 1445.7| 0.000|   0.0|  38.550|  36.589|211.15|   0.0|    0.0|    0.0|F2              |
|   |     |       |  2|17.42|12.47|  29.893|  15.575| 3055.616|  -5.8|   1.3| 3299.4| 0.000|   0.0|  34.789|  23.891|234.47|   0.0|    0.0|    0.0|F2F2            |
+---+-----+-------+---+-----+-----+--------+--------+---------+------+------+-------+------+------+--------+--------+------+------+-------+-------+----------------+
+---+-----+-------+---+-----+-----+--------+--------+---------+------+------+-------+------+------+--------+--------+------+------+-------+-------+----------------+
|0-x| fr  |  time |hop| d0  | d1  |   fi   |  teta  |   dist  |  at  |  dev |   p   |  df  |  l   |   fot  |   tot  |  rot | lsp  |   pf  |    s  |                |
+---+-----+-------+---+-----+-----+--------+--------+---------+------+------+-------+------+------+--------+--------+------+------+-------+-------+----------------+
|  0|10.00|50940.7|  1|17.50|17.96|  37.407|  31.048| 1307.271|  -6.1|   0.6| 1421.7| 0.000|   0.0|  38.645|  36.685|212.23|   0.0|    0.0|    0.0|F2              |
|   |     |       |  2|17.96|13.08|  31.125|  16.125| 2987.323|  -5.3|   1.4| 3235.7| 0.000|   0.0|  35.300|  24.291|235.21|   0.0|    0.0|    0.0|F2F2            |
|  0|10.00|50940.7|  1|16.00|16.53|  36.912|  30.416| 1381.009|  -6.8|   0.6| 1489.1| 0.000|   0.0|  38.465|  36.478|209.59|   0.0|    0.0|    0.0|F2              |
|   |     |       |  2|16.53|11.33|  28.051|  14.467| 3188.566|  -6.1|   1.3| 3425.4| 0.000|   0.0|  34.175|  23.206|233.84|   0.0|    0.0|    0.0|F2F2            |
|  0|10.00|50940.7|  1|16.49|16.98|  37.191|  30.614| 1356.801|  -6.3|   0.6| 1466.9| 0.000|   0.0|  38.588|  36.607|210.68|   0.0|    0.0|    0.0|F2              |
|   |     |       |  2|16.98|11.85|  29.593|  14.943| 3125.841|  -5.6|   1.3| 3366.5| 0.000|   0.0|  34.779|  23.533|234.61|   0.0|    0.0|    0.0|F2F2            |
|  0|10.00|50940.7|  1|16.64|17.12|  37.212|  30.682| 1349.161|  -6.3|   0.6| 1459.9| 0.000|   0.0|  38.566|  36.504|210.58|   0.0|    0.0|    0.0|F2              |
|   |     |       |  2|17.12|12.04|  29.798|  15.134| 3103.801|  -5.6|   1.3| 3345.5| 0.000|   0.0|  34.858|  23.702|234.67|   0.0|    0.0|    0.0|F2F2            |
|  0|10.00|50940.7|  1|16.72|17.21|  37.184|  30.725| 1344.668|  -6.4|   0.6| 1455.8| 0.000|   0.0|  38.557|  36.544|210.80|   0.0|    0.0|    0.0|F2              |
|   |     |       |  2|17.21|12.17|  29.761|  15.276| 3088.828|  -5.7|   1.3| 3331.1| 0.000|   0.0|  34.807|  23.769|234.57|   0.0|    0.0|    0.0|F2F2            |
|  0|10.00|50940.7|  1|16.22|16.72|  37.110|  30.494| 1370.632|  -6.4|   0.6| 1479.7| 0.000|   0.0|  38.551|  36.527|210.13|   0.0|    0.0|    0.0|F2              |
|   |     |       |  2|16.72|11.52|  29.034|  14.617| 3164.997|  -5.7|   1.3| 3403.7| 0.000|   0.0|  34.616|  23.388|234.46|   0.0|    0.0|    0.0|F2F2            |
|  0|10.00|50940.7|  1|16.46|16.95|  37.186|  30.600| 1358.362|  -6.3|   0.6| 1468.4| 0.000|   0.0|  38.563|  36.493|210.39|   0.0|    0.0|    0.0|F2              |
|   |     |       |  2|16.95|11.81|  29.549|  14.902| 3130.566|  -5.6|   1.3| 3371.0| 0.000|   0.0|  34.786|  23.554|234.63|   0.0|    0.0|    0.0|F2F2            |
|  0|10.00|50953.3|  1|15.61|16.08|  37.311|  30.155| 1406.325|  -5.7|   0.6| 1513.0| 0.000|   0.0|  38.650|  36.385|209.20|   0.0|    0.0|    0.0|F2              |
|   |     |       |  2|16.08|10.51|  29.180|  13.486| 3285.395|  -5.0|   1.3| 3520.6| 0.000|   0.0|  34.941|  22.788|235.40|   0.0|    0.0|    0.0|F2F2            |
|  0|10.00|50953.3|  1|16.26|16.74|  37.321|  30.483| 1370.180|  -5.9|   0.6| 1479.5| 0.000|   0.0|  38.644|  36.530|210.40|   0.0|    0.0|    0.0|F2              |
|   |     |       |  2|16.74|11.46|  29.894|  14.498| 3171.660|  -5.2|   1.3| 3411.1| 0.000|   0.0|  35.028|  23.346|235.12|   0.0|    0.0|    0.0|F2F2            |
|  0|10.00|50953.3|  1|16.06|16.53|  37.334|  30.381| 1381.306|  -5.8|   0.6| 1489.8| 0.000|   0.0|  38.654|  36.490|210.04|   0.0|    0.0|    0.0|F2              |
|   |     |       |  2|16.53|11.15|  29.752|  14.178| 3207.052|  -5.1|   1.3| 3445.2| 0.000|   0.0|  35.014|  23.122|235.21|   0.0|    0.0|    0.0|F2F2            |
+---+-----+-------+---+-----+-----+--------+--------+---------+------+------+-------+------+------+--------+--------+------+------+-------+-------+----------------+
+---+-----+-------+---+-----+-----+--------+--------+---------+------+------+-------+------+------+--------+--------+------+------+-------+-------+----------------+
|0-x| fr  |  time |hop| d0  | d1  |   fi   |  teta  |   dist  |  at  |  dev |   p   |  df  |  l   |   fot  |   tot  |  rot | lsp  |   pf  |    s  |                |
+---+-----+-------+---+-----+-----+--------+--------+---------+------+------+-------+------+------+--------+--------+------+------+-------+-------+----------------+
|  0|10.00|50953.3|  1|17.71|18.15|  37.586|  31.115| 1298.525|  -5.7|   0.6| 1413.9| 0.000|   0.0|  38.730|  36.752|212.96|   0.0|    0.0|    0.0|F2              |
|   |     |       |  2|18.15|13.27|  31.909|  16.256| 2967.828|  -4.9|   1.4| 3218.2| 0.000|   0.0|  35.642|  24.338|235.78|   0.0|    0.0|    0.0|F2F2            |
|  0|10.00|50953.3|  1|16.41|16.87|  37.423|  30.541| 1363.004|  -5.7|   0.6| 1472.9| 0.000|   0.0|  38.672|  36.479|210.55|   0.0|    0.0|    0.0|F2              |
|   |     |       |  2|16.87|11.60|  30.426|  14.630| 3153.821|  -5.0|   1.3| 3394.5| 0.000|   0.0|  35.223|  23.384|235.38|   0.0|    0.0|    0.0|F2F2            |
|  0|10.00|50953.3|  1|16.74|17.20|  37.426|  30.698| 1345.721|  -5.8|   0.6| 1457.0| 0.000|   0.0|  38.666|  36.538|211.07|   0.0|    0.0|    0.0|F2              |
|   |     |       |  2|17.20|12.06|  30.698|  15.099| 3101.279|  -5.1|   1.3| 3344.2| 0.000|   0.0|  35.278|  23.704|235.34|   0.0|    0.0|    0.0|F2F2            |
|  0|10.00|50953.3|  1|16.42|16.90|  37.302|  30.564| 1361.428|  -6.0|   0.6| 1471.4| 0.000|   0.0|  38.633|  36.565|210.68|   0.0|    0.0|    0.0|F2              |
|   |     |       |  2|16.90|11.69|  29.965|  14.750| 3143.918|  -5.3|   1.3| 3384.4| 0.000|   0.0|  34.990|  23.440|234.99|   0.0|    0.0|    0.0|F2F2            |
|  0|10.00|50953.3|  1|16.82|17.28|  37.437|  30.734| 1341.573|  -5.8|   0.6| 1453.2| 0.000|   0.0|  38.670|  36.557|211.23|   0.0|    0.0|    0.0|F2              |
|   |     |       |  2|17.28|12.17|  30.802|  15.207| 3088.898|  -5.1|   1.3| 3332.5| 0.000|   0.0|  35.302|  23.756|235.37|   0.0|    0.0|    0.0|F2F2            |
|  0|10.00|50953.3|  1|16.87|17.36|  37.245|  30.786| 1337.404|  -6.3|   0.6| 1449.2| 0.000|   0.0|  38.577|  36.549|211.04|   0.0|    0.0|    0.0|F2              |
|   |     |       |  2|17.36|12.35|  30.113|  15.439| 3068.666|  -5.6|   1.3| 3312.2| 0.000|   0.0|  34.942|  23.875|234.74|   0.0|    0.0|    0.0|F2F2            |
|  0|10.00|50953.3|  1|16.20|16.66|  37.395|  30.442| 1374.082|  -5.7|   0.6| 1483.1| 0.000|   0.0|  38.678|  36.515|210.34|   0.0|    0.0|    0.0|F2              |
|   |     |       |  2|16.66|11.32|  30.130|  14.341| 3186.940|  -5.0|   1.3| 3426.1| 0.000|   0.0|  35.165|  23.267|235.38|   0.0|    0.0|    0.0|F2F2            |
|  0|10.00|50953.3|  1|16.91|17.37|  37.448|  30.775| 1337.062|  -5.8|   0.6| 1449.0| 0.000|   0.0|  38.674|  36.577|211.40|   0.0|    0.0|    0.0|F2              |
|   |     |       |  2|17.37|12.28|  30.909|  15.320| 3075.977|  -5.1|   1.3| 3320.2| 0.000|   0.0|  35.336|  23.832|235.39|   0.0|    0.0|    0.0|F2F2            |
|  0|10.00|50953.3|  1|16.34|16.82|  37.332|  30.520| 1365.985|  -5.9|   0.6| 1475.6| 0.000|   0.0|  38.631|  36.464|210.35|   0.0|    0.0|    0.0|F2              |
|   |     |       |  2|16.82|11.56|  30.010|  14.607| 3159.129|  -5.2|   1.3| 3399.1| 0.000|   0.0|  35.038|  23.358|235.10|   0.0|    0.0|    0.0|F2F2            |
|  0|10.00|50953.3|  1|16.88|17.33|  37.524|  30.749| 1339.264|  -5.6|   0.6| 1451.1| 0.000|   0.0|  38.708|  36.561|211.37|   0.0|    0.0|    0.0|F2              |
|   |     |       |  2|17.33|12.20|  31.179|  15.216| 3085.540|  -4.9|   1.3| 3329.7| 0.000|   0.0|  35.477|  23.775|235.64|   0.0|    0.0|    0.0|F2F2            |
+---+-----+-------+---+-----+-----+--------+--------+---------+------+------+-------+------+------+--------+--------+------+------+-------+-------+----------------+
+---+-----+-------+---+-----+-----+--------+--------+---------+------+------+-------+------+------+--------+--------+------+------+-------+-------+----------------+
|0-x| fr  |  time |hop| d0  | d1  |   fi   |  teta  |   dist  |  at  |  dev |   p   |  df  |  l   |   fot  |   tot  |  rot | lsp  |   pf  |    s  |                |
+---+-----+-------+---+-----+-----+--------+--------+---------+------+------+-------+------+------+--------+--------+------+------+-------+-------+----------------+
|  0|10.00|50953.3|  1|16.77|17.24|  37.390|  30.717| 1343.816|  -5.9|   0.6| 1455.2| 0.000|   0.0|  38.651|  36.553|211.13|   0.0|    0.0|    0.0|F2              |
|   |     |       |  2|17.24|12.13|  30.585|  15.175| 3093.866|  -5.2|   1.3| 3337.0| 0.000|   0.0|  35.209|  23.733|235.22|   0.0|    0.0|    0.0|F2F2            |
|  0|10.00|50953.3|  1|16.62|17.09|  37.370|  30.649| 1351.480|  -5.9|   0.6| 1462.2| 0.000|   0.0|  38.645|  36.526|210.87|   0.0|    0.0|    0.0|F2              |
|   |     |       |  2|17.09|11.93|  30.391|  14.978| 3116.409|  -5.2|   1.3| 3358.4| 0.000|   0.0|  35.138|  23.573|235.15|   0.0|    0.0|    0.0|F2F2            |
|  0|10.00|50953.3|  1|16.94|17.42|  37.334|  30.806| 1334.550|  -6.1|   0.6| 1446.6| 0.000|   0.0|  38.621|  36.584|211.35|   0.0|    0.0|    0.0|F2              |
|   |     |       |  2|17.42|12.40|  30.497|  15.460| 3063.684|  -5.4|   1.3| 3307.9| 0.000|   0.0|  35.119|  23.900|235.02|   0.0|    0.0|    0.0|F2F2            |
|  0|10.00|50953.3|  1|16.87|17.33|  37.403|  30.762| 1338.759|  -5.9|   0.6| 1450.6| 0.000|   0.0|  38.649|  36.544|211.16|   0.0|    0.0|    0.0|F2              |
|   |     |       |  2|17.33|12.26|  30.709|  15.303| 3079.162|  -5.2|   1.3| 3323.0| 0.000|   0.0|  35.246|  23.816|235.25|   0.0|    0.0|    0.0|F2F2            |
|  0|10.00|50953.3|  1|16.27|16.75|  37.281|  30.493| 1369.331|  -6.0|   0.6| 1478.6| 0.000|   0.0|  38.627|  36.537|210.39|   0.0|    0.0|    0.0|F2              |
|   |     |       |  2|16.75|11.49|  29.748|  14.546| 3167.405|  -5.3|   1.3| 3406.8| 0.000|   0.0|  34.934|  23.322|234.96|   0.0|    0.0|    0.0|F2F2            |
|  0|10.00|50953.3|  1|17.01|17.48|  37.343|  30.836| 1331.101|  -6.1|   0.6| 1443.5| 0.000|   0.0|  38.623|  36.592|211.44|   0.0|    0.0|    0.0|F2              |
|   |     |       |  2|17.48|12.48|  30.580|  15.545| 3053.899|  -5.3|   1.4| 3298.6| 0.000|   0.0|  35.120|  23.892|235.00|   0.0|    0.0|    0.0|F2F2            |
|  0|10.00|50953.3|  1|16.79|17.26|  37.353|  30.733| 1342.435|  -6.0|   0.6| 1453.9| 0.000|   0.0|  38.627|  36.526|210.97|   0.0|    0.0|    0.0|F2              |
|   |     |       |  2|17.26|12.18|  30.460|  15.236| 3088.126|  -5.3|   1.3| 3331.3| 0.000|   0.0|  35.121|  23.716|235.06|   0.0|    0.0|    0.0|F2F2            |
|  0|10.00|50953.3|  1|16.69|17.16|  37.380|  30.681| 1347.868|  -5.9|   0.6| 1458.9| 0.000|   0.0|  38.647|  36.534|210.97|   0.0|    0.0|    0.0|F2              |
|   |     |       |  2|17.16|12.02|  30.483|  15.071| 3105.767|  -5.2|   1.3| 3348.3| 0.000|   0.0|  35.185|  23.683|235.20|   0.0|    0.0|    0.0|F2F2            |
|  0|10.00|50953.3|  1|16.57|17.04|  37.363|  30.627| 1354.020|  -5.9|   0.6| 1464.6| 0.000|   0.0|  38.641|  36.510|210.76|   0.0|    0.0|    0.0|F2              |
|   |     |       |  2|17.04|11.86|  30.326|  14.914| 3123.807|  -5.2|   1.3| 3365.5| 0.000|   0.0|  35.139|  23.582|235.17|   0.0|    0.0|    0.0|F2F2            |
|  0|10.00|50953.3|  1|16.81|17.28|  37.356|  30.742| 1341.432|  -6.0|   0.6| 1453.0| 0.000|   0.0|  38.633|  36.553|211.13|   0.0|    0.0|    0.0|F2              |
|   |     |       |  2|17.28|12.20|  30.485|  15.261| 3085.244|  -5.3|   1.3| 3328.6| 0.000|   0.0|  35.150|  23.789|235.11|   0.0|    0.0|    0.0|F2F2            |
+---+-----+-------+---+-----+-----+--------+--------+---------+------+------+-------+------+------+--------+--------+------+------+-------+-------+----------------+
+---+-----+-------+---+-----+-----+--------+--------+---------+------+------+-------+------+------+--------+--------+------+------+-------+-------+----------------+
|0-x| fr  |  time |hop| d0  | d1  |   fi   |  teta  |   dist  |  at  |  dev |   p   |  df  |  l   |   fot  |   tot  |  rot | lsp  |   pf  |    s  |                |
+---+-----+-------+---+-----+-----+--------+--------+---------+------+------+-------+------+------+--------+--------+------+------+-------+-------+----------------+
|  0|10.00|50953.3|  1|16.56|17.04|  37.322|  30.628| 1354.189|  -6.0|   0.6| 1464.7| 0.000|   0.0|  38.623|  36.510|210.72|   0.0|    0.0|    0.0|F2              |
|   |     |       |  2|17.04|11.88|  30.158|  14.936| 3122.611|  -5.3|   1.3| 3364.1| 0.000|   0.0|  35.040|  23.545|235.01|   0.0|    0.0|    0.0|F2F2            |
|  0|10.00|50953.3|  1|16.64|17.12|  37.333|  30.665| 1350.083|  -6.0|   0.6| 1460.9| 0.000|   0.0|  38.627|  36.529|210.87|   0.0|    0.0|    0.0|F2              |
|   |     |       |  2|17.12|11.98|  30.265|  15.041| 3110.504|  -5.3|   1.3| 3352.6| 0.000|   0.0|  35.088|  23.656|235.06|   0.0|    0.0|    0.0|F2F2            |
|  0|10.00|50965.9|  1|17.68|18.16|  37.391|  31.131| 1298.255|  -6.2|   0.6| 1413.5| 0.000|   0.0|  38.637|  36.731|212.70|   0.0|    0.0|    0.0|F2              |
|   |     |       |  2|18.16|13.36|  31.190|  16.385| 2958.686|  -5.4|   1.4| 3208.6| 0.000|   0.0|  35.269|  24.389|235.16|   0.0|    0.0|    0.0|F2F2            |
|  0|10.00|50965.9|  1|17.06|17.55|  37.310|  30.865| 1328.215|  -6.2|   0.6| 1440.8| 0.000|   0.0|  38.609|  36.609|211.59|   0.0|    0.0|    0.0|F2              |
|   |     |       |  2|17.55|12.58|  30.502|  15.649| 3043.156|  -5.4|   1.4| 3288.2| 0.000|   0.0|  35.082|  23.996|234.93|   0.0|    0.0|    0.0|F2F2            |
|  0|10.00|50965.9|  1|18.05|18.54|  37.288|  31.306| 1279.899|  -6.6|   0.6| 1396.8| 0.000|   0.0|  38.592|  36.839|213.44|   0.0|    0.0|    0.0|F2              |
|   |     |       |  2|18.54|13.91|  31.026|  16.922| 2901.878|  -5.8|   1.4| 3154.5| 0.000|   0.0|  35.118|  24.739|234.94|   0.0|    0.0|    0.0|F2F2            |
|  0|10.00|50965.9|  1|18.39|18.84|  37.552|  31.408| 1266.522|  -6.0|   0.6| 1385.0| 0.000|   0.0|  38.714|  36.925|214.38|   0.0|    0.0|    0.0|F2              |
|   |     |       |  2|18.84|14.19|  32.120|  17.107| 2873.864|  -5.2|   1.4| 3129.7| 0.000|   0.0|  35.641|  24.887|235.91|   0.0|    0.0|    0.0|F2F2            |
|  0|10.00|50965.9|  1|18.17|18.65|  37.377|  31.342| 1275.121|  -6.4|   0.6| 1392.5| 0.000|   0.0|  38.627|  36.839|213.60|   0.0|    0.0|    0.0|F2              |
|   |     |       |  2|18.65|14.01|  31.402|  16.990| 2891.629|  -5.6|   1.4| 3145.4| 0.000|   0.0|  35.277|  24.742|235.23|   0.0|    0.0|    0.0|F2F2            |
|  0|10.00|50978.6|  1|17.07|17.55|  37.430|  30.852| 1328.649|  -5.9|   0.6| 1441.4| 0.000|   0.0|  38.663|  36.606|211.76|   0.0|    0.0|    0.0|F2              |
|   |     |       |  2|17.55|12.54|  30.963|  15.573| 3048.257|  -5.1|   1.4| 3293.7| 0.000|   0.0|  35.295|  23.915|235.28|   0.0|    0.0|    0.0|F2F2            |
|  0|10.00|50978.6|  1|17.21|17.72|  37.253|  30.943| 1320.105|  -6.4|   0.6| 1433.4| 0.000|   0.0|  38.580|  36.638|211.85|   0.0|    0.0|    0.0|F2              |
|   |     |       |  2|17.72|12.84|  30.403|  15.908| 3015.947|  -5.6|   1.4| 3262.1| 0.000|   0.0|  34.968|  24.090|234.70|   0.0|    0.0|    0.0|F2F2            |
|  0|10.00|50978.6|  1|17.28|17.79|  37.262|  30.974| 1316.659|  -6.4|   0.6| 1430.2| 0.000|   0.0|  38.582|  36.646|211.94|   0.0|    0.0|    0.0|F2              |
|   |     |       |  2|17.79|12.93|  30.486|  15.993| 3006.185|  -5.6|   1.4| 3252.9| 0.000|   0.0|  35.013|  24.194|234.78|   0.0|    0.0|    0.0|F2F2            |
+---+-----+-------+---+-----+-----+--------+--------+---------+------+------+-------+------+------+--------+--------+------+------+-------+-------+----------------+
+---+-----+-------+---+-----+-----+--------+--------+---------+------+------+-------+------+------+--------+--------+------+------+-------+-------+----------------+
|0-x| fr  |  time |hop| d0  | d1  |   fi   |  teta  |   dist  |  at  |  dev |   p   |  df  |  l   |   fot  |   tot  |  rot | lsp  |   pf  |    s  |                |
+---+-----+-------+---+-----+-----+--------+--------+---------+------+------+-------+------+------+--------+--------+------+------+-------+-------+----------------+
|  0|10.00|50978.6|  1|17.71|18.19|  37.433|  31.138| 1297.172|  -6.1|   0.6| 1412.6| 0.000|   0.0|  38.660|  36.757|212.97|   0.0|    0.0|    0.0|F2              |
|   |     |       |  2|18.19|13.39|  31.364|  16.396| 2956.344|  -5.3|   1.4| 3206.6| 0.000|   0.0|  35.352|  24.398|235.30|   0.0|    0.0|    0.0|F2F2            |
|  0|10.00|51041.1|  1|17.01|17.60|  37.030|  30.889| 1327.941|  -6.9|   0.6| 1440.5| 0.000|   0.0|  38.499|  36.684|211.94|   0.0|    0.0|    0.0|F2              |
|   |     |       |  2|17.60|12.78|  29.497|  15.883| 3025.680|  -6.2|   1.3| 3270.3| 0.000|   0.0|  34.554|  24.088|234.06|   0.0|    0.0|    0.0|F2F2            |
|  0|10.00|51041.1|  1|16.55|17.15|  37.001|  30.679| 1351.341|  -6.8|   0.6| 1462.0| 0.000|   0.0|  38.496|  36.602|211.12|   0.0|    0.0|    0.0|F2              |
|   |     |       |  2|17.15|12.17|  29.015|  15.281| 3094.033|  -6.1|   1.3| 3335.3| 0.000|   0.0|  34.453|  23.738|234.03|   0.0|    0.0|    0.0|F2F2            |
|  0|10.00|51041.1|  1|16.35|16.94|  37.010|  30.580| 1362.090|  -6.7|   0.6| 1472.0| 0.000|   0.0|  38.492|  36.507|210.67|   0.0|    0.0|    0.0|F2              |
|   |     |       |  2|16.94|11.88|  28.863|  14.984| 3127.012|  -6.0|   1.3| 3366.9| 0.000|   0.0|  34.447|  23.564|234.10|   0.0|    0.0|    0.0|F2F2            |
|  0|10.00|51041.1|  1|16.26|16.87|  36.874|  30.558| 1365.755|  -7.0|   0.6| 1475.2| 0.000|   0.0|  38.427|  36.472|210.34|   0.0|    0.0|    0.0|F2              |
|   |     |       |  2|16.87|11.84|  28.277|  14.977| 3132.443|  -6.3|   1.3| 3371.5| 0.000|   0.0|  34.157|  23.498|233.66|   0.0|    0.0|    0.0|F2F2            |
|  0|10.00|51041.1|  1|16.52|17.12|  36.996|  30.665| 1352.890|  -6.8|   0.6| 1463.5| 0.000|   0.0|  38.494|  36.593|211.06|   0.0|    0.0|    0.0|F2              |
|   |     |       |  2|17.12|12.13|  28.970|  15.242| 3098.598|  -6.1|   1.3| 3339.7| 0.000|   0.0|  34.443|  23.719|234.01|   0.0|    0.0|    0.0|F2F2            |
|  0|10.00|51041.1|  1|16.48|17.08|  36.950|  30.653| 1354.615|  -6.9|   0.6| 1465.0| 0.000|   0.0|  38.462|  36.535|210.84|   0.0|    0.0|    0.0|F2              |
|   |     |       |  2|17.08|12.10|  28.765|  15.227| 3101.798|  -6.2|   1.3| 3342.5| 0.000|   0.0|  34.325|  23.649|233.84|   0.0|    0.0|    0.0|F2F2            |
|  0|10.00|51054.3|  1|18.59|19.18|  37.066|  31.568| 1253.187|  -7.4|   0.6| 1372.7| 0.000|   0.0|  38.505|  37.045|215.01|   0.0|    0.0|    0.0|F2              |
|   |     |       |  2|19.18|14.83|  30.589|  17.778| 2813.075|  -6.6|   1.4| 3070.2| 0.000|   0.0|  34.754|  25.220|234.48|   0.0|    0.0|    0.0|F2F2            |
+---+-----+-------+---+-----+-----+--------+--------+---------+------+------+-------+------+------+--------+--------+------+------+-------+-------+----------------+