
delt0=       1  eps=   1e-05  ep=   1e-06  ep1=   0.001
Geomagnetic Field - const
fh= 1.34  i=  65.2  d=   6.8
Number TID: 1
Tid Parametres
  delt   lamb     t     b      a     fi
0.000   200.0  20.0 -45.0   45.0   0.000
delta=-0.000  r0= 200.0  lon=  39.000 lat=  55.000
Beta=  20.0  Alfa=   0.0 aX=  20.0 aY= 100.0 aZ=  20.0


Number diff. equation: 6

+==============================================================================+
|   Medium characteristics Sunspot number= 140.4 IG= 123.0   GMT time:15:00    |
|------------------------------------------------------------------------------|
|   S   | fh |  I  |   D  | fd |  hd | fe |  he | ff1 | hf1 | ff2 | hf2 |   Hi |
|-------+----+-----+------+----+-----+----+-----+-----+-----+-----+-----+------|
|    0.0|1.25| 58.8|   3.1|0.18| 84.0|0.77|110.0| 0.00|  0.0| 7.87|289.4|  97.9|
+==============================================================================+

+==================================+
|       Es-layer parametres        |
|----------------------------------|
|   S   | hEs | fbEs | f0Es | P Es |
|-------+-----+------+------+------|
|    0.0|110.4| 1.99 | 2.50 | 62.9 |
+==================================+

|  0|13.60|54027.7|  1|10.35|15.15|  30.343|  56.536| 1729.942|-149.2|  -0.0| 1837.6| 0.000|   0.0|  34.080|  50.294|227.88|   0.0|    0.0|    0.0|F2              |
|   |     |       |  2|15.15|17.60|  24.926|  67.503| 3059.491|-149.1|   0.1| 3269.6| 0.000|   0.0|  27.409|  62.252|193.38|   0.0|    0.0|    0.0|F2F2            |
|  0|13.60|54027.7|  1| 0.00| 0.00|   0.000|   0.000|    0.000|   0.0|   0.0|    0.0| 0.000|   0.0|   0.000|   0.000|  0.00|   0.0|    0.0|    0.0|                |
|  0|13.60|54059.6|  1| 0.00| 0.00|   0.000|   0.000|    0.000|   0.0|   0.0|    0.0| 0.000|   0.0|   0.000|   0.000|  0.00|   0.0|    0.0|    0.0|                |
|  0|13.60|54059.6|  1| 0.00| 0.00|   0.000|   0.000|    0.000|   0.0|   0.0|    0.0| 0.000|   0.0|   0.000|   0.000|  0.00|   0.0|    0.0|    0.0|                |
|  0|13.60|54059.6|  1|25.35|30.11|  24.037|  40.847| 1184.906| -74.1|  -0.4| 1402.9| 0.000|   0.0|  31.560|  41.420|258.70|   0.0|    0.0|    0.0|F2              |
|   |     |       |  2|30.11|31.93|  11.535|  41.061| 2095.105| -74.5|  -0.8| 2510.0| 0.000|   0.0|  17.635|  40.749|236.69|   0.0|    0.0|    0.0|F2F2            |
|   |     |       |  3|31.93|32.59|   0.426|  42.541| 2933.608| -74.9|  -1.2| 3541.9| 0.000|   0.0|   5.863|  41.645|230.86|   0.0|    0.0|    0.0|F2F2F2          |
|  0|13.60|54059.6|  1| 0.00| 0.00|   0.000|   0.000|    0.000|   0.0|   0.0|    0.0| 0.000|   0.0|   0.000|   0.000|  0.00|   0.0|    0.0|    0.0|                |
|  0|13.60|54059.6|  1| 0.00| 0.00|   0.000|   0.000|    0.000|   0.0|   0.0|    0.0| 0.000|   0.0|   0.000|   0.000|  0.00|   0.0|    0.0|    0.0|                |
+---+-----+-------+---+-----+-----+--------+--------+---------+------+------+-------+------+------+--------+--------+------+------+-------+-------+----------------+
+---+-----+-------+---+-----+-----+--------+--------+---------+------+------+-------+------+------+--------+--------+------+------+-------+-------+----------------+
|0-x| fr  |  time |hop| d0  | d1  |   fi   |  teta  |   dist  |  at  |  dev |   p   |  df  |  l   |   fot  |   tot  |  rot | lsp  |   pf  |    s  |                |
+---+-----+-------+---+-----+-----+--------+--------+---------+------+------+-------+------+------+--------+--------+------+------+-------+-------+----------------+
|  0|13.60|54059.6|  1| 0.00| 0.00|   0.000|   0.000|    0.000|   0.0|   0.0|    0.0| 0.000|   0.0|   0.000|   0.000|  0.00|   0.0|    0.0|    0.0|                |
|  0|13.60|54091.5|  1| 0.04| 7.51|   3.331|  41.117| 2689.484| -72.6|  -0.2| 2765.9| 0.000|   0.0|  17.717|  40.296|185.72|   0.0|    0.0|    0.0|F2              |
|  0|13.60|54091.5|  1| 0.04| 7.55|   3.380|  41.529| 2694.379| -73.6|  -0.2| 2771.3| 0.000|   0.0|  17.714|  40.551|186.41|   0.0|    0.0|    0.0|F2              |
|  0|13.60|54091.5|  1|24.30|28.52|  24.286|  41.462| 1163.530| -77.4|  -0.5| 1358.5| 0.000|   0.0|  31.603|  41.743|253.16|   0.0|    0.0|    0.0|F2              |
|   |     |       |  2|28.52|30.25|  11.695|  42.159| 2098.822| -77.9|  -1.0| 2476.3| 0.000|   0.0|  17.784|  41.606|233.88|   0.0|    0.0|    0.0|F2F2            |
|   |     |       |  3|30.25|30.93|   0.575|  44.122| 2970.826| -78.3|  -1.4| 3530.0| 0.000|   0.0|   6.012|  42.982|228.72|   0.0|    0.0|    0.0|F2F2F2          |
|  0|13.60|54091.5|  1| 0.00| 0.00|   0.000|   0.000|    0.000|   0.0|   0.0|    0.0| 0.000|   0.0|   0.000|   0.000|  0.00|   0.0|    0.0|    0.0|                |
|  0|13.60|54091.5|  1| 0.00| 0.00|   0.000|   0.000|    0.000|   0.0|   0.0|    0.0| 0.000|   0.0|   0.000|   0.000|  0.00|   0.0|    0.0|    0.0|                |
|  0|13.60|54091.5|  1| 0.00| 0.00|   0.000|   0.000|    0.000|   0.0|   0.0|    0.0| 0.000|   0.0|   0.000|   0.000|  0.00|   0.0|    0.0|    0.0|                |
|  0|13.60|54155.0|  1| 0.00| 0.00|   0.000|   0.000|    0.000|   0.0|   0.0|    0.0| 0.000|   0.0|   0.000|   0.000|  0.00|   0.0|    0.0|    0.0|                |
|  0|13.60|54186.8|  1| 0.00| 0.00|   0.000|   0.000|    0.000|   0.0|   0.0|    0.0| 0.000|   0.0|   0.000|   0.000|  0.00|   0.0|    0.0|    0.0|                |
|  0|13.60|54186.8|  1| 0.00| 0.00|   0.000|   0.000|    0.000|   0.0|   0.0|    0.0| 0.000|   0.0|   0.000|   0.000|  0.00|   0.0|    0.0|    0.0|                |
|  0|13.60|54186.8|  1| 0.00| 0.00|   0.000|   0.000|    0.000|   0.0|   0.0|    0.0| 0.000|   0.0|   0.000|   0.000|  0.00|   0.0|    0.0|    0.0|                |
|  0|13.60|54186.8|  1| 0.00| 0.00|   0.000|   0.000|    0.000|   0.0|   0.0|    0.0| 0.000|   0.0|   0.000|   0.000|  0.00|   0.0|    0.0|    0.0|                |
|  0|13.60|54186.8|  1| 0.00| 0.00|   0.000|   0.000|    0.000|   0.0|   0.0|    0.0| 0.000|   0.0|   0.000|   0.000|  0.00|   0.0|    0.0|    0.0|                |
|  0|13.60|54186.8|  1| 0.00| 0.00|   0.000|   0.000|    0.000|   0.0|   0.0|    0.0| 0.000|   0.0|   0.000|   0.000|  0.00|   0.0|    0.0|    0.0|                |
|  0|13.60|54186.8|  1| 0.00| 0.00|   0.000|   0.000|    0.000|   0.0|   0.0|    0.0| 0.000|   0.0|   0.000|   0.000|  0.00|   0.0|    0.0|    0.0|                |
|  0|13.60|54218.7|  1|11.49|14.96|  26.537|  54.323| 1694.407|-134.8|  -0.1| 1804.5| 0.000|   0.0|  31.996|  48.833|229.90|   0.0|    0.0|    0.0|F2              |
|   |     |       |  2|14.96|17.70|  18.373|  64.630| 3080.292|-134.7|  -0.0| 3298.7| 0.000|   0.0|  22.058|  59.685|202.42|   0.0|    0.0|    0.0|F2F2            |
|  0|13.60|54250.6|  1| 0.00| 0.00|   0.000|   0.000|    0.000|   0.0|   0.0|    0.0| 0.000|   0.0|   0.000|   0.000|  0.00|   0.0|    0.0|    0.0|                |
+---+-----+-------+---+-----+-----+--------+--------+---------+------+------+-------+------+------+--------+--------+------+------+-------+-------+----------------+
+---+-----+-------+---+-----+-----+--------+--------+---------+------+------+-------+------+------+--------+--------+------+------+-------+-------+----------------+
|0-x| fr  |  time |hop| d0  | d1  |   fi   |  teta  |   dist  |  at  |  dev |   p   |  df  |  l   |   fot  |   tot  |  rot | lsp  |   pf  |    s  |                |
+---+-----+-------+---+-----+-----+--------+--------+---------+------+------+-------+------+------+--------+--------+------+------+-------+-------+----------------+
|  0|13.60|54250.6|  1| 0.00| 0.00|   0.000|   0.000|    0.000|   0.0|   0.0|    0.0| 0.000|   0.0|   0.000|   0.000|  0.00|   0.0|    0.0|    0.0|                |
|  0|13.60|54282.5|  1| 0.00| 0.00|   0.000|   0.000|    0.000|   0.0|   0.0|    0.0| 0.000|   0.0|   0.000|   0.000|  0.00|   0.0|    0.0|    0.0|                |
|  0|13.60|54282.5|  1|12.77|16.82|  19.237|  40.607| 1533.804| -73.6|  -0.5| 1643.5| 0.000|   0.0|  28.736|  41.043|217.32|   0.0|    0.0|    0.0|F2              |
|   |     |       |  2|16.82|18.09|   1.748|  41.931| 2821.737| -74.0|  -0.9| 3040.2| 0.000|   0.0|  10.221|  40.919|202.55|   0.0|    0.0|    0.0|F2F2            |
|   |     |       |  3|18.09|18.75| -13.707|  45.654| 4078.107| -74.3|  -1.2| 4410.2| 0.000|   0.0|  -6.558|  43.595|200.32|   0.0|    0.0|    0.0|F2F2F2          |
|  0|13.60|54314.3|  1| 0.00| 0.00|   0.000|   0.000|    0.000|   0.0|   0.0|    0.0| 0.000|   0.0|   0.000|   0.000|  0.00|   0.0|    0.0|    0.0|                |
|  0|13.60|54314.3|  1|19.85|23.87|  23.156|  40.821| 1248.943| -74.1|  -0.5| 1401.4| 0.000|   0.0|  31.081|  41.355|238.67|   0.0|    0.0|    0.0|F2              |
|   |     |       |  2|23.87|25.43|   8.982|  41.314| 2284.048| -74.6|  -1.0| 2584.1| 0.000|   0.0|  15.878|  40.816|220.75|   0.0|    0.0|    0.0|F2F2            |
|   |     |       |  3|25.43|26.02|  -3.751|  43.439| 3265.518| -75.0|  -1.4| 3714.7| 0.000|   0.0|   2.437|  42.184|216.83|   0.0|    0.0|    0.0|F2F2F2          |
|  0|13.60|54346.0|  1|20.66|24.69|  23.396|  40.984| 1230.571| -74.9|  -0.5| 1389.9| 0.000|   0.0|  31.123|  41.445|241.68|   0.0|    0.0|    0.0|F2              |
|   |     |       |  2|24.69|26.30|   9.548|  41.545| 2246.384| -75.4|  -1.0| 2559.3| 0.000|   0.0|  16.268|  41.023|223.49|   0.0|    0.0|    0.0|F2F2            |
|   |     |       |  3|26.30|26.92|  -2.832|  43.658| 3205.796| -75.9|  -1.5| 3673.4| 0.000|   0.0|   3.081|  42.436|219.01|   0.0|    0.0|    0.0|F2F2F2          |
|  0|13.60|54346.0|  1|25.81|28.79|  27.641|  48.805| 1180.145|-120.5|  -0.5| 1392.1| 0.000|   0.0|  33.085|  45.709|267.65|   0.0|    0.0|    0.0|F2              |
|   |     |       |  2|28.79|31.35|  19.568|  54.531| 2128.505|-120.8|  -0.8| 2535.3| 0.000|   0.0|  23.308|  51.706|248.46|   0.0|    0.0|    0.0|F2F2            |
|   |     |       |  3|31.35|32.90|  13.090|  60.184| 3001.454|-120.7|  -0.7| 3609.5| 0.000|   0.0|  16.180|  57.370|239.86|   0.0|    0.0|    0.0|F2F2F2          |
|  0|13.60|54346.0|  1|23.38|27.78|  23.921|  40.933| 1192.638| -74.6|  -0.5| 1382.2| 0.000|   0.0|  31.450|  41.449|252.35|   0.0|    0.0|    0.0|F2              |
|   |     |       |  2|27.78|29.57|  10.894|  41.292| 2144.512| -75.0|  -0.9| 2511.7| 0.000|   0.0|  17.221|  40.892|231.83|   0.0|    0.0|    0.0|F2F2            |
|   |     |       |  3|29.57|30.23|  -0.689|  43.025| 3028.924| -75.5|  -1.4| 3572.5| 0.000|   0.0|   4.977|  41.990|226.39|   0.0|    0.0|    0.0|F2F2F2          |
|  0|13.60|54377.9|  1| 0.00| 0.00|   0.000|   0.000|    0.000|   0.0|   0.0|    0.0| 0.000|   0.0|   0.000|   0.000|  0.00|   0.0|    0.0|    0.0|                |
|  0|13.60|54377.9|  1| 0.00| 0.00|   0.000|   0.000|    0.000|   0.0|   0.0|    0.0| 0.000|   0.0|   0.000|   0.000|  0.00|   0.0|    0.0|    0.0|                |
+---+-----+-------+---+-----+-----+--------+--------+---------+------+------+-------+------+------+--------+--------+------+------+-------+-------+----------------+
+---+-----+-------+---+-----+-----+--------+--------+---------+------+------+-------+------+------+--------+--------+------+------+-------+-------+----------------+
|0-x| fr  |  time |hop| d0  | d1  |   fi   |  teta  |   dist  |  at  |  dev |   p   |  df  |  l   |   fot  |   tot  |  rot | lsp  |   pf  |    s  |                |
+---+-----+-------+---+-----+-----+--------+--------+---------+------+------+-------+------+------+--------+--------+------+------+-------+-------+----------------+
|  0|13.60|54377.9|  1|24.54|29.27|  23.720|  41.044| 1206.565| -75.2|  -0.4| 1417.5| 0.000|   0.0|  31.333|  41.507|258.64|   0.0|    0.0|    0.0|F2              |
|   |     |       |  2|29.27|31.13|  11.060|  41.477| 2134.898| -75.6|  -0.8| 2536.9| 0.000|   0.0|  17.195|  41.052|236.28|   0.0|    0.0|    0.0|F2F2            |
|   |     |       |  3|31.13|31.82|  -0.095|  43.190| 2990.532| -76.1|  -1.3| 3580.8| 0.000|   0.0|   5.351|  42.176|230.33|   0.0|    0.0|    0.0|F2F2F2          |
|  0|13.60|54409.6|  1| 0.00| 0.00|   0.000|   0.000|    0.000|   0.0|   0.0|    0.0| 0.000|   0.0|   0.000|   0.000|  0.00|   0.0|    0.0|    0.0|                |
|  0|13.60|54409.6|  1| 0.00| 0.00|   0.000|   0.000|    0.000|   0.0|   0.0|    0.0| 0.000|   0.0|   0.000|   0.000|  0.00|   0.0|    0.0|    0.0|                |
|  0|13.60|54441.4|  1| 0.01| 7.58|   3.311|  41.046| 2689.523| -72.4|  -0.2| 2766.3| 0.000|   0.0|  17.653|  40.245|187.15|   0.0|    0.0|    0.0|F2              |
|  0|13.60|54473.3|  1|19.76|21.95|  27.648|  50.450| 1302.643|-126.9|  -0.4| 1452.5| 0.000|   0.0|  33.036|  46.574|248.78|   0.0|    0.0|    0.0|F2              |
|   |     |       |  2|21.95|25.03|  19.403|  57.829| 2408.380|-126.9|  -0.4| 2705.5| 0.000|   0.0|  23.136|  54.282|229.46|   0.0|    0.0|    0.0|F2F2            |
|   |     |       |  3|25.03|25.86|  12.792|  65.089| 3441.425|-126.8|  -0.3| 3894.1| 0.000|   0.0|  15.946|  61.475|221.58|   0.0|    0.0|    0.0|F2F2F2          |
|  0|13.60|54473.3|  1| 0.00| 0.00|   0.000|   0.000|    0.000|   0.0|   0.0|    0.0| 0.000|   0.0|   0.000|   0.000|  0.00|   0.0|    0.0|    0.0|                |
|  0|13.60|54473.3|  1|23.42|27.92|  23.752|  40.961| 1204.775| -74.7|  -0.4| 1398.0| 0.000|   0.0|  31.310|  41.454|254.11|   0.0|    0.0|    0.0|F2              |
|   |     |       |  2|27.92|29.75|  10.742|  41.365| 2156.563| -75.2|  -0.9| 2529.4| 0.000|   0.0|  17.037|  40.944|232.86|   0.0|    0.0|    0.0|F2F2            |
|   |     |       |  3|29.75|30.43|  -0.775|  43.131| 3038.384| -75.7|  -1.4| 3589.3| 0.000|   0.0|   4.849|  42.081|227.19|   0.0|    0.0|    0.0|F2F2F2          |
|  0|13.60|54505.0|  1| 0.00| 0.00|   0.000|   0.000|    0.000|   0.0|   0.0|    0.0| 0.000|   0.0|   0.000|   0.000|  0.00|   0.0|    0.0|    0.0|                |
|  0|13.60|54505.0|  1|23.89|28.52|  23.658|  41.047| 1211.134| -75.2|  -0.4| 1413.2| 0.000|   0.0|  31.308|  41.505|256.93|   0.0|    0.0|    0.0|F2              |
|   |     |       |  2|28.52|30.39|  10.813|  41.514| 2153.506| -75.7|  -0.9| 2540.7| 0.000|   0.0|  17.047|  41.066|234.88|   0.0|    0.0|    0.0|F2F2            |
|   |     |       |  3|30.39|31.09|  -0.503|  43.298| 3023.685| -76.1|  -1.3| 3593.8| 0.000|   0.0|   5.005|  42.247|228.95|   0.0|    0.0|    0.0|F2F2F2          |
|  0|13.60|54536.8|  1|19.60|23.44|  22.867|  41.586| 1268.107| -78.0|  -0.5| 1419.8| 0.000|   0.0|  30.786|  41.745|240.14|   0.0|    0.0|    0.0|F2              |
|   |     |       |  2|23.44|25.02|   8.830|  42.750| 2322.097| -78.6|  -1.1| 2620.3| 0.000|   0.0|  15.602|  41.926|222.65|   0.0|    0.0|    0.0|F2F2            |
|   |     |       |  3|25.02|25.73|  -3.508|  45.458| 3321.618| -79.0|  -1.5| 3768.7| 0.000|   0.0|   2.371|  43.945|218.39|   0.0|    0.0|    0.0|F2F2F2          |
+---+-----+-------+---+-----+-----+--------+--------+---------+------+------+-------+------+------+--------+--------+------+------+-------+-------+----------------+
+---+-----+-------+---+-----+-----+--------+--------+---------+------+------+-------+------+------+--------+--------+------+------+-------+-------+----------------+
|0-x| fr  |  time |hop| d0  | d1  |   fi   |  teta  |   dist  |  at  |  dev |   p   |  df  |  l   |   fot  |   tot  |  rot | lsp  |   pf  |    s  |                |
+---+-----+-------+---+-----+-----+--------+--------+---------+------+------+-------+------+------+--------+--------+------+------+-------+-------+----------------+
|  0|13.60|54536.8|  1|19.20|21.44|  24.696|  47.713| 1312.912|-109.5|  -0.5| 1458.0| 0.000|   0.0|  31.542|  45.042|244.46|   0.0|    0.0|    0.0|F2              |
|   |     |       |  2|21.44|23.85|  13.712|  53.505| 2453.868|-109.7|  -0.7| 2742.7| 0.000|   0.0|  18.761|  50.591|230.41|   0.0|    0.0|    0.0|F2F2            |
|   |     |       |  3|23.85|25.69|   5.009|  59.630| 3509.362|-109.8|  -0.8| 3950.1| 0.000|   0.0|   9.097|  56.570|221.14|   0.0|    0.0|    0.0|F2F2F2          |
|  0|13.60|54536.8|  1|22.60|27.03|  23.646|  40.809| 1213.511| -74.0|  -0.5| 1397.0| 0.000|   0.0|  31.230|  41.363|251.18|   0.0|    0.0|    0.0|F2              |
|   |     |       |  2|27.03|28.84|  10.351|  41.136| 2182.009| -74.4|  -0.9| 2537.9| 0.000|   0.0|  16.812|  40.744|230.34|   0.0|    0.0|    0.0|F2F2            |
|   |     |       |  3|28.84|29.50|  -1.472|  42.893| 3082.032| -74.9|  -1.4| 3609.3| 0.000|   0.0|   4.310|  41.839|224.85|   0.0|    0.0|    0.0|F2F2F2          |
|  0|13.60|54568.7|  1| 0.00| 0.00|   0.000|   0.000|    0.000|   0.0|   0.0|    0.0| 0.000|   0.0|   0.000|   0.000|  0.00|   0.0|    0.0|    0.0|                |
|  0|13.60|54568.7|  1| 0.00| 0.00|   0.000|   0.000|    0.000|   0.0|   0.0|    0.0| 0.000|   0.0|   0.000|   0.000|  0.00|   0.0|    0.0|    0.0|                |
|  0|13.60|54568.7|  1| 0.00| 0.00|   0.000|   0.000|    0.000|   0.0|   0.0|    0.0| 0.000|   0.0|   0.000|   0.000|  0.00|   0.0|    0.0|    0.0|                |
|  0|13.60|54600.7|  1|24.06|28.96|  23.379|  40.837| 1232.691| -74.2|  -0.4| 1443.5| 0.000|   0.0|  31.200|  41.389|259.54|   0.0|    0.0|    0.0|F2              |
|   |     |       |  2|28.96|30.87|  10.525|  41.173| 2169.891| -74.6|  -0.8| 2570.4| 0.000|   0.0|  16.773|  40.789|235.99|   0.0|    0.0|    0.0|F2F2            |
|   |     |       |  3|30.87|31.58|  -0.795|  42.830| 3030.876| -75.0|  -1.2| 3618.0| 0.000|   0.0|   4.721|  41.842|229.74|   0.0|    0.0|    0.0|F2F2F2          |
|  0|13.60|54600.7|  1| 0.00| 0.00|   0.000|   0.000|    0.000|   0.0|   0.0|    0.0| 0.000|   0.0|   0.000|   0.000|  0.00|   0.0|    0.0|    0.0|                |
|  0|13.60|54600.7|  1| 0.00| 0.00|   0.000|   0.000|    0.000|   0.0|   0.0|    0.0| 0.000|   0.0|   0.000|   0.000|  0.00|   0.0|    0.0|    0.0|                |
|  0|13.60|54600.7|  1| 0.00| 0.00|   0.000|   0.000|    0.000|   0.0|   0.0|    0.0| 0.000|   0.0|   0.000|   0.000|  0.00|   0.0|    0.0|    0.0|                |
|  0|13.60|54632.6|  1|12.44|16.68|  18.865|  40.386| 1561.234| -72.7|  -0.5| 1671.4| 0.000|   0.0|  28.530|  40.901|218.73|   0.0|    0.0|    0.0|F2              |
|   |     |       |  2|16.68|17.99|   1.187|  41.622| 2854.930| -73.1|  -0.9| 3073.4| 0.000|   0.0|   9.717|  40.647|202.64|   0.0|    0.0|    0.0|F2F2            |
|   |     |       |  3|17.99|18.64| -14.408|  45.303| 4113.034| -73.4|  -1.2| 4444.5| 0.000|   0.0|  -6.920|  43.193|201.00|   0.0|    0.0|    0.0|F2F2F2          |
|  0|13.60|54632.6|  1| 0.00| 0.00|   0.000|   0.000|    0.000|   0.0|   0.0|    0.0| 0.000|   0.0|   0.000|   0.000|  0.00|   0.0|    0.0|    0.0|                |
|  0|13.60|54632.6|  1| 1.36| 8.04|   5.567|  41.573| 2536.743| -74.4|  -0.3| 2615.5| 0.000|   0.0|  19.452|  40.731|191.67|   0.0|    0.0|    0.0|F2              |
+---+-----+-------+---+-----+-----+--------+--------+---------+------+------+-------+------+------+--------+--------+------+------+-------+-------+----------------+
+---+-----+-------+---+-----+-----+--------+--------+---------+------+------+-------+------+------+--------+--------+------+------+-------+-------+----------------+
|0-x| fr  |  time |hop| d0  | d1  |   fi   |  teta  |   dist  |  at  |  dev |   p   |  df  |  l   |   fot  |   tot  |  rot | lsp  |   pf  |    s  |                |
+---+-----+-------+---+-----+-----+--------+--------+---------+------+------+-------+------+------+--------+--------+------+------+-------+-------+----------------+
|  0|13.60|54632.6|  1| 0.00| 0.00|   0.000|   0.000|    0.000|   0.0|   0.0|    0.0| 0.000|   0.0|   0.000|   0.000|  0.00|   0.0|    0.0|    0.0|                |
|  0|13.60|54664.6|  1| 0.84| 7.88|   4.769|  41.827| 2599.955| -74.8|  -0.3| 2678.5| 0.000|   0.0|  18.690|  40.826|191.16|   0.0|    0.0|    0.0|F2              |
|  0|13.60|54664.6|  1|25.29|32.04|  20.610|  40.838| 1433.786| -74.5|  -0.0| 1725.4| 0.000|   0.0|  29.675|  41.308|271.68|   0.0|    0.0|    0.0|F2              |
|   |     |       |  2|32.04|33.82|   8.485|  41.395| 2321.429| -74.7|  -0.2| 2829.2| 0.000|   0.0|  14.398|  40.924|242.27|   0.0|    0.0|    0.0|F2F2            |
|   |     |       |  3|33.82|34.49|  -2.083|  43.092| 3132.677| -75.1|  -0.6| 3850.4| 0.000|   0.0|   3.067|  42.101|236.12|   0.0|    0.0|    0.0|F2F2F2          |
|  0|13.60|54664.6|  1| 0.00| 0.00|   0.000|   0.000|    0.000|   0.0|   0.0|    0.0| 0.000|   0.0|   0.000|   0.000|  0.00|   0.0|    0.0|    0.0|                |
|  0|13.60|54696.5|  1| 7.27|11.99|  13.848|  40.530| 1923.234| -73.1|  -0.4| 2013.8| 0.000|   0.0|  25.476|  40.697|205.07|   0.0|    0.0|    0.0|F2              |
|   |     |       |  2|11.99|13.41|  -7.187|  43.344| 3511.619| -73.4|  -0.7| 3694.4| 0.000|   0.0|   2.773|  41.470|192.28|   0.0|    0.0|    0.0|F2F2            |
|  0|13.60|54696.5|  1|22.00|24.44|  27.858|  49.858| 1243.752|-125.3|  -0.4| 1413.2| 0.000|   0.0|  33.135|  46.293|256.86|   0.0|    0.0|    0.0|F2              |
|   |     |       |  2|24.44|27.43|  19.775|  56.609| 2282.854|-125.3|  -0.4| 2615.8| 0.000|   0.0|  23.461|  53.347|237.25|   0.0|    0.0|    0.0|F2F2            |
|   |     |       |  3|27.43|28.62|  13.316|  63.179| 3241.226|-125.2|  -0.3| 3745.1| 0.000|   0.0|  16.415|  59.901|228.24|   0.0|    0.0|    0.0|F2F2F2          |
|  0|13.60|54728.3|  1| 0.00| 0.00|   0.000|   0.000|    0.000|   0.0|   0.0|    0.0| 0.000|   0.0|   0.000|   0.000|  0.00|   0.0|    0.0|    0.0|                |
|  0|13.60|54760.2|  1| 0.00| 0.00|   0.000|   0.000|    0.000|   0.0|   0.0|    0.0| 0.000|   0.0|   0.000|   0.000|  0.00|   0.0|    0.0|    0.0|                |
|  0|13.60|54760.2|  1|21.62|24.17|  28.625|  50.608| 1257.697|-130.1|  -0.3| 1425.5| 0.000|   0.0|  33.586|  46.675|257.23|   0.0|    0.0|    0.0|F2              |
|   |     |       |  2|24.17|27.47|  21.227|  57.765| 2295.133|-130.1|  -0.3| 2624.7| 0.000|   0.0|  24.585|  54.347|235.08|   0.0|    0.0|    0.0|F2F2            |
|   |     |       |  3|27.47|28.41|  15.305|  64.596| 3248.376|-129.9|  -0.1| 3746.7| 0.000|   0.0|  18.163|  61.189|225.93|   0.0|    0.0|    0.0|F2F2F2          |
|  0|13.60|54823.9|  1| 0.00| 0.00|   0.000|   0.000|    0.000|   0.0|   0.0|    0.0| 0.000|   0.0|   0.000|   0.000|  0.00|   0.0|    0.0|    0.0|                |
|  0|13.60|54855.9|  1| 0.00| 0.00|   0.000|   0.000|    0.000|   0.0|   0.0|    0.0| 0.000|   0.0|   0.000|   0.000|  0.00|   0.0|    0.0|    0.0|                |
|  0|13.60|54888.0|  1| 0.00| 0.00|   0.000|   0.000|    0.000|   0.0|   0.0|    0.0| 0.000|   0.0|   0.000|   0.000|  0.00|   0.0|    0.0|    0.0|                |
+==============================================================================+
|   Medium characteristics Sunspot number= 140.4 IG= 123.0   GMT time:15:14    |
|------------------------------------------------------------------------------|
|   S   | fh |  I  |   D  | fd |  hd | fe |  he | ff1 | hf1 | ff2 | hf2 |   Hi |
|-------+----+-----+------+----+-----+----+-----+-----+-----+-----+-----+------|
|    0.0|1.25| 58.8|   3.1|0.18| 84.5|0.62|110.0| 0.00|  0.0| 7.53|291.6| 100.5|
+==============================================================================+

+==================================+
|       Es-layer parametres        |
|----------------------------------|
|   S   | hEs | fbEs | f0Es | P Es |
|-------+-----+------+------+------|
|    0.0|110.6| 1.94 | 2.47 | 62.3 |
+==================================+

|  0|13.60|54919.9|  1| 0.00| 0.00|   0.000|   0.000|    0.000|   0.0|   0.0|    0.0| 0.000|   0.0|   0.000|   0.000|  0.00|   0.0|    0.0|    0.0|                |
+---+-----+-------+---+-----+-----+--------+--------+---------+------+------+-------+------+------+--------+--------+------+------+-------+-------+----------------+
+---+-----+-------+---+-----+-----+--------+--------+---------+------+------+-------+------+------+--------+--------+------+------+-------+-------+----------------+
|0-x| fr  |  time |hop| d0  | d1  |   fi   |  teta  |   dist  |  at  |  dev |   p   |  df  |  l   |   fot  |   tot  |  rot | lsp  |   pf  |    s  |                |
+---+-----+-------+---+-----+-----+--------+--------+---------+------+------+-------+------+------+--------+--------+------+------+-------+-------+----------------+
|  0|13.60|54919.9|  1| 0.00| 0.00|   0.000|   0.000|    0.000|   0.0|   0.0|    0.0| 0.000|   0.0|   0.000|   0.000|  0.00|   0.0|    0.0|    0.0|                |
|  0|13.60|54951.8|  1|21.15|25.34|  23.019|  41.597| 1256.915| -78.1|  -0.5| 1428.2| 0.000|   0.0|  30.986|  41.768|250.01|   0.0|    0.0|    0.0|F2              |
|   |     |       |  2|25.34|27.12|   9.517|  42.679| 2269.677| -78.6|  -1.0| 2602.6| 0.000|   0.0|  16.014|  41.909|229.63|   0.0|    0.0|    0.0|F2F2            |
|   |     |       |  3|27.12|27.89|  -2.226|  45.174| 3215.568| -79.1|  -1.5| 3710.8| 0.000|   0.0|   3.474|  43.757|224.23|   0.0|    0.0|    0.0|F2F2F2          |
|  0|13.60|54994.3|  1|16.67|20.72|  21.288|  41.176| 1383.956| -76.0|  -0.5| 1519.4| 0.000|   0.0|  29.999|  41.460|234.86|   0.0|    0.0|    0.0|F2              |
|   |     |       |  2|20.72|22.28|   5.993|  42.378| 2522.646| -76.5|  -1.0| 2788.9| 0.000|   0.0|  13.340|  41.498|216.23|   0.0|    0.0|    0.0|F2F2            |
|   |     |       |  3|22.28|22.99|  -7.409|  45.401| 3607.079| -77.0|  -1.5| 4007.0| 0.000|   0.0|  -1.064|  43.710|212.30|   0.0|    0.0|    0.0|F2F2F2          |
|  0|13.60|54994.3|  1| 0.00| 0.00|   0.000|   0.000|    0.000|   0.0|   0.0|    0.0| 0.000|   0.0|   0.000|   0.000|  0.00|   0.0|    0.0|    0.0|                |
|  0|13.60|55026.4|  1| 0.00| 0.00|   0.000|   0.000|    0.000|   0.0|   0.0|    0.0| 0.000|   0.0|   0.000|   0.000|  0.00|   0.0|    0.0|    0.0|                |
|  0|13.60|55026.4|  1| 1.40| 8.19|   5.591|  40.835| 2521.855| -72.5|  -0.3| 2600.9| 0.000|   0.0|  19.461|  40.284|192.57|   0.0|    0.0|    0.0|F2              |
|  0|13.60|55026.4|  1| 0.00| 0.00|   0.000|   0.000|    0.000|   0.0|   0.0|    0.0| 0.000|   0.0|   0.000|   0.000|  0.00|   0.0|    0.0|    0.0|                |
|  0|13.60|55058.2|  1| 0.00| 0.00|   0.000|   0.000|    0.000|   0.0|   0.0|    0.0| 0.000|   0.0|   0.000|   0.000|  0.00|   0.0|    0.0|    0.0|                |
|  0|13.60|55058.2|  1| 0.00| 0.00|   0.000|   0.000|    0.000|   0.0|   0.0|    0.0| 0.000|   0.0|   0.000|   0.000|  0.00|   0.0|    0.0|    0.0|                |
|  0|13.60|55090.3|  1| 9.17|13.55|  15.644|  41.343| 1798.025| -76.2|  -0.5| 1897.0| 0.000|   0.0|  26.633|  41.259|214.13|   0.0|    0.0|    0.0|F2              |
|   |     |       |  2|13.55|15.07|  -3.596|  44.183| 3279.958| -76.6|  -0.9| 3477.4| 0.000|   0.0|   5.410|  42.383|198.89|   0.0|    0.0|    0.0|F2F2            |
|  0|13.60|55122.0|  1| 0.04| 7.79|   3.448|  41.466| 2688.141| -73.5|  -0.3| 2766.5| 0.000|   0.0|  17.493|  40.502|191.26|   0.0|    0.0|    0.0|F2              |
|  0|13.60|55153.8|  1|13.01|17.12|  18.911|  41.241| 1558.098| -76.2|  -0.5| 1673.8| 0.000|   0.0|  28.508|  41.372|225.19|   0.0|    0.0|    0.0|F2              |
|   |     |       |  2|17.12|18.60|   1.895|  43.096| 2841.841| -76.7|  -1.0| 3070.2| 0.000|   0.0|   9.932|  41.851|207.70|   0.0|    0.0|    0.0|F2F2            |
|   |     |       |  3|18.60|19.41| -12.759|  47.137| 4078.048| -77.0|  -1.3| 4423.9| 0.000|   0.0|  -5.845|  44.911|204.97|   0.0|    0.0|    0.0|F2F2F2          |
|  0|13.60|55185.7|  1| 0.01| 7.80|   3.398|  41.515| 2692.747| -73.6|  -0.3| 2771.3| 0.000|   0.0|  17.447|  40.528|191.64|   0.0|    0.0|    0.0|F2              |
+---+-----+-------+---+-----+-----+--------+--------+---------+------+------+-------+------+------+--------+--------+------+------+-------+-------+----------------+
+---+-----+-------+---+-----+-----+--------+--------+---------+------+------+-------+------+------+--------+--------+------+------+-------+-------+----------------+
|0-x| fr  |  time |hop| d0  | d1  |   fi   |  teta  |   dist  |  at  |  dev |   p   |  df  |  l   |   fot  |   tot  |  rot | lsp  |   pf  |    s  |                |
+---+-----+-------+---+-----+-----+--------+--------+---------+------+------+-------+------+------+--------+--------+------+------+-------+-------+----------------+
|  0|13.60|55185.7|  1| 0.00| 7.80|   3.333|  40.774| 2682.913| -71.8|  -0.3| 2760.7| 0.000|   0.0|  17.564|  40.066|190.35|   0.0|    0.0|    0.0|F2              |
|  0|13.60|55228.1|  1| 0.00| 0.00|   0.000|   0.000|    0.000|   0.0|   0.0|    0.0| 0.000|   0.0|   0.000|   0.000|  0.00|   0.0|    0.0|    0.0|                |
|  0|13.60|55260.0|  1| 0.00| 0.00|   0.000|   0.000|    0.000|   0.0|   0.0|    0.0| 0.000|   0.0|   0.000|   0.000|  0.00|   0.0|    0.0|    0.0|                |
|  0|13.60|55260.0|  1| 0.00| 0.00|   0.000|   0.000|    0.000|   0.0|   0.0|    0.0| 0.000|   0.0|   0.000|   0.000|  0.00|   0.0|    0.0|    0.0|                |
|  0|13.60|55292.0|  1| 0.00| 0.00|   0.000|   0.000|    0.000|   0.0|   0.0|    0.0| 0.000|   0.0|   0.000|   0.000|  0.00|   0.0|    0.0|    0.0|                |
|  0|13.60|55323.8|  1| 0.02| 7.83|   3.401|  41.518| 2692.651| -73.6|  -0.3| 2771.5| 0.000|   0.0|  17.483|  40.528|192.44|   0.0|    0.0|    0.0|F2              |
|  0|13.60|55323.8|  1| 0.00| 0.00|   0.000|   0.000|    0.000|   0.0|   0.0|    0.0| 0.000|   0.0|   0.000|   0.000|  0.00|   0.0|    0.0|    0.0|                |
|  0|13.60|55355.7|  1| 0.00| 0.00|   0.000|   0.000|    0.000|   0.0|   0.0|    0.0| 0.000|   0.0|   0.000|   0.000|  0.00|   0.0|    0.0|    0.0|                |
|  0|13.60|55355.7|  1| 0.00| 0.00|   0.000|   0.000|    0.000|   0.0|   0.0|    0.0| 0.000|   0.0|   0.000|   0.000|  0.00|   0.0|    0.0|    0.0|                |
|  0|13.60|55355.7|  1| 0.00| 0.00|   0.000|   0.000|    0.000|   0.0|   0.0|    0.0| 0.000|   0.0|   0.000|   0.000|  0.00|   0.0|    0.0|    0.0|                |
|  0|13.60|55387.8|  1|23.22|28.91|  21.645|  41.074| 1357.973| -75.6|  -0.3| 1588.8| 0.000|   0.0|  30.195|  41.452|267.74|   0.0|    0.0|    0.0|F2              |
|   |     |       |  2|28.91|30.93|   8.746|  41.805| 2309.285| -75.9|  -0.6| 2733.4| 0.000|   0.0|  14.962|  41.225|239.47|   0.0|    0.0|    0.0|F2F2            |
|   |     |       |  3|30.93|31.72|  -2.353|  43.811| 3175.890| -76.4|  -1.1| 3789.5| 0.000|   0.0|   3.032|  42.653|232.44|   0.0|    0.0|    0.0|F2F2F2          |
|  0|13.60|55419.6|  1| 0.00| 0.00|   0.000|   0.000|    0.000|   0.0|   0.0|    0.0| 0.000|   0.0|   0.000|   0.000|  0.00|   0.0|    0.0|    0.0|                |
|  0|13.60|55451.8|  1| 0.00| 0.00|   0.000|   0.000|    0.000|   0.0|   0.0|    0.0| 0.000|   0.0|   0.000|   0.000|  0.00|   0.0|    0.0|    0.0|                |
|  0|13.60|55451.8|  1| 8.13|12.85|  14.452|  40.848| 1881.337| -74.3|  -0.5| 1978.1| 0.000|   0.0|  25.893|  40.911|213.02|   0.0|    0.0|    0.0|F2              |
|   |     |       |  2|12.85|14.37|  -5.578|  43.633| 3405.175| -74.6|  -0.8| 3597.6| 0.000|   0.0|   3.797|  41.825|196.95|   0.0|    0.0|    0.0|F2F2            |
|  0|13.60|55451.8|  1| 0.00| 0.00|   0.000|   0.000|    0.000|   0.0|   0.0|    0.0| 0.000|   0.0|   0.000|   0.000|  0.00|   0.0|    0.0|    0.0|                |
|  0|13.60|55494.2|  1| 0.00| 0.00|   0.000|   0.000|    0.000|   0.0|   0.0|    0.0| 0.000|   0.0|   0.000|   0.000|  0.00|   0.0|    0.0|    0.0|                |
|  0|13.60|55632.2|  1| 5.50|10.86|  11.337|  40.471| 2103.830| -72.6|  -0.4| 2193.0| 0.000|   0.0|  23.856|  40.492|206.28|   0.0|    0.0|    0.0|F2              |
+---+-----+-------+---+-----+-----+--------+--------+---------+------+------+-------+------+------+--------+--------+------+------+-------+-------+----------------+
|   |     |       |  2|10.86|12.42| -10.593|  43.907| 3778.665| -72.9|  -0.7| 3957.4| 0.000|   0.0|  -0.329|  41.693|191.67|   0.0|    0.0|    0.0|F2F2            |
|  0|13.60|55632.2|  1| 0.00| 0.00|   0.000|   0.000|    0.000|   0.0|   0.0|    0.0| 0.000|   0.0|   0.000|   0.000|  0.00|   0.0|    0.0|    0.0|                |
|  0|13.60|55632.2|  1| 0.53| 8.10|   4.154|  40.705| 2622.836| -71.8|  -0.3| 2702.3| 0.000|   0.0|  18.195|  40.081|193.84|   0.0|    0.0|    0.0|F2              |
|  0|13.60|55632.2|  1| 0.00| 0.00|   0.000|   0.000|    0.000|   0.0|   0.0|    0.0| 0.000|   0.0|   0.000|   0.000|  0.00|   0.0|    0.0|    0.0|                |
|  0|13.60|55664.4|  1| 0.00| 0.00|   0.000|   0.000|    0.000|   0.0|   0.0|    0.0| 0.000|   0.0|   0.000|   0.000|  0.00|   0.0|    0.0|    0.0|                |
+---+-----+-------+---+-----+-----+--------+--------+---------+------+------+-------+------+------+--------+--------+------+------+-------+-------+----------------+