
h0=  50.0 hm= 430.8
 50.00    0.000   0.00000   0.00000  -0.00000   39.814   42.719
 53.85    0.003   0.00000   0.00003   0.00000   39.814   42.719
 57.69    0.004   0.00000   0.00006   0.00009   39.814   42.719
 61.54    0.000   0.00000   0.00000   0.00000   39.814   42.719
 65.39    0.074   0.00022   0.01930   0.00159   39.814   42.719
 69.23    0.105   0.00019   0.04065   0.00186   39.814   42.719
 73.08    0.136   0.00011   0.06819   0.00193   39.814   42.719
 76.93    0.160   0.00006   0.09410   0.00171   39.814   42.719
 80.77    0.179   0.00007   0.11640   0.00185   39.814   42.719
 84.62    0.231   0.00102   0.19634   0.02196   39.814   42.719
 88.47    0.598   0.00824   1.29074   0.15752   39.814   42.719
 92.31    1.213   0.03883   4.65913   0.43994   39.814   42.719
 96.16    1.923   0.13277   9.64418   0.68159   39.814   42.719
100.01    2.508   0.29421  13.36498   0.60896   39.814   42.719
103.85    2.840   0.44579  14.59443   0.29923   39.814   42.719
107.70    2.945   0.51435  14.59852   0.05213   39.814   42.719
111.55    2.941   0.51916  15.36742  -0.06285   39.814   42.719
115.39    2.866   0.51243  13.72148  -0.13179   39.814   42.719
119.24    2.805   0.49715  13.44463  -0.02469   39.814   42.719
123.09    2.849   0.50323  14.50246   0.14828   39.814   42.719
126.93    2.959   0.55241  15.47607   0.17284   39.814   42.719
130.78    3.084   0.75601  14.45612   0.20885   39.814   42.719
134.63    3.219   1.00112  13.02400   0.23398   39.814   42.719
138.47    3.364   1.28806  11.16954   0.26357   39.814   42.719
142.32    3.521   1.62194   8.81872   0.29932   39.814   42.719
146.17    3.692   2.01089   5.84738   0.34291   39.814   42.719
150.01    3.879   2.46348   2.08764   0.39718   39.814   42.719
153.86    4.087   2.98929  -2.69581   0.46665   39.814   42.719
157.71    4.321   3.59586  -8.84718   0.55880   39.814   42.719
161.55    4.588   4.28283 -16.88528   0.68886   39.814   42.719
165.40    4.905   5.01016 -27.50837   0.89788   39.814   42.719
169.25    5.280   5.38441 -37.70879   1.06417   39.814   42.719
173.09    5.672   5.27349 -44.40802   1.16964   39.814   42.719
176.94    6.073   5.49565 -49.30629   1.27697   39.814   42.719
180.79    6.480   5.59499 -55.26454   1.38112   39.814   42.719
184.63    6.892   5.72477 -61.28526   1.47933   39.814   42.719
188.48    7.305   5.90720 -67.21761   1.56872   39.814   42.719
192.33    7.717   6.16831 -72.87491   1.64613   39.814   42.719
196.17    8.124   6.54087 -78.04148   1.70851   39.814   42.719
200.02    8.525   7.05781 -82.48050   1.75278   39.814   42.719
203.87    8.914   7.75149 -85.94110   1.77617   39.814   42.719
207.71    9.290   8.65163 -88.16543   1.77624   39.814   42.719
211.56    9.649   9.78271 -88.89965   1.75108   39.814   42.719
215.41    9.987  11.16191 -87.90588   1.69937   39.814   42.719
219.25   10.302  12.79606 -84.97581   1.62059   39.814   42.719
223.10   10.591  14.68083 -79.94324   1.51504   39.814   42.719
226.95   10.852  16.79702 -72.69908   1.38397   39.814   42.719
230.79   11.081  19.11140 -63.20145   1.22949   39.814   42.719
234.64   11.278  21.57507 -51.48805   1.05469   39.814   42.719
238.49   11.441  24.12340 -37.68339   0.86357   39.814   42.719
242.33   11.568  26.67630 -22.00833   0.66100   39.814   42.719
246.18   11.660  29.13814  -4.79263   0.45286   39.814   42.719
250.03   11.718  31.39382  13.47472   0.24699   39.814   42.719
253.87   11.742  33.29821  30.66722   0.05260   39.814   42.719
257.72   11.741  34.33011  42.69170  -0.04339   39.814   42.719
261.57   11.729  34.24786  50.62567  -0.10085   39.814   42.719
265.41   11.708  34.76280  55.18254  -0.15653   39.814   42.719
269.26   11.678  35.21378  57.76589  -0.20909   39.814   42.719
273.11   11.640  35.44524  60.89577  -0.25810   39.814   42.719
276.95   11.593  35.60318  64.36000  -0.30348   39.814   42.719
280.80   11.539  35.73994  68.07003  -0.34517   39.814   42.719
284.65   11.478  35.82303  71.75780  -0.38320   39.814   42.719
288.49   11.411  35.84259  74.87742  -0.41761   39.814   42.719
292.34   11.338  35.80908  77.35431  -0.44847   39.814   42.719
296.19   11.259  35.72392  79.16172  -0.47586   39.814   42.719
300.03   11.175  35.59045  80.50918  -0.49990   39.814   42.719
303.88   11.087  35.41072  81.55346  -0.52075   39.814   42.719
307.73   10.995  35.18838  82.34033  -0.53854   39.814   42.719
311.57   10.899  34.92609  82.91717  -0.55345   39.814   42.719
315.42   10.799  34.62690  83.23762  -0.56565   39.814   42.719
319.27   10.697  34.29395  83.32968  -0.57531   39.814   42.719
323.11   10.593  33.93032  83.17842  -0.58261   39.814   42.719
326.96   10.486  33.53877  82.78475  -0.58772   39.814   42.719
330.81   10.377  33.12233  82.20105  -0.59083   39.814   42.719
334.65   10.267  32.68352  81.44575  -0.59209   39.814   42.719
338.50   10.155  32.22529  80.53761  -0.59167   39.814   42.719
342.35   10.043  31.74996  79.50008  -0.58974   39.814   42.719
346.19    9.930  31.25999  78.35874  -0.58645   39.814   42.719
350.04    9.816  30.75770  77.11790  -0.58193   39.814   42.719
353.89    9.702  30.24543  75.79344  -0.57633   39.814   42.719
357.73    9.587  29.72481  74.39720  -0.56977   39.814   42.719
361.58    9.473  29.19787  72.94236  -0.56237   39.814   42.719
365.43    9.359  28.66641  71.44057  -0.55424   39.814   42.719
369.27    9.245  28.13188  69.89731  -0.54547   39.814   42.719
373.12    9.132  27.59596  68.32361  -0.53619   39.814   42.719
376.97    9.019  27.05973  66.72966  -0.52643   39.814   42.719
380.81    8.908  26.52442  65.12317  -0.51632   39.814   42.719
384.66    8.797  25.99150  63.51047  -0.50593   39.814   42.719
388.51    8.686  25.46168  61.89818  -0.49528   39.814   42.719
392.35    8.577  24.93580  60.29134  -0.48447   39.814   42.719
396.20    8.469  24.41483  58.69472  -0.47355   39.814   42.719
400.04    8.362  23.89938  57.11248  -0.46255   39.814   42.719
403.89    8.256  23.39004  55.54834  -0.45152   39.814   42.719
407.74    8.152  22.88753  54.00545  -0.44051   39.814   42.719
411.58    8.049  22.39224  52.48625  -0.42954   39.814   42.719
415.43    7.947  21.90450  50.99325  -0.41864   39.814   42.719
419.28    7.846  21.42473  49.52811  -0.40785   39.814   42.719
423.12    7.747  20.95334  48.09248  -0.39717   39.814   42.719
426.97    7.649  20.49013  46.68773  -0.38662   39.814   42.719
430.82    7.552  20.03590  45.31466  -0.37625   39.814   42.719