0 04.04.2019 12:59:57.806   9.99600000   9995.99979   0.27  -45.7   53.5  28.0 14.40  353.5  1708.3  353.75   55.06   44.39     0.0  353.53    0.00    0.00     0.0  353.53    0.00    0.00    1.6     46797.806     13.50   47.10740   39.80800  F2               
0 04.04.2019 13:00:23.678   9.99600000   9995.99984   0.31  -43.7   52.9  28.0 21.00  352.1  1368.2  352.31   51.98   44.63  3409.9  353.96   77.27   25.70     0.0  352.05    0.00    0.00    1.7     46823.678     13.50   47.10740   39.80800  F2               
0 04.04.2019 13:00:35.618   9.99600000   9995.99991   0.24  -50.4   49.1  28.0 17.40  354.2  1493.0  354.43   53.16   45.13     0.0  354.21    0.00    0.00     0.0  354.21    0.00    0.00    1.5     46835.618     13.50   47.10740   39.80800  F2               
0 04.04.2019 13:00:47.437   9.99600000   9995.99979   0.20  -53.5   45.0  28.0 23.40  352.1  1386.3  352.32   52.14   44.58  3437.6  354.05   77.52   25.53     0.0  352.07    0.00    0.00    1.7     46847.437     13.50   47.10740   39.80800  F2               
0 04.04.2019 13:00:59.237   9.99600000   9995.99988   0.24  -47.8   47.8  28.0 15.60  355.0  1606.2  355.24   54.20   45.25     0.0  354.96    0.00    0.00     0.0  354.96    0.00    0.00    1.4     46859.237     13.50   47.10740   39.80800  F2               
0 04.04.2019 13:01:11.049   9.99600000   9995.99982   0.11  -50.5   52.5  28.0 18.00  352.8  1462.9  353.02   52.85   44.66     0.0  352.81    0.00    0.00     0.0  352.81    0.00    0.00    1.5     46871.049     13.50   47.10740   39.80800  F2               
0 04.04.2019 13:01:22.898   9.99600000   9995.99980   0.22  -50.2   47.8  28.0 20.40  352.8  1379.9  353.02   52.11   44.84  3510.1  354.66   78.24   25.99     0.0  352.78    0.00    0.00    1.6     46882.898     13.50   47.10740   39.80800  F2               
0 04.04.2019 13:01:35.862   9.99600000   9995.83580   0.09  -87.6   16.4  28.0 21.00  353.5  1368.6  353.72   52.03   45.11  3410.2  355.08   77.44   28.21     0.0  353.52    0.00    0.00    1.8     46895.862     13.50   47.10740   39.80800  F2               
0 04.04.2019 13:01:35.862   9.99600000   9995.99980   0.24  -47.1   52.5  28.0 18.00  353.5  1463.2  353.72   52.88   44.92     0.0  353.50    0.00    0.00     0.0  353.50    0.00    0.00    2.0     46895.862     13.50   47.10740   39.80800  F2               
0 04.04.2019 13:01:47.588   9.99600000   9995.83544   0.09  -85.7   16.3  28.0 16.80  352.8  1525.8  353.03   53.41   44.51     0.0  352.79    0.00    0.00     0.0  352.79    0.00    0.00    1.6     46907.588     13.50   47.10740   39.80800  F2               
0 04.04.2019 13:01:47.588   9.99600000   9995.99981   0.31  -42.2   54.3  28.0 17.40  352.8  1492.3  353.02   53.11   44.59     0.0  352.84    0.00    0.00     0.0  352.84    0.00    0.00    1.5     46907.588     13.50   47.10740   39.80800  F2               
0 04.04.2019 13:02:00.498   9.99600000   9995.99978   0.24  -46.4   51.2  28.0 23.40  352.1  1386.1  352.32   52.14   44.59  3437.6  354.04   77.51   25.51     0.0  352.05    0.00    0.00    1.8     46920.498     13.50   47.10740   39.80800  F2               
0 04.04.2019 13:02:12.311   9.99600000   9995.83428   0.09  -87.9   16.1  28.0 22.80  352.1  1366.9  352.32   51.97   44.63  3316.2  353.88   76.46   26.73     0.0  352.11    0.00    0.00    1.8     46932.311     13.50   47.10740   39.80800  F2               
0 04.04.2019 13:02:12.311   9.99600000   9995.99975   0.27  -45.9   53.3  28.0 22.80  352.1  1366.9  352.32   51.97   44.63  3316.5  353.88   76.46   26.72     0.0  352.11    0.00    0.00    1.6     46932.311     13.50   47.10740   39.80800  F2               
0 04.04.2019 13:02:24.136   9.99600000   9995.99978   0.33  -43.9   54.3  28.0 14.40  352.8  1706.0  353.05   55.01   44.08     0.0  352.83    0.00    0.00     0.0  352.83    0.00    0.00    1.6     46944.136     13.50   47.10740   39.80800  F2               
0 04.04.2019 13:02:36.031   9.99600000   9995.83449   0.09  -87.7   16.2  28.0 16.20  353.5  1563.3  353.73   53.77   44.71     0.0  353.50    0.00    0.00     0.0  353.50    0.00    0.00    1.7     46956.031     13.50   47.10740   39.80800  F2               
0 04.04.2019 13:02:36.031   9.99600000   9995.99980   0.31  -41.4   57.2  28.0 15.60  353.5  1605.0  353.74   54.14   44.62     0.0  353.52    0.00    0.00     0.0  353.52    0.00    0.00    1.6     46956.031     13.50   47.10740   39.80800  F2               
0 04.04.2019 13:02:48.988   9.99600000   9995.83319   0.09  -85.3   18.7  28.0 19.80  352.8  1395.4  353.02   52.25   44.81  3200.7  354.23   75.51   28.65     0.0  352.77    0.00    0.00    1.6     46968.988     13.50   47.10740   39.80800  F2               
0 04.04.2019 13:02:48.988   9.99600000   9995.99972   0.31  -45.0   53.5  28.0 15.00  354.9  1653.1  355.15   54.61   45.13     0.0  354.94    0.00    0.00     0.0  354.94    0.00    0.00    1.5     46968.988     13.50   47.10740   39.80800  F2               
0 04.04.2019 13:02:48.988   9.99600000   9995.99972   0.31  -45.0   53.5  28.0 16.80  354.2  1526.2  354.43   53.46   45.06     0.0  354.24    0.00    0.00     0.0  354.24    0.00    0.00    1.4     46968.988     13.50   47.10740   39.80800  F2               
0 04.04.2019 13:02:48.988   9.99600000   9995.99972   0.31  -45.0   53.5  28.0 18.60  353.5  1437.2  353.72   52.64   44.97     0.0  353.53    0.00    0.00     0.0  353.53    0.00    0.00    1.4     46968.988     13.50   47.10740   39.80800  F2               
0 04.04.2019 13:03:04.069   9.99600000   9995.83237   0.09  -89.4   14.5  28.0 19.20  353.5  1414.7  353.72   52.44   45.01  3124.2  354.76   74.91   30.30  3995.0  355.73   82.53   20.15    1.8     46984.069     13.50   47.10740   39.80800  F2               
0 04.04.2019 13:03:04.069   9.99600000   9995.99975   0.27  -44.1   55.1  28.0 19.20  353.5  1414.7  353.72   52.44   45.01  3124.1  354.71   74.90   30.21     0.0  353.47    0.00    0.00    1.5     46984.069     13.50   47.10740   39.80800  F2               
0 04.04.2019 13:03:16.005   9.99600000   9995.83058   0.07  -85.6   19.6  28.0 18.60  353.5  1437.2  353.72   52.64   44.97     0.0  353.51    0.00    0.00     0.0  353.51    0.00    0.00    1.7     46996.005     13.50   47.10740   39.80800  F2               
0 04.04.2019 13:03:16.005   9.99600000   9995.99977   0.33  -39.0   59.2  28.0 18.00  353.5  1463.1  353.72   52.87   44.92     0.0  353.53    0.00    0.00     0.0  353.53    0.00    0.00    1.5     46996.005     13.50   47.10740   39.80800  F2               
0 04.04.2019 13:03:31.077   9.99600000   9995.99984   0.29  -45.1   53.8  28.0 16.20  353.5  1563.1  353.73   53.77   44.71     0.0  353.50    0.00    0.00     0.0  353.50    0.00    0.00    1.4     47011.077     13.50   47.10740   39.80800  F2               
0 04.04.2019 13:03:42.922   9.99600000   9995.99975   0.33  -42.6   53.7  28.0 16.80  352.8  1525.4  353.03   53.41   44.51     0.0  352.82    0.00    0.00     0.0  352.82    0.00    0.00    1.4     47022.922     13.50   47.10740   39.80800  F2               
0 04.04.2019 13:03:55.971   9.99600000   9995.99981   0.29  -45.2   53.7  28.0 16.80  353.5  1525.7  353.73   53.43   44.79     0.0  353.52    0.00    0.00     0.0  353.52    0.00    0.00    2.0     47035.971     13.50   47.10740   39.80800  F2               
0 04.04.2019 13:04:07.680   9.99600000   9995.99978   0.24  -44.0   47.6  28.0 20.40  351.3  1379.2  351.52   52.05   44.33  3487.4  353.52   77.84   23.61     0.0  351.34    0.00    0.00    1.5     47047.680     13.50   47.10740   39.80800  F2               
0 04.04.2019 13:04:21.645   9.99600000   9995.82746   0.07  -91.4   13.8  28.0 21.00  352.8  1368.3  353.02   52.01   44.87  3409.7  354.56   77.36   27.03     0.0  352.83    0.00    0.00    1.8     47061.645     13.50   47.10740   39.80800  F2               
0 04.04.2019 13:04:21.645   9.99600000   9995.99980   0.33  -43.5   54.8  28.0 21.00  352.8  1368.3  353.02   52.01   44.87  3408.6  354.56   77.35   27.04     0.0  352.83    0.00    0.00    1.5     47061.645     13.50   47.10740   39.80800  F2               
0 04.04.2019 13:04:35.743   9.99600000   9995.99987   0.22  -41.5   42.5  28.0 16.80  354.3  1526.0  354.53   53.46   45.10     0.0  354.25    0.00    0.00     0.0  354.25    0.00    0.00    1.4     47075.743     13.50   47.10740   39.80800  F2               
0 04.04.2019 13:04:58.352   9.99600000   9995.82633   0.07  -94.0    9.3  28.0 18.00  353.5  1463.1  353.72   52.87   44.92     0.0  353.51    0.00    0.00     0.0  353.51    0.00    0.00    1.7     47098.352     13.50   47.10740   39.80800  F2               
0 04.04.2019 13:04:58.352   9.99600000   9995.99986   0.29  -42.8   54.1  28.0 16.80  353.6  1525.6  353.83   53.43   44.83     0.0  353.55    0.00    0.00     0.0  353.55    0.00    0.00    1.5     47098.352     13.50   47.10740   39.80800  F2               
0 04.04.2019 13:05:11.268   9.99600000   9995.99982   0.24  -40.9   44.6  28.0 16.80  353.5  1525.5  353.73   53.43   44.79     0.0  353.51    0.00    0.00     0.0  353.51    0.00    0.00    1.5     47111.268     13.50   47.10740   39.80800  F2               
0 04.04.2019 13:05:23.134   9.99600000   9995.82667   0.07  -87.3   15.9  28.0 17.40  352.8  1492.0  353.02   53.11   44.59     0.0  352.84    0.00    0.00     0.0  352.84    0.00    0.00    1.5     47123.134     13.50   47.10740   39.80800  F2               
0 04.04.2019 13:05:23.134   9.99600000   9995.99981   0.33  -38.2   58.1  28.0 16.20  352.8  1562.2  353.03   53.73   44.43     0.0  352.84    0.00    0.00     0.0  352.84    0.00    0.00    1.4     47123.134     13.50   47.10740   39.80800  F2               
0 04.04.2019 13:05:35.280   9.99600000   9995.82253   0.07  -91.5   11.7  28.0 15.60  352.8  1603.6  353.03   54.10   44.33     0.0  352.77    0.00    0.00     0.0  352.77    0.00    0.00    1.7     47135.280     13.50   47.10740   39.80800  F2               
0 04.04.2019 13:05:35.280   9.99600000   9995.99980   0.33  -39.1   57.2  28.0 15.60  352.8  1603.6  353.03   54.10   44.33     0.0  352.81    0.00    0.00     0.0  352.81    0.00    0.00    1.5     47135.280     13.50   47.10740   39.80800  F2               
0 04.04.2019 13:05:48.262   9.99600000   9995.82546   0.07  -88.3   14.9  28.0 13.80  353.5  1765.2  353.75   55.56   44.26  2057.7  353.94   65.45   35.19     0.0  353.54    0.00    0.00    1.9     47148.262     13.50   47.10740   39.80800  F2               
0 04.04.2019 13:05:48.262   9.99600000   9995.99984   0.33  -40.1   56.1  28.0 14.40  353.5  1703.8  353.74   55.02   44.40     0.0  353.52    0.00    0.00     0.0  353.52    0.00    0.00    1.5     47148.262     13.50   47.10740   39.80800  F2               
0 04.04.2019 13:06:01.181   9.99600000   9995.99985   0.20  -50.8   50.2  28.0 12.00  352.1  2033.2  352.38   57.87   42.79  1864.7  352.41   63.66   34.88  3098.6  353.07   74.47   27.64    1.6     47161.181     13.50   47.10740   39.80800  F2               
0 04.04.2019 13:06:01.181   9.99600000   9995.99985   0.20  -50.8   50.2  28.0 16.20  354.2  1562.8  354.43   53.79   45.00     0.0  354.24    0.00    0.00     0.0  354.24    0.00    0.00    1.6     47161.181     13.50   47.10740   39.80800  F2               
0 04.04.2019 13:06:01.181   9.99600000   9995.99985   0.20  -50.8   50.2  28.0 15.00  353.5  1650.7  353.74   54.55   44.52     0.0  353.52    0.00    0.00     0.0  353.52    0.00    0.00    1.6     47161.181     13.50   47.10740   39.80800  F2               
0 04.04.2019 13:06:01.181   9.99600000   9995.99985   0.20  -50.8   50.2  28.0 13.80  352.8  1764.6  353.05   55.53   43.93  2055.1  353.24   65.39   34.67  3040.5  353.74   74.06   29.30    1.6     47161.181     13.50   47.10740   39.80800  F2               
0 04.04.2019 13:06:15.273   9.99600000   9995.99985   0.11  -56.4   44.6  28.0 14.40  352.8  1703.0  353.04   54.98   44.08     0.0  352.75    0.00    0.00     0.0  352.75    0.00    0.00    1.6     47175.273     13.50   47.10740   39.80800  F2               
0 04.04.2019 13:06:27.101   9.99600000   9995.82502   0.07  -89.4   15.8  28.0 16.80  352.8  1524.9  353.03   53.40   44.51  3037.5  354.06   74.07   29.84  3918.7  355.06   81.75   19.55    1.7     47187.101     13.50   47.10740   39.80800  F2               
0 04.04.2019 13:06:27.101   9.99600000   9995.99985   0.31  -39.4   59.1  28.0 16.80  352.8  1524.9  353.03   53.40   44.51  3037.3  354.06   74.07   29.84  3918.5  355.06   81.75   19.56    1.5     47187.101     13.50   47.10740   39.80800  F2               
0 04.04.2019 13:06:38.957   9.99600000   9995.99979   0.27  -43.8   53.5  28.0 16.20  352.8  1561.9  353.03   53.73   44.43     0.0  352.80    0.00    0.00     0.0  352.80    0.00    0.00    1.4     47198.957     13.50   47.10740   39.80800  F2               
0 04.04.2019 13:06:50.809   9.99600000   9995.99984   0.22  -47.7   50.3  28.0 18.60  352.8  1436.9  353.02   52.62   44.71  2974.3  354.05   73.52   30.34     0.0  352.82    0.00    0.00    1.5     47210.809     13.50   47.10740   39.80800  F2               
0 04.04.2019 13:07:01.557   9.99600000   9995.99977   0.29  -45.7   53.2  28.0  8.40  354.9  1173.3  354.92   50.32   45.82  2222.7  355.18   66.98   35.60  3396.8  355.59   77.39   29.49    1.4     47221.557     13.50   47.10740   39.80800  E                
0 04.04.2019 13:07:16.804   9.99600000   9995.99978   0.40  -41.3   54.1  28.0 13.80  352.9  1763.1  353.15   55.52   43.98  2055.5  353.29   65.39   34.70     0.0  352.85    0.00    0.00    1.5     47236.804     13.50   47.10740   39.80800  F2               
0 04.04.2019 13:07:27.491   9.99600000   9995.82111   0.07  -88.2   15.1  28.0 13.80  353.5  1763.3  353.75   55.55   44.27  2057.0  353.89   65.44   35.14     0.0  353.48    0.00    0.00    1.5     47247.491     13.50   47.10740   39.80800  F2               
0 04.04.2019 13:07:27.491   9.99600000   9995.99983   0.33  -37.8   58.5  28.0 15.00  353.5  1649.9  353.74   54.54   44.52     0.0  353.51    0.00    0.00     0.0  353.51    0.00    0.00    1.4     47247.491     13.50   47.10740   39.80800  F2               
0 04.04.2019 13:07:51.137   9.99600000   9996.00024   0.07  -86.8   16.4  28.0 14.40  352.8  1701.8  353.04   54.97   44.09     0.0  352.79    0.00    0.00     0.0  352.79    0.00    0.00    1.5     47271.137     13.50   47.10740   39.80800  F2               
0 04.04.2019 13:08:04.045   9.99600000   9996.00109   0.07  -94.6   10.6  28.0 17.40  352.8  1491.7  353.02   53.11   44.59  2993.9  354.06   73.70   30.20     0.0  352.81    0.00    0.00    1.8     47284.045     13.50   47.10740   39.80800  F2               
0 04.04.2019 13:08:15.981   9.99600000   9995.99930   0.07  -88.7   16.5  28.0 16.80  352.8  1524.6  353.03   53.40   44.51  3037.6  354.05   74.07   29.82  3918.8  355.05   81.75   19.51    1.5     47295.981     13.50   47.10740   39.80800  F2               
0 04.04.2019 13:08:27.474   9.99600000   9995.99971   0.07  -85.4   15.8  28.0 16.80  352.8  1524.6  353.03   53.40   44.51  3036.1  354.12   74.07   29.95  3917.7  355.11   81.75   19.77    1.4     47307.474     13.50   47.10740   39.80800  F2               
0 04.04.2019 13:08:38.905   9.99600000   9995.99911   0.09  -85.7   16.3  28.0 16.20  352.8  1561.3  353.03   53.72   44.43     0.0  352.77    0.00    0.00     0.0  352.77    0.00    0.00    1.5     47318.905     13.50   47.10740   39.80800  F2               
0 04.04.2019 13:08:51.069   9.99600000   9995.99979   0.40  -45.1   50.3  28.0 19.20  352.8  1414.3  353.02   52.42   44.77  3119.9  354.12   74.80   29.22     0.0  352.75    0.00    0.00    1.4     47331.069     13.50   47.10740   39.80800  F2               
0 04.04.2019 13:09:01.788   9.99600000   9995.99971   0.40  -46.7   46.7  28.0 12.00  353.5  2018.2  353.78   57.81   43.65  1866.4  353.80   63.75   35.76  3099.3  354.35   74.65   29.79    1.6     47341.788     13.50   47.10740   39.80800  F2               
0 04.04.2019 13:09:13.245   9.99600000   9996.00003   0.40  -47.1   30.3  28.0 25.20  352.8  1697.1  353.28   62.22   36.02     0.0  352.82    0.00    0.00     0.0  352.82    0.00    0.00    1.7     47353.245     13.50   47.10740   39.80800                   
0 04.04.2019 13:09:23.944   9.99600000   9995.99964   0.40  -41.0   48.5  28.0  6.60  354.2  1294.9  354.21   51.39   45.41  2519.5  354.55   69.57   33.79  3827.3  355.23   81.03   22.25    1.6     47363.944     13.50   47.10740   39.80800  E                
0 04.04.2019 13:09:23.944   9.99600000   9995.99964   0.40  -41.0   48.5  28.0 12.00  353.5  2016.5  353.78   57.80   43.65  1866.4  353.79   63.75   35.76  3099.5  354.34   74.65   29.78    1.6     47363.944     13.50   47.10740   39.80800  F2               
0 04.04.2019 13:09:34.644   9.99600000   9995.99980   0.40  -44.2   51.3  28.0 16.20  352.8  1561.0  353.03   53.72   44.43     0.0  352.82    0.00    0.00     0.0  352.82    0.00    0.00    1.5     47374.644     13.50   47.10740   39.80800  F2               
0 04.04.2019 13:09:45.522   9.99600000   9995.99989   0.40  -47.2   48.2  28.0 14.40  346.3  1696.2  346.52   54.52   41.21     0.0  346.32    0.00    0.00     0.0  346.32    0.00    0.00    2.0     47385.522     13.50   47.10740   39.80800  F2               
0 04.04.2019 13:09:45.522   9.99600000   9995.99989   0.40  -47.2   48.2  28.0 13.20  353.5  1830.5  353.75   56.15   44.11  2235.3  354.00   67.02   34.53  3282.6  354.58   76.27   28.50    1.5     47385.522     13.50   47.10740   39.80800  F2               
0 04.04.2019 13:09:58.089   9.99600000   9995.81338   0.04  -87.2   17.8  28.0  7.20  352.8  1246.8  352.81   50.92   45.07  2408.5  353.20   68.49   32.97  3658.8  353.89   79.35   21.59    2.0     47398.089     13.50   47.10740   39.80800  E                
0 04.04.2019 13:09:58.089   9.99600000   9995.99977   0.35  -61.6   34.3  28.0  6.00  352.8  1348.7  352.81   51.83   44.84  2635.1  353.27   70.48   31.71  3985.2  354.21   82.06   14.48    1.7     47398.089     13.50   47.10740   39.80800  E                
0 04.04.2019 13:10:09.873   9.99600000   9995.81176   0.04  -87.4   17.6  28.0 10.80  352.8  2369.8  353.13   60.89   42.15  1941.2  353.12   64.37   35.04  3025.0  353.57   73.91   29.16    1.5     47409.873     13.50   47.10740   39.80800  F2               
0 04.04.2019 13:10:09.873   9.99600000   9995.99983   0.35  -56.0   40.0  28.0 11.40  352.8  2150.4  353.09   58.95   42.85  1895.4  353.05   63.96   35.17  3089.9  353.61   74.47   28.63    1.5     47409.873     13.50   47.10740   39.80800  F2               
0 04.04.2019 13:10:33.469   9.99600000   9995.99952   0.07  -91.0   12.2  28.0 13.80  352.8  1759.4  353.04   55.48   43.94  2055.3  353.22   65.39   34.65  3040.8  353.72   74.06   29.26    1.5     47433.469     13.50   47.10740   39.80800  F2               
0 04.04.2019 13:10:45.272   9.99600000   9996.00013   0.40  -51.8   43.7  28.0 17.40  352.8  1491.4  353.02   53.10   44.59  2994.4  354.04   73.70   30.16     0.0  352.78    0.00    0.00    1.7     47445.272     13.50   47.10740   39.80800  F2               
0 04.04.2019 13:10:55.992   9.99600000   9995.99964   0.40  -51.3   42.1  28.0 12.60  352.8  1909.1  353.06   56.81   43.54  1870.0  353.14   63.74   35.33     0.0  352.83    0.00    0.00    1.5     47455.992     13.50   47.10740   39.80800  F2               
0 04.04.2019 13:11:06.706   9.99600000   9996.00010   0.40  -51.9   43.5  28.0 18.60  352.8  1436.7  353.02   52.62   44.72  2974.7  354.00   73.52   30.27     0.0  352.76    0.00    0.00    1.7     47466.706     13.50   47.10740   39.80800  F2               
0 04.04.2019 13:11:18.624   9.99600000   9996.00041   0.40  -63.6   31.9  28.0 16.80  352.1  1523.5  352.32   53.36   44.24  3044.3  353.53   74.07   28.92  3924.9  354.61   81.69   17.73    1.6     47478.624     13.50   47.10740   39.80800  F2               
0 04.04.2019 13:11:29.361   9.99600000   9995.99965   0.40  -53.6   39.8  28.0 18.00  352.8  1462.3  353.02   52.84   44.66     0.0  352.83    0.00    0.00     0.0  352.83    0.00    0.00    1.5     47489.361     13.50   47.10740   39.80800  F2               
0 04.04.2019 13:11:51.531   9.99600000   9995.99973   0.40  -45.3   50.1  28.0 11.40  352.1  2138.6  352.39   58.80   42.45  1894.6  352.45   63.92   34.78  3078.6  353.04   74.30   27.80    1.4     47511.531     13.50   47.10740   39.80800  F2               
0 04.04.2019 13:12:03.343   9.99600000   9995.99998   0.20  -54.5   44.0  28.0 13.20  352.8  1826.1  353.05   56.07   43.77  2241.5  353.33   67.03   33.92  3287.4  353.97   76.22   27.24    1.4     47523.343     13.50   47.10740   39.80800  F2               
0 04.04.2019 13:12:15.262   9.99600000   9995.99964   0.40  -52.2   43.2  28.0  8.40  352.8  1181.2  352.82   50.34   45.21  2220.7  353.17   66.84   33.88  3388.5  353.72   77.05   25.48    1.5     47535.262     13.50   47.10740   39.80800  E                
0 04.04.2019 13:12:25.998   9.99600000   9995.99962   0.40  -53.5   41.9  28.0  7.20  354.2  1250.8  354.21   51.00   45.49  2409.2  354.50   68.60   34.24  3665.4  355.08   79.63   24.78    1.5     47545.998     13.50   47.10740   39.80800  E                
0 04.04.2019 13:12:36.733   9.99600000   9995.99940   0.40  -56.1   39.3  28.0 15.60  353.5  1601.3  353.73   54.11   44.63     0.0  353.51    0.00    0.00     0.0  353.51    0.00    0.00    1.7     47556.733     13.50   47.10740   39.80800  F2               
0 04.04.2019 13:12:59.326   9.99600000   9995.99967   0.38  -62.4   33.3  28.0 13.20  351.3  1823.6  351.54   55.97   43.02     0.0  351.34    0.00    0.00     0.0  351.34    0.00    0.00    1.6     47579.326     13.50   47.10740   39.80800  F2               
0 04.04.2019 13:13:10.037   9.99600000   9995.99908   0.40  -56.6   36.8  28.0 10.80  352.8  2321.9  353.12   60.47   42.31  1941.2  353.14   64.37   35.05  3025.2  353.58   73.91   29.18    1.8     47590.037     13.50   47.10740   39.80800  F2               
0 04.04.2019 13:13:21.951   9.99600000   9995.99999   0.40  -54.2   41.2  28.0  9.00  353.5  1172.1  353.53   50.28   45.43  2137.1  353.80   66.14   34.76  3269.9  354.26   76.11   27.99    1.6     47601.951     13.50   47.10740   39.80800  E                
0 04.04.2019 13:13:32.680   9.99600000   9995.99998   0.40  -59.8   35.6  28.0 11.40  355.7  2124.1  356.00   58.85   44.75  1898.0  355.84   64.11   37.01     0.0  355.66    0.00    0.00    1.7     47612.680     13.50   47.10740   39.80800  F2               
0 04.04.2019 13:13:43.420   9.99600000   9995.99692   0.40  -87.0    8.4  28.0 13.80  354.2  1757.0  354.45   55.52   44.61  2060.6  354.59   65.51   35.66  3048.9  355.00   74.28   31.29    1.5     47623.420     13.50   47.10740   39.80800  F2               
0 04.04.2019 13:13:54.146   9.99600000   9995.99971   0.40  -57.0   38.5  28.0 10.80  352.1  2314.1  352.41   60.35   41.84  1940.3  352.43   64.32   34.57  3021.5  352.91   73.79   28.16    1.5     47634.146     13.50   47.10740   39.80800  F2               
0 04.04.2019 13:14:04.856   9.99600000   9995.99998   0.40  -57.9   37.5  28.0  9.00  352.8  1173.2  352.83   50.27   45.23  2136.3  353.11   66.09   34.21  3267.0  353.61   75.99   26.77    1.5     47644.856     13.50   47.10740   39.80800  E                
0 04.04.2019 13:14:15.726   9.99600000   9995.99993   0.40  -58.5   37.0  28.0 15.60  353.5  1600.7  353.73   54.10   44.63     0.0  353.55    0.00    0.00     0.0  353.55    0.00    0.00    1.5     47655.726     13.50   47.10740   39.80800  F2               
0 04.04.2019 13:14:38.320   9.99600000   9996.00015   0.35  -59.1   36.9  28.0 17.40  353.5  1491.4  353.72   53.13   44.86  2989.8  354.64   73.72   31.13     0.0  353.50    0.00    0.00    1.9     47678.320     13.50   47.10740   39.80800  F2               
0 04.04.2019 13:14:50.130   9.99600000   9996.00094   0.07  -93.7    9.5  28.0 12.00  353.6  1994.8  353.87   57.61   43.76  1866.4  353.82   63.75   35.78  3099.6  354.37   74.65   29.83    1.6     47690.130     13.50   47.10740   39.80800  F2               
0 04.04.2019 13:15:03.001   9.99600000   9995.99974   0.38  -53.2   42.5  28.0 10.20  353.5  2695.8  353.89   63.83   41.59  1998.4  353.79   64.92   35.29  3083.8  354.20   74.49   29.67    1.4     47703.001     13.50   47.10740   39.80800  F2               
0 04.04.2019 13:15:13.772   9.99600000   9995.99975   0.40  -49.2   46.2  28.0 12.60  354.2  1900.3  354.46   56.80   44.31  1872.5  354.44   63.83   36.16  2981.5  354.85   73.67   31.53    1.4     47713.772     13.50   47.10740   39.80800  F2               
0 04.04.2019 13:15:24.507   9.99600000   9995.99999   0.07  -96.2    9.0  28.0 13.20  353.5  1821.2  353.75   56.06   44.13  2235.4  354.00   67.02   34.52  3282.8  354.58   76.27   28.50    1.8     47724.507     13.50   47.10740   39.80800  F2               
0 04.04.2019 13:15:36.446   9.99600000   9995.99981   0.07  -86.8   18.4  28.0 12.00  352.8  1991.9  353.07   57.55   43.31  1865.5  353.08   63.70   35.31  3098.6  353.69   74.56   28.68    1.4     47736.446     13.50   47.10740   39.80800  F2               
0 04.04.2019 13:15:49.357   9.99600000   9995.99953   0.40  -54.9   40.6  28.0 11.40  352.8  2110.9  353.08   58.60   42.97  1895.2  353.06   63.96   35.18  3092.9  353.62   74.50   28.63    1.4     47749.357     13.50   47.10740   39.80800  F2               
0 04.04.2019 13:16:02.264   9.99600000   9995.99991   0.40  -51.6   43.9  28.0 11.40  353.5  2109.4  353.79   58.63   43.41  1895.9  353.76   64.01   35.64  3118.5  354.29   74.81   29.53    1.4     47762.264     13.50   47.10740   39.80800  F2               
0 04.04.2019 13:16:13.004   9.99600000   9995.99983   0.38  -56.6   41.1  28.0 12.60  353.6  1897.9  353.86   56.75   44.00  1871.6  353.85   63.79   35.78     0.0  353.56    0.00    0.00    1.5     47773.004     13.50   47.10740   39.80800  F2               
0 04.04.2019 13:16:23.749   9.99600000   9996.00009   0.38  -57.7   40.0  28.0 13.20  353.5  1819.9  353.75   56.05   44.13  2235.2  354.01   67.02   34.54  3282.5  354.59   76.27   28.53    1.8     47783.749     13.50   47.10740   39.80800  F2               
0 04.04.2019 13:16:35.700   9.99600000   9996.00016   0.20  -64.9   33.6  28.0 15.60  354.9  1601.3  355.14   54.15   45.22     0.0  354.95    0.00    0.00     0.0  354.95    0.00    0.00    1.5     47795.700     13.50   47.10740   39.80800  F2               
0 04.04.2019 13:16:48.629   9.99600000   9996.00116   0.40  -57.3   38.2  28.0 12.60  354.2  1897.1  354.46   56.77   44.32  1872.6  354.47   63.83   36.18  2981.5  354.89   73.67   31.58    1.6     47808.629     13.50   47.10740   39.80800  F2               
0 04.04.2019 13:16:59.372   9.99600000   9995.99989   0.40  -54.3   41.1  28.0 11.40  352.8  2104.4  353.09   58.54   42.99  1895.4  353.12   63.97   35.22  3093.2  353.68   74.51   28.72    1.5     47819.372     13.50   47.10740   39.80800  F2               
0 04.04.2019 13:17:10.828   9.99600000   9996.00013   0.38  -61.4   34.3  28.0 14.40  357.9  1699.9  358.15   55.09   46.43     0.0  357.86    0.00    0.00     0.0  357.86    0.00    0.00    1.7     47830.828     13.50   47.10740   39.80800  F2               
0 04.04.2019 13:17:22.682   9.99600000   9995.99976   0.40  -57.0   40.4  28.0 10.20  353.6  2585.8  353.97   62.86   42.06  1998.5  353.83   64.92   35.32  3084.1  354.24   74.50   29.74    1.4     47842.682     13.50   47.10740   39.80800  F2               
0 04.04.2019 13:17:33.389   9.99600000   9995.99988   0.40  -57.8   37.7  28.0  9.60  352.8  1432.4  352.89   52.57   44.68  2063.9  353.16   65.46   34.57  3166.7  353.62   75.13   27.89    1.5     47853.389     13.50   47.10740   39.80800  E                
0 04.04.2019 13:17:44.878   9.99600000   9995.99997   0.38  -50.7   47.0  28.0 14.40  352.9  1694.8  353.14   54.91   44.15     0.0  352.85    0.00    0.00     0.0  352.85    0.00    0.00    1.4     47864.878     13.50   47.10740   39.80800  F2               
0 04.04.2019 13:17:55.723   9.99600000   9995.99995   0.40  -50.5   44.9  28.0 11.40  352.9  2099.3  353.19   58.50   43.07  1895.4  353.15   63.97   35.24  3093.4  353.71   74.52   28.76    1.5     47875.723     13.50   47.10740   39.80800  F2               
0 04.04.2019 13:18:06.472   9.99600000   9995.99992   0.07  -88.6   14.6  28.0 11.40  352.8  2098.5  353.09   58.49   43.01  1895.5  353.14   63.97   35.23  3091.4  353.70   74.50   28.76    1.5     47886.472     13.50   47.10740   39.80800  F2               
0 04.04.2019 13:18:19.390   9.99600000   9995.99986   0.40  -51.4   44.0  28.0 12.00  352.8  1983.4  353.07   57.47   43.34  1865.5  353.11   63.70   35.32  3098.8  353.71   74.56   28.72    1.5     47899.390     13.50   47.10740   39.80800  F2               
0 04.04.2019 13:18:30.105   9.99600000   9996.00014   0.35  -60.1   37.9  28.0  7.80  352.8  1221.6  352.82   50.70   45.12  2309.4  353.16   67.62   33.44  3515.6  353.77   78.13   23.76    1.5     47910.105     13.50   47.10740   39.80800  E                
0 04.04.2019 13:18:41.966   9.99600000   9996.00001   0.35  -53.7   42.3  28.0 10.20  353.5  2546.9  353.87   62.51   42.11  1998.4  353.79   64.91   35.29  3083.7  354.20   74.49   29.68    1.6     47921.966     13.50   47.10740   39.80800  F2               
0 04.04.2019 13:18:53.783   9.99600000   9995.99999   0.31  -54.7   41.8  28.0 13.20  354.3  1817.3  354.56   56.06   44.54  2230.9  354.68   67.03   35.13     0.0  354.25    0.00    0.00    1.5     47933.783     13.50   47.10740   39.80800  F2               
0 04.04.2019 13:19:05.726   9.99600000   9995.99959   0.40  -54.7   40.7  28.0 12.60  353.5  1892.0  353.76   56.69   43.96  1871.4  353.80   63.79   35.75     0.0  353.52    0.00    0.00    1.8     47945.726     13.50   47.10740   39.80800  F2               
0 04.04.2019 13:19:17.551   9.99600000   9996.00087   0.07  -95.3    9.9  28.0 13.20  352.8  1815.4  353.05   55.98   43.80  2240.5  353.33   67.03   33.93  3286.4  353.97   76.21   27.25    1.6     47957.551     13.50   47.10740   39.80800  F2               
0 04.04.2019 13:19:29.362   9.99600000   9995.99965   0.40  -65.0   30.5  28.0 15.60  351.4  1597.6  351.63   53.99   43.76     0.0  351.37    0.00    0.00     0.0  351.37    0.00    0.00    1.7     47969.362     13.50   47.10740   39.80800  F2               
0 04.04.2019 13:19:40.105   9.99600000   9996.00013   0.40  -54.5   40.9  28.0 12.00  352.8  1979.4  353.07   57.44   43.35  1865.6  353.14   63.70   35.34  3098.7  353.74   74.56   28.76    1.4     47980.105     13.50   47.10740   39.80800  F2               
0 04.04.2019 13:19:54.064   9.99600000   9996.00009   0.40  -48.2   41.2  28.0 11.40  352.1  2089.7  352.38   58.37   42.61  1894.5  352.41   63.92   34.76  3079.3  353.01   74.30   27.74    1.4     47994.064     13.50   47.10740   39.80800  F2               
0 04.04.2019 13:20:04.769   9.99600000   9996.00007   0.40  -50.6   40.8  28.0 11.40  354.2  2088.8  354.49   58.48   43.89     0.0  354.24    0.00    0.00     0.0  354.24    0.00    0.00    1.4     48004.769     13.50   47.10740   39.80800  F2               
0 04.04.2019 13:20:15.615   9.99600000   9995.99990   0.40  -51.3   40.1  28.0 10.20  352.8  2516.1  353.16   62.19   41.64  1997.8  353.12   64.87   34.82  3081.4  353.57   74.39   28.64    1.4     48015.615     13.50   47.10740   39.80800  F2               
0 04.04.2019 13:20:26.330   9.99600000   9996.00004   0.40  -46.0   43.4  28.0 11.40  353.5  2087.0  353.79   58.43   43.47  1896.0  353.76   64.01   35.64  3115.0  354.29   74.78   29.56    1.4     48026.330     13.50   47.10740   39.80800  F2               
0 04.04.2019 13:20:38.153   9.99600000   9996.00007   0.40  -42.9   38.5  28.0 12.00  352.8  1976.7  353.07   57.41   43.36  1872.7  353.14   63.77   35.32  3089.5  353.73   74.48   28.83    1.4     48038.153     13.50   47.10740   39.80800  F2               
0 04.04.2019 13:20:49.987   9.99600000   9995.99992   0.40  -43.6   39.9  28.0 11.40  352.8  2085.1  353.09   58.37   43.05  1899.8  353.12   64.01   35.20  3604.2  354.35   78.98   23.79    1.4     48049.987     13.50   47.10740   39.80800  F2               
0 04.04.2019 13:21:01.773   9.99600000   9996.00014   0.40  -49.1   42.3  28.0 10.20  352.8  2497.2  353.16   62.02   41.71  2000.1  353.14   64.89   34.82  3085.9  353.59   74.44   28.64    1.5     48061.773     13.50   47.10740   39.80800  F2               
0 04.04.2019 13:21:14.752   9.99600000   9995.99885   0.40  -55.4   38.0  28.0 12.00  352.1  1974.4  352.37   57.35   42.98     0.0  352.11    0.00    0.00     0.0  352.11    0.00    0.00    1.5     48074.752     13.50   47.10740   39.80800  F2               
0 04.04.2019 13:21:25.599   9.99600000   9996.00034   0.40  -64.1   31.4  28.0 12.60  352.8  1886.9  353.06   56.61   43.61  1884.9  353.12   63.87   35.26  2990.6  353.63   73.62   29.55    1.7     48085.599     13.50   47.10740   39.80800  F2               
0 04.04.2019 13:21:36.361   9.99600000   9995.99953   0.40  -53.5   39.9  28.0  9.00  353.5  1222.6  353.54   50.73   45.34  2139.6  353.83   66.17   34.78  3273.7  354.30   76.15   28.03    1.5     48096.361     13.50   47.10740   39.80800  E                
0 04.04.2019 13:21:47.089   9.99600000   9996.00011   0.40  -48.3   43.1  28.0 10.80  353.5  2224.2  353.81   59.65   43.10  1945.2  353.80   64.44   35.49  3038.1  354.22   74.10   30.09    1.4     48107.089     13.50   47.10740   39.80800  F2               
0 04.04.2019 13:21:57.803   9.99600000   9995.99976   0.40  -44.9   40.5  28.0 12.00  353.5  1973.4  353.78   57.42   43.76     0.0  353.50    0.00    0.00     0.0  353.50    0.00    0.00    1.4     48117.803     13.50   47.10740   39.80800  F2               
0 04.04.2019 13:22:09.621   9.99600000   9995.99985   0.40  -45.3   40.1  28.0 10.20  352.8  2471.7  353.15   61.79   41.81  2000.0  353.13   64.89   34.82  3085.9  353.59   74.43   28.63    1.4     48129.621     13.50   47.10740   39.80800  F2               
0 04.04.2019 13:22:20.244   9.99600000   9995.99987   0.40  -44.0   41.4  28.0 10.80  352.8  2220.4  353.11   59.57   42.64  1944.4  353.09   64.40   35.01  3033.9  353.55   73.98   29.05    1.4     48140.244     13.50   47.10740   39.80800  F2               
0 04.04.2019 13:22:32.107   9.99600000   9995.99987   0.40  -42.5   43.0  28.0 11.40  352.8  2077.5  353.09   58.31   43.07  1899.9  353.12   64.01   35.20  3617.5  354.37   79.10   23.62    1.4     48152.107     13.50   47.10740   39.80800  F2               
0 04.04.2019 13:22:44.998   9.99600000   9995.99999   0.40  -43.6   41.8  28.0 10.20  352.8  2459.2  353.15   61.68   41.85  2000.0  353.11   64.89   34.80  3085.8  353.56   74.43   28.59    1.4     48164.998     13.50   47.10740   39.80800  F2               
0 04.04.2019 13:22:55.810   9.99600000   9996.00006   0.40  -42.0   39.5  28.0 11.40  352.8  2075.8  353.09   58.29   43.08  1899.8  353.13   64.01   35.21  3591.1  354.34   78.87   23.96    1.4     48175.810     13.50   47.10740   39.80800  F2               
0 04.04.2019 13:23:08.764   9.99600000   9996.00018   0.40  -48.2   43.3  28.0 12.60  352.1  1883.1  352.36   56.55   43.25     0.0  352.09    0.00    0.00     0.0  352.09    0.00    0.00    1.4     48188.764     13.50   47.10740   39.80800  F2               
0 04.04.2019 13:23:20.600   9.99600000   9996.00052   0.40  -49.5   41.9  28.0 10.20  352.8  2447.5  353.15   61.58   41.89  2000.2  353.12   64.89   34.80  3086.0  353.57   74.43   28.60    1.4     48200.600     13.50   47.10740   39.80800  F2               
0 04.04.2019 13:23:36.876   9.99600000   9995.99983   0.40  -51.6   37.8  28.0 10.80  352.8  2209.5  353.11   59.47   42.68  1944.4  353.11   64.40   35.02  3034.0  353.56   73.98   29.07    1.4     48216.876     13.50   47.10740   39.80800  F2               
0 04.04.2019 13:24:02.775   9.99600000   9996.00052   0.40  -58.3   37.2  28.0 13.20  353.5  1810.2  353.76   55.97   44.16  2198.6  353.99   66.70   34.67  3248.6  354.56   75.97   28.80    1.4     48242.775     13.50   47.10740   39.80800  F2               
0 04.04.2019 13:24:15.757   9.99600000   9996.00094   0.40  -54.8   40.7  28.0 10.80  353.5  2203.7  353.81   59.46   43.16  1945.0  353.76   64.44   35.47  3037.8  354.18   74.09   30.04    1.4     48255.757     13.50   47.10740   39.80800  F2               
0 04.04.2019 13:24:26.461   9.99600000   9996.00040   0.40  -56.3   39.1  28.0 19.19  351.4  1413.9  351.63   52.36   44.27  3111.7  352.96   74.57   27.32     0.0  351.35    0.00    0.00    1.5     48266.461     13.50   47.10740   39.80800  F2               
0 04.04.2019 13:24:37.549   9.99600000   9995.99967   0.40  -50.3   41.1  28.0 12.60  352.8  1881.0  353.07   56.56   43.63  1885.0  353.17   63.88   35.29  2990.8  353.67   73.62   29.62    1.5     48277.549     13.50   47.10740   39.80800  F2               
0 04.04.2019 13:24:49.384   9.99600000   9995.99985   0.07  -89.1   16.1  28.0 10.20  353.5  2415.4  353.85   61.34   42.54  2000.7  353.76   64.93   35.26  3088.8  354.17   74.53   29.59    1.5     48289.384     13.50   47.10740   39.80800  F2               
0 04.04.2019 13:25:00.176   9.99600000   9996.00122   0.40  -53.5   27.9  28.0 27.00  353.5     0.0  353.54    0.00    0.00     0.0  353.54    0.00    0.00     0.0  353.54    0.00    0.00    1.9     48300.176     13.50   47.10740   39.80800                   
0 04.04.2019 13:25:00.176   9.99600000   9996.00122   0.40  -53.5   27.9  28.0  6.00  352.8  1362.2  352.81   51.95   44.81  2637.0  353.24   70.50   31.65  3987.3  354.18   82.07   14.30    1.5     48300.176     13.50   47.10740   39.80800  E                
0 04.04.2019 13:25:10.920   9.99600000   9996.00108   0.40  -45.6   41.9  28.0 16.80  352.1  1522.2  352.34   53.35   44.25  3007.5  353.46   73.74   29.15     0.0  352.09    0.00    0.00    1.7     48310.920     13.50   47.10740   39.80800  F2               
0 04.04.2019 13:25:22.790   9.99600000   9996.00116   0.40  -49.1   42.4  28.0 15.00  352.8  1641.6  353.04   54.44   44.24     0.0  352.77    0.00    0.00     0.0  352.77    0.00    0.00    1.4     48322.790     13.50   47.10740   39.80800  F2               
0 04.04.2019 13:25:33.524   9.99600000   9996.00156   0.40  -51.6   41.9  28.0 19.80  352.8  1395.5  353.03   52.25   44.81  3324.1  354.41   76.60   27.71     0.0  352.81    0.00    0.00    1.7     48333.524     13.50   47.10740   39.80800  F2               
0 04.04.2019 13:25:44.277   9.99600000   9996.00136   0.40  -52.5   41.0  28.0 15.00  350.6  1639.3  350.84   54.31   43.30     0.0  350.63    0.00    0.00     0.0  350.63    0.00    0.00    1.6     48344.277     13.50   47.10740   39.80800  F2               
0 04.04.2019 13:25:55.034   9.99600000   9995.99934   0.40  -47.2   40.3  28.0 16.20  352.1  1557.5  352.34   53.66   44.16  3067.2  353.52   74.26   28.69  3973.0  354.66   82.09   16.54    1.4     48355.034     13.50   47.10740   39.80800  F2               
0 04.04.2019 13:26:05.918   9.99600000   9996.00060   0.40  -47.4   44.0  28.0 12.00  353.5  1962.3  353.78   57.32   43.79     0.0  353.53    0.00    0.00     0.0  353.53    0.00    0.00    1.4     48365.918     13.50   47.10740   39.80800  F2               
0 04.04.2019 13:26:18.725   9.99600000   9995.99933   0.40  -52.0   43.5  28.0  9.60  350.6  1300.4  350.66   51.32   44.26  2062.4  351.05   65.29   33.01  3158.2  351.63   74.74   24.55    1.6     48378.725     13.50   47.10740   39.80800  Es               
0 04.04.2019 13:26:30.605   9.99600000   9996.00054   0.40  -45.9   41.6  28.0 14.40  352.9  1690.1  353.15   54.87   44.17     0.0  352.86    0.00    0.00     0.0  352.86    0.00    0.00    1.5     48390.605     13.50   47.10740   39.80800  F2               
0 04.04.2019 13:26:41.330   9.99600000   9995.99890   0.40  -51.7   41.7  28.0  9.60  352.8  1301.4  352.87   51.41   44.97  2065.0  353.10   65.46   34.52  3168.6  353.58   75.15   27.79    1.6     48401.330     13.50   47.10740   39.80800  Es               
0 04.04.2019 13:26:41.330   9.99600000   9995.99890   0.40  -51.7   41.7  28.0 17.40  350.6  1489.0  350.83   52.99   43.77  2981.3  352.21   73.35   27.49     0.0  350.63    0.00    0.00    1.5     48401.330     13.50   47.10740   39.80800  F2               
0 04.04.2019 13:26:53.129   9.99600000   9995.99945   0.40  -49.4   42.0  28.0 16.80  352.8  1522.7  353.04   53.38   44.52  3004.5  354.05   73.79   30.09     0.0  352.79    0.00    0.00    1.5     48413.129     13.50   47.10740   39.80800  F2               
0 04.04.2019 13:27:06.200   9.99600000   9996.00015   0.40  -47.9   43.5  28.0 16.20  352.8  1558.0  353.04   53.69   44.44  3061.4  354.10   74.29   29.70  3965.2  355.15   82.15   18.63    1.4     48426.200     13.50   47.10740   39.80800  F2               
0 04.04.2019 13:27:19.183   9.99600000   9996.00014   0.40  -52.0   39.5  28.0 12.00  352.8  1958.7  353.08   57.25   43.42     0.0  352.81    0.00    0.00     0.0  352.81    0.00    0.00    1.4     48439.183     13.50   47.10740   39.80800  F2               
0 04.04.2019 13:27:30.990   9.99600000   9996.00063   0.40  -54.4   23.1  28.0 13.20  352.1  1804.8  352.36   55.85   43.48  2201.3  352.67   66.63   33.56  3247.5  353.35   75.79   26.49    1.5     48450.990     13.50   47.10740   39.80800  F2               
0 04.04.2019 13:27:30.990   9.99600000   9996.00063   0.40  -54.4   23.1  28.0  7.80  352.8  1244.0  352.82   50.90   45.08  2311.0  353.16   67.63   33.43  3517.5  353.77   78.14   23.73    1.5     48450.990     13.50   47.10740   39.80800  E                
0 04.04.2019 13:27:41.720   9.99600000   9995.99901   0.40  -48.3   37.2  28.0 15.00  352.8  1640.8  353.05   54.43   44.24     0.0  352.82    0.00    0.00     0.0  352.82    0.00    0.00    1.8     48461.720     13.50   47.10740   39.80800  F2               
0 04.04.2019 13:27:41.720   9.99600000   9995.99901   0.40  -48.3   37.2  28.0 13.80  353.5  1744.6  353.76   55.38   44.31     0.0  353.51    0.00    0.00     0.0  353.51    0.00    0.00    1.8     48461.720     13.50   47.10740   39.80800  F2               
0 04.04.2019 13:27:52.459   9.99600000   9995.99915   0.40  -48.3   37.1  28.0 15.00  353.5  1641.4  353.75   54.46   44.54     0.0  353.52    0.00    0.00     0.0  353.52    0.00    0.00    1.6     48472.459     13.50   47.10740   39.80800  F2               
0 04.04.2019 13:28:03.254   9.99600000   9996.00015   0.40  -47.9   41.6  28.0 14.40  352.8  1689.1  353.05   54.86   44.12     0.0  352.82    0.00    0.00     0.0  352.82    0.00    0.00    1.4     48483.254     13.50   47.10740   39.80800  F2               
0 04.04.2019 13:28:13.998   9.99600000   9996.00089   0.40  -50.3   43.1  28.0  7.20  352.8  1275.0  352.82   51.17   45.01  2412.2  353.19   68.52   32.93  3663.9  353.89   79.39   21.47    1.5     48493.998     13.50   47.10740   39.80800  E                
0 04.04.2019 13:28:24.778   9.99600000   9996.00031   0.40  -53.6   41.8  28.0 10.80  353.5  2176.1  353.81   59.22   43.24  1945.1  353.78   64.44   35.48  3038.0  354.20   74.10   30.07    1.5     48504.778     13.50   47.10740   39.80800  F2               
0 04.04.2019 13:28:37.816   9.99600000   9995.99869   0.40  -56.4   39.1  28.0  8.40  352.1  1234.2  352.13   50.79   44.89  2221.6  352.45   66.79   33.26  3386.9  353.04   76.91   24.07    1.8     48517.816     13.50   47.10740   39.80800  E                
0 04.04.2019 13:28:48.522   9.99600000   9995.99988   0.40  -56.0   39.5  28.0  7.20  358.6  1286.1  358.62   51.38   46.84  2415.8  358.65   68.83   38.42  3688.3  358.80   80.25   35.94    1.6     48528.522     13.50   47.10740   39.80800  E                
0 04.04.2019 13:28:48.522   9.99600000   9995.99988   0.40  -56.0   39.5  28.0 15.00  352.8  1640.3  353.05   54.43   44.24     0.0  352.81    0.00    0.00     0.0  352.81    0.00    0.00    1.5     48528.522     13.50   47.10740   39.80800  F2               
0 04.04.2019 13:28:59.225   9.99600000   9995.99954   0.40  -49.5   39.9  28.0 15.60  351.4  1595.4  351.64   53.97   43.77     0.0  351.37    0.00    0.00     0.0  351.37    0.00    0.00    1.5     48539.225     13.50   47.10740   39.80800  F2               
0 04.04.2019 13:29:11.049   9.99600000   9995.99812   0.40  -56.0   39.5  28.0 16.20  352.0  1556.9  352.24   53.65   44.12  3067.5  353.48   74.26   28.62  3973.4  354.62   82.08   16.40    1.6     48551.049     13.50   47.10740   39.80800  F2               
0 04.04.2019 13:29:11.049   9.99600000   9995.99812   0.40  -56.0   39.5  28.0 11.40  351.4  2050.3  351.69   57.98   42.33  1898.0  351.73   63.91   34.30  3149.1  352.45   74.81   26.05    1.6     48551.049     13.50   47.10740   39.80800  F2               
0 04.04.2019 13:29:22.854   9.99600000   9996.00027   0.40  -55.2   40.2  28.0 13.80  352.1  1741.8  352.36   55.29   43.66     0.0  352.13    0.00    0.00     0.0  352.13    0.00    0.00    1.5     48562.854     13.50   47.10740   39.80800  F2               
0 04.04.2019 13:29:33.597   9.99600000   9995.99893   0.40  -50.5   32.9  28.0 13.20  353.5  1803.9  353.77   55.91   44.18  2192.4  353.98   66.64   34.69  3241.0  354.55   75.90   28.85    1.5     48573.597     13.50   47.10740   39.80800  F2               
0 04.04.2019 13:29:44.325   9.99600000   9996.00087   0.40  -52.3   41.1  28.0 10.80  352.8  2168.7  353.11   59.11   42.81  1944.4  353.11   64.40   35.02  3033.9  353.56   73.98   29.07    1.5     48584.325     13.50   47.10740   39.80800  F2               
0 04.04.2019 13:29:55.166   9.99600000   9995.99967   0.20  -48.7   45.8  28.0 13.80  352.0  1741.2  352.26   55.29   43.62     0.0  352.03    0.00    0.00     0.0  352.03    0.00    0.00    1.5     48595.166     13.50   47.10740   39.80800  F2               
0 04.04.2019 13:30:06.960   9.99600000   9995.99986   0.24  -50.1   47.5  28.0  9.60  354.2  1293.3  354.27   51.38   45.43  2066.5  354.50   65.56   35.57  3174.7  354.89   75.37   30.11    1.5     48606.960     13.50   47.10740   39.80800  Es               
0 04.04.2019 13:30:17.583   9.99600000   9995.99981   0.24  -48.6   51.0  28.0  7.80  352.8  1252.8  352.83   50.98   45.06  2311.1  353.16   67.63   33.43  3517.6  353.77   78.14   23.73    1.7     48617.583     13.50   47.10740   39.80800  E                
0 04.04.2019 13:30:28.313   9.99600000   9995.99981   0.27  -46.7   52.5  28.0 16.20  352.8  1557.5  353.05   53.69   44.44  3061.0  354.09   74.28   29.69  3964.7  355.14   82.14   18.61    1.5     48628.313     13.50   47.10740   39.80800  F2               
0 04.04.2019 13:30:39.044   9.99600000   9995.99976   0.24  -50.9   46.7  28.0 13.20  352.8  1801.8  353.07   55.86   43.84  2198.3  353.28   66.65   34.07  3245.9  353.90   75.86   27.57    1.7     48639.044     13.50   47.10740   39.80800  F2               
0 04.04.2019 13:30:39.044   9.99600000   9995.99976   0.24  -50.9   46.7  28.0  9.00  352.1  1399.7  352.18   52.26   44.50  2137.9  352.46   66.06   33.70  3267.5  353.01   75.90   25.61    1.7     48639.044     13.50   47.10740   39.80800  E                
0 04.04.2019 13:30:49.781   9.99600000   9995.99981   0.40  -38.9   56.6  28.0 15.00  352.8  1639.6  353.05   54.42   44.25     0.0  352.79    0.00    0.00     0.0  352.79    0.00    0.00    1.4     48649.781     13.50   47.10740   39.80800  F2               
0 04.04.2019 13:31:00.504   9.99600000   9995.99971   0.22  -50.3   47.7  28.0 15.60  352.8  1596.3  353.05   54.04   44.35     0.0  352.80    0.00    0.00     0.0  352.80    0.00    0.00    1.5     48660.504     13.50   47.10740   39.80800  F2               
0 04.04.2019 13:31:11.227   9.99600000   9995.99976   0.29  -45.8   51.0  28.0  8.40  352.8  1252.6  352.84   50.97   45.06  2222.4  353.12   66.85   33.83  3390.4  353.67   77.05   25.36    1.6     48671.227     13.50   47.10740   39.80800  E                
0 04.04.2019 13:31:11.227   9.99600000   9995.99976   0.29  -45.8   51.0  28.0 17.40  351.4  1489.5  351.64   53.03   44.07  2976.8  352.83   73.40   28.47     0.0  351.37    0.00    0.00    1.6     48671.227     13.50   47.10740   39.80800  F2               
0 04.04.2019 13:31:11.227   9.99600000   9995.99976   0.29  -45.8   51.0  28.0 13.20  352.1  1800.5  352.37   55.81   43.50  2199.9  352.64   66.62   33.53     0.0  352.08    0.00    0.00    1.5     48671.227     13.50   47.10740   39.80800  F2               
0 04.04.2019 13:31:21.993   9.99600000   9995.99979   0.11  -48.0   47.0  28.0  6.00  352.8  1370.0  352.82   52.02   44.79  2637.2  353.28   70.50   31.70  3987.8  354.21   82.08   14.41    1.4     48681.993     13.50   47.10740   39.80800  E                
0 04.04.2019 13:31:34.880   9.99600000   9995.99981   0.22  -44.8   51.2  28.0 14.40  353.5  1687.9  353.76   54.88   44.44     0.0  353.51    0.00    0.00     0.0  353.51    0.00    0.00    1.5     48694.880     13.50   47.10740   39.80800  F2               
0 04.04.2019 13:31:46.821   9.99600000   9995.99978   0.27  -45.3   51.9  28.0 15.60  352.1  1595.5  352.35   54.00   44.06     0.0  352.07    0.00    0.00     0.0  352.07    0.00    0.00    1.4     48706.821     13.50   47.10740   39.80800  F2               
0 04.04.2019 13:32:00.857   9.99600000   9995.99985   0.35  -44.3   51.7  28.0 13.20  352.8  1800.1  353.07   55.85   43.84  2199.6  353.33   66.67   34.11  3247.8  353.95   75.88   27.64    1.4     48720.857     13.50   47.10740   39.80800  F2               
0 04.04.2019 13:32:00.857   9.99600000   9995.99985   0.35  -44.3   51.7  28.0 11.40  353.5  2039.9  353.80   58.01   43.60  1900.4  353.77   64.05   35.63  3447.3  354.68   77.70   26.84    1.4     48720.857     13.50   47.10740   39.80800  F2               
0 04.04.2019 13:32:12.686   9.99600000   9995.99987   0.29  -44.5   52.3  28.0 19.80  352.0  1395.2  352.24   52.22   44.54  3313.9  353.79   76.42   26.56     0.0  352.05    0.00    0.00    1.6     48732.686     13.50   47.10740   39.80800  F2               
0 04.04.2019 13:32:24.525   9.99600000   9995.99981   0.20  -53.3   45.2  28.0  9.00  352.8  1363.1  352.87   51.96   44.83  2138.7  353.15   66.12   34.24  3270.7  353.65   76.03   26.81    1.8     48744.525     13.50   47.10740   39.80800  E                
0 04.04.2019 13:32:37.518   9.99600000   9995.99988   0.31  -45.4   51.2  28.0 16.20  352.1  1556.6  352.35   53.66   44.16  3067.5  353.52   74.27   28.69  3973.5  354.66   82.09   16.52    1.4     48757.518     13.50   47.10740   39.80800  F2               
0 04.04.2019 13:32:48.316   9.99600000   9995.99985   0.27  -47.4   49.8  28.0 15.00  354.2  1640.4  354.46   54.48   44.85     0.0  354.22    0.00    0.00     0.0  354.22    0.00    0.00    1.7     48768.316     13.50   47.10740   39.80800  F2               
0 04.04.2019 13:32:59.067   9.99600000   9995.99985   0.27  -48.4   50.8  28.0 15.60  354.2  1597.3  354.46   54.09   44.94     0.0  354.24    0.00    0.00     0.0  354.24    0.00    0.00    1.5     48779.067     13.50   47.10740   39.80800  F2               
0 04.04.2019 13:33:10.897   9.99600000   9995.99977   0.24  -49.8   49.8  28.0  9.00  351.4  1357.0  351.47   51.85   44.37  2136.8  351.80   66.00   33.18  3263.4  352.38   75.76   24.49    1.6     48790.897     13.50   47.10740   39.80800  E                
0 04.04.2019 13:33:22.733   9.99600000   9995.99979   0.29  -44.6   52.2  28.0 16.80  352.8  1522.3  353.05   53.38   44.53  3004.4  354.04   73.78   30.08     0.0  352.78    0.00    0.00    1.5     48802.733     13.50   47.10740   39.80800  F2               
0 04.04.2019 13:33:34.567   9.99600000   9995.99980   0.33  -43.6   52.7  28.0 16.80  353.5  1522.9  353.75   53.41   44.80  3000.8  354.63   73.82   31.05     0.0  353.49    0.00    0.00    1.4     48814.567     13.50   47.10740   39.80800  F2               
0 04.04.2019 13:33:50.026   9.99600000   9995.99973   0.20  -53.0   45.5  28.0 17.40  352.8  1490.7  353.05   53.10   44.60  2971.4  354.03   73.50   30.33     0.0  352.80    0.00    0.00    1.4     48830.026     13.50   47.10740   39.80800  F2               
0 04.04.2019 13:34:00.808   9.99600000   9995.99975   0.20  -51.4   47.1  28.0 21.00  351.4  1367.5  351.65   51.95   44.40  3423.1  353.46   77.29   24.45     0.0  351.37    0.00    0.00    1.6     48840.808     13.50   47.10740   39.80800  F2               
0 04.04.2019 13:34:11.645   9.99600000   9995.99978   0.27  -46.6   50.6  28.0 14.40  354.2  1687.3  354.47   54.90   44.76     0.0  354.24    0.00    0.00     0.0  354.24    0.00    0.00    1.7     48851.645     13.50   47.10740   39.80800  F2               
0 04.04.2019 13:34:23.513   9.99600000   9995.99981   0.20  -50.5   47.9  28.0  9.60  358.5  2519.7  358.91   62.47   46.37  2069.4  358.61   65.71   38.73  3187.8  358.71   75.76   37.29    1.8     48863.513     13.50   47.10740   39.80800  F2               
0 04.04.2019 13:34:23.513   9.99600000   9995.99981   0.20  -50.5   47.9  28.0 11.40  357.9  2035.7  358.22   58.11   46.22  1904.5  357.95   64.22   38.42  3352.1  358.23   77.22   35.78    1.8     48863.513     13.50   47.10740   39.80800  F2               
0 04.04.2019 13:34:23.513   9.99600000   9995.99981   0.20  -50.5   47.9  28.0 21.00  352.1  1368.1  352.35   51.98   44.64  3428.8  354.02   77.44   25.58     0.0  352.07    0.00    0.00    1.8     48863.513     13.50   47.10740   39.80800  F2               
0 04.04.2019 13:34:35.488   9.99600000   9995.99984   0.18  -54.0   45.0  28.0 21.00  352.8  1368.6  353.05   52.01   44.88  3433.6  354.58   77.57   26.79     0.0  352.80    0.00    0.00    1.7     48875.488     13.50   47.10740   39.80800  F2               
0 04.04.2019 13:34:46.253   9.99600000   9995.99988   0.20  -53.2   45.2  28.0 15.60  353.5  1596.3  353.76   54.06   44.65     0.0  353.49    0.00    0.00     0.0  353.49    0.00    0.00    1.8     48886.253     13.50   47.10740   39.80800  F2               
0 04.04.2019 13:34:46.253   9.99600000   9995.99988   0.20  -53.2   45.2  28.0 18.00  352.8  1462.5  353.05   52.85   44.67  2953.1  354.03   73.34   30.48     0.0  352.82    0.00    0.00    1.8     48886.253     13.50   47.10740   39.80800  F2               
0 04.04.2019 13:34:56.999   9.99600000   9995.99980   0.40  -42.5   53.0  28.0 15.00  352.1  1637.5  352.36   54.37   43.95     0.0  352.09    0.00    0.00     0.0  352.09    0.00    0.00    1.5     48896.999     13.50   47.10740   39.80800  F2               
0 04.04.2019 13:35:09.934   9.99600000   9995.99977   0.33  -43.2   53.0  28.0 18.60  352.8  1437.3  353.05   52.62   44.72  2961.1  354.03   73.41   30.42     0.0  352.81    0.00    0.00    1.5     48909.934     13.50   47.10740   39.80800  F2               
0 04.04.2019 13:35:21.769   9.99600000   9995.99981   0.20  -49.8   48.7  28.0 19.20  353.5  1415.7  353.75   52.45   45.02  3116.4  354.73   74.84   30.31     0.0  353.50    0.00    0.00    1.5     48921.769     13.50   47.10740   39.80800  F2               
0 04.04.2019 13:35:21.769   9.99600000   9995.99981   0.20  -49.8   48.7  28.0 13.80  354.3  1739.3  354.57   55.36   44.71     0.0  354.27    0.00    0.00     0.0  354.27    0.00    0.00    1.5     48921.769     13.50   47.10740   39.80800  F2               
0 04.04.2019 13:35:21.769   9.99600000   9995.99981   0.20  -49.8   48.7  28.0 10.20  354.9  2272.1  355.25   60.14   43.95  2001.9  355.16   65.01   36.27  3095.1  355.49   74.73   31.80    1.5     48921.769     13.50   47.10740   39.80800  F2               
0 04.04.2019 13:35:21.769   9.99600000   9995.99981   0.20  -49.8   48.7  28.0 22.80  352.8  1365.4  353.06   51.98   44.89  3484.9  354.67   78.02   26.35     0.0  352.78    0.00    0.00    1.5     48921.769     13.50   47.10740   39.80800  F2               
0 04.04.2019 13:35:32.516   9.99600000   9995.99974   0.27  -48.1   49.1  28.0 18.60  352.1  1436.7  352.35   52.59   44.47  2965.7  353.44   73.38   29.48     0.0  352.10    0.00    0.00    1.4     48932.516     13.50   47.10740   39.80800  F2               
0 04.04.2019 13:35:43.291   9.99600000   9995.99983   0.11  -58.6   42.4  28.0 19.20  351.4  1414.1  351.65   52.36   44.28  3121.6  353.00   74.66   27.28     0.0  351.38    0.00    0.00    1.9     48943.291     13.50   47.10740   39.80800  F2               
0 04.04.2019 13:35:54.027   9.99600000   9995.99979   0.29  -49.3   49.5  28.0 16.20  353.5  1557.7  353.76   53.72   44.73  3014.1  354.68   73.94   31.02     0.0  353.53    0.00    0.00    1.5     48954.027     13.50   47.10740   39.80800  F2               
0 04.04.2019 13:36:05.979   9.99600000   9995.99974   0.40  -38.8   56.6  28.0 16.80  352.8  1522.2  353.05   53.38   44.53  2972.1  354.03   73.50   30.32     0.0  352.79    0.00    0.00    1.5     48965.979     13.50   47.10740   39.80800  F2               
0 04.04.2019 13:36:16.719   9.99600000   9995.99977   0.40  -40.7   56.8  28.0 14.40  353.5  1685.5  353.77   54.86   44.45  3429.0  355.07   77.60   27.96     0.0  353.53    0.00    0.00    1.4     48976.719     13.50   47.10740   39.80800  F2               
0 04.04.2019 13:36:28.575   9.99600000   9995.99980   0.31  -44.1   54.4  28.0 17.40  353.5  1491.4  353.75   53.13   44.87     0.0  353.53    0.00    0.00     0.0  353.53    0.00    0.00    1.4     48988.575     13.50   47.10740   39.80800  F2               
0 04.04.2019 13:36:28.575   9.99600000   9995.99980   0.31  -44.1   54.4  28.0 16.20  354.2  1558.3  354.46   53.75   45.01  3012.7  355.26   73.98   31.97     0.0  354.24    0.00    0.00    1.4     48988.575     13.50   47.10740   39.80800  F2               
0 04.04.2019 13:36:41.546   9.99600000   9995.99977   0.40  -40.8   56.7  28.0 21.60  352.8  1361.4  353.05   51.95   44.90  3365.4  354.51   76.97   27.45     0.0  352.81    0.00    0.00    1.5     49001.546     13.50   47.10740   39.80800  F2               
0 04.04.2019 13:36:52.536   9.99600000   9995.99978   0.40  -36.6   58.8  28.0 19.80  352.8  1396.3  353.05   52.26   44.82  3378.6  354.49   77.08   27.25     0.0  352.80    0.00    0.00    1.5     49012.536     13.50   47.10740   39.80800  F2               
0 04.04.2019 13:37:04.370   9.99600000   9995.99980   0.40  -36.5   59.0  28.0 13.80  352.8  1736.4  353.07   55.28   44.01     0.0  352.84    0.00    0.00     0.0  352.84    0.00    0.00    1.4     49024.370     13.50   47.10740   39.80800  F2               
0 04.04.2019 13:37:15.232   9.99600000   9995.99979   0.40  -37.1   58.3  28.0 16.80  352.1  1521.5  352.35   53.34   44.26  2972.7  353.45   73.44   29.44     0.0  352.11    0.00    0.00    1.5     49035.232     13.50   47.10740   39.80800  F2               
0 04.04.2019 13:37:25.982   9.99600000   9995.99986   0.40  -38.1   57.4  28.0 16.20  352.8  1556.8  353.06   53.68   44.45  3014.0  354.09   73.87   30.08     0.0  352.83    0.00    0.00    1.4     49045.982     13.50   47.10740   39.80800  F2               
0 04.04.2019 13:37:36.727   9.99600000   9995.99982   0.24  -43.9   53.6  28.0 16.80  352.1  1521.5  352.35   53.34   44.26  2972.6  353.44   73.44   29.42     0.0  352.10    0.00    0.00    1.5     49056.727     13.50   47.10740   39.80800  F2               
0 04.04.2019 13:37:47.458   9.99600000   9995.99994   0.07  -91.4   13.8  28.0 18.60  352.8  1437.4  353.05   52.62   44.73  2954.7  354.05   73.35   30.49     0.0  352.83    0.00    0.00    1.8     49067.458     13.50   47.10740   39.80800  F2               
0 04.04.2019 13:38:00.381   9.99600000   9995.99931   0.07  -85.4   17.8  28.0 17.40  352.8  1490.8  353.05   53.10   44.60  2943.0  354.03   73.25   30.56     0.0  352.82    0.00    0.00    1.4     49080.381     13.50   47.10740   39.80800  F2               
0 04.04.2019 13:38:11.167   9.99600000   9996.00002   0.07  -88.1   17.2  28.0 16.80  352.8  1522.1  353.06   53.38   44.53  2972.0  354.02   73.50   30.31     0.0  352.78    0.00    0.00    1.6     49091.167     13.50   47.10740   39.80800  F2               
0 04.04.2019 13:38:21.885   9.99600000   9996.00220   0.07  -93.0   12.3  28.0 18.00  352.8  1462.6  353.05   52.85   44.67  2929.9  354.00   73.13   30.60     0.0  352.79    0.00    0.00    1.5     49101.885     13.50   47.10740   39.80800  F2               
0 04.04.2019 13:38:36.012   9.99600000   9995.99760   0.07  -91.0   12.2  28.0 19.20  352.1  1414.8  352.35   52.40   44.53  3123.6  353.60   74.76   28.29     0.0  352.10    0.00    0.00    1.8     49116.012     13.50   47.10740   39.80800  F2               
0 04.04.2019 13:39:01.887   9.99600000   9995.99969   0.40  -49.8   43.6  28.0  9.00  352.1  1301.3  352.16   51.38   44.74  2141.5  352.50   66.10   33.71  3272.9  353.04   75.95   25.61    1.4     49141.887     13.50   47.10740   39.80800  Es               
0 04.04.2019 13:39:12.616   9.99600000   9995.99991   0.40  -51.4   42.1  28.0 14.40  352.8  1683.3  353.07   54.81   44.15  3450.5  354.53   77.71   26.46     0.0  352.81    0.00    0.00    1.5     49152.616     13.50   47.10740   39.80800  F2               
0 04.04.2019 13:39:23.334   9.99600000   9996.00044   0.40  -53.5   37.9  28.0 16.80  351.4  1520.7  351.66   53.31   43.99  2973.6  352.85   73.37   28.53     0.0  351.40    0.00    0.00    1.5     49163.334     13.50   47.10740   39.80800  F2               
0 04.04.2019 13:39:36.353   9.99600000   9995.99980   0.40  -51.2   44.3  28.0 15.00  352.8  1636.8  353.07   54.40   44.26  3216.7  354.26   75.65   28.55     0.0  352.82    0.00    0.00    1.4     49176.353     13.50   47.10740   39.80800  F2               
0 04.04.2019 13:39:49.242   9.99600000   9996.00071   0.07  -88.9   14.3  28.0 15.60  352.8  1594.5  353.06   54.02   44.36  3083.7  354.15   74.49   29.59     0.0  352.84    0.00    0.00    1.4     49189.242     13.50   47.10740   39.80800  F2               
0 04.04.2019 13:39:59.956   9.99600000   9995.99985   0.40  -47.5   48.0  28.0 16.80  352.8  1522.0  353.06   53.38   44.53  2972.3  354.05   73.51   30.35     0.0  352.82    0.00    0.00    1.5     49199.956     13.50   47.10740   39.80800  F2               
0 04.04.2019 13:40:11.781   9.99600000   9996.00074   0.40  -61.3   34.1  28.0 18.60  353.5  1438.1  353.76   52.65   44.98  2950.9  354.63   73.38   31.40     0.0  353.53    0.00    0.00    2.0     49211.781     13.50   47.10740   39.80800  F2               
0 04.04.2019 13:40:22.522   9.99600000   9995.99970   0.40  -54.8   40.7  28.0 17.40  352.8  1490.7  353.06   53.10   44.61  2943.2  354.01   73.25   30.51     0.0  352.79    0.00    0.00    1.6     49222.522     13.50   47.10740   39.80800  F2               
0 04.04.2019 13:40:33.243   9.99600000   9995.99956   0.40  -52.9   42.6  28.0 13.80  352.8  1733.9  353.08   55.26   44.02     0.0  352.78    0.00    0.00     0.0  352.78    0.00    0.00    1.4     49233.243     13.50   47.10740   39.80800  F2               
0 04.04.2019 13:40:44.017   9.99600000   9995.99913   0.40  -51.8   41.6  28.0 14.40  352.1  1681.8  352.37   54.76   43.84     0.0  352.10    0.00    0.00     0.0  352.10    0.00    0.00    1.8     49244.017     13.50   47.10740   39.80800  F2               
0 04.04.2019 13:40:54.759   9.99600000   9995.99985   0.40  -51.3   46.2  28.0 16.20  352.8  1556.5  353.06   53.68   44.45  3014.2  354.05   73.87   30.02     0.0  352.79    0.00    0.00    1.4     49254.759     13.50   47.10740   39.80800  F2               
0 04.04.2019 13:41:05.648   9.99600000   9995.99979   0.40  -52.6   42.8  28.0 14.40  352.8  1682.4  353.07   54.80   44.15  3450.7  354.49   77.70   26.38     0.0  352.76    0.00    0.00    1.5     49265.648     13.50   47.10740   39.80800  F2               
0 04.04.2019 13:41:16.381   9.99600000   9995.99808   0.40  -68.0   27.4  28.0 15.00  352.1  1635.5  352.37   54.35   43.96  3226.6  353.66   75.65   27.31     0.0  352.07    0.00    0.00    1.7     49276.381     13.50   47.10740   39.80800  F2               
0 04.04.2019 13:41:27.153   9.99600000   9995.99866   0.40  -65.0   30.5  28.0 19.80  352.8  1396.6  353.06   52.26   44.82  3380.8  354.51   77.10   27.27     0.0  352.83    0.00    0.00    1.6     49287.153     13.50   47.10740   39.80800  F2               
0 04.04.2019 13:41:27.153   9.99600000   9995.99866   0.40  -65.0   30.5  28.0 21.60  353.5  1362.3  353.76   51.98   45.14  3370.3  355.04   77.09   28.54     0.0  353.49    0.00    0.00    1.6     49287.153     13.50   47.10740   39.80800  F2               
0 04.04.2019 13:41:37.898   9.99600000   9996.00003   0.15  -61.9   37.6  28.0 13.80  352.1  1732.3  352.38   55.21   43.70     0.0  352.07    0.00    0.00     0.0  352.07    0.00    0.00    1.8     49297.898     13.50   47.10740   39.80800  F2               
0 04.04.2019 13:41:49.736   9.99600000   9996.00043   0.40  -59.7   31.8  28.0 21.60  352.1  1361.4  352.36   51.92   44.66  3360.2  353.94   76.84   26.32     0.0  352.10    0.00    0.00    1.6     49309.736     13.50   47.10740   39.80800  F2               
0 04.04.2019 13:41:49.736   9.99600000   9996.00043   0.40  -59.7   31.8  28.0 18.60  352.8  1437.6  353.06   52.63   44.73  2955.1  354.02   73.35   30.44     0.0  352.79    0.00    0.00    1.6     49309.736     13.50   47.10740   39.80800  F2               
0 04.04.2019 13:41:49.736   9.99600000   9996.00043   0.40  -59.7   31.8  28.0  5.40  354.2  1443.3  354.22   52.71   45.14  2773.9  354.65   71.83   32.56     0.0  354.25    0.00    0.00    1.5     49309.736     13.50   47.10740   39.80800  E                
0 04.04.2019 13:42:01.581   9.99600000   9996.01073   0.35  -90.8    7.2  28.0 14.40  352.1  1681.1  352.37   54.76   43.84     0.0  352.10    0.00    0.00     0.0  352.10    0.00    0.00    1.9     49321.581     13.50   47.10740   39.80800  F2               
0 04.04.2019 13:42:12.310   9.99600000   9996.00006   0.18  -56.4   42.5  28.0 16.80  352.1  1521.2  352.36   53.34   44.26  2973.2  353.43   73.44   29.41     0.0  352.09    0.00    0.00    1.6     49332.310     13.50   47.10740   39.80800  F2               
0 04.04.2019 13:42:23.116   9.99600000   9995.99976   0.40  -50.6   46.9  28.0 16.20  352.8  1556.3  353.07   53.68   44.45  3014.2  354.04   73.87   30.00     0.0  352.77    0.00    0.00    1.4     49343.116     13.50   47.10740   39.80800  F2               
0 04.04.2019 13:42:33.845   9.99600000   9995.99980   0.40  -56.3   39.1  28.0 10.20  352.1  2214.8  352.44   59.48   42.22  2003.1  352.41   64.87   34.29  3090.2  352.91   74.38   27.46    1.5     49353.845     13.50   47.10740   39.80800  F2               
0 04.04.2019 13:42:57.204   9.99600000   9995.99992   0.40  -63.9   31.5  28.0 13.20  353.5  1789.3  353.79   55.78   44.22  2192.9  353.96   66.65   34.67     0.0  353.49    0.00    0.00    1.7     49377.204     13.50   47.10740   39.80800  F2               
0 04.04.2019 13:43:20.850   9.99600000   9996.00003   0.18  -60.3   40.6  28.0  9.60  352.8  2382.1  353.17   61.00   42.14  2068.4  353.13   65.50   34.52  3174.9  353.60   75.20   27.77    1.9     49400.850     13.50   47.10740   39.80800  F2               
0 04.04.2019 13:43:33.778   9.99600000   9996.00038   0.40  -57.0   38.4  28.0 13.80  353.5  1732.7  353.78   55.28   44.35     0.0  353.53    0.00    0.00     0.0  353.53    0.00    0.00    1.7     49413.778     13.50   47.10740   39.80800  F2               
0 04.04.2019 13:43:44.523   9.99600000   9995.99955   0.07  -91.2   14.1  28.0 13.80  354.2  1733.4  354.49   55.31   44.68     0.0  354.20    0.00    0.00     0.0  354.20    0.00    0.00    1.7     49424.523     13.50   47.10740   39.80800  F2               
0 04.04.2019 13:43:58.704   9.99600000   9995.99978   0.40  -56.0   39.4  28.0 10.20  353.5  2205.9  353.85   59.48   43.17  2004.6  353.81   64.97   35.28  3098.0  354.23   74.62   29.60    2.0     49438.704     13.50   47.10740   39.80800  F2               
0 04.04.2019 13:44:11.603   9.99600000   9995.99977   0.40  -55.0   40.5  28.0 19.20  352.8  1415.6  353.06   52.43   44.78  3126.2  354.19   74.86   29.29     0.0  352.83    0.00    0.00    1.6     49451.603     13.50   47.10740   39.80800  F2               
0 04.04.2019 13:44:23.426   9.99600000   9996.00211   0.07  -96.8    6.5  28.0 13.20  352.8  1787.1  353.09   55.73   43.89  2188.5  353.29   66.56   34.13     0.0  352.78    0.00    0.00    1.6     49463.426     13.50   47.10740   39.80800  F2               
0 04.04.2019 13:44:34.891   9.99600000   9995.99986   0.40  -52.8   42.7  28.0 10.80  352.8  2090.8  353.13   58.42   43.06  1948.6  353.08   64.44   34.98  3048.9  353.55   74.11   28.92    1.6     49474.891     13.50   47.10740   39.80800  F2               
0 04.04.2019 13:44:45.710   9.99600000   9995.99991   0.40  -48.3   47.1  28.0 13.80  352.8  1731.1  353.08   55.23   44.03     0.0  352.76    0.00    0.00     0.0  352.76    0.00    0.00    1.5     49485.710     13.50   47.10740   39.80800  F2               
0 04.04.2019 13:44:58.680   9.99600000   9995.99956   0.40  -51.1   40.3  28.0 13.80  352.7  1730.8  352.98   55.23   43.99     0.0  352.74    0.00    0.00     0.0  352.74    0.00    0.00    1.5     49498.680     13.50   47.10740   39.80800  F2               
0 04.04.2019 13:45:25.313   9.99600000   9995.99998   0.40  -52.5   43.0  28.0 11.40  353.5  1997.0  353.82   57.63   43.72  1906.9  353.78   64.10   35.61  3516.8  354.78   78.31   26.18    1.7     49525.313     13.50   47.10740   39.80800  F2               
0 04.04.2019 13:45:38.924   9.99600000   9995.99952   0.40  -54.4   41.0  28.0 19.20  352.8  1415.7  353.07   52.43   44.78  3125.6  354.13   74.85   29.19     0.0  352.75    0.00    0.00    1.4     49538.924     13.50   47.10740   39.80800  F2               
0 04.04.2019 13:45:49.670   9.99600000   9996.00000   0.40  -50.4   45.1  28.0 15.00  352.8  1634.9  353.08   54.38   44.27  3216.2  354.22   75.64   28.48     0.0  352.77    0.00    0.00    1.4     49549.670     13.50   47.10740   39.80800  F2               
0 04.04.2019 13:46:13.299   9.99600000   9995.99991   0.40  -47.8   47.6  28.0 14.40  352.8  1680.1  353.08   54.78   44.16  3449.5  354.55   77.70   26.53     0.0  352.84    0.00    0.00    1.5     49573.299     13.50   47.10740   39.80800  F2               
0 04.04.2019 13:46:24.019   9.99600000   9995.99976   0.40  -49.0   46.5  28.0 13.80  352.8  1730.1  353.09   55.23   44.03     0.0  352.85    0.00    0.00     0.0  352.85    0.00    0.00    1.4     49584.019     13.50   47.10740   39.80800  F2               
0 04.04.2019 13:46:34.738   9.99600000   9995.99962   0.40  -49.5   45.9  28.0 10.20  353.5  2190.9  353.85   59.35   43.22  2004.7  353.79   64.97   35.27  3097.9  354.21   74.62   29.57    1.5     49594.738     13.50   47.10740   39.80800  F2               
0 04.04.2019 13:46:46.772   9.99600000   9996.00003   0.40  -47.0   48.5  28.0 14.40  352.8  1679.9  353.08   54.78   44.16  3451.4  354.50   77.71   26.37     0.0  352.76    0.00    0.00    1.5     49606.772     13.50   47.10740   39.80800  F2               
0 04.04.2019 13:46:58.600   9.99600000   9995.99999   0.40  -52.1   43.3  28.0 14.40  352.8  1679.8  353.08   54.78   44.16  3448.5  354.53   77.69   26.50     0.0  352.81    0.00    0.00    1.4     49618.600     13.50   47.10740   39.80800  F2               
0 04.04.2019 13:47:10.459   9.99600000   9995.99883   0.07  -90.2   13.0  28.0 16.20  352.9  1555.8  353.17   53.68   44.50  3014.2  354.11   73.88   30.12     0.0  352.86    0.00    0.00    1.4     49630.459     13.50   47.10740   39.80800  F2               
0 04.04.2019 13:47:22.280   9.99600000   9996.00012   0.40  -48.6   46.8  28.0 16.80  352.8  1521.5  353.07   53.37   44.54  2971.9  354.00   73.50   30.28     0.0  352.76    0.00    0.00    1.5     49642.280     13.50   47.10740   39.80800  F2               
0 04.04.2019 13:47:36.341   9.99600000   9996.00000   0.11  -59.8   33.2  28.0  9.60  353.5  2321.7  353.87   60.51   42.85  2069.0  353.79   65.54   35.02  3177.5  354.22   75.31   28.86    1.5     49656.341     13.50   47.10740   39.80800  F2               
0 04.04.2019 13:47:49.300   9.99600000   9996.00001   0.13  -61.5   40.7  28.0 14.40  352.1  1678.6  352.38   54.74   43.85     0.0  352.10    0.00    0.00     0.0  352.10    0.00    0.00    1.5     49669.300     13.50   47.10740   39.80800  F2               
0 04.04.2019 13:48:02.238   9.99600000   9995.99967   0.40  -54.9   40.6  28.0 11.40  352.8  1989.5  353.12   57.53   43.35  1906.1  353.12   64.06   35.18  3581.7  354.31   78.78   24.05    1.6     49682.238     13.50   47.10740   39.80800  F2               
0 04.04.2019 13:48:13.035   9.99600000   9996.00013   0.40  -52.3   43.2  28.0 14.40  352.1  1678.4  352.38   54.74   43.85     0.0  352.12    0.00    0.00     0.0  352.12    0.00    0.00    1.5     49693.035     13.50   47.10740   39.80800  F2               
0 04.04.2019 13:48:35.708   9.99600000   9995.99999   0.27  -55.0   44.2  28.0 15.60  352.8  1592.9  353.08   54.01   44.37  3084.1  354.09   74.48   29.49     0.0  352.77    0.00    0.00    1.5     49715.708     13.50   47.10740   39.80800  F2               
0 04.04.2019 13:48:50.809   9.99600000   9995.99994   0.40  -49.6   45.8  28.0 10.80  353.5  2076.0  353.83   58.33   43.53  1949.7  353.80   64.48   35.47  3054.5  354.23   74.24   29.97    1.4     49730.809     13.50   47.10740   39.80800  F2               
0 04.04.2019 13:49:03.713   9.99600000   9995.99996   0.40  -54.0   43.4  28.0 13.20  352.1  1782.0  352.39   55.65   43.57  2185.0  352.68   66.49   33.64     0.0  352.13    0.00    0.00    1.5     49743.713     13.50   47.10740   39.80800  F2               
0 04.04.2019 13:49:15.648   9.99600000   9995.99967   0.40  -54.5   39.0  28.0 11.40  353.5  1987.6  353.82   57.54   43.75  1906.8  353.78   64.10   35.61  3511.5  354.77   78.27   26.23    1.5     49755.648     13.50   47.10740   39.80800  F2               
0 04.04.2019 13:49:29.658   9.99600000   9995.99990   0.13  -56.3   41.9  28.0 10.20  353.5  2175.8  353.85   59.22   43.26  2004.6  353.79   64.97   35.27  3097.9  354.21   74.62   29.57    1.5     49769.658     13.50   47.10740   39.80800  F2               
0 04.04.2019 13:49:41.397   9.99600000   9996.00009   0.07  -90.6   14.6  28.0 12.60  352.8  1842.6  353.10   56.22   43.75  1910.3  353.18   64.10   35.20     0.0  352.84    0.00    0.00    1.6     49781.397     13.50   47.10740   39.80800  F2               
0 04.04.2019 13:49:54.351   9.99600000   9996.00048   0.40  -55.0   40.4  28.0 18.60  353.5  1438.3  353.77   52.65   44.99  2950.7  354.61   73.38   31.36     0.0  353.50    0.00    0.00    1.5     49794.351     13.50   47.10740   39.80800  F2               
0 04.04.2019 13:50:06.294   9.99600000   9995.99922   0.40  -67.3   28.1  28.0 20.40  350.6  1379.6  350.88   52.03   44.11  3633.1  353.32   79.01   20.56     0.0  350.65    0.00    0.00    1.7     49806.294     13.50   47.10740   39.80800  F2               
0 04.04.2019 13:50:21.302   9.99600000   9995.99887   0.40  -53.6   33.9  28.0 18.60  351.4  1436.4  351.67   52.56   44.23  2962.4  352.85   73.27   28.62     0.0  351.40    0.00    0.00    1.5     49821.302     13.50   47.10740   39.80800  F2               
0 04.04.2019 13:50:21.302   9.99600000   9995.99887   0.40  -53.6   33.9  28.0 12.60  352.1  1840.8  352.40   56.17   43.40     0.0  352.10    0.00    0.00     0.0  352.10    0.00    0.00    1.4     49821.302     13.50   47.10740   39.80800  F2               
0 04.04.2019 13:50:32.047   9.99600000   9995.99982   0.40  -55.3   38.1  28.0 16.20  352.1  1554.5  352.38   53.64   44.18  3009.8  353.45   73.76   29.11     0.0  352.08    0.00    0.00    1.4     49832.047     13.50   47.10740   39.80800  F2               
0 04.04.2019 13:50:42.796   9.99600000   9995.99885   0.40  -64.5   30.9  28.0  7.80  351.3  1479.6  351.38   52.93   44.00  2314.7  351.78   67.55   32.16  3517.2  352.49   77.88   20.75    1.8     49842.796     13.50   47.10740   39.80800  E                
0 04.04.2019 13:50:53.554   9.99600000   9995.99896   0.40  -49.1   40.3  28.0 15.00  353.5  1634.2  353.79   54.40   44.58  3134.6  354.74   75.00   30.18     0.0  353.51    0.00    0.00    1.5     49853.554     13.50   47.10740   39.80800  F2               
0 04.04.2019 13:51:05.490   9.99600000   9995.99947   0.40  -54.5   34.9  28.0 12.00  353.5  1908.7  353.82   56.84   43.95     0.0  353.48    0.00    0.00     0.0  353.48    0.00    0.00    1.5     49865.490     13.50   47.10740   39.80800  F2               
0 04.04.2019 13:51:19.527   9.99600000   9996.00048   0.40  -49.8   45.7  28.0 14.40  352.1  1677.1  352.39   54.72   43.86     0.0  352.11    0.00    0.00     0.0  352.11    0.00    0.00    1.4     49879.527     13.50   47.10740   39.80800  F2               
0 04.04.2019 13:51:30.292   9.99600000   9995.99969   0.40  -45.0   42.4  28.0 12.60  352.8  1840.8  353.11   56.21   43.76  1960.1  353.16   64.54   34.99     0.0  352.79    0.00    0.00    1.4     49890.292     13.50   47.10740   39.80800  F2               
0 04.04.2019 13:51:42.120   9.99600000   9995.99987   0.40  -43.0   42.5  28.0 12.60  352.8  1840.6  353.11   56.21   43.76  1959.9  353.17   64.54   35.00     0.0  352.80    0.00    0.00    1.3     49902.120     13.50   47.10740   39.80800  F2               
0 04.04.2019 13:51:52.859   9.99600000   9996.00078   0.40  -48.0   39.4  28.0 13.80  352.8  1726.8  353.10   55.20   44.05     0.0  352.80    0.00    0.00     0.0  352.80    0.00    0.00    1.4     49912.859     13.50   47.10740   39.80800  F2               
0 04.04.2019 13:52:03.621   9.99600000   9995.99966   0.40  -47.4   48.0  28.0 13.80  353.5  1727.5  353.80   55.23   44.37     0.0  353.54    0.00    0.00     0.0  353.54    0.00    0.00    1.3     49923.621     13.50   47.10740   39.80800  F2               
0 04.04.2019 13:52:16.613   9.99600000   9995.99988   0.40  -47.5   44.0  28.0 12.60  352.1  1838.9  352.41   56.16   43.41  1954.8  352.48   64.45   34.55     0.0  352.08    0.00    0.00    1.3     49936.613     13.50   47.10740   39.80800  F2               
0 04.04.2019 13:52:28.423   9.99600000   9996.00062   0.40  -53.1   36.4  28.0 10.80  352.8  2063.2  353.14   58.18   43.14  1955.2  353.11   64.50   34.98  3073.2  353.60   74.33   28.77    1.5     49948.423     13.50   47.10740   39.80800  F2               
0 04.04.2019 13:52:39.192   9.99600000   9996.00102   0.40  -59.9   29.6  28.0 19.20  352.8  1415.8  353.08   52.43   44.78  3162.6  354.20   75.18   28.96     0.0  352.78    0.00    0.00    1.5     49959.192     13.50   47.10740   39.80800  F2               
0 04.04.2019 13:52:39.192   9.99600000   9996.00102   0.40  -59.9   29.6  28.0 18.00  352.1  1461.9  352.38   52.82   44.42  2898.5  353.37   72.79   29.93     0.0  352.10    0.00    0.00    1.5     49959.192     13.50   47.10740   39.80800  F2               
0 04.04.2019 13:52:51.071   9.99600000   9995.99989   0.40  -42.9   52.5  28.0 16.20  353.5  1555.7  353.78   53.70   44.75  2969.1  354.61   73.54   31.24     0.0  353.50    0.00    0.00    1.4     49971.071     13.50   47.10740   39.80800  F2               
0 04.04.2019 13:52:51.071   9.99600000   9995.99989   0.40  -42.9   52.5  28.0 15.00  352.8  1632.8  353.09   54.36   44.28     0.0  352.81    0.00    0.00     0.0  352.81    0.00    0.00    1.4     49971.071     13.50   47.10740   39.80800  F2               
0 04.04.2019 13:53:01.814   9.99600000   9995.99969   0.40  -49.2   44.2  28.0 14.40  352.8  1677.3  353.09   54.76   44.17  3305.8  354.34   76.43   27.78     0.0  352.80    0.00    0.00    1.4     49981.814     13.50   47.10740   39.80800  F2               
0 04.04.2019 13:53:12.529   9.99600000   9996.00022   0.40  -50.1   45.3  28.0 15.00  353.5  1633.6  353.79   54.39   44.58  3135.6  354.73   75.01   30.15     0.0  353.50    0.00    0.00    1.4     49992.529     13.50   47.10740   39.80800  F2               
0 04.04.2019 13:53:12.529   9.99600000   9996.00022   0.40  -50.1   45.3  28.0 13.80  352.8  1726.0  353.10   55.19   44.05     0.0  352.82    0.00    0.00     0.0  352.82    0.00    0.00    1.4     49992.529     13.50   47.10740   39.80800  F2               
0 04.04.2019 13:53:25.547   9.99600000   9996.00051   0.40  -60.4   29.0  28.0  7.80  353.5  1421.7  353.57   52.50   44.95  2317.8  353.81   67.74   34.00  3530.4  354.39   78.36   25.03    1.5     50005.547     13.50   47.10740   39.80800  E                
0 04.04.2019 13:53:25.547   9.99600000   9996.00051   0.40  -60.4   29.0  28.0 10.80  352.8  2060.3  353.14   58.15   43.15  1955.3  353.14   64.50   35.00  3073.5  353.63   74.33   28.81    1.5     50005.547     13.50   47.10740   39.80800  F2               
0 04.04.2019 13:53:38.508   9.99600000   9995.99908   0.40  -54.7   36.7  28.0  6.60  353.5  1396.1  353.54   52.27   44.99  2524.3  353.84   69.56   33.00  3829.5  354.60   80.91   20.10    1.4     50018.508     13.50   47.10740   39.80800  E                
0 04.04.2019 13:53:52.434   9.99600000   9995.99994   0.40  -48.2   43.2  28.0 13.80  352.8  1725.6  353.10   55.19   44.05     0.0  352.80    0.00    0.00     0.0  352.80    0.00    0.00    1.4     50032.434     13.50   47.10740   39.80800  F2               
0 04.04.2019 13:54:03.143   9.99600000   9996.00139   0.40  -54.1   37.3  28.0  5.40  352.8  1466.2  352.82   52.87   44.57  2773.6  353.28   71.69   30.77     0.0  352.79    0.00    0.00    1.8     50043.143     13.50   47.10740   39.80800  E                
0 04.04.2019 13:54:16.136   9.99600000   9995.99959   0.40  -53.8   33.6  28.0  9.60  352.8  2268.3  353.17   60.00   42.53  2073.0  353.13   65.54   34.51  3183.3  353.62   75.28   27.71    1.4     50056.136     13.50   47.10740   39.80800  F2               
0 04.04.2019 13:54:26.847   9.99600000   9996.00072   0.40  -47.7   39.7  28.0 11.40  353.5  1976.2  353.83   57.44   43.79  1916.1  353.77   64.19   35.58  3361.3  354.57   76.94   27.62    1.4     50066.847     13.50   47.10740   39.80800  F2               
0 04.04.2019 13:54:37.487   9.99600000   9996.00017   0.40  -51.8   33.7  28.0  9.00  353.5  1246.2  353.56   50.94   45.30  2147.4  353.82   66.24   34.74  3287.4  354.29   76.27   27.88    1.3     50077.487     13.50   47.10740   39.80800  Es               
0 04.04.2019 13:54:48.190   9.99600000   9996.00025   0.07  -91.5    5.7  28.0 13.20  352.9  1778.4  353.21   55.66   43.97     0.0  352.86    0.00    0.00     0.0  352.86    0.00    0.00    1.5     50088.190     13.50   47.10740   39.80800  F2               
0 04.04.2019 13:55:00.030   9.99600000   9995.99934   0.40  -64.3   23.1  28.0  7.80  350.6  1418.2  350.67   52.36   43.92  2313.5  351.07   67.47   31.53  3512.2  351.82   77.68   19.35    1.6     50100.030     13.50   47.10740   39.80800  E                
0 04.04.2019 13:55:10.787   9.99600000   9995.99951   0.40  -63.9   33.6  28.0 12.00  355.0  1905.0  355.33   56.87   44.76  1901.4  355.18   64.12   36.57  3172.2  355.67   75.43   31.57    1.6     50110.787     13.50   47.10740   39.80800  F2               
0 04.04.2019 13:55:10.787   9.99600000   9995.99951   0.40  -63.9   33.6  28.0 10.80  349.2  2050.2  349.53   57.82   41.08  1949.8  349.63   64.20   32.65  3039.0  350.27   73.51   23.94    1.5     50110.787     13.50   47.10740   39.80800  F2               
0 04.04.2019 13:55:22.605   9.99600000   9995.99976   0.40  -56.1   41.3  28.0 14.40  354.2  1678.2  354.50   54.82   44.80  3290.3  355.46   76.44   30.21     0.0  354.21    0.00    0.00    1.4     50122.605     13.50   47.10740   39.80800  F2               
0 04.04.2019 13:55:33.318   9.99600000   9996.00246   0.40  -60.6   32.8  28.0 12.60  353.5  1837.5  353.82   56.21   44.12  1966.9  353.88   64.64   35.47     0.0  353.55    0.00    0.00    1.6     50133.318     13.50   47.10740   39.80800  F2               
0 04.04.2019 13:55:46.340   9.99600000   9995.99920   0.40  -55.0   40.4  28.0 15.60  355.0  1594.0  355.29   54.09   45.30  3021.6  355.88   74.12   32.92     0.0  354.98    0.00    0.00    1.4     50146.340     13.50   47.10740   39.80800  F2               
0 04.04.2019 13:55:57.047   9.99600000   9996.00020   0.40  -52.4   39.0  28.0 11.40  353.5  1973.2  353.83   57.42   43.79  1916.1  353.80   64.19   35.59  3360.0  354.59   76.94   27.68    1.4     50157.047     13.50   47.10740   39.80800  F2               
0 04.04.2019 13:56:07.834   9.99600000   9996.00057   0.40  -49.7   43.8  28.0 13.80  353.5  1725.4  353.80   55.21   44.38     0.0  353.49    0.00    0.00     0.0  353.49    0.00    0.00    1.4     50167.834     13.50   47.10740   39.80800  F2               
0 04.04.2019 13:56:19.670   9.99600000   9995.99980   0.40  -50.5   35.0  28.0 10.80  352.8  2051.8  353.14   58.08   43.18  1955.3  353.12   64.50   34.98  3073.3  353.61   74.33   28.78    1.5     50179.670     13.50   47.10740   39.80800  F2               
0 04.04.2019 13:56:30.378   9.99600000   9995.99914   0.40  -49.2   36.2  28.0 10.80  352.8  2051.3  353.14   58.08   43.18  1955.3  353.08   64.49   34.96  3072.8  353.57   74.32   28.73    1.6     50190.378     13.50   47.10740   39.80800  F2               
0 04.04.2019 13:56:41.083   9.99600000   9995.99979   0.40  -52.3   33.2  28.0  9.00  352.1  1241.0  352.15   50.85   44.88  2144.6  352.50   66.12   33.69  3278.1  353.05   76.00   25.56    1.6     50201.083     13.50   47.10740   39.80800  Es               
0 04.04.2019 13:56:51.836   9.99600000   9996.00006   0.40  -49.7   45.7  28.0  9.60  352.8  2251.8  353.17   59.85   42.58  2072.8  353.14   65.53   34.52  3183.0  353.62   75.28   27.72    1.4     50211.836     13.50   47.10740   39.80800  F2               
0 04.04.2019 13:57:03.656   9.99600000   9995.99845   0.40  -56.9   38.5  28.0 13.80  352.8  1723.9  353.10   55.17   44.06     0.0  352.77    0.00    0.00     0.0  352.77    0.00    0.00    1.7     50223.656     13.50   47.10740   39.80800  F2               
0 04.04.2019 13:57:14.379   9.99600000   9995.99957   0.40  -55.3   40.2  28.0 18.60  354.2  1438.9  354.49   52.68   45.25  2975.7  355.23   73.66   32.16     0.0  354.24    0.00    0.00    1.4     50234.379     13.50   47.10740   39.80800  F2               
0 04.04.2019 13:57:26.304   9.99600000   9995.99951   0.40  -65.5   30.0  28.0  7.80  354.2  1385.9  354.27   52.20   45.26  2319.0  354.52   67.80   34.65  3535.6  355.04   78.52   26.58    1.5     50246.304     13.50   47.10740   39.80800  E                
0 04.04.2019 13:57:37.046   9.99600000   9995.99953   0.40  -53.3   42.1  28.0  9.00  352.8  1241.1  352.86   50.87   45.09  2145.3  353.09   66.17   34.16  3281.3  353.61   76.11   26.60    1.5     50257.046     13.50   47.10740   39.80800  Es               
0 04.04.2019 13:57:47.672   9.99600000   9996.00043   0.40  -55.0   36.4  28.0 13.80  354.2  1725.5  354.51   55.24   44.71     0.0  354.23    0.00    0.00     0.0  354.23    0.00    0.00    1.4     50267.672     13.50   47.10740   39.80800  F2               
0 04.04.2019 13:57:58.438   9.99600000   9995.99921   0.40  -57.1   38.4  28.0 12.00  353.5  1898.6  353.83   56.75   43.98     0.0  353.51    0.00    0.00     0.0  353.51    0.00    0.00    1.5     50278.438     13.50   47.10740   39.80800  F2               
0 04.04.2019 13:58:11.362   9.99600000   9996.00009   0.40  -62.5   33.0  28.0 15.00  352.1  1630.4  352.40   54.31   43.99  3136.3  353.56   74.87   28.09     0.0  352.08    0.00    0.00    1.4     50291.362     13.50   47.10740   39.80800  F2               
0 04.04.2019 13:58:22.099   9.99600000   9995.99769   0.40  -68.9   26.6  28.0 15.60  353.5  1591.7  353.79   54.02   44.67  3019.3  354.62   73.98   30.88     0.0  353.47    0.00    0.00    1.4     50302.099     13.50   47.10740   39.80800  F2               
0 04.04.2019 13:58:22.099   9.99600000   9995.99769   0.40  -68.9   26.6  28.0 13.20  352.8  1775.6  353.11   55.63   43.93     0.0  352.84    0.00    0.00     0.0  352.84    0.00    0.00    1.4     50302.099     13.50   47.10740   39.80800  F2               
0 04.04.2019 13:58:32.863   9.99600000   9995.99948   0.40  -64.0   31.4  28.0  7.80  352.8  1381.9  352.86   52.12   44.78  2317.1  353.18   67.69   33.42  3526.8  353.80   78.23   23.65    1.6     50312.863     13.50   47.10740   39.80800  E                
0 04.04.2019 13:58:43.584   9.99600000   9996.00023   0.40  -59.0   34.4  28.0 13.20  352.8  1775.4  353.11   55.63   43.93     0.0  352.76    0.00    0.00     0.0  352.76    0.00    0.00    1.4     50323.584     13.50   47.10740   39.80800  F2               
0 04.04.2019 13:58:54.356   9.99600000   9995.99966   0.40  -56.1   39.3  28.0  9.00  353.5  1242.6  353.56   50.90   45.30  2147.3  353.83   66.24   34.74  3287.2  354.30   76.27   27.89    1.5     50334.356     13.50   47.10740   39.80800  Es               
0 04.04.2019 13:59:06.318   9.99600000   9996.00004   0.40  -50.5   41.0  28.0 10.80  353.5  2045.7  353.85   58.06   43.61  1956.0  353.81   64.54   35.46  3081.6  354.26   74.48   29.79    1.4     50346.318     13.50   47.10740   39.80800  F2               
0 04.04.2019 13:59:17.052   9.99600000   9995.99999   0.40  -51.2   42.3  28.0 10.20  352.8  2132.3  353.16   58.79   42.95  2008.6  353.12   64.97   34.77  3105.7  353.59   74.61   28.45    1.4     50357.052     13.50   47.10740   39.80800  F2               
0 04.04.2019 13:59:27.685   9.99600000   9996.00013   0.40  -46.3   37.2  28.0 10.20  353.5  2132.8  353.86   58.84   43.39  2009.8  353.77   65.02   35.24  3110.5  354.21   74.73   29.45    1.4     50367.685     13.50   47.10740   39.80800  F2               
0 04.04.2019 13:59:38.417   9.99600000   9995.99987   0.40  -48.2   39.3  28.0 10.20  352.8  2131.0  353.16   58.78   42.95  2008.8  353.09   64.97   34.75  3105.7  353.56   74.60   28.40    1.4     50378.417     13.50   47.10740   39.80800  F2               
