
[strDate]   [strTime]    [Frq_rpu]   [Frq_meg]    [Band]  [E]   [S_N] [Att]  [B]     [A]    [S0]  [aIRI0]   [Lat0]  [Lon0]   [S1]  [aIRI1]  [Lat1]  [Lon1]   [S2]  [aIRI2]  [Lat2]  [Lon2] [Sigm] [Time_sec]       [Cource] [BaseLat] [BaseLon] [TypeSignalName]    [Delay]
06.01.2017 11:30:42.960 10.38280001 10382.50418   0.00  -93.5   10.5  28.0 31.65  204.0     0.0  204.02    0.00    0.00     0.0  204.02    0.00    0.00     0.0  204.02    0.00    0.00   27.5     41442.960      5.50   47.24000   39.71000  "Undefined"           5.96
06.01.2017 11:30:42.960 10.38280001 10382.51173   0.00  -88.7   15.3  28.0 29.37  215.3     0.0  215.26    0.00    0.00     0.0  215.26    0.00    0.00     0.0  215.26    0.00    0.00   20.4     41442.960      5.50   47.24000   39.71000  "Undefined"           5.88
06.01.2017 11:30:43.755 10.46220000 10461.90669   0.00  -89.9   12.1  28.0 26.41  203.1     0.0  203.14    0.00    0.00     0.0  203.14    0.00    0.00     0.0  203.14    0.00    0.00   22.1     41443.755      5.50   47.24000   39.71000  "Undefined"           5.93
06.01.2017 11:30:43.755 10.46220000 10461.91424   0.00  -81.9   20.1  28.0 28.70  215.4     0.0  215.35    0.00    0.00     0.0  215.35    0.00    0.00     0.0  215.35    0.00    0.00    4.8     41443.755      5.50   47.24000   39.71000  "Undefined"           5.86
06.01.2017 11:30:44.549 10.54170001 10541.40292   0.00  -94.7    7.3  28.0 27.94  209.2     0.0  209.22    0.00    0.00     0.0  209.22    0.00    0.00     0.0  209.22    0.00    0.00   15.4     41444.549      5.50   47.24000   39.71000  "Undefined"           5.97
06.01.2017 11:30:44.549 10.54170001 10541.41425   0.00  -89.2   12.8  28.0 26.72  212.4     0.0  212.43    0.00    0.00     0.0  212.43    0.00    0.00     0.0  212.43    0.00    0.00   12.3     41444.549      5.50   47.24000   39.71000  "Undefined"           5.86
06.01.2017 11:30:44.549 10.54170001 10541.40921   0.00  -87.0   15.0  28.0 24.31  200.6     0.0  200.59    0.00    0.00     0.0  200.59    0.00    0.00     0.0  200.59    0.00    0.00   11.5     41444.549      5.50   47.24000   39.71000  "Undefined"           5.91
06.01.2017 11:30:45.344 10.62110000 10620.81046   0.00  -91.1   16.9  28.0 23.27  206.5     0.0  206.47    0.00    0.00     0.0  206.47    0.00    0.00     0.0  206.47    0.00    0.00   18.5     41445.344      5.50   47.24000   39.71000  "Undefined"           5.90
06.01.2017 11:30:46.138 10.70049999 10700.21171   0.00  -87.0   21.0  28.0 28.07  202.1     0.0  202.14    0.00    0.00     0.0  202.14    0.00    0.00     0.0  202.14    0.00    0.00    6.5     41446.138      5.50   47.24000   39.71000  "Undefined"           5.88
06.01.2017 11:30:46.933 10.78000000 10779.71550   0.00  -79.8   24.2  28.0 26.56  204.2     0.0  204.21    0.00    0.00     0.0  204.21    0.00    0.00     0.0  204.21    0.00    0.00    7.1     41446.933      5.50   47.24000   39.71000  "Undefined"           5.85
06.01.2017 11:30:46.933 10.78000000 10779.72431   0.00  -71.6   32.4  28.0 27.65  213.3     0.0  213.27    0.00    0.00     0.0  213.27    0.00    0.00     0.0  213.27    0.00    0.00    2.2     41446.933      5.50   47.24000   39.71000  "Undefined"           5.76
06.01.2017 11:30:47.726 10.85939999 10859.11675   0.00  -83.4   24.6  28.0 27.18  203.6     0.0  203.59    0.00    0.00     0.0  203.59    0.00    0.00     0.0  203.59    0.00    0.00    7.6     41447.726      5.50   47.24000   39.71000  "Undefined"           5.83
06.01.2017 11:30:48.520 10.93890000 10938.61927   0.00  -72.7   33.3  28.0 27.22  204.5     0.0  204.47    0.00    0.00     0.0  204.47    0.00    0.00     0.0  204.47    0.00    0.00    6.5     41448.520      5.50   47.24000   39.71000  "Undefined"           5.81
06.01.2017 11:30:49.315 11.01829999 11018.00793   0.00  -89.4   14.6  28.0  5.72  203.8     0.0  203.83    0.00    0.00     0.0  203.83    0.00    0.00     0.0  203.83    0.00    0.00    8.0     41449.315      5.50   47.24000   39.71000  "Undefined"           5.92
06.01.2017 11:30:49.315 11.01829999 11018.01423   0.00  -89.0   15.0  28.0 11.97  204.6     0.0  204.63    0.00    0.00     0.0  204.63    0.00    0.00     0.0  204.63    0.00    0.00    2.4     41449.315      5.50   47.24000   39.71000  "Undefined"           5.86
06.01.2017 11:30:49.315 11.01829999 11018.01675   0.00  -89.0   15.0  28.0 11.24  203.9     0.0  203.95    0.00    0.00     0.0  203.95    0.00    0.00     0.0  203.95    0.00    0.00   13.9     41449.315      5.50   47.24000   39.71000  "Undefined"           5.83
06.01.2017 11:30:49.315 11.01829999 11018.02052   0.00  -79.9   24.1  28.0 26.38  203.4     0.0  203.38    0.00    0.00     0.0  203.38    0.00    0.00     0.0  203.38    0.00    0.00    5.3     41449.315      5.50   47.24000   39.71000  "Undefined"           5.79
06.01.2017 11:30:50.109 11.09770000 11097.40669   0.00  -92.1   11.9  28.0 26.62  214.4     0.0  214.41    0.00    0.00     0.0  214.41    0.00    0.00     0.0  214.41    0.00    0.00    5.9     41450.109      5.50   47.24000   39.71000  "Undefined"           5.93
06.01.2017 11:30:50.109 11.09770000 11097.42305   0.00  -82.4   21.6  28.0 26.95  205.9     0.0  205.93    0.00    0.00     0.0  205.93    0.00    0.00     0.0  205.93    0.00    0.00    5.8     41450.109      5.50   47.24000   39.71000  "Undefined"           5.77
06.01.2017 11:30:50.904 11.17719999 11176.91045   0.00  -83.8   20.2  28.0 28.74  213.1     0.0  213.12    0.00    0.00     0.0  213.12    0.00    0.00     0.0  213.12    0.00    0.00    3.7     41450.904      5.50   47.24000   39.71000  "Undefined"           5.90
06.01.2017 11:30:50.904 11.17719999 11176.92430   0.00  -80.9   23.1  28.0 27.53  202.6     0.0  202.56    0.00    0.00     0.0  202.56    0.00    0.00     0.0  202.56    0.00    0.00    7.4     41450.904      5.50   47.24000   39.71000  "Undefined"           5.76
06.01.2017 11:30:50.904 11.17719999 11176.93689   0.00  -79.2   24.8  28.0 25.73  210.1     0.0  210.05    0.00    0.00     0.0  210.05    0.00    0.00     0.0  210.05    0.00    0.00    4.5     41450.904      5.50   47.24000   39.71000  "Undefined"           5.63
06.01.2017 11:30:51.698 11.25660000 11256.31424   0.00  -88.1   13.9  28.0 26.58  212.3     0.0  212.33    0.00    0.00     0.0  212.33    0.00    0.00     0.0  212.33    0.00    0.00   23.6     41451.698      5.50   47.24000   39.71000  "Undefined"           5.86
06.01.2017 11:30:51.698 11.25660000 11256.32557   0.00  -74.8   27.2  28.0 27.17  203.2     0.0  203.24    0.00    0.00     0.0  203.24    0.00    0.00     0.0  203.24    0.00    0.00    5.9     41451.698      5.50   47.24000   39.71000  "Undefined"           5.74
06.01.2017 11:30:52.493 11.33599999 11335.71549   0.00  -82.8   17.2  28.0 24.88  211.2     0.0  211.18    0.00    0.00     0.0  211.18    0.00    0.00     0.0  211.18    0.00    0.00    3.0     41452.493      5.50   47.24000   39.71000  "Undefined"           5.85
06.01.2017 11:30:52.493 11.33599999 11335.72808   0.00  -80.0   20.0  28.0 25.49  207.9     0.0  207.85    0.00    0.00     0.0  207.85    0.00    0.00     0.0  207.85    0.00    0.00    5.6     41452.493      5.50   47.24000   39.71000  "Undefined"           5.72
06.01.2017 11:30:53.288 11.41550000 11415.22935   0.00  -74.6   25.4  28.0 27.27  202.3     0.0  202.33    0.00    0.00     0.0  202.33    0.00    0.00     0.0  202.33    0.00    0.00    5.5     41453.288      5.50   47.24000   39.71000  "Undefined"           5.71
06.01.2017 11:30:54.082 11.49489999 11494.63186   0.00  -76.5   21.5  28.0 26.43  207.4     0.0  207.38    0.00    0.00     0.0  207.38    0.00    0.00     0.0  207.38    0.00    0.00    7.1     41454.082      5.50   47.24000   39.71000  "Undefined"           5.68
06.01.2017 11:30:54.082 11.49489999 11494.62304   0.00  -74.6   23.4  28.0 26.73  211.9     0.0  211.90    0.00    0.00     0.0  211.90    0.00    0.00     0.0  211.90    0.00    0.00    4.0     41454.082      5.50   47.24000   39.71000  "Undefined"           5.77
06.01.2017 11:30:54.875 11.57440000 11574.13312   0.00  -77.1   10.9  28.0 27.16  206.2     0.0  206.22    0.00    0.00     0.0  206.22    0.00    0.00     0.0  206.22    0.00    0.00    6.8     41454.875      5.50   47.24000   39.71000  "Undefined"           5.67
06.01.2017 11:30:55.671 11.65379999 11653.52808   0.00  -77.8   12.2  28.0 27.30  210.9     0.0  210.91    0.00    0.00     0.0  210.91    0.00    0.00     0.0  210.91    0.00    0.00    8.3     41455.671      5.50   47.24000   39.71000  "Undefined"           5.72
06.01.2017 11:30:56.464 11.73320000 11732.93061   0.00  -77.4   18.6  28.0 26.53  210.2     0.0  210.24    0.00    0.00     0.0  210.24    0.00    0.00     0.0  210.24    0.00    0.00    4.9     41456.464      5.50   47.24000   39.71000  "Undefined"           5.69
06.01.2017 11:30:56.464 11.73320000 11732.93565   0.00  -73.4   22.6  28.0 26.86  205.1     0.0  205.10    0.00    0.00     0.0  205.10    0.00    0.00     0.0  205.10    0.00    0.00    5.9     41456.464      5.50   47.24000   39.71000  "Undefined"           5.64
06.01.2017 11:30:57.259 11.81269999 11812.43185   0.00  -77.0   11.0  28.0 26.36  209.5     0.0  209.51    0.00    0.00     0.0  209.51    0.00    0.00     0.0  209.51    0.00    0.00    5.7     41457.259      5.50   47.24000   39.71000  "Undefined"           5.68
06.01.2017 11:30:57.259 11.81269999 11812.43689   0.00  -68.0   20.0  28.0 26.53  204.7     0.0  204.66    0.00    0.00     0.0  204.66    0.00    0.00     0.0  204.66    0.00    0.00    6.3     41457.259      5.50   47.24000   39.71000  "Undefined"           5.63
06.01.2017 11:30:58.053 11.89210000 11891.83439   0.00  -75.4   20.6  28.0 25.89  209.9     0.0  209.95    0.00    0.00     0.0  209.95    0.00    0.00     0.0  209.95    0.00    0.00    4.5     41458.053      5.50   47.24000   39.71000  "Undefined"           5.66
06.01.2017 11:30:58.053 11.89210000 11891.83816   0.00  -70.3   25.7  28.0 26.68  204.6     0.0  204.58    0.00    0.00     0.0  204.58    0.00    0.00     0.0  204.58    0.00    0.00    8.4     41458.053      5.50   47.24000   39.71000  "Undefined"           5.62
06.01.2017 11:30:58.848 11.97149999 11971.23563   0.00  -65.9    8.1  28.0 28.77  207.7     0.0  207.73    0.00    0.00     0.0  207.73    0.00    0.00     0.0  207.73    0.00    0.00   24.4     41458.848      5.50   47.24000   39.71000  "Undefined"           5.64
06.01.2017 11:30:58.848 11.97149999 11971.23941   0.00  -65.7    8.3  28.0 26.13  204.9     0.0  204.95    0.00    0.00     0.0  204.95    0.00    0.00     0.0  204.95    0.00    0.00   25.0     41458.848      5.50   47.24000   39.71000  "Undefined"           5.61
06.01.2017 11:30:59.642 12.05100000 12050.73564   0.00  -67.5   14.5  28.0 23.18  206.2     0.0  206.15    0.00    0.00     0.0  206.15    0.00    0.00     0.0  206.15    0.00    0.00    7.3     41459.642      5.50   47.24000   39.71000  "Undefined"           5.64
06.01.2017 11:30:59.642 12.05100000 12050.73942   0.00  -60.5   21.5  28.0 23.67  206.4     0.0  206.43    0.00    0.00     0.0  206.43    0.00    0.00     0.0  206.43    0.00    0.00    5.5     41459.642      5.50   47.24000   39.71000  "Undefined"           5.61
06.01.2017 11:31:00.437 12.13039999 12130.14193   0.00  -62.8   21.2  28.0 25.79  205.3     0.0  205.31    0.00    0.00     0.0  205.31    0.00    0.00     0.0  205.31    0.00    0.00    6.8     41460.437      5.50   47.24000   39.71000  "Undefined"           5.58
06.01.2017 11:31:01.230 12.20980001 12209.54446   0.00  -65.4   36.6  28.0 25.22  204.7     0.0  204.69    0.00    0.00     0.0  204.69    0.00    0.00     0.0  204.69    0.00    0.00    7.5     41461.230      5.50   47.24000   39.71000  "Undefined"           5.56
06.01.2017 11:31:02.026 12.28929999 12289.05200   0.00  -92.9    7.1  28.0 26.54  201.5     0.0  201.54    0.00    0.00     0.0  201.54    0.00    0.00     0.0  201.54    0.00    0.00   25.2     41462.026      5.50   47.24000   39.71000  "Undefined"           5.48
06.01.2017 11:31:02.026 12.28929999 12289.04319   0.00  -64.1   35.9  28.0 25.64  206.8     0.0  206.85    0.00    0.00     0.0  206.85    0.00    0.00     0.0  206.85    0.00    0.00    7.2     41462.026      5.50   47.24000   39.71000  "Undefined"           5.57
06.01.2017 11:31:02.819 12.36870001 12368.45201   0.00  -92.0   12.0  28.0 25.51  206.0     0.0  206.03    0.00    0.00     0.0  206.03    0.00    0.00     0.0  206.03    0.00    0.00   13.4     41462.819      5.50   47.24000   39.71000  "Undefined"           5.48
06.01.2017 11:31:02.819 12.36870001 12368.44572   0.00  -55.7   48.3  28.0 25.59  205.6     0.0  205.57    0.00    0.00     0.0  205.57    0.00    0.00     0.0  205.57    0.00    0.00    8.3     41462.819      5.50   47.24000   39.71000  "Undefined"           5.54
06.01.2017 11:31:03.614 12.44819999 12447.94444   0.00  -71.0   33.0  28.0 25.83  207.0     0.0  207.00    0.00    0.00     0.0  207.00    0.00    0.00     0.0  207.00    0.00    0.00    8.2     41463.614      5.50   47.24000   39.71000  "Undefined"           5.56
06.01.2017 11:31:03.614 12.44819999 12447.94822   0.00  -63.2   40.8  28.0 25.86  204.9     0.0  204.90    0.00    0.00     0.0  204.90    0.00    0.00     0.0  204.90    0.00    0.00   11.0     41463.614      5.50   47.24000   39.71000  "Undefined"           5.52
06.01.2017 11:31:04.408 12.52760000 12527.34823   0.00  -63.4   36.6  28.0 22.60  204.4     0.0  204.39    0.00    0.00     0.0  204.39    0.00    0.00     0.0  204.39    0.00    0.00    8.4     41464.408      5.50   47.24000   39.71000  "Undefined"           5.52
06.01.2017 11:31:05.203 12.60700000 12606.74823   0.00  -75.6   28.4  28.0 26.40  206.7     0.0  206.71    0.00    0.00     0.0  206.71    0.00    0.00     0.0  206.71    0.00    0.00    9.5     41465.203      5.50   47.24000   39.71000  "Undefined"           5.52
06.01.2017 11:31:05.203 12.60700000 12606.75074   0.00  -71.8   32.2  28.0 25.39  200.3     0.0  200.29    0.00    0.00     0.0  200.29    0.00    0.00     0.0  200.29    0.00    0.00   10.1     41465.203      5.50   47.24000   39.71000  "Undefined"           5.49
06.01.2017 11:31:05.999 12.68650000 12686.25201   0.00  -66.8   35.2  28.0 25.25  201.4     0.0  201.42    0.00    0.00     0.0  201.42    0.00    0.00     0.0  201.42    0.00    0.00    8.0     41465.999      5.50   47.24000   39.71000  "Undefined"           5.48
06.01.2017 11:31:06.792 12.76589999 12765.65326   0.00  -65.6   38.4  28.0 23.41  201.6     0.0  201.57    0.00    0.00     0.0  201.57    0.00    0.00     0.0  201.57    0.00    0.00    8.2     41466.792      5.50   47.24000   39.71000  "Undefined"           5.47
06.01.2017 11:31:07.585 12.84530001 12845.04950   0.00  -94.5    9.5  28.0 22.84  205.2     0.0  205.17    0.00    0.00     0.0  205.17    0.00    0.00     0.0  205.17    0.00    0.00   20.1     41467.585      5.50   47.24000   39.71000  "Undefined"           5.51
06.01.2017 11:31:08.381 12.92479999 12924.55074   0.00  -90.9   13.1  28.0 23.69  208.3     0.0  208.33    0.00    0.00     0.0  208.33    0.00    0.00     0.0  208.33    0.00    0.00   16.8     41468.381      5.50   47.24000   39.71000  "Undefined"           5.49
06.01.2017 11:31:09.969 13.08369999 13083.45829   0.00  -62.8   41.2  28.0 21.95  202.4     0.0  202.40    0.00    0.00     0.0  202.40    0.00    0.00     0.0  202.40    0.00    0.00    7.1     41469.969      5.50   47.24000   39.71000  "Undefined"           5.42
06.01.2017 11:31:10.763 13.16310001 13162.85831   0.00  -59.4   46.6  28.0 21.16  202.5     0.0  202.50    0.00    0.00     0.0  202.50    0.00    0.00     0.0  202.50    0.00    0.00    6.4     41470.763      5.50   47.24000   39.71000  "Undefined"           5.42
06.01.2017 11:31:11.558 13.24250000 13242.25956   0.00  -58.9   45.1  28.0 21.00  202.5     0.0  202.52    0.00    0.00     0.0  202.52    0.00    0.00     0.0  202.52    0.00    0.00    7.3     41471.558      5.50   47.24000   39.71000  "Undefined"           5.40
06.01.2017 11:31:13.147 13.40140000 13401.16207   0.00  -60.3   45.7  28.0 21.19  202.7     0.0  202.66    0.00    0.00     0.0  202.66    0.00    0.00     0.0  202.66    0.00    0.00    8.7     41473.147      5.50   47.24000   39.71000  "Undefined"           5.38
06.01.2017 11:31:13.940 13.48090000 13480.66334   0.00  -59.7   40.3  28.0 20.89  202.4     0.0  202.43    0.00    0.00     0.0  202.43    0.00    0.00     0.0  202.43    0.00    0.00    9.0     41473.940      5.50   47.24000   39.71000  "Undefined"           5.37
06.01.2017 11:31:14.736 13.56029999 13560.06459   0.00  -59.5   44.5  28.0 20.25  202.8     0.0  202.78    0.00    0.00     0.0  202.78    0.00    0.00     0.0  202.78    0.00    0.00    9.5     41474.736      5.50   47.24000   39.71000  "Undefined"           5.35
06.01.2017 11:31:15.529 13.63969999 13639.46458   0.00  -61.0   39.0  28.0 20.76  202.7     0.0  202.66    0.00    0.00     0.0  202.66    0.00    0.00     0.0  202.66    0.00    0.00    9.5     41475.529      5.50   47.24000   39.71000  "Undefined"           5.35
06.01.2017 11:31:16.323 13.71910000 13718.86585   0.00  -59.5   38.5  28.0 20.64  202.6     0.0  202.62    0.00    0.00     0.0  202.62    0.00    0.00     0.0  202.62    0.00    0.00    9.0     41476.323      5.50   47.24000   39.71000  "Undefined"           5.34
06.01.2017 11:31:17.118 13.79860001 13798.36712   0.00  -58.4   23.6  28.0 20.27  202.7     0.0  202.66    0.00    0.00     0.0  202.66    0.00    0.00     0.0  202.66    0.00    0.00    9.0     41477.118      5.50   47.24000   39.71000  "Undefined"           5.33
06.01.2017 11:31:17.913 13.87800000 13877.77970   0.00  -60.6   19.4  28.0 11.91  202.8     0.0  202.79    0.00    0.00     0.0  202.79    0.00    0.00     0.0  202.79    0.00    0.00    8.7     41477.913      5.50   47.24000   39.71000  "Undefined"           5.20
06.01.2017 11:31:17.913 13.87800000 13877.76711   0.00  -59.8   20.2  28.0 20.88  202.7     0.0  202.73    0.00    0.00     0.0  202.73    0.00    0.00     0.0  202.73    0.00    0.00    9.0     41477.913      5.50   47.24000   39.71000  "Undefined"           5.33
06.01.2017 11:31:18.707 13.95750001 13957.26334   0.00  -89.8    6.2  28.0 13.31  215.2     0.0  215.18    0.00    0.00     0.0  215.18    0.00    0.00     0.0  215.18    0.00    0.00   28.7     41478.707      5.50   47.24000   39.71000  "Undefined"           5.37
06.01.2017 11:31:18.707 13.95750001 13957.28097   0.00  -64.5   31.5  28.0 12.11  203.1     0.0  203.14    0.00    0.00     0.0  203.14    0.00    0.00     0.0  203.14    0.00    0.00    8.8     41478.707      5.50   47.24000   39.71000  "Undefined"           5.19
06.01.2017 11:31:18.707 13.95750001 13957.26838   0.00  -56.0   40.0  28.0 20.79  202.8     0.0  202.76    0.00    0.00     0.0  202.76    0.00    0.00     0.0  202.76    0.00    0.00    8.9     41478.707      5.50   47.24000   39.71000  "Undefined"           5.32
06.01.2017 11:31:19.502 14.03690000 14036.67970   0.00  -65.0   33.0  28.0 13.07  202.7     0.0  202.73    0.00    0.00     0.0  202.73    0.00    0.00     0.0  202.73    0.00    0.00    6.9     41479.502      5.50   47.24000   39.71000  "Undefined"           5.20
06.01.2017 11:31:19.502 14.03690000 14036.66837   0.00  -55.5   42.5  28.0 19.92  203.0     0.0  203.04    0.00    0.00     0.0  203.04    0.00    0.00     0.0  203.04    0.00    0.00    7.9     41479.502      5.50   47.24000   39.71000  "Undefined"           5.32
06.01.2017 11:31:20.296 14.11629999 14116.08221   0.00  -61.3   30.7  28.0 12.11  202.6     0.0  202.64    0.00    0.00     0.0  202.64    0.00    0.00     0.0  202.64    0.00    0.00    8.5     41480.296      5.50   47.24000   39.71000  "Undefined"           5.18
06.01.2017 11:31:20.296 14.11629999 14116.07340   0.00  -58.5   33.5  28.0 18.72  202.5     0.0  202.52    0.00    0.00     0.0  202.52    0.00    0.00     0.0  202.52    0.00    0.00    8.2     41480.296      5.50   47.24000   39.71000  "Undefined"           5.27
06.01.2017 11:31:20.296 14.11629999 14116.07088   0.00  -55.3   36.7  28.0 20.25  202.6     0.0  202.61    0.00    0.00     0.0  202.61    0.00    0.00     0.0  202.61    0.00    0.00    8.1     41480.296      5.50   47.24000   39.71000  "Undefined"           5.29
06.01.2017 11:31:21.091 14.19580000 14195.57844   0.00  -83.7   18.3  28.0 17.88  206.4     0.0  206.43    0.00    0.00     0.0  206.43    0.00    0.00     0.0  206.43    0.00    0.00    8.2     41481.091      5.50   47.24000   39.71000  "Undefined"           5.22
06.01.2017 11:31:21.091 14.19580000 14195.58222   0.00  -62.0   40.0  28.0 11.70  202.9     0.0  202.88    0.00    0.00     0.0  202.88    0.00    0.00     0.0  202.88    0.00    0.00    7.1     41481.091      5.50   47.24000   39.71000  "Undefined"           5.18
06.01.2017 11:31:21.091 14.19580000 14195.57089   0.00  -56.3   45.7  28.0 20.29  202.7     0.0  202.72    0.00    0.00     0.0  202.72    0.00    0.00     0.0  202.72    0.00    0.00    7.3     41481.091      5.50   47.24000   39.71000  "Undefined"           5.29
06.01.2017 11:31:21.884 14.27519999 14274.98347   0.00  -58.9   43.1  28.0 11.51  202.7     0.0  202.73    0.00    0.00     0.0  202.73    0.00    0.00     0.0  202.73    0.00    0.00    7.9     41481.884      5.50   47.24000   39.71000  "Undefined"           5.17
06.01.2017 11:31:21.884 14.27519999 14274.97465   0.00  -54.1   47.9  28.0 18.03  202.5     0.0  202.51    0.00    0.00     0.0  202.51    0.00    0.00     0.0  202.51    0.00    0.00    7.7     41481.884      5.50   47.24000   39.71000  "Undefined"           5.25
06.01.2017 11:31:21.884 14.27519999 14274.97214   0.00  -52.7   49.3  28.0 19.83  202.6     0.0  202.58    0.00    0.00     0.0  202.58    0.00    0.00     0.0  202.58    0.00    0.00    7.5     41481.884      5.50   47.24000   39.71000  "Undefined"           5.28
06.01.2017 11:31:22.678 14.35460000 14354.38348   0.00  -60.6   47.4  28.0 11.05  202.8     0.0  202.76    0.00    0.00     0.0  202.76    0.00    0.00     0.0  202.76    0.00    0.00    7.3     41482.678      5.50   47.24000   39.71000  "Undefined"           5.17
06.01.2017 11:31:22.678 14.35460000 14354.37341   0.00  -55.5   52.5  28.0 18.99  202.2     0.0  202.21    0.00    0.00     0.0  202.21    0.00    0.00     0.0  202.21    0.00    0.00    7.4     41482.678      5.50   47.24000   39.71000  "Undefined"           5.27
06.01.2017 11:31:23.473 14.43409999 14433.87717   0.00  -82.9   27.1  28.0 18.20  203.2     0.0  203.20    0.00    0.00     0.0  203.20    0.00    0.00     0.0  203.20    0.00    0.00   11.1     41483.473      5.50   47.24000   39.71000  "Undefined"           5.23
06.01.2017 11:31:23.473 14.43409999 14433.87339   0.00  -72.7   37.3  28.0 19.52  203.4     0.0  203.42    0.00    0.00     0.0  203.42    0.00    0.00     0.0  203.42    0.00    0.00    6.8     41483.473      5.50   47.24000   39.71000  "Undefined"           5.27
06.01.2017 11:31:23.473 14.43409999 14433.88472   0.00  -61.1   48.9  28.0 10.22  202.9     0.0  202.86    0.00    0.00     0.0  202.86    0.00    0.00     0.0  202.86    0.00    0.00    7.4     41483.473      5.50   47.24000   39.71000  "Undefined"           5.15
06.01.2017 11:31:24.267 14.51350000 14513.27718   0.00  -80.9   23.1  28.0 15.53  205.0     0.0  204.98    0.00    0.00     0.0  204.98    0.00    0.00     0.0  204.98    0.00    0.00   10.0     41484.267      5.50   47.24000   39.71000  "Undefined"           5.23
06.01.2017 11:31:24.267 14.51350000 14513.27467   0.00  -73.3   30.7  28.0 19.51  202.5     0.0  202.53    0.00    0.00     0.0  202.53    0.00    0.00     0.0  202.53    0.00    0.00    6.8     41484.267      5.50   47.24000   39.71000  "Undefined"           5.25
06.01.2017 11:31:24.267 14.51350000 14513.28474   0.00  -61.0   43.0  28.0 10.31  203.1     0.0  203.10    0.00    0.00     0.0  203.10    0.00    0.00     0.0  203.10    0.00    0.00    7.8     41484.267      5.50   47.24000   39.71000  "Undefined"           5.15
06.01.2017 11:31:25.062 14.59300001 14592.77719   0.00  -83.0   13.0  28.0 17.55  202.5     0.0  202.48    0.00    0.00     0.0  202.48    0.00    0.00     0.0  202.48    0.00    0.00    8.2     41485.062      5.50   47.24000   39.71000  "Undefined"           5.23
06.01.2017 11:31:25.062 14.59300001 14592.78600   0.00  -63.9   32.1  28.0 10.63  202.9     0.0  202.94    0.00    0.00     0.0  202.94    0.00    0.00     0.0  202.94    0.00    0.00    7.8     41485.062      5.50   47.24000   39.71000  "Undefined"           5.14
06.01.2017 11:31:25.857 14.67240000 14672.17341   0.00  -85.0   27.0  28.0 22.94  198.6     0.0  198.59    0.00    0.00     0.0  198.59    0.00    0.00     0.0  198.59    0.00    0.00   10.9     41485.857      5.50   47.24000   39.71000  "Undefined"           5.27
06.01.2017 11:31:25.857 14.67240000 14672.17718   0.00  -82.4   29.6  28.0 18.44  203.0     0.0  202.98    0.00    0.00     0.0  202.98    0.00    0.00     0.0  202.98    0.00    0.00    8.7     41485.857      5.50   47.24000   39.71000  "Undefined"           5.23
06.01.2017 11:31:25.857 14.67240000 14672.18600   0.00  -61.7   50.3  28.0 11.12  203.2     0.0  203.19    0.00    0.00     0.0  203.19    0.00    0.00     0.0  203.19    0.00    0.00    6.3     41485.857      5.50   47.24000   39.71000  "Undefined"           5.14
06.01.2017 11:31:26.651 14.75179999 14751.57088   0.00  -90.5   17.5  28.0 18.92  203.4     0.0  203.45    0.00    0.00     0.0  203.45    0.00    0.00     0.0  203.45    0.00    0.00   21.5     41486.651      5.50   47.24000   39.71000  "Undefined"           5.29
06.01.2017 11:31:26.651 14.75179999 14751.57717   0.00  -81.3   26.7  28.0 21.41  204.1     0.0  204.07    0.00    0.00     0.0  204.07    0.00    0.00     0.0  204.07    0.00    0.00   11.2     41486.651      5.50   47.24000   39.71000  "Undefined"           5.23
06.01.2017 11:31:26.651 14.75179999 14751.58599   0.00  -63.1   44.9  28.0 11.52  203.2     0.0  203.24    0.00    0.00     0.0  203.24    0.00    0.00     0.0  203.24    0.00    0.00    7.5     41486.651      5.50   47.24000   39.71000  "Undefined"           5.14
06.01.2017 11:31:27.444 14.83120001 14830.97719   0.00  -80.0   14.0  28.0 19.62  206.6     0.0  206.57    0.00    0.00     0.0  206.57    0.00    0.00     0.0  206.57    0.00    0.00    4.9     41487.444      5.50   47.24000   39.71000  "Undefined"           5.23
06.01.2017 11:31:27.444 14.83120001 14830.98726   0.00  -61.2   32.8  28.0 12.40  203.1     0.0  203.13    0.00    0.00     0.0  203.13    0.00    0.00     0.0  203.13    0.00    0.00    7.2     41487.444      5.50   47.24000   39.71000  "Undefined"           5.13
06.01.2017 11:31:28.240 14.91069999 14910.47088   0.00  -92.8   19.2  28.0 23.02  214.1     0.0  214.13    0.00    0.00     0.0  214.13    0.00    0.00     0.0  214.13    0.00    0.00    9.0     41488.240      5.50   47.24000   39.71000  "Undefined"           5.29
06.01.2017 11:31:28.240 14.91069999 14910.48095   0.00  -90.8   21.2  28.0 16.17  207.1     0.0  207.09    0.00    0.00     0.0  207.09    0.00    0.00     0.0  207.09    0.00    0.00    9.9     41488.240      5.50   47.24000   39.71000  "Undefined"           5.19
06.01.2017 11:31:28.240 14.91069999 14910.47466   0.00  -90.4   21.6  28.0 20.63  200.1     0.0  200.09    0.00    0.00     0.0  200.09    0.00    0.00     0.0  200.09    0.00    0.00   17.2     41488.240      5.50   47.24000   39.71000  "Undefined"           5.25
06.01.2017 11:31:28.240 14.91069999 14910.47717   0.00  -84.7   27.3  28.0 21.68  205.4     0.0  205.35    0.00    0.00     0.0  205.35    0.00    0.00     0.0  205.35    0.00    0.00   19.0     41488.240      5.50   47.24000   39.71000  "Undefined"           5.23
06.01.2017 11:31:28.240 14.91069999 14910.48724   0.00  -61.9   50.1  28.0 12.48  203.1     0.0  203.14    0.00    0.00     0.0  203.14    0.00    0.00     0.0  203.14    0.00    0.00    7.7     41488.240      5.50   47.24000   39.71000  "Undefined"           5.13
06.01.2017 11:31:28.240 14.91069999 14910.49857   0.00  -45.9   66.1  28.0 10.83  203.9     0.0  203.86    0.00    0.00     0.0  203.86    0.00    0.00     0.0  203.86    0.00    0.00    8.4     41488.240      5.50   47.24000   39.71000  "Undefined"           5.01
06.01.2017 11:31:28.240 14.91069999 14910.49354   0.00  -37.6   74.4  28.0 12.77  203.5     0.0  203.53    0.00    0.00     0.0  203.53    0.00    0.00     0.0  203.53    0.00    0.00    6.8     41488.240      5.50   47.24000   39.71000  "Undefined"           5.06
06.01.2017 11:31:29.033 14.99010000 14989.88096   0.00  -79.7   30.3  28.0 19.84  207.0     0.0  206.98    0.00    0.00     0.0  206.98    0.00    0.00     0.0  206.98    0.00    0.00    5.3     41489.033      5.50   47.24000   39.71000  "Undefined"           5.19
06.01.2017 11:31:29.033 14.99010000 14989.88852   0.00  -60.0   50.0  28.0 11.95  203.0     0.0  202.96    0.00    0.00     0.0  202.96    0.00    0.00     0.0  202.96    0.00    0.00    8.4     41489.033      5.50   47.24000   39.71000  "Undefined"           5.11
06.01.2017 11:31:29.033 14.99010000 14989.89355   0.00  -54.3   55.7  28.0 12.60  203.6     0.0  203.56    0.00    0.00     0.0  203.56    0.00    0.00     0.0  203.56    0.00    0.00    6.8     41489.033      5.50   47.24000   39.71000  "Undefined"           5.06
06.01.2017 11:31:29.033 14.99010000 14989.89733   0.00  -43.3   66.7  28.0 11.03  203.8     0.0  203.77    0.00    0.00     0.0  203.77    0.00    0.00     0.0  203.77    0.00    0.00    7.5     41489.033      5.50   47.24000   39.71000  "Undefined"           5.03
06.01.2017 11:31:29.828 15.06959999 15069.38850   0.00  -59.2   38.8  28.0 12.58  202.9     0.0  202.85    0.00    0.00     0.0  202.85    0.00    0.00     0.0  202.85    0.00    0.00    7.8     41489.828      5.50   47.24000   39.71000  "Undefined"           5.11
06.01.2017 11:31:29.828 15.06959999 15069.39731   0.00  -46.2   51.8  28.0 11.67  203.6     0.0  203.60    0.00    0.00     0.0  203.60    0.00    0.00     0.0  203.60    0.00    0.00    7.0     41489.828      5.50   47.24000   39.71000  "Undefined"           5.03
06.01.2017 11:31:30.622 15.14900000 15148.79733   0.00  -46.5   41.5  28.0 11.49  203.5     0.0  203.50    0.00    0.00     0.0  203.50    0.00    0.00     0.0  203.50    0.00    0.00    6.7     41490.622      5.50   47.24000   39.71000  "Undefined"           5.03
06.01.2017 11:31:31.417 15.22849999 15228.29731   0.00  -44.9   51.1  28.0 11.65  203.5     0.0  203.49    0.00    0.00     0.0  203.49    0.00    0.00     0.0  203.49    0.00    0.00    6.7     41491.417      5.50   47.24000   39.71000  "Undefined"           5.03
06.01.2017 11:31:32.211 15.30790000 15307.69103   0.00  -53.6   50.4  28.0 11.76  203.2     0.0  203.23    0.00    0.00     0.0  203.23    0.00    0.00     0.0  203.23    0.00    0.00    7.4     41492.211      5.50   47.24000   39.71000  "Undefined"           5.09
06.01.2017 11:31:32.211 15.30790000 15307.69733   0.00  -44.2   59.8  28.0 11.54  203.6     0.0  203.56    0.00    0.00     0.0  203.56    0.00    0.00     0.0  203.56    0.00    0.00    7.2     41492.211      5.50   47.24000   39.71000  "Undefined"           5.03
06.01.2017 11:31:33.006 15.38729999 15387.09732   0.00  -45.5   50.5  28.0 11.72  203.5     0.0  203.51    0.00    0.00     0.0  203.51    0.00    0.00     0.0  203.51    0.00    0.00    7.9     41493.006      5.50   47.24000   39.71000  "Undefined"           5.03
06.01.2017 11:31:33.006 15.38729999 15387.09102   0.00  -39.8   56.2  28.0 12.56  203.1     0.0  203.14    0.00    0.00     0.0  203.14    0.00    0.00     0.0  203.14    0.00    0.00    7.7     41493.006      5.50   47.24000   39.71000  "Undefined"           5.09
06.01.2017 11:31:33.799 15.46680000 15466.59607   0.00  -44.6   35.4  28.0 11.75  203.3     0.0  203.27    0.00    0.00     0.0  203.27    0.00    0.00     0.0  203.27    0.00    0.00    7.8     41493.799      5.50   47.24000   39.71000  "Undefined"           5.04
06.01.2017 11:31:33.799 15.46680000 15466.59103   0.00  -38.7   41.3  28.0 12.92  203.1     0.0  203.07    0.00    0.00     0.0  203.07    0.00    0.00     0.0  203.07    0.00    0.00    7.9     41493.799      5.50   47.24000   39.71000  "Undefined"           5.09
06.01.2017 11:31:34.595 15.54619999 15545.99102   0.00  -48.6   25.4  28.0 13.73  203.3     0.0  203.30    0.00    0.00     0.0  203.30    0.00    0.00     0.0  203.30    0.00    0.00    8.8     41494.595      5.50   47.24000   39.71000  "Undefined"           5.09
06.01.2017 11:31:34.595 15.54619999 15545.99480   0.00  -48.5   25.5  28.0 13.65  203.2     0.0  203.15    0.00    0.00     0.0  203.15    0.00    0.00     0.0  203.15    0.00    0.00    9.1     41494.595      5.50   47.24000   39.71000  "Undefined"           5.05
06.01.2017 11:31:35.388 15.62560001 15625.39230   0.00  -69.9   40.1  28.0 13.45  203.0     0.0  203.05    0.00    0.00     0.0  203.05    0.00    0.00     0.0  203.05    0.00    0.00    8.2     41495.388      5.50   47.24000   39.71000  "Undefined"           5.08
06.01.2017 11:31:35.388 15.62560001 15625.39607   0.00  -66.7   43.3  28.0 14.44  203.0     0.0  203.01    0.00    0.00     0.0  203.01    0.00    0.00     0.0  203.01    0.00    0.00    8.8     41495.388      5.50   47.24000   39.71000  "Undefined"           5.04
06.01.2017 11:31:36.184 15.70509999 15704.89606   0.00  -69.9    8.1  28.0 12.68  203.0     0.0  202.98    0.00    0.00     0.0  202.98    0.00    0.00     0.0  202.98    0.00    0.00    4.4     41496.184      5.50   47.24000   39.71000  "Undefined"           5.04
06.01.2017 11:31:36.977 15.78450000 15784.29229   0.00  -75.6    8.4  28.0 16.45  203.0     0.0  202.99    0.00    0.00     0.0  202.99    0.00    0.00     0.0  202.99    0.00    0.00   14.6     41496.977      5.50   47.24000   39.71000  "Undefined"           5.08
06.01.2017 11:31:36.977 15.78450000 15784.29481   0.00  -74.2    9.8  28.0 14.41  203.0     0.0  203.04    0.00    0.00     0.0  203.04    0.00    0.00     0.0  203.04    0.00    0.00   13.3     41496.977      5.50   47.24000   39.71000  "Undefined"           5.05
06.01.2017 11:31:37.772 15.86390000 15863.68977   0.00  -84.4   25.6  28.0 14.14  202.7     0.0  202.71    0.00    0.00     0.0  202.71    0.00    0.00     0.0  202.71    0.00    0.00    9.3     41497.772      5.50   47.24000   39.71000  "Undefined"           5.10
06.01.2017 11:31:37.772 15.86390000 15863.69606   0.00  -83.0   27.0  28.0 14.17  203.2     0.0  203.22    0.00    0.00     0.0  203.22    0.00    0.00     0.0  203.22    0.00    0.00    9.0     41497.772      5.50   47.24000   39.71000  "Undefined"           5.04
06.01.2017 11:31:37.772 15.86390000 15863.69229   0.00  -82.8   27.2  28.0 17.56  203.4     0.0  203.45    0.00    0.00     0.0  203.45    0.00    0.00     0.0  203.45    0.00    0.00    7.5     41497.772      5.50   47.24000   39.71000  "Undefined"           5.08
06.01.2017 11:31:38.566 15.94340000 15943.19103   0.00  -79.9   30.1  28.0 16.88  202.1     0.0  202.15    0.00    0.00     0.0  202.15    0.00    0.00     0.0  202.15    0.00    0.00    6.6     41498.566      5.50   47.24000   39.71000  "Undefined"           5.09
06.01.2017 11:31:38.566 15.94340000 15943.19481   0.00  -74.8   35.2  28.0 18.10  201.9     0.0  201.89    0.00    0.00     0.0  201.89    0.00    0.00     0.0  201.89    0.00    0.00    7.0     41498.566      5.50   47.24000   39.71000  "Undefined"           5.05
06.01.2017 11:31:39.361 16.02279999 16022.59858   0.00  -89.5   18.5  28.0  5.24  203.1     0.0  203.05    0.00    0.00     0.0  203.05    0.00    0.00     0.0  203.05    0.00    0.00   10.6     41499.361      5.50   47.24000   39.71000  "Undefined"           5.01
06.01.2017 11:31:39.361 16.02279999 16022.59480   0.00  -78.0   30.0  28.0 13.96  200.7     0.0  200.73    0.00    0.00     0.0  200.73    0.00    0.00     0.0  200.73    0.00    0.00    7.2     41499.361      5.50   47.24000   39.71000  "Undefined"           5.05
06.01.2017 11:31:40.154 16.10230000 16102.09481   0.00  -80.7   23.3  28.0 16.12  202.7     0.0  202.72    0.00    0.00     0.0  202.72    0.00    0.00     0.0  202.72    0.00    0.00    9.0     41500.154      5.50   47.24000   39.71000  "Undefined"           5.05
06.01.2017 11:31:40.950 16.18169999 16181.49480   0.00  -83.9   30.1  28.0 16.73  202.2     0.0  202.19    0.00    0.00     0.0  202.19    0.00    0.00     0.0  202.19    0.00    0.00    7.7     41500.950      5.50   47.24000   39.71000  "Undefined"           5.05
06.01.2017 11:31:41.743 16.26110001 16260.89356   0.00  -88.1   21.9  28.0 17.03  200.3     0.0  200.26    0.00    0.00     0.0  200.26    0.00    0.00     0.0  200.26    0.00    0.00    8.3     41501.743      5.50   47.24000   39.71000  "Undefined"           5.06
06.01.2017 11:31:42.539 16.34059999 16340.39354   0.00  -89.7   18.3  28.0 16.97  201.6     0.0  201.59    0.00    0.00     0.0  201.59    0.00    0.00     0.0  201.59    0.00    0.00    8.0     41502.539      5.50   47.24000   39.71000  "Undefined"           5.06
