0 04.04.2019 11:59:48.794   5.33300000   5333.87029   2.52  -69.6   15.8  28.0  9.60  215.3   922.8  215.42   40.16   33.52  1845.0  215.53   32.95   28.40  2765.7  215.61   25.59   24.05    1.5     43188.794     13.50   47.10740   39.80800  E                
0 04.04.2019 11:59:59.559   5.33300000   5333.90631   2.52  -65.5   21.9  28.0  9.00  216.7   963.5  216.90   39.96   33.03  1926.7  217.01   32.51   27.53  2888.5  217.09   24.88   22.88    1.2     43199.559     13.50   47.10740   39.80800  E                
0 04.04.2019 12:00:10.215   5.33300000   5333.82118   2.52  -66.9   20.5  28.0  6.00  214.6  1221.4  214.74   37.78   31.91  2442.4  214.85   28.07   25.79  3660.6  214.92   18.16   20.69    1.3     43210.215     13.50   47.10740   39.80800  E                
0 04.04.2019 12:00:24.254   5.33300000   5333.71905   2.52  -65.0   20.5  28.0  9.00  216.0   963.4  216.15   39.90   33.16  1926.3  216.26   32.41   27.77  2887.7  216.33   24.74   23.21    1.1     43224.254     13.50   47.10740   39.80800  E                
0 04.04.2019 12:00:35.158   5.33300000   5333.88540   2.52  -63.9   23.5  28.0 46.20  214.5   475.2  214.87   43.55   36.44   936.7  215.08   40.02   33.49  1376.1  215.27   36.62   30.94    1.2     43235.158     13.50   47.10740   39.80800  F2               
0 04.04.2019 12:00:35.158   5.33300000   5333.88540   2.52  -63.9   23.5  28.0 10.80  216.0   850.3  216.14   40.76   33.86  1700.3  216.25   34.19   28.94  2549.2  216.32   27.46   24.73    1.2     43235.158     13.50   47.10740   39.80800  E                
0 04.04.2019 12:00:45.893   5.33300000   5333.91604   2.52  -64.7   22.7  28.0 47.40  214.6   478.5  214.91   43.53   36.41   936.9  215.13   40.03   33.48  1370.1  215.33   36.67   30.96    1.3     43245.893     13.50   47.10740   39.80800  F2               
0 04.04.2019 12:00:45.893   5.33300000   5333.91604   2.52  -64.7   22.7  28.0 10.20  216.0   885.3  216.11   40.50   33.64  1770.2  216.23   33.64   28.58  2653.9  216.30   26.62   24.26    1.2     43245.893     13.50   47.10740   39.80800  E                
0 04.04.2019 12:01:18.166   5.33300000   5332.92071   2.52  -69.8   23.0  28.0 48.60  213.8   482.1  214.21   43.47   36.45   944.0  214.45   39.92   33.56  1371.5  214.66   36.59   31.10    1.6     43278.166     13.50   47.10740   39.80800  F2               
0 04.04.2019 12:01:18.166   5.33300000   5332.92071   2.52  -69.8   23.0  28.0 16.20  216.0   622.6  216.15   42.49   35.33  1244.6  216.25   37.74   31.46  1865.7  216.33   32.90   28.05    1.2     43278.166     13.50   47.10740   39.80800  E                
0 04.04.2019 12:01:30.023   5.33300000   5333.32464   2.52  -65.4   22.9  28.0 43.80  215.3   474.4  215.60   43.58   36.38   949.3  215.82   39.98   33.30  1406.9  216.01   36.46   30.59    1.6     43290.023     13.50   47.10740   39.80800  F1               
0 04.04.2019 12:01:30.023   5.33300000   5333.32464   2.52  -65.4   22.9  28.0 19.80  215.3   526.9  215.39   43.18   36.05  1053.1  215.49   39.16   32.73  1578.8  215.57   35.06   29.77    1.2     43290.023     13.50   47.10740   39.80800  E                
0 04.04.2019 12:01:42.948   5.33300000   5333.53581   2.52  -62.8   22.6  28.0 44.40  214.5   474.7  214.86   43.55   36.44   945.4  215.07   39.96   33.44  1398.3  215.26   36.44   30.82    1.3     43302.948     13.50   47.10740   39.80800  F1               
0 04.04.2019 12:01:42.948   5.33300000   5333.53581   2.52  -62.8   22.6  28.0 16.20  216.0   622.7  216.15   42.49   35.33  1244.6  216.25   37.74   31.46  1865.8  216.33   32.90   28.05    1.2     43302.948     13.50   47.10740   39.80800  E                
0 04.04.2019 12:01:54.806   5.33300000   5333.78050   2.52  -64.7   20.7  28.0 16.20  216.0   622.6  216.11   42.49   35.33  1244.6  216.21   37.74   31.47  1865.7  216.29   32.89   28.07    1.2     43314.806     13.50   47.10740   39.80800  E                
0 04.04.2019 12:02:18.621   5.33300000   5333.24386   0.42  -79.8   13.4  28.0 34.80  212.4   375.9  212.59   44.23   37.27   758.8  212.75   41.26   34.90  1191.5  212.92   37.85   32.45    1.8     43338.621     13.50   47.10740   39.80800  F1               
0 04.04.2019 12:02:32.779   5.33300000   5333.11043   2.52  -68.2   15.4  28.0 11.40  215.3   817.7  215.44   40.97   34.17  1634.9  215.55   34.62   29.48  2451.1  215.63   28.13   25.45    1.2     43352.779     13.50   47.10740   39.80800  E                
0 04.04.2019 12:02:43.539   5.33300000   5333.52601   2.52  -65.1   22.3  28.0 48.60  213.1   482.1  213.49   43.44   36.51   943.9  213.73   39.87   33.68  1371.3  213.94   36.52   31.27    1.5     43363.539     13.50   47.10740   39.80800  F2               
0 04.04.2019 12:02:43.539   5.33300000   5333.52601   2.52  -65.1   22.3  28.0  9.60  216.0   922.8  216.12   40.21   33.41  1845.3  216.23   33.04   28.19  2766.2  216.31   25.71   23.75    1.2     43363.539     13.50   47.10740   39.80800  E                
0 04.04.2019 12:02:55.472   5.33300000   5333.83730   2.52  -63.8   23.6  28.0 45.00  214.6   475.6  214.89   43.55   36.43   942.4  215.10   39.98   33.46  1390.2  215.28   36.51   30.86    1.4     43375.472     13.50   47.10740   39.80800  F2               
0 04.04.2019 12:02:55.472   5.33300000   5333.83730   2.52  -63.8   23.6  28.0 12.60  216.0   759.1  216.15   41.46   34.44  1518.2  216.25   35.62   29.92  2276.9  216.33   29.64   26.01    1.2     43375.472     13.50   47.10740   39.80800  E                
0 04.04.2019 12:03:29.825   5.33300000   5333.92079   2.52  -66.4   21.0  28.0 46.80  213.9   476.5  214.19   43.51   36.49   936.2  214.39   39.98   33.61  1372.0  214.58   36.58   31.12    1.3     43409.825     13.50   47.10740   39.80800  F2               
0 04.04.2019 12:03:42.816   5.33300000   5333.64968   2.52  -63.6   21.8  28.0 45.60  214.5   474.5  214.87   43.55   36.44   938.4  215.08   40.01   33.49  1381.7  215.26   36.57   30.91    1.4     43422.816     13.50   47.10740   39.80800  F2               
0 04.04.2019 12:03:42.816   5.33300000   5333.64968   2.52  -63.6   21.8  28.0  9.00  216.0   963.4  216.16   39.90   33.15  1926.4  216.27   32.41   27.76  2887.9  216.35   24.74   23.20    1.2     43422.816     13.50   47.10740   39.80800  E                
0 04.04.2019 12:03:53.546   5.33300000   5333.62108   2.52  -63.2   24.2  28.0 43.20  215.3   478.1  215.60   43.56   36.35   958.0  215.83   39.92   33.24  1419.6  216.03   36.36   30.52    1.2     43433.546     13.50   47.10740   39.80800  F1               
0 04.04.2019 12:03:53.546   5.33300000   5333.62108   2.52  -63.2   24.2  28.0 11.40  216.0   817.7  216.13   41.01   34.07  1635.1  216.24   34.70   29.29  2451.6  216.32   28.24   25.19    1.2     43433.546     13.50   47.10740   39.80800  E                
0 04.04.2019 12:04:16.216   5.33300000   5333.82340   2.52  -62.4   25.6  28.0 52.19  211.7   441.3  212.09   43.71   36.89   874.5  212.36   40.32   34.30  1282.4  212.60   37.10   32.05    1.2     43456.216     13.50   47.10740   39.80800  F2               
0 04.04.2019 12:04:16.216   5.33300000   5333.82340   2.52  -62.4   25.6  28.0 10.20  216.0   885.3  216.13   40.50   33.64  1770.3  216.24   33.64   28.58  2654.1  216.31   26.62   24.26    1.2     43456.216     13.50   47.10740   39.80800  E                
0 04.04.2019 12:04:26.943   5.33300000   5333.22563   2.52  -67.3   23.8  28.0 12.00  215.3   787.3  215.44   41.20   34.36  1574.0  215.55   35.10   29.80  2359.9  215.63   28.86   25.87    1.2     43466.943     13.50   47.10740   39.80800  E                
0 04.04.2019 12:04:26.943   5.33300000   5333.22563   2.52  -67.3   23.8  28.0 48.01  216.0   479.5  216.36   43.58   36.28   939.2  216.60   40.12   33.23  1369.5  216.82   36.84   30.62    1.2     43466.943     13.50   47.10740   39.80800  F2               
0 04.04.2019 12:04:49.469   5.33300000   5333.90464   2.52  -65.0   20.4  28.0 11.40  215.3   817.7  215.46   40.97   34.16  1635.0  215.57   34.62   29.47  2451.3  215.65   28.13   25.44    1.2     43489.469     13.50   47.10740   39.80800  E                
0 04.04.2019 12:05:12.977   5.33300000   5332.65008   0.24  -80.6   17.0  28.0 51.00  214.6   484.9  215.04   43.48   36.36   958.8  215.35   39.87   33.32  1399.6  215.64   36.47   30.72    1.4     43512.977     13.50   47.10740   39.80800  F2               
0 04.04.2019 12:05:35.764   5.33300000   5333.63714   2.52  -66.0   19.4  28.0 43.80  216.7   475.4  217.03   43.64   36.25   954.6  217.25   40.06   33.03  1416.1  217.45   36.55   30.20    1.6     43535.764     13.50   47.10740   39.80800  F1               
0 04.04.2019 12:05:35.764   5.33300000   5333.63714   2.52  -66.0   19.4  28.0  6.60  215.3  1161.1  215.44   38.31   32.11  2322.3  215.55   29.15   26.08  3481.8  215.62   19.77   21.04    1.2     43535.764     13.50   47.10740   39.80800  E                
0 04.04.2019 12:05:48.670   5.33300000   5333.65735   2.52  -63.8   23.7  28.0 50.99  213.1   493.5  213.58   43.36   36.43   991.7  213.87   39.50   33.38  1446.3  214.17   35.95   30.82    1.3     43548.670     13.50   47.10740   39.80800  F2               
0 04.04.2019 12:05:48.670   5.33300000   5333.65735   2.52  -63.8   23.7  28.0  6.00  216.0  1221.4  216.15   37.91   31.62  2442.6  216.26   28.30   25.25  3661.2  216.33   18.47   19.96    1.2     43548.670     13.50   47.10740   39.80800  E                
0 04.04.2019 12:06:24.139   5.33300000   5333.39484   2.52  -69.3   23.5  28.0 52.81  216.7   429.4  217.16   43.98   36.57   852.0  217.44   40.85   33.66  1255.6  217.71   37.81   31.09    1.2     43584.139     13.50   47.10740   39.80800  F2               
0 04.04.2019 12:06:24.139   5.33300000   5333.39484   2.52  -69.3   23.5  28.0  6.60  216.0  1161.1  216.16   38.38   31.97  2322.1  216.27   29.27   25.82  3481.0  216.34   19.94   20.68    1.1     43584.139     13.50   47.10740   39.80800  E                
0 04.04.2019 12:06:34.868   5.33300000   5333.75938   2.52  -64.0   23.6  28.0  7.80  216.0  1054.5  216.14   39.20   32.60  2108.7  216.25   30.96   26.86  3160.7  216.32   22.53   22.03    1.2     43594.868     13.50   47.10740   39.80800  E                
0 04.04.2019 12:06:45.672   5.33300000   5333.29280   2.52  -68.9   21.1  28.0 48.60  214.6   480.1  214.90   43.51   36.40   941.2  215.13   39.99   33.46  1370.5  215.35   36.67   30.95    1.6     43605.672     13.50   47.10740   39.80800  F2               
0 04.04.2019 12:06:45.672   5.33300000   5333.29280   2.52  -68.9   21.1  28.0  7.20  216.0  1105.7  216.13   38.80   32.30  2211.2  216.24   30.14   26.36  3314.5  216.31   21.28   21.39    1.2     43605.672     13.50   47.10740   39.80800  E                
0 04.04.2019 12:06:56.404   5.33300000   5333.96929   2.52  -66.5   19.9  28.0 10.20  216.0   885.0  216.15   40.50   33.64  1769.5  216.26   33.65   28.57  2652.6  216.34   26.63   24.25    1.2     43616.404     13.50   47.10740   39.80800  E                
0 04.04.2019 12:07:08.219   5.33300000   5332.71156   2.52  -73.5   11.9  28.0 44.40  212.4   476.4  212.71   43.46   36.62   951.0  212.90   39.75   33.78  1406.8  213.08   36.15   31.29    1.3     43628.219     13.50   47.10740   39.80800  F2               
0 04.04.2019 12:07:08.219   5.33300000   5332.71156   2.52  -73.5   11.9  28.0 11.40  215.3   817.4  215.44   40.97   34.17  1634.2  215.55   34.62   29.48  2450.0  215.63   28.13   25.46    1.2     43628.219     13.50   47.10740   39.80800  E                
0 04.04.2019 12:07:34.098   5.33300000   5332.65609   2.52  -80.0    7.3  28.0 47.40  213.1   477.0  213.43   43.48   36.55   935.7  213.63   39.93   33.74  1368.9  213.82   36.53   31.31    1.5     43654.098     13.50   47.10740   39.80800  F2               
0 04.04.2019 12:07:34.098   5.33300000   5332.65609   2.52  -80.0    7.3  28.0  6.60  216.0  1161.1  216.14   38.38   31.97  2322.1  216.25   29.26   25.82  3481.0  216.32   19.94   20.69    1.3     43654.098     13.50   47.10740   39.80800  E                
0 04.04.2019 12:07:46.040   5.33300000   5333.41687   2.50  -71.2   15.6  28.0 48.01  212.4   476.9  212.73   43.45   36.61   935.7  212.94   39.88   33.86  1365.0  213.13   36.49   31.50    1.2     43666.040     13.50   47.10740   39.80800  F2               
0 04.04.2019 12:07:46.040   5.33300000   5333.41687   2.50  -71.2   15.6  28.0 13.20  216.0   732.3  216.12   41.66   34.61  1464.2  216.23   36.03   30.22  2195.2  216.31   30.28   26.41    1.2     43666.040     13.50   47.10740   39.80800  E                
0 04.04.2019 12:07:58.957   5.33300000   5333.20693   2.32  -68.8   15.3  28.0 20.40  214.6   513.5  214.70   43.25   36.20  1026.0  214.79   39.31   33.02  1537.4  214.87   35.30   30.17    1.5     43678.957     13.50   47.10740   39.80800  E                
0 04.04.2019 12:07:58.957   5.33300000   5333.20693   2.32  -68.8   15.3  28.0 52.20  214.6   443.6  214.97   43.79   36.64   882.6  215.24   40.45   33.80  1297.6  215.50   37.26   31.32    1.2     43678.957     13.50   47.10740   39.80800  F2               
0 04.04.2019 12:08:38.848   5.33300000   5333.73148   2.52  -61.0   26.4  28.0 50.99  213.8   493.3  214.30   43.39   36.37   992.1  214.60   39.56   33.25  1446.0  214.90   36.03   30.65    1.5     43718.848     13.50   47.10740   39.80800  F2               
0 04.04.2019 12:08:38.848   5.33300000   5333.73148   2.52  -61.0   26.4  28.0  9.60  215.3   922.6  215.46   40.16   33.52  1844.4  215.57   32.96   28.39  2764.6  215.65   25.60   24.04    1.2     43718.848     13.50   47.10740   39.80800  E                
0 04.04.2019 12:08:51.738   5.33300000   5333.51830   2.52  -60.9   27.5  28.0 46.80  214.5   476.6  214.86   43.54   36.43   938.0  215.06   40.01   33.49  1375.2  215.25   36.62   30.95    1.2     43731.738     13.50   47.10740   39.80800  F2               
0 04.04.2019 12:08:51.738   5.33300000   5333.51830   2.52  -60.9   27.5  28.0  7.80  216.0  1054.5  216.12   39.20   32.61  2108.6  216.23   30.96   26.86  3160.6  216.30   22.53   22.04    1.2     43731.738     13.50   47.10740   39.80800  E                
0 04.04.2019 12:09:03.549   5.33300000   5333.94229   2.52  -60.8   26.6  28.0 47.40  213.1   477.2  213.43   43.48   36.55   936.2  213.63   39.92   33.74  1369.5  213.82   36.52   31.31    1.2     43743.549     13.50   47.10740   39.80800  F2               
0 04.04.2019 12:09:03.549   5.33300000   5333.94229   2.52  -60.8   26.6  28.0  7.20  215.3  1105.6  215.45   38.75   32.43  2210.8  215.57   30.04   26.60  3313.9  215.64   21.15   21.72    1.2     43743.549     13.50   47.10740   39.80800  E                
0 04.04.2019 12:09:15.653   5.33300000   5333.82214   2.52  -59.5   30.4  28.0 10.80  216.0   850.0  216.12   40.77   33.86  1699.5  216.23   34.19   28.95  2547.8  216.31   27.47   24.74    1.2     43755.653     13.50   47.10740   39.80800  E                
0 04.04.2019 12:09:15.653   5.33300000   5333.82214   2.52  -59.5   30.4  28.0 46.80  214.6   476.7  214.88   43.54   36.43   938.2  215.08   40.01   33.49  1375.5  215.27   36.62   30.94    1.2     43755.653     13.50   47.10740   39.80800  F2               
0 04.04.2019 12:09:28.550   5.33300000   5333.82108   2.52  -61.1   26.3  28.0 52.80  218.9   429.6  219.32   44.07   36.40   852.7  219.62   41.00   33.33  1257.3  219.91   38.03   30.62    1.6     43768.550     13.50   47.10740   39.80800  F2               
0 04.04.2019 12:09:28.550   5.33300000   5333.82108   2.52  -61.1   26.3  28.0  6.00  215.3  1221.3  215.48   37.85   31.76  2442.2  215.59   28.19   25.51  3660.3  215.65   18.32   20.31    1.2     43768.550     13.50   47.10740   39.80800  E                
0 04.04.2019 12:09:39.268   5.33300000   5333.49393   2.52  -66.1   28.1  28.0 48.00  214.5   477.2  214.88   43.53   36.42   937.0  215.09   40.02   33.49  1366.8  215.30   36.69   30.98    1.2     43779.268     13.50   47.10740   39.80800  F2               
0 04.04.2019 12:09:39.268   5.33300000   5333.49393   2.52  -66.1   28.1  28.0  9.00  216.0   963.1  216.12   39.90   33.16  1925.6  216.23   32.41   27.78  2886.5  216.31   24.74   23.22    1.2     43779.268     13.50   47.10740   39.80800  E                
0 04.04.2019 12:10:04.380   5.33300000   5332.81326   2.52  -66.6   27.4  28.0 47.99  214.5   477.1  214.87   43.53   36.42   936.5  215.09   40.03   33.49  1366.3  215.30   36.70   30.98    1.2     43804.380     13.50   47.10740   39.80800  F2               
0 04.04.2019 12:10:04.380   5.33300000   5332.81326   2.52  -66.6   27.4  28.0  7.80  215.3  1054.4  215.46   39.14   32.73  2108.3  215.57   30.86   27.09  3159.9  215.64   22.40   22.35    1.2     43804.380     13.50   47.10740   39.80800  E                
0 04.04.2019 12:10:15.261   5.33300000   5333.25531   2.52  -70.5   24.3  28.0 10.20  215.3   885.0  215.41   40.45   33.76  1769.2  215.52   33.55   28.79  2652.0  215.59   26.50   24.56    1.2     43815.261     13.50   47.10740   39.80800  E                
0 04.04.2019 12:10:15.261   5.33300000   5333.25531   2.52  -70.5   24.3  28.0 45.60  211.7   475.0  211.97   43.44   36.69   941.0  212.15   39.78   33.96  1386.3  212.33   36.24   31.58    1.2     43815.261     13.50   47.10740   39.80800  F2               
0 04.04.2019 12:10:26.725   5.33300000   5333.94056   2.35  -64.7   23.9  28.0 47.40  215.3   477.5  215.60   43.56   36.36   937.5  215.81   40.07   33.37  1371.2  216.01   36.74   30.79    1.5     43826.725     13.50   47.10740   39.80800  F2               
0 04.04.2019 12:10:26.725   5.33300000   5333.94056   2.35  -64.7   23.9  28.0 11.40  216.0   817.5  216.14   41.02   34.07  1634.5  216.25   34.70   29.29  2450.5  216.33   28.25   25.19    1.2     43826.725     13.50   47.10740   39.80800  E                
0 04.04.2019 12:10:38.555   5.33300000   5332.60820   1.57  -79.5   20.7  28.0  5.40  215.3  1286.7  215.47   37.34   31.39  2573.4  215.58   27.13   24.92  3857.0  215.64   16.71   19.55    1.3     43838.555     13.50   47.10740   39.80800  E                
0 04.04.2019 12:10:38.555   5.33300000   5332.60820   1.57  -79.5   20.7  28.0 45.01  213.1   476.4  213.42   43.48   36.56   946.4  213.61   39.84   33.68  1396.7  213.79   36.30   31.17    1.3     43838.555     13.50   47.10740   39.80800  F2               
0 04.04.2019 12:10:38.555   5.33300000   5332.90341   2.39  -67.4   27.2  28.0 46.79  212.4   476.3  212.72   43.46   36.62   937.0  212.91   39.86   33.85  1373.9  213.09   36.41   31.46    1.2     43838.555     13.50   47.10740   39.80800  F2               
0 04.04.2019 12:10:38.555   5.33300000   5332.90341   2.39  -67.4   27.2  28.0  9.00  215.3   963.1  215.45   39.85   33.28  1925.3  215.56   32.32   27.99  2886.0  215.63   24.62   23.52    1.2     43838.555     13.50   47.10740   39.80800  E                
0 04.04.2019 12:11:13.565   5.33300000   5333.41425   2.52  -68.0   22.7  28.0 46.19  214.6   475.4  214.87   43.55   36.44   939.1  215.06   40.00   33.48  1380.3  215.25   36.58   30.92    1.2     43873.565     13.50   47.10740   39.80800  F2               
0 04.04.2019 12:11:13.565   5.33300000   5333.41425   2.52  -68.0   22.7  28.0 11.40  215.3   817.4  215.46   40.97   34.17  1634.3  215.56   34.62   29.48  2450.0  215.64   28.14   25.45    1.2     43873.565     13.50   47.10740   39.80800  E                
0 04.04.2019 12:11:24.312   5.33300000   5332.75659   2.52  -74.9   16.5  28.0 44.40  217.4   476.0  217.74   43.66   36.19   950.7  217.96   40.14   32.94  1406.3  218.16   36.70   30.09    1.7     43884.312     13.50   47.10740   39.80800  F2               
0 04.04.2019 12:11:24.312   5.33300000   5332.75659   2.52  -74.9   16.5  28.0 10.20  215.3   885.0  215.45   40.45   33.75  1769.2  215.56   33.56   28.78  2652.0  215.64   26.51   24.54    1.4     43884.312     13.50   47.10740   39.80800  E                
0 04.04.2019 12:11:24.312   5.33300000   5333.15305   1.95  -72.3   18.5  28.0 45.60  214.6   475.1  214.87   43.55   36.44   941.6  215.06   39.99   33.47  1387.2  215.25   36.53   30.88    1.4     43884.312     13.50   47.10740   39.80800  F2               
0 04.04.2019 12:11:24.312   5.33300000   5333.15305   1.95  -72.3   18.5  28.0  9.00  215.3   963.1  215.46   39.85   33.27  1925.3  215.57   32.32   27.98  2886.0  215.65   24.62   23.51    1.3     43884.312     13.50   47.10740   39.80800  E                
0 04.04.2019 12:11:47.692   5.33300000   5333.41934   2.52  -68.4   23.8  28.0 46.21  211.7   475.3  211.98   43.44   36.69   938.1  212.16   39.80   33.97  1378.9  212.34   36.30   31.61    1.3     43907.692     13.50   47.10740   39.80800  F2               
0 04.04.2019 12:11:47.692   5.33300000   5333.41934   2.52  -68.4   23.8  28.0 10.20  215.3   885.0  215.45   40.45   33.75  1769.3  215.55   33.55   28.78  2652.1  215.63   26.51   24.54    1.2     43907.692     13.50   47.10740   39.80800  E                
0 04.04.2019 12:12:09.143   5.33300000   5333.84389   2.52  -63.2   16.3  28.0 46.20  215.3   475.6  215.59   43.58   36.37   939.5  215.79   40.06   33.36  1380.9  215.98   36.66   30.75    1.3     43929.143     13.50   47.10740   39.80800  F2               
0 04.04.2019 12:12:09.143   5.33300000   5333.84389   2.52  -63.2   16.3  28.0 16.80  215.3   603.9  215.44   42.60   35.53  1206.9  215.54   37.97   31.83  1809.0  215.62   33.25   28.56    1.2     43929.143     13.50   47.10740   39.80800  E                
0 04.04.2019 12:12:20.957   5.33300000   5333.51144   2.26  -61.6   22.3  28.0 46.20  215.3   475.5  215.58   43.58   36.37   939.3  215.78   40.06   33.36  1380.7  215.97   36.66   30.75    1.4     43940.957     13.50   47.10740   39.80800  F2               
0 04.04.2019 12:12:20.957   5.33300000   5333.51144   2.26  -61.6   22.3  28.0 16.80  215.3   603.9  215.45   42.60   35.53  1206.8  215.55   37.97   31.82  1809.0  215.63   33.25   28.55    1.2     43940.957     13.50   47.10740   39.80800  E                
0 04.04.2019 12:12:32.882   5.33300000   5333.33981   1.84  -64.4   22.4  28.0 17.40  215.3   586.8  215.43   42.73   35.65  1172.6  215.53   38.23   32.02  1757.6  215.61   33.65   28.82    1.2     43952.882     13.50   47.10740   39.80800  E                
0 04.04.2019 12:13:12.458   5.33300000   5333.51406   2.52  -65.9   19.9  28.0  7.20  216.0  1105.7  216.15   38.81   32.29  2211.2  216.26   30.15   26.35  3314.6  216.34   21.29   21.38    1.2     43992.458     13.50   47.10740   39.80800  E                
0 04.04.2019 12:13:23.201   5.33300000   5333.29090   2.52  -72.9   19.7  28.0 47.41  215.3   477.3  215.61   43.56   36.36   937.2  215.82   40.08   33.37  1370.9  216.02   36.74   30.79    1.4     44003.201     13.50   47.10740   39.80800  F2               
0 04.04.2019 12:13:23.201   5.33300000   5333.29090   2.52  -72.9   19.7  28.0  9.00  216.0   963.1  216.16   39.90   33.15  1925.6  216.28   32.42   27.76  2886.6  216.35   24.75   23.20    1.2     44003.201     13.50   47.10740   39.80800  E                
0 04.04.2019 12:13:35.011   5.33300000   5332.85723   2.46  -73.0   21.4  28.0 47.40  214.6   477.2  214.87   43.53   36.42   936.6  215.08   40.02   33.50  1370.1  215.28   36.67   30.97    1.3     44015.011     13.50   47.10740   39.80800  F2               
0 04.04.2019 12:13:35.011   5.33300000   5332.85723   2.46  -73.0   21.4  28.0  7.80  215.3  1054.4  215.44   39.14   32.73  2108.4  215.55   30.86   27.09  3160.0  215.62   22.39   22.36    1.2     44015.011     13.50   47.10740   39.80800  E                
0 04.04.2019 12:13:45.873   5.33300000   5332.67809   0.27  -81.1    8.1  28.0 18.00  215.3   570.5  215.39   42.85   35.76  1140.1  215.49   38.48   32.22  1708.8  215.57   34.03   29.09    2.0     44025.873     13.50   47.10740   39.80800  E                
0 04.04.2019 12:13:45.873   5.33300000   5333.58682   2.26  -76.6   10.6  28.0 49.80  216.0   493.6  216.43   43.48   36.18   966.2  216.70   39.92   33.05  1430.3  216.98   36.38   30.23    1.7     44025.873     13.50   47.10740   39.80800  F2               
0 04.04.2019 12:13:45.873   5.33300000   5333.58682   2.26  -76.6   10.6  28.0  8.40  215.3  1007.0  215.46   39.51   33.01  2013.1  215.57   31.62   27.55  3017.1  215.65   23.56   22.95    1.3     44025.873     13.50   47.10740   39.80800  E                
0 04.04.2019 12:13:58.849   5.33300000   5333.42119   2.52  -75.8   17.2  28.0  5.40  216.0  1286.9  216.15   37.41   31.24  2573.9  216.26   27.25   24.65  3858.1  216.32   16.86   19.17    1.3     44038.849     13.50   47.10740   39.80800  E                
0 04.04.2019 12:14:21.375   5.33300000   5333.99089   2.43  -66.2    9.3  28.0 44.40  215.3   476.4  215.58   43.57   36.37   951.2  215.78   39.97   33.29  1407.0  215.97   36.45   30.60    1.6     44061.375     13.50   47.10740   39.80800  F2               
0 04.04.2019 12:14:21.375   5.33300000   5333.99089   2.43  -66.2    9.3  28.0 16.20  215.3   622.4  215.42   42.46   35.41  1243.8  215.52   37.68   31.62  1864.3  215.60   32.81   28.28    1.2     44061.375     13.50   47.10740   39.80800  E                
0 04.04.2019 12:14:43.925   5.33300000   5333.38386   2.50  -65.6   10.9  28.0  6.60  215.3  1161.0  215.41   38.31   32.12  2321.7  215.52   29.15   26.09  3480.0  215.59   19.78   21.06    1.3     44083.925     13.50   47.10740   39.80800  E                
0 04.04.2019 12:14:43.925   5.33300000   5333.38386   2.50  -65.6   10.9  28.0 46.21  214.5   475.4  214.85   43.55   36.44   939.0  215.05   40.00   33.49  1380.1  215.24   36.58   30.92    1.2     44083.925     13.50   47.10740   39.80800  F2               
0 04.04.2019 12:14:54.670   5.33300000   5333.31265   2.52  -70.7   11.0  28.0 47.40  215.3   477.4  215.60   43.56   36.36   937.2  215.81   40.08   33.37  1370.9  216.01   36.74   30.79    1.2     44094.670     13.50   47.10740   39.80800  F2               
0 04.04.2019 12:14:54.670   5.33300000   5333.31265   2.52  -70.7   11.0  28.0 14.40  216.0   684.1  216.11   42.03   34.93  1367.3  216.21   36.79   30.77  2049.7  216.29   31.44   27.14    1.2     44094.670     13.50   47.10740   39.80800  E                
0 04.04.2019 12:15:28.073   5.33300000   5332.87304   2.52  -72.0   15.5  28.0 43.20  212.4   480.5  212.69   43.42   36.60   966.5  212.89   39.63   33.69  1435.9  213.09   35.92   31.14    1.3     44128.073     13.50   47.10740   39.80800  F1               
0 04.04.2019 12:15:28.073   5.33300000   5332.87304   2.52  -72.0   15.5  28.0  8.40  215.3  1006.9  215.47   39.51   33.01  2013.0  215.58   31.62   27.55  3017.1  215.65   23.56   22.95    1.2     44128.073     13.50   47.10740   39.80800  E                
0 04.04.2019 12:15:40.634   5.33300000   5333.63661   2.52  -65.1   18.3  28.0  8.40  216.0  1007.0  216.12   39.56   32.89  2015.0  216.23   31.70   27.33  3023.1  216.31   23.64   22.63    1.2     44140.634     13.50   47.10740   39.80800  E                
0 04.04.2019 12:15:51.343   5.33300000   5333.77606   2.52  -63.9   19.5  28.0 47.41  213.1   477.2  213.43   43.48   36.55   936.1  213.63   39.92   33.74  1369.4  213.82   36.52   31.31    1.2     44151.343     13.50   47.10740   39.80800  F2               
0 04.04.2019 12:15:51.343   5.33300000   5333.77606   2.52  -63.9   19.5  28.0 11.40  216.0   817.5  216.12   41.01   34.07  1634.5  216.23   34.70   29.30  2450.5  216.30   28.25   25.20    1.2     44151.343     13.50   47.10740   39.80800  E                
0 04.04.2019 12:16:02.061   5.33300000   5333.54098   2.52  -66.0   20.4  28.0  9.60  216.0   922.6  216.14   40.21   33.41  1844.7  216.25   33.05   28.19  2765.1  216.33   25.73   23.75    1.2     44162.061     13.50   47.10740   39.80800  E                
0 04.04.2019 12:16:12.796   5.33300000   5333.67424   2.52  -67.1   16.3  28.0  8.40  215.3  1007.0  215.46   39.51   33.01  2013.1  215.57   31.62   27.55  3017.1  215.65   23.56   22.95    1.2     44172.796     13.50   47.10740   39.80800  E                
0 04.04.2019 12:16:23.527   5.33300000   5333.75709   2.52  -66.3   17.1  28.0 12.00  216.0   787.1  216.17   41.25   34.26  1573.6  216.28   35.19   29.61  2359.2  216.36   28.98   25.61    1.2     44183.527     13.50   47.10740   39.80800  E                
0 04.04.2019 12:16:58.683   5.33300000   5333.31393   2.52  -76.8   20.0  28.0 10.20  215.3   884.9  215.41   40.45   33.76  1769.2  215.52   33.55   28.79  2651.9  215.60   26.50   24.56    1.2     44218.683     13.50   47.10740   39.80800  E                
0 04.04.2019 12:17:32.655   5.33300000   5333.17722   2.35  -78.3   16.2  28.0  6.00  216.0  1221.4  216.16   37.91   31.61  2442.6  216.27   28.30   25.25  3661.1  216.34   18.47   19.95    1.2     44252.655     13.50   47.10740   39.80800  E                
0 04.04.2019 12:17:44.447   5.33300000   5333.39847   2.52  -78.3   18.2  28.0 46.20  212.4   475.3  212.70   43.46   36.63   938.4  212.89   39.85   33.85  1379.3  213.07   36.37   31.44    1.7     44264.447     13.50   47.10740   39.80800  F2               
0 04.04.2019 12:17:44.447   5.33300000   5333.39847   2.52  -78.3   18.2  28.0  9.60  214.6   922.5  214.72   40.11   33.64  1844.1  214.83   32.86   28.62  2763.9  214.91   25.47   24.35    1.4     44264.447     13.50   47.10740   39.80800  E                
0 04.04.2019 12:18:06.057   5.33300000   5333.65939   2.52  -66.8   12.6  28.0 49.80  211.7   491.9  212.06   43.31   36.58   965.2  212.30   39.60   33.80  1418.7  212.55   36.00   31.36    1.6     44286.057     13.50   47.10740   39.80800  F2               
0 04.04.2019 12:18:06.057   5.33300000   5333.65939   2.52  -66.8   12.6  28.0 10.20  215.3   885.0  215.46   40.45   33.75  1769.2  215.57   33.56   28.77  2652.0  215.65   26.51   24.54    1.2     44286.057     13.50   47.10740   39.80800  E                
0 04.04.2019 12:18:16.791   5.33300000   5333.80942   2.52  -65.0   20.5  28.0 43.20  213.8   480.5  214.14   43.48   36.47   966.5  214.35   39.74   33.44  1435.3  214.55   36.08   30.79    1.6     44296.791     13.50   47.10740   39.80800  F1               
0 04.04.2019 12:18:16.791   5.33300000   5333.80942   2.52  -65.0   20.5  28.0  9.00  215.3   963.1  215.46   39.85   33.27  1925.4  215.57   32.32   27.99  2886.0  215.64   24.62   23.51    1.2     44296.791     13.50   47.10740   39.80800  E                
0 04.04.2019 12:18:38.761   5.33300000   5333.49372   2.52  -69.5   18.9  28.0 43.80  216.7   476.3  217.03   43.63   36.24   956.1  217.25   40.04   33.02  1417.4  217.45   36.54   30.19    1.5     44318.761     13.50   47.10740   39.80800  F2               
0 04.04.2019 12:18:38.761   5.33300000   5333.49372   2.52  -69.5   18.9  28.0  6.00  215.3  1221.3  215.46   37.85   31.76  2442.2  215.57   28.19   25.51  3660.2  215.64   18.32   20.32    1.2     44318.761     13.50   47.10740   39.80800  E                
0 04.04.2019 12:18:49.498   5.33300000   5333.82113   2.52  -64.4   19.0  28.0  9.60  216.0   922.7  216.15   40.21   33.41  1844.7  216.26   33.05   28.18  2765.1  216.34   25.73   23.75    1.2     44329.498     13.50   47.10740   39.80800  E                
0 04.04.2019 12:19:00.206   5.33300000   5333.77654   2.52  -65.0   20.4  28.0 48.00  219.6   478.2  219.95   43.74   35.99   939.6  220.19   40.41   32.65  1371.0  220.42   37.23   29.79    1.4     44340.206     13.50   47.10740   39.80800  F2               
0 04.04.2019 12:19:00.206   5.33300000   5333.77654   2.52  -65.0   20.4  28.0  7.80  215.3  1054.4  215.44   39.14   32.73  2108.4  215.55   30.86   27.09  3160.1  215.63   22.39   22.36    1.2     44340.206     13.50   47.10740   39.80800  E                
0 04.04.2019 12:19:11.652   5.33300000   5333.75179   2.52  -65.7   15.7  28.0  7.80  216.0  1054.5  216.13   39.20   32.61  2108.6  216.24   30.96   26.86  3160.6  216.32   22.53   22.03    1.2     44351.652     13.50   47.10740   39.80800  E                
0 04.04.2019 12:19:22.350   5.33300000   5333.20165   2.52  -68.2   12.7  28.0 47.99  218.9   477.9  219.23   43.71   36.05   938.9  219.47   40.35   32.77  1370.0  219.69   37.16   29.96    1.3     44362.350     13.50   47.10740   39.80800  F2               
0 04.04.2019 12:19:22.350   5.33300000   5333.20165   2.52  -68.2   12.7  28.0 10.80  216.0   850.0  216.12   40.77   33.86  1699.5  216.23   34.19   28.95  2547.8  216.31   27.47   24.75    1.1     44362.350     13.50   47.10740   39.80800  E                
0 04.04.2019 12:19:32.973   5.33300000   5333.40345   2.46  -70.3   15.0  28.0 45.00  217.5   476.6  217.76   43.66   36.18   947.2  217.97   40.17   32.96  1397.9  218.17   36.77   30.14    1.2     44372.973     13.50   47.10740   39.80800  F2               
0 04.04.2019 12:19:32.973   5.33300000   5333.40345   2.46  -70.3   15.0  28.0  9.00  215.3   963.0  215.40   39.85   33.28  1925.3  215.51   32.31   28.00  2885.9  215.59   24.61   23.54    1.2     44372.973     13.50   47.10740   39.80800  E                
0 04.04.2019 12:19:46.693   5.33300000   5333.31105   2.52  -70.6   20.2  28.0 45.60  210.2   475.0  210.51   43.39   36.82   940.8  210.69   39.68   34.21  1386.0  210.86   36.10   31.93    1.5     44386.693     13.50   47.10740   39.80800  F2               
0 04.04.2019 12:19:46.693   5.33300000   5333.31105   2.52  -70.6   20.2  28.0  9.00  215.3   963.1  215.43   39.85   33.28  1925.3  215.54   32.31   27.99  2886.0  215.61   24.61   23.53    1.2     44386.693     13.50   47.10740   39.80800  E                
0 04.04.2019 12:19:57.441   5.33300000   5333.45128   2.52  -74.3   16.1  28.0 46.80  213.1   476.5  213.43   43.48   36.56   937.5  213.62   39.91   33.73  1374.5  213.81   36.48   31.29    1.6     44397.441     13.50   47.10740   39.80800  F2               
0 04.04.2019 12:19:57.441   5.33300000   5333.45128   2.52  -74.3   16.1  28.0  7.20  215.3  1105.6  215.46   38.75   32.43  2210.9  215.57   30.04   26.60  3314.0  215.64   21.15   21.71    1.2     44397.441     13.50   47.10740   39.80800  E                
0 04.04.2019 12:20:24.372   5.33300000   5333.16900   2.52  -67.0   19.0  28.0 45.00  213.8   476.5  214.14   43.51   36.49   946.6  214.34   39.89   33.56  1397.1  214.52   36.38   31.00    1.2     44424.372     13.50   47.10740   39.80800  F2               
0 04.04.2019 12:20:35.232   5.33300000   5333.65646   2.39  -72.1    8.5  28.0 44.40  216.7   475.9  217.00   43.63   36.25   953.8  217.20   40.06   33.04  1412.7  217.40   36.57   30.23    1.4     44435.232     13.50   47.10740   39.80800  F2               
0 04.04.2019 12:21:18.247   5.33300000   5332.82511   1.81  -79.4    7.0  28.0 56.40  206.6   373.3  206.99   44.10   37.69   735.3  207.19   41.15   35.80  1081.0  207.38   38.32   34.13    1.4     44478.247     13.50   47.10740   39.80800  F2               
0 04.04.2019 12:21:18.247   5.33300000   5333.15435   1.92  -76.2    6.8  28.0 48.60  213.1   478.0  213.44   43.47   36.54   938.4  213.64   39.91   33.72  1370.0  213.85   36.52   31.30    1.5     44478.247     13.50   47.10740   39.80800  F2               
0 04.04.2019 12:21:40.850   5.33300000   5333.27597   2.50  -71.5   20.4  28.0 52.19  208.8   445.0  209.15   43.58   37.12   889.2  209.37   40.01   34.70  1306.0  209.59   36.64   32.61    1.2     44500.850     13.50   47.10740   39.80800  F2               
0 04.04.2019 12:21:40.850   5.33300000   5333.27597   2.50  -71.5   20.4  28.0  9.00  215.3   962.9  215.43   39.85   33.28  1924.8  215.54   32.32   28.00  2885.0  215.62   24.62   23.53    1.2     44500.850     13.50   47.10740   39.80800  E                
0 04.04.2019 12:22:02.320   5.33300000   5333.80944   2.52  -63.3   20.1  28.0 10.80  215.3   849.8  215.47   40.72   33.96  1698.7  215.57   34.11   29.14  2546.3  215.65   27.36   25.01    1.2     44522.320     13.50   47.10740   39.80800  E                
0 04.04.2019 12:22:13.740   5.33300000   5333.53333   2.52  -66.1   20.6  28.0 52.21  209.5   444.4  209.86   43.61   37.06   888.0  210.09   40.07   34.59  1304.9  210.32   36.71   32.45    1.3     44533.740     13.50   47.10740   39.80800  F2               
0 04.04.2019 12:22:13.740   5.33300000   5333.53333   2.52  -66.1   20.6  28.0  9.00  216.0   962.9  216.13   39.90   33.16  1925.1  216.24   32.42   27.78  2885.5  216.32   24.75   23.22    1.2     44533.740     13.50   47.10740   39.80800  E                
0 04.04.2019 12:22:35.420   5.33300000   5333.12756   2.46  -70.3    9.0  28.0  9.60  215.3   922.3  215.40   40.16   33.53  1843.7  215.51   32.96   28.41  2763.3  215.59   25.60   24.07    1.2     44555.420     13.50   47.10740   39.80800  E                
0 04.04.2019 12:22:46.144   5.33300000   5333.83145   2.52  -65.6   15.8  28.0 11.40  216.0   817.3  216.14   41.02   34.07  1633.9  216.25   34.71   29.29  2449.6  216.33   28.26   25.19    1.5     44566.144     13.50   47.10740   39.80800  E                
0 04.04.2019 12:22:46.144   5.33300000   5333.83145   2.52  -65.6   15.8  28.0 52.80  209.5   429.8  209.86   43.72   37.15   854.8  210.07   40.33   34.76  1259.3  210.30   37.08   32.67    1.3     44566.144     13.50   47.10740   39.80800  F2               
0 04.04.2019 12:23:20.585   5.33300000   5333.68436   2.52  -66.6    6.8  28.0 52.20  208.1   444.8  208.42   43.56   37.18   888.5  208.64   39.98   34.82  1304.5  208.86   36.59   32.79    1.3     44600.585     13.50   47.10740   39.80800  F2               
0 04.04.2019 12:23:31.367   5.33300000   5333.32482   2.48  -72.3   13.4  28.0 46.80  212.4   476.2  212.67   43.46   36.62   938.0  212.86   39.85   33.86  1376.0  213.04   36.39   31.46    1.4     44611.367     13.50   47.10740   39.80800  F2               
0 04.04.2019 12:23:43.928   5.33300000   5333.74629   2.52  -59.4   20.1  28.0 13.20  214.6   732.0  214.72   41.58   34.80  1463.3  214.83   35.89   30.57  2193.5  214.91   30.08   26.91    1.4     44623.928     13.50   47.10740   39.80800  E                
0 04.04.2019 12:23:43.928   5.33300000   5333.74629   2.52  -59.4   20.1  28.0 52.20  209.5   444.8  209.86   43.60   37.06   888.7  210.09   40.06   34.58  1305.9  210.32   36.70   32.44    1.2     44623.928     13.50   47.10740   39.80800  F2               
0 04.04.2019 12:23:54.717   5.33300000   5333.73062   2.52  -59.9   25.5  28.0 51.60  209.5   465.7  209.87   43.44   36.94   935.2  210.11   39.69   34.34  1364.9  210.36   36.23   32.15    1.2     44634.717     13.50   47.10740   39.80800  F2               
0 04.04.2019 12:23:54.717   5.33300000   5333.73062   2.52  -59.9   25.5  28.0 16.20  215.3   622.1  215.44   42.46   35.41  1243.3  215.54   37.68   31.62  1863.2  215.62   32.82   28.28    1.1     44634.717     13.50   47.10740   39.80800  E                
0 04.04.2019 12:24:05.616   5.33300000   5333.80690   2.52  -63.0   18.4  28.0 52.19  208.8   444.8  209.15   43.58   37.12   888.8  209.37   40.02   34.70  1305.4  209.60   36.65   32.61    1.2     44645.616     13.50   47.10740   39.80800  F2               
0 04.04.2019 12:24:17.453   5.33300000   5333.70400   2.52  -58.4   29.0  28.0 19.80  215.3   526.5  215.40   43.18   36.05  1051.9  215.50   39.17   32.74  1576.3  215.58   35.08   29.78    1.3     44657.453     13.50   47.10740   39.80800  E                
0 04.04.2019 12:24:17.453   5.33300000   5333.70400   2.52  -58.4   29.0  28.0 51.60  208.1   466.0  208.43   43.39   37.06   935.5  208.66   39.59   34.58  1365.0  208.90   36.10   32.50    1.2     44657.453     13.50   47.10740   39.80800  F2               
0 04.04.2019 12:24:28.172   5.33300000   5333.54998   2.52  -68.4   17.5  28.0 50.99  210.2   500.0  210.65   43.19   36.66  1015.2  210.91   39.10   33.78  1487.5  211.22   35.31   31.35    1.3     44668.172     13.50   47.10740   39.80800  F2               
0 04.04.2019 12:24:38.914   5.33300000   5333.79901   2.52  -60.6   22.9  28.0 25.80  216.0   421.2  216.11   44.00   36.70   840.8  216.20   40.84   33.91  1259.1  216.28   37.63   31.37    1.7     44678.914     13.50   47.10740   39.80800  E                
0 04.04.2019 12:24:38.914   5.33300000   5333.79901   2.52  -60.6   22.9  28.0 52.80  209.5   429.9  209.88   43.72   37.14   855.1  210.09   40.33   34.76  1259.8  210.32   37.08   32.67    1.3     44678.914     13.50   47.10740   39.80800  F2               
0 04.04.2019 12:25:01.514   5.33300000   5333.24294   2.46  -67.9   23.1  28.0 23.40  215.3   456.9  215.41   43.71   36.52   912.5  215.50   40.24   33.57  1367.0  215.58   36.72   30.92    1.4     44701.514     13.50   47.10740   39.80800  E                
0 04.04.2019 12:25:01.514   5.33300000   5333.24294   2.46  -67.9   23.1  28.0 52.20  213.1   444.9  213.50   43.73   36.75   889.3  213.75   40.30   33.99  1309.5  214.00   37.02   31.59    1.2     44701.514     13.50   47.10740   39.80800  F2               
0 04.04.2019 12:25:12.230   5.33300000   5333.68966   2.52  -59.7   23.7  28.0 15.60  216.0   641.6  216.10   42.35   35.21  1282.3  216.20   37.45   31.25  1922.1  216.28   32.44   27.78    1.2     44712.230     13.50   47.10740   39.80800  E                
0 04.04.2019 12:25:12.230   5.33300000   5333.68966   2.52  -59.7   23.7  28.0 52.21  208.8   444.5  209.14   43.58   37.12   888.0  209.36   40.02   34.70  1304.4  209.58   36.65   32.62    1.2     44712.230     13.50   47.10740   39.80800  F2               
0 04.04.2019 12:25:55.275   5.33300000   5333.22925   2.39  -66.7   21.9  28.0 48.60  214.6   478.4  214.89   43.53   36.41   939.0  215.10   40.01   33.48  1371.6  215.32   36.66   30.95    1.5     44755.275     13.50   47.10740   39.80800  F2               
0 04.04.2019 12:25:55.275   5.33300000   5333.22925   2.39  -66.7   21.9  28.0 12.00  216.0   786.9  216.16   41.25   34.26  1573.2  216.27   35.19   29.62  2358.7  216.35   28.99   25.61    1.2     44755.275     13.50   47.10740   39.80800  E                
0 04.04.2019 12:26:07.128   5.33300000   5333.22511   2.39  -69.3   27.3  28.0  7.80  216.0  1054.3  216.16   39.20   32.60  2108.0  216.27   30.97   26.85  3159.4  216.34   22.55   22.03    1.2     44767.128     13.50   47.10740   39.80800  E                
0 04.04.2019 12:26:17.861   5.33300000   5333.01980   2.52  -67.5   30.0  28.0 59.10  210.2   341.0  210.69   44.45   37.62   669.4  210.96   41.86   35.65   983.1  211.20   39.38   33.89    1.4     44777.861     13.50   47.10740   39.80800  F2               
0 04.04.2019 12:27:00.763   5.33300000   5333.06437   2.50  -71.0   26.6  28.0  9.00  216.0   962.9  216.15   39.90   33.16  1925.1  216.26   32.42   27.77  2885.5  216.34   24.76   23.21    1.5     44820.763     13.50   47.10740   39.80800  E                
0 04.04.2019 12:27:22.275   5.33300000   5333.68773   2.52  -64.2   23.2  28.0 54.60  210.2   399.1  210.59   43.99   37.27   789.1  210.81   40.90   35.00  1161.4  211.03   37.93   33.00    1.3     44842.275     13.50   47.10740   39.80800  F2               
0 04.04.2019 12:27:35.324   5.33300000   5333.75325   2.52  -60.8   26.7  28.0 55.20  210.2   390.1  210.61   44.06   37.32   770.3  210.83   41.05   35.10  1133.9  211.05   38.16   33.14    1.2     44855.324     13.50   47.10740   39.80800  F2               
0 04.04.2019 12:27:46.088   5.33300000   5333.91903   2.52  -60.2   27.2  28.0 12.60  215.3   758.6  215.43   41.42   34.54  1516.7  215.54   35.54   30.11  2274.0  215.62   29.54   26.28    1.4     44866.088     13.50   47.10740   39.80800  E                
0 04.04.2019 12:27:46.088   5.33300000   5333.91903   2.52  -60.2   27.2  28.0 53.40  212.4   419.1  212.78   43.90   36.98   830.9  213.01   40.71   34.44  1224.1  213.25   37.62   32.21    1.3     44866.088     13.50   47.10740   39.80800  F2               
0 04.04.2019 12:27:56.821   5.33300000   5333.33369   2.50  -72.7   24.5  28.0  6.00  216.0  1221.2  216.19   37.92   31.61  2441.9  216.30   28.31   25.24  3659.6  216.37   18.49   19.95    1.3     44876.821     13.50   47.10740   39.80800  E                
0 04.04.2019 12:28:07.531   5.33300000   5333.37579   2.52  -61.7   27.3  28.0 54.00  216.0   409.4  216.40   44.10   36.77   810.6  216.66   41.10   34.04  1194.9  216.91   38.19   31.62    1.7     44887.531     13.50   47.10740   39.80800  F2               
0 04.04.2019 12:28:07.531   5.33300000   5333.37579   2.52  -61.7   27.3  28.0 11.40  216.0   817.3  216.17   41.02   34.06  1633.9  216.28   34.71   29.29  2449.6  216.36   28.26   25.18    1.2     44887.531     13.50   47.10740   39.80800  E                
0 04.04.2019 12:28:18.270   5.33300000   5333.30130   2.30  -73.6   21.0  28.0 15.00  216.0   662.3  216.16   42.19   35.07  1323.8  216.26   37.13   31.00  1984.2  216.34   31.96   27.45    1.3     44898.270     13.50   47.10740   39.80800  E                
0 04.04.2019 12:28:31.199   5.33300000   5333.69390   2.52  -58.9   28.5  28.0 12.00  216.0   786.9  216.15   41.25   34.26  1573.2  216.26   35.19   29.62  2358.7  216.34   28.99   25.62    1.5     44911.199     13.50   47.10740   39.80800  E                
0 04.04.2019 12:28:31.199   5.33300000   5333.69390   2.52  -58.9   28.5  28.0 54.00  216.0   409.2  216.40   44.10   36.77   810.3  216.66   41.11   34.04  1194.4  216.91   38.19   31.62    1.5     44911.199     13.50   47.10740   39.80800  F2               
0 04.04.2019 12:28:41.932   5.33300000   5333.53308   2.41  -63.2   24.4  28.0 55.19  213.1   390.5  213.51   44.15   37.11   771.4  213.75   41.22   34.69  1136.5  213.99   38.38   32.54    1.6     44921.932     13.50   47.10740   39.80800  F2               
0 04.04.2019 12:28:41.932   5.33300000   5333.53308   2.41  -63.2   24.4  28.0  9.00  215.3   962.9  215.41   39.85   33.28  1924.8  215.52   32.32   28.00  2885.0  215.60   24.62   23.54    1.4     44921.932     13.50   47.10740   39.80800  E                
0 04.04.2019 12:28:53.714   5.33300000   5333.66727   2.52  -63.0   24.5  28.0 56.40  213.1   374.1  213.53   44.27   37.21   737.7  213.79   41.48   34.89  1086.3  214.03   38.78   32.81    1.4     44933.714     13.50   47.10740   39.80800  F2               
0 04.04.2019 12:28:53.714   5.33300000   5333.66727   2.52  -63.0   24.5  28.0  9.60  216.0   922.4  216.14   40.21   33.41  1844.0  216.26   33.06   28.19  2763.8  216.33   25.74   23.76    1.3     44933.714     13.50   47.10740   39.80800  E                
0 04.04.2019 12:29:28.225   5.33300000   5332.76100   2.48  -73.0   22.7  28.0 53.99  216.7   409.5  217.12   44.13   36.71   811.0  217.38   41.15   33.93  1195.7  217.64   38.26   31.46    1.2     44968.225     13.50   47.10740   39.80800  F2               
0 04.04.2019 12:29:28.225   5.33300000   5332.76100   2.48  -73.0   22.7  28.0  9.60  216.7   922.5  216.83   40.27   33.30  1844.3  216.95   33.15   27.98  2764.6  217.02   25.86   23.47    1.2     44968.225     13.50   47.10740   39.80800  E                
0 04.04.2019 12:30:01.565   5.33300000   5333.72798   2.48  -68.7   17.8  28.0 52.20  216.0   445.1  216.39   43.84   36.52   890.0  216.66   40.50   33.53  1312.9  216.93   37.28   30.92    1.3     45001.565     13.50   47.10740   39.80800  F2               
0 04.04.2019 12:30:36.036   5.33300000   5333.44388   2.39  -72.1   24.1  28.0  9.60  215.3   922.3  215.46   40.16   33.52  1843.7  215.57   32.97   28.39  2763.3  215.65   25.61   24.05    1.2     45036.036     13.50   47.10740   39.80800  E                
0 04.04.2019 12:30:58.561   5.33300000   5332.90881   2.52  -68.5   24.7  28.0 55.80  216.0   382.4  216.43   44.30   36.95   754.9  216.70   41.53   34.39  1112.7  216.95   38.83   32.10    1.6     45058.561     13.50   47.10740   39.80800  F2               
0 04.04.2019 12:30:58.561   5.33300000   5332.90881   2.52  -68.5   24.7  28.0 10.80  216.0   849.9  216.13   40.77   33.86  1699.0  216.24   34.20   28.95  2546.8  216.32   27.48   24.75    1.2     45058.561     13.50   47.10740   39.80800  E                
0 04.04.2019 12:31:10.292   5.33300000   5332.91164   2.52  -66.5   26.2  28.0 55.80  213.8   382.0  214.25   44.23   37.11   754.0  214.50   41.40   34.69  1110.7  214.74   38.65   32.54    1.3     45070.292     13.50   47.10740   39.80800  F2               
0 04.04.2019 12:31:10.292   5.33300000   5332.91164   2.52  -66.5   26.2  28.0 10.20  216.0   884.8  216.12   40.50   33.65  1768.9  216.23   33.65   28.58  2651.5  216.31   26.64   24.27    1.2     45070.292     13.50   47.10740   39.80800  E                
0 04.04.2019 12:31:21.029   5.33300000   5333.36881   2.52  -74.5   21.7  28.0 55.80  216.0   382.3  216.42   44.30   36.96   754.8  216.69   41.53   34.39  1112.6  216.95   38.83   32.10    1.3     45081.029     13.50   47.10740   39.80800  F2               
0 04.04.2019 12:31:42.487   5.33300000   5333.85554   2.52  -61.2   24.2  28.0 54.59  214.6   399.6  214.96   44.12   36.94   790.4  215.21   41.16   34.37  1164.9  215.45   38.29   32.09    1.2     45102.487     13.50   47.10740   39.80800  F2               
0 04.04.2019 12:31:42.487   5.33300000   5333.85554   2.52  -61.2   24.2  28.0 10.80  215.3   849.8  215.43   40.72   33.97  1698.7  215.54   34.11   29.15  2546.2  215.62   27.36   25.02    1.1     45102.487     13.50   47.10740   39.80800  E                
0 04.04.2019 12:31:53.236   5.33300000   5333.73203   2.52  -60.0   19.4  28.0 56.41  213.1   373.9  213.52   44.27   37.21   737.2  213.78   41.48   34.89  1085.4  214.02   38.78   32.82    1.2     45113.236     13.50   47.10740   39.80800  F2               
0 04.04.2019 12:32:05.202   5.33300000   5333.74040   2.52  -63.9   17.5  28.0 54.59  215.3   399.7  215.67   44.15   36.89   790.7  215.93   41.21   34.27  1165.7  216.17   38.35   31.94    1.3     45125.202     13.50   47.10740   39.80800  F2               
0 04.04.2019 12:32:18.113   5.33300000   5333.22325   2.46  -72.8   21.4  28.0 54.00  212.4   409.0  212.78   43.98   37.04   809.4  213.01   40.87   34.57  1192.1  213.24   37.87   32.38    1.9     45138.113     13.50   47.10740   39.80800  F2               
0 04.04.2019 12:32:18.113   5.33300000   5333.22325   2.46  -72.8   21.4  28.0 14.40  215.3   684.0  215.43   41.99   35.01  1367.0  215.54   36.72   30.93  2049.0  215.62   31.34   27.36    1.5     45138.113     13.50   47.10740   39.80800  E                
0 04.04.2019 12:32:28.843   5.33300000   5332.85281   2.39  -71.8   13.6  28.0 49.80  216.7   492.4  217.12   43.51   36.12   961.9  217.38   40.01   32.96  1416.1  217.64   36.57   30.16    2.0     45148.843     13.50   47.10740   39.80800  F2               
0 04.04.2019 12:32:28.843   5.33300000   5332.85281   2.39  -71.8   13.6  28.0 10.20  215.3   884.8  215.44   40.45   33.75  1768.7  215.55   33.56   28.78  2651.0  215.62   26.52   24.55    1.6     45148.843     13.50   47.10740   39.80800  E                
0 04.04.2019 12:32:40.660   5.33300000   5333.50450   2.43  -73.6   20.1  28.0  6.60  216.0  1161.1  216.18   38.38   31.96  2322.1  216.29   29.27   25.81  3480.7  216.37   19.95   20.67    1.1     45160.660     13.50   47.10740   39.80800  E                
0 04.04.2019 12:32:51.357   5.33300000   5333.29581   2.52  -71.5   13.5  28.0 10.80  216.0   849.8  216.19   40.77   33.86  1698.9  216.29   34.20   28.94  2546.6  216.37   27.49   24.73    1.2     45171.357     13.50   47.10740   39.80800  E                
0 04.04.2019 12:33:02.065   5.33300000   5333.23306   2.52  -67.4   18.9  28.0  6.60  217.4  1161.1  217.60   38.52   31.68  2322.3  217.71   29.51   25.30  3481.2  217.79   20.27   19.97    1.2     45182.065     13.50   47.10740   39.80800  E                
0 04.04.2019 12:33:02.065   5.33300000   5333.23306   2.52  -67.4   18.9  28.0 54.01  216.7   409.1  217.12   44.13   36.71   810.2  217.38   41.16   33.94  1194.6  217.64   38.27   31.47    1.2     45182.065     13.50   47.10740   39.80800  F2               
0 04.04.2019 12:33:24.684   5.33300000   5333.19870   2.50  -66.7   29.0  28.0 53.99  214.6   409.4  214.95   44.05   36.87   810.5  215.20   41.01   34.25  1194.2  215.44   38.06   31.92    1.2     45204.684     13.50   47.10740   39.80800  F2               
0 04.04.2019 12:33:24.684   5.33300000   5333.19870   2.50  -66.7   29.0  28.0  8.40  216.0  1006.8  216.13   39.57   32.89  2012.7  216.24   31.72   27.34  3016.4  216.32   23.70   22.65    1.2     45204.684     13.50   47.10740   39.80800  E                
0 04.04.2019 12:33:48.481   5.33300000   5333.84155   2.52  -63.9   17.6  28.0  9.60  216.0   922.4  216.15   40.21   33.41  1844.0  216.26   33.06   28.19  2763.9  216.34   25.74   23.75    1.1     45228.481     13.50   47.10740   39.80800  E                
0 04.04.2019 12:34:00.174   5.33300000   5333.78081   2.52  -55.8   31.7  28.0 12.60  216.0   758.7  216.15   41.46   34.44  1516.9  216.26   35.63   29.92  2274.5  216.34   29.66   26.02    1.2     45240.174     13.50   47.10740   39.80800  E                
0 04.04.2019 12:34:00.174   5.33300000   5333.78081   2.52  -55.8   31.7  28.0 55.81  211.7   381.7  212.05   44.17   37.27   753.2  212.29   41.27   35.00  1109.0  212.52   38.47   32.98    1.1     45240.174     13.50   47.10740   39.80800  F2               
0 04.04.2019 12:34:10.922   5.33300000   5333.18210   2.52  -66.4   24.4  28.0 57.61  208.1   358.3  208.45   44.25   37.67   704.5  208.68   41.47   35.75  1035.3  208.89   38.80   34.05    1.4     45250.922     13.50   47.10740   39.80800  F2               
0 04.04.2019 12:34:10.922   5.33300000   5333.18210   2.52  -66.4   24.4  28.0 15.60  215.3   641.5  215.43   42.31   35.29  1282.1  215.53   37.38   31.40  1921.7  215.61   32.35   27.99    1.3     45250.922     13.50   47.10740   39.80800  E                
0 04.04.2019 12:34:21.669   5.33300000   5333.76442   2.52  -59.5   27.9  28.0 21.60  213.9   489.0  213.97   43.41   36.43   976.6  214.06   39.64   33.43  1463.1  214.14   35.81   30.74    1.5     45261.669     13.50   47.10740   39.80800  E                
0 04.04.2019 12:34:21.669   5.33300000   5333.76442   2.52  -59.5   27.9  28.0 56.99  209.5   366.0  209.91   44.23   37.52   720.7  210.14   41.41   35.47  1059.9  210.36   38.70   33.65    1.2     45261.669     13.50   47.10740   39.80800  F2               
0 04.04.2019 12:34:32.439   5.33300000   5333.81848   2.52  -62.1   25.3  28.0 16.80  216.0   603.8  216.13   42.63   35.46  1206.6  216.23   38.04   31.69  1808.6  216.31   33.34   28.36    1.4     45272.439     13.50   47.10740   39.80800  E                
0 04.04.2019 12:34:32.439   5.33300000   5333.81848   2.52  -62.1   25.3  28.0 55.20  212.4   390.3  212.77   44.12   37.16   770.8  213.01   41.18   34.80  1135.3  213.24   38.32   32.69    1.2     45272.439     13.50   47.10740   39.80800  F2               
0 04.04.2019 12:34:43.191   5.33300000   5333.88604   2.52  -62.3   25.1  28.0 57.59  210.2   358.8  210.64   44.31   37.51   705.9  210.89   41.57   35.46  1037.8  211.12   38.93   33.62    1.2     45283.191     13.50   47.10740   39.80800  F2               
0 04.04.2019 12:34:43.191   5.33300000   5333.88604   2.52  -62.3   25.1  28.0 13.80  216.7   707.4  216.87   41.90   34.68  1414.2  216.97   36.51   30.32  2120.2  217.05   30.99   26.53    1.2     45283.191     13.50   47.10740   39.80800  E                
0 04.04.2019 12:35:17.687   5.33300000   5333.56591   2.46  -71.4   23.6  28.0 53.40  212.4   419.0  212.77   43.90   36.98   830.7  213.01   40.71   34.45  1223.8  213.24   37.62   32.21    1.4     45317.687     13.50   47.10740   39.80800  F2               
0 04.04.2019 12:35:17.687   5.33300000   5333.56591   2.46  -71.4   23.6  28.0 18.00  216.0   570.5  216.11   42.88   35.68  1140.2  216.20   38.55   32.08  1708.9  216.28   34.12   28.89    1.2     45317.687     13.50   47.10740   39.80800  E                
0 04.04.2019 12:35:31.689   5.33300000   5333.11573   0.11  -88.3   12.7  28.0 15.00  216.0   662.2  216.14   42.19   35.07  1323.4  216.25   37.13   31.01  1983.4  216.33   31.97   27.46    1.8     45331.689     13.50   47.10740   39.80800  E                
0 04.04.2019 12:35:31.689   5.33300000   5332.86871   0.33  -79.3   16.9  28.0 48.60  216.7   478.0  217.02   43.62   36.23   938.7  217.23   40.17   33.13  1374.2  217.45   36.87   30.44    1.7     45331.689     13.50   47.10740   39.80800  F2               
0 04.04.2019 12:35:45.820   5.33300000   5333.48761   1.97  -76.7   15.4  28.0 53.40  211.7   419.0  212.04   43.88   37.03   833.3  212.26   40.64   34.54  1231.4  212.49   37.49   32.34    1.3     45345.820     13.50   47.10740   39.80800  F2               
0 04.04.2019 12:35:58.703   5.33300000   5333.36831   2.52  -72.7   23.6  28.0 55.81  208.1   381.3  208.41   44.07   37.54   753.5  208.61   41.07   35.51  1110.3  208.81   38.18   33.71    1.4     45358.703     13.50   47.10740   39.80800  F2               
0 04.04.2019 12:36:21.310   5.33300000   5333.38760   2.43  -67.1   23.7  28.0  7.80  215.3  1054.1  215.44   39.14   32.73  2107.2  215.55   30.87   27.10  3157.7  215.62   22.41   22.37    1.2     45381.310     13.50   47.10740   39.80800  E                
0 04.04.2019 12:36:21.310   5.33300000   5333.38760   2.43  -67.1   23.7  28.0 56.41  206.6   373.2  206.98   44.10   37.69   736.5  207.17   41.14   35.80  1084.5  207.36   38.29   34.12    1.2     45381.310     13.50   47.10740   39.80800  F2               
0 04.04.2019 12:36:33.177   5.33300000   5333.32394   2.52  -71.6   20.6  28.0  7.20  215.3  1105.3  215.47   38.75   32.43  2209.6  215.58   30.05   26.60  3311.5  215.65   21.17   21.72    1.1     45393.177     13.50   47.10740   39.80800  E                
0 04.04.2019 12:36:44.985   5.33300000   5333.34108   2.52  -75.8   19.7  28.0 11.40  215.3   817.2  215.40   40.97   34.18  1633.4  215.50   34.62   29.50  2448.5  215.58   28.14   25.48    1.2     45404.985     13.50   47.10740   39.80800  E                
0 04.04.2019 12:36:56.982   5.33300000   5332.60266   0.13  -84.4   15.8  28.0 20.40  213.8   513.2  213.96   43.22   36.27  1025.2  214.05   39.26   33.15  1535.8  214.13   35.23   30.37    1.6     45416.982     13.50   47.10740   39.80800  E                
0 04.04.2019 12:36:56.982   5.33300000   5332.80870   2.39  -76.3   20.0  28.0 55.20  211.0   390.0  211.31   44.08   37.27   772.3  211.53   41.08   35.00  1139.1  211.74   38.17   32.97    1.9     45416.982     13.50   47.10740   39.80800  F2               
0 04.04.2019 12:36:56.982   5.33300000   5333.67027   1.26  -73.8   21.4  28.0 58.80  206.6   344.0  207.02   44.33   37.84   676.2  207.24   41.64   36.09   994.0  207.44   39.04   34.52    1.8     45416.982     13.50   47.10740   39.80800  F2               
0 04.04.2019 12:36:56.982   5.33300000   5333.67027   1.26  -73.8   21.4  28.0 25.80  214.6   421.1  214.68   43.95   36.81   840.4  214.77   40.75   34.12  1258.1  214.85   37.50   31.68    1.3     45416.982     13.50   47.10740   39.80800  E                
0 04.04.2019 12:37:10.991   5.33300000   5332.64306   1.46  -82.7   13.8  28.0 54.60  210.2   399.1  210.58   43.99   37.27   791.3  210.79   40.88   35.00  1166.6  211.00   37.89   32.98    2.0     45430.991     13.50   47.10740   39.80800  F2               
0 04.04.2019 12:37:10.991   5.33300000   5332.64306   1.46  -82.7   13.8  28.0 19.80  214.6   526.4  214.69   43.15   36.12  1051.5  214.79   39.11   32.87  1575.3  214.86   35.00   29.97    1.9     45430.991     13.50   47.10740   39.80800  E                
0 04.04.2019 12:37:47.789   5.33300000   5333.87009   2.52  -65.8   19.7  28.0  7.20  216.0  1105.4  216.15   38.81   32.30  2210.0  216.26   30.16   26.36  3312.1  216.33   21.31   21.39    1.2     45467.789     13.50   47.10740   39.80800  E                
0 04.04.2019 12:37:58.531   5.33300000   5333.18983   2.48  -70.1   23.9  28.0 42.60  219.6   485.3  219.89   43.69   35.94   982.9  220.10   40.08   32.37  1466.7  220.31   36.50   29.22    1.3     45478.531     13.50   47.10740   39.80800  F1               
0 04.04.2019 12:37:58.531   5.33300000   5333.18983   2.48  -70.1   23.9  28.0 11.40  216.0   817.2  216.11   41.02   34.07  1633.6  216.22   34.71   29.30  2448.9  216.30   28.26   25.21    1.2     45478.531     13.50   47.10740   39.80800  E                
0 04.04.2019 12:38:57.643   5.33300000   5333.34998   2.48  -73.8   19.3  28.0 43.80  219.6   477.1  219.88   43.75   36.00   963.2  220.08   40.23   32.51  1433.2  220.28   36.75   29.44    1.4     45537.643     13.50   47.10740   39.80800  F2               
0 04.04.2019 12:38:57.643   5.33300000   5333.34998   2.48  -73.8   19.3  28.0  7.20  216.0  1105.4  216.17   38.81   32.29  2210.0  216.28   30.16   26.35  3312.2  216.36   21.31   21.38    1.2     45537.643     13.50   47.10740   39.80800  E                
0 04.04.2019 12:39:08.359   5.33300000   5333.87281   2.52  -69.1   19.6  28.0 13.80  216.0   707.3  216.12   41.85   34.78  1413.8  216.22   36.43   30.50  2119.3  216.30   30.89   26.79    1.2     45548.359     13.50   47.10740   39.80800  E                
0 04.04.2019 12:39:20.168   5.33300000   5333.45258   2.52  -73.3   20.2  28.0 45.60  220.3   475.6  220.61   43.79   35.95   947.4  220.80   40.41   32.50  1399.0  220.99   37.09   29.49    1.5     45560.168     13.50   47.10740   39.80800  F2               
0 04.04.2019 12:39:20.168   5.33300000   5333.45258   2.52  -73.3   20.2  28.0  9.60  216.0   922.3  216.12   40.21   33.41  1843.6  216.23   33.06   28.20  2763.3  216.30   25.74   23.77    1.2     45560.168     13.50   47.10740   39.80800  E                
0 04.04.2019 12:39:30.896   5.33300000   5333.35697   2.52  -73.4   21.4  28.0 44.40  216.7   477.1  216.98   43.62   36.24   957.4  217.17   40.03   33.02  1419.7  217.36   36.51   30.20    1.3     45570.896     13.50   47.10740   39.80800  F2               
0 04.04.2019 12:39:30.896   5.33300000   5333.35697   2.52  -73.4   21.4  28.0  9.00  215.3   962.8  215.43   39.85   33.28  1924.3  215.54   32.32   28.00  2884.0  215.61   24.63   23.54    1.2     45570.896     13.50   47.10740   39.80800  E                
0 04.04.2019 12:39:54.573   5.33300000   5333.27277   2.50  -73.4   20.8  28.0 44.40  219.6   476.8  219.89   43.75   36.00   957.4  220.09   40.27   32.55  1420.9  220.28   36.84   29.51    1.5     45594.573     13.50   47.10740   39.80800  F2               
0 04.04.2019 12:39:54.573   5.33300000   5333.27277   2.50  -73.4   20.8  28.0 11.40  215.3   817.1  215.45   40.97   34.17  1633.4  215.56   34.63   29.48  2448.5  215.64   28.15   25.46    1.2     45594.573     13.50   47.10740   39.80800  E                
0 04.04.2019 12:40:06.403   5.33300000   5333.36472   2.52  -72.8   21.2  28.0 44.40  221.0   476.7  221.32   43.82   35.89   957.4  221.51   40.40   32.32  1421.5  221.71   37.01   29.18    1.2     45606.403     13.50   47.10740   39.80800  F2               
0 04.04.2019 12:40:06.403   5.33300000   5333.36472   2.52  -72.8   21.2  28.0 10.20  216.0   884.8  216.18   40.50   33.64  1768.6  216.29   33.66   28.57  2650.8  216.36   26.65   24.25    1.2     45606.403     13.50   47.10740   39.80800  E                
0 04.04.2019 12:40:18.056   5.33300000   5332.84043   2.52  -74.9   19.3  28.0 42.00  216.7   490.3  217.02   43.53   36.15   995.6  217.24   39.74   32.77  1486.8  217.45   36.00   29.80    1.6     45618.056     13.50   47.10740   39.80800  F1               
0 04.04.2019 12:40:18.056   5.33300000   5332.84043   2.52  -74.9   19.3  28.0  6.00  216.0  1221.0  216.13   37.92   31.62  2441.1  216.24   28.31   25.27  3658.2  216.31   18.49   19.98    1.2     45618.056     13.50   47.10740   39.80800  E                
0 04.04.2019 12:40:44.639   5.33300000   5333.22727   2.52  -70.1   20.2  28.0 13.20  215.3   732.0  215.43   41.62   34.71  1463.2  215.53   35.96   30.40  2193.2  215.61   30.19   26.67    1.2     45644.639     13.50   47.10740   39.80800  E                
0 04.04.2019 12:40:55.444   5.33300000   5332.88997   1.55  -72.9   20.0  28.0 13.80  216.0   707.3  216.12   41.85   34.78  1413.8  216.23   36.43   30.50  2119.2  216.31   30.89   26.79    1.2     45655.444     13.50   47.10740   39.80800  E                
0 04.04.2019 12:41:33.731   5.33300000   5333.66794   2.52  -65.4   22.0  28.0 45.00  216.7   477.2  217.00   43.62   36.24   952.4  217.18   40.07   33.05  1408.4  217.37   36.60   30.26    1.5     45693.731     13.50   47.10740   39.80800  F2               
0 04.04.2019 12:41:33.731   5.33300000   5333.66794   2.52  -65.4   22.0  28.0 13.20  216.0   732.0  216.13   41.66   34.62  1463.3  216.23   36.04   30.23  2193.5  216.31   30.30   26.42    1.2     45693.731     13.50   47.10740   39.80800  E                
0 04.04.2019 12:41:44.441   5.33300000   5333.54251   2.50  -69.1   19.2  28.0 10.20  215.3   884.7  215.46   40.45   33.75  1768.4  215.57   33.56   28.78  2650.2  215.65   26.53   24.54    1.2     45704.441     13.50   47.10740   39.80800  E                
0 04.04.2019 12:41:55.855   5.33300000   5333.30925   2.52  -73.5   18.9  28.0  5.40  215.3  1286.3  215.45   37.34   31.40  2571.8  215.55   27.14   24.93  3853.7  215.62   16.73   19.57    1.2     45715.855     13.50   47.10740   39.80800  E                
0 04.04.2019 12:42:06.461   5.33300000   5333.61847   2.52  -68.8   16.9  28.0  9.00  215.3   962.8  215.45   39.85   33.28  1924.4  215.56   32.33   27.99  2884.0  215.64   24.64   23.52    1.3     45726.461     13.50   47.10740   39.80800  E                
0 04.04.2019 12:42:18.365   5.33300000   5333.74367   2.52  -65.8   19.7  28.0 43.20  216.7   480.8  217.01   43.60   36.21   972.7  217.21   39.92   32.92  1448.7  217.41   36.29   30.02    1.5     45738.365     13.50   47.10740   39.80800  F2               
0 04.04.2019 12:42:43.078   5.33300000   5333.17889   2.52  -70.5   18.0  28.0 43.80  216.0   477.4  216.27   43.59   36.30   963.5  216.46   39.93   33.10  1432.4  216.66   36.33   30.30    1.3     45763.078     13.50   47.10740   39.80800  F2               
0 04.04.2019 12:42:43.078   5.33300000   5333.17889   2.52  -70.5   18.0  28.0  6.00  216.0  1221.0  216.14   37.92   31.62  2441.2  216.25   28.31   25.26  3658.2  216.32   18.49   19.98    1.2     45763.078     13.50   47.10740   39.80800  E                
0 04.04.2019 12:43:30.087   5.33300000   5333.41818   2.52  -73.2   22.8  28.0  6.60  215.3  1160.8  215.44   38.32   32.11  2321.2  215.55   29.16   26.08  3479.0  215.62   19.80   21.05    1.2     45810.087     13.50   47.10740   39.80800  E                
0 04.04.2019 12:43:52.348   5.33300000   5333.75283   2.52  -64.8   20.6  28.0  7.80  216.0  1054.2  216.12   39.20   32.61  2107.6  216.23   30.97   26.87  3158.4  216.31   22.55   22.05    1.1     45832.348     13.50   47.10740   39.80800  E                
0 04.04.2019 12:44:24.572   5.33300000   5333.65590   2.43  -75.1   22.9  28.0  6.60  215.3  1160.8  215.44   38.32   32.11  2321.2  215.55   29.16   26.08  3479.0  215.62   19.80   21.05    1.8     45864.572     13.50   47.10740   39.80800  E                
0 04.04.2019 12:44:46.937   5.33300000   5333.27825   2.39  -68.0   27.7  28.0 51.61  213.9   466.9  214.24   43.59   36.55   950.1  214.50   39.88   33.51  1389.2  214.77   36.46   30.98    1.2     45886.937     13.50   47.10740   39.80800  F2               
0 04.04.2019 12:44:46.937   5.33300000   5333.27825   2.39  -68.0   27.7  28.0  7.80  215.3  1054.1  215.46   39.15   32.73  2107.3  215.57   30.87   27.09  3157.8  215.65   22.42   22.36    1.2     45886.937     13.50   47.10740   39.80800  E                
0 04.04.2019 12:44:57.566   5.33300000   5332.99559   2.50  -72.7   19.8  28.0 52.79  218.9   431.2  219.29   44.05   36.39   862.2  219.55   40.93   33.28  1277.4  219.82   37.87   30.51    1.3     45897.566     13.50   47.10740   39.80800  F2               
0 04.04.2019 12:44:57.566   5.33300000   5332.99559   2.50  -72.7   19.8  28.0  7.80  216.0  1054.2  216.12   39.20   32.61  2107.6  216.23   30.97   26.87  3158.4  216.31   22.55   22.05    1.2     45897.566     13.50   47.10740   39.80800  E                
0 04.04.2019 12:45:30.926   5.33300000   5333.09492   2.52  -64.8   24.6  28.0 51.61  211.7   466.9  212.05   43.50   36.74   949.3  212.30   39.72   33.89  1386.9  212.56   36.26   31.52    1.1     45930.926     13.50   47.10740   39.80800  F2               
0 04.04.2019 12:45:30.926   5.33300000   5333.09492   2.52  -64.8   24.6  28.0 13.20  215.3   732.0  215.40   41.62   34.71  1463.0  215.50   35.96   30.41  2193.1  215.58   30.19   26.68    1.1     45930.926     13.50   47.10740   39.80800  E                
0 04.04.2019 12:45:54.542   5.33300000   5333.76973   2.52  -60.0   23.4  28.0 52.20  212.4   445.8  212.77   43.70   36.81   896.3  213.01   40.19   34.07  1318.8  213.25   36.87   31.71    1.2     45954.542     13.50   47.10740   39.80800  F2               
0 04.04.2019 12:45:54.542   5.33300000   5333.76973   2.52  -60.0   23.4  28.0  7.80  216.0  1054.2  216.16   39.20   32.60  2107.6  216.27   30.97   26.85  3158.4  216.35   22.56   22.03    1.2     45954.542     13.50   47.10740   39.80800  E                
0 04.04.2019 12:46:06.453   5.33300000   5333.76378   2.52  -60.8   16.6  28.0 50.41  207.4   501.5  207.70   43.08   36.94   993.8  207.91   39.07   34.43  1440.6  208.13   35.41   32.35    1.3     45966.453     13.50   47.10740   39.80800  F2               
0 04.04.2019 12:46:06.453   5.33300000   5333.76378   2.52  -60.8   16.6  28.0 13.80  215.3   707.3  215.44   41.81   34.86  1413.7  215.54   36.35   30.67  2119.0  215.62   30.78   27.02    1.2     45966.453     13.50   47.10740   39.80800  E                
0 04.04.2019 12:46:18.287   5.33300000   5333.58364   2.52  -63.0   24.5  28.0 53.40  214.6   419.3  214.93   43.97   36.81   834.3  215.17   40.82   34.10  1234.0  215.41   37.74   31.70    1.7     45978.287     13.50   47.10740   39.80800  F2               
0 04.04.2019 12:46:18.287   5.33300000   5333.58364   2.52  -63.0   24.5  28.0 10.80  216.0   849.8  216.17   40.77   33.86  1698.6  216.28   34.21   28.94  2545.9  216.36   27.49   24.73    1.3     45978.287     13.50   47.10740   39.80800  E                
0 04.04.2019 12:46:30.108   5.33300000   5333.85539   2.52  -66.4   19.0  28.0 54.60  224.6   400.6  225.07   44.51   36.23   795.8  225.36   41.86   32.97  1179.1  225.64   39.24   30.03    1.6     45990.108     13.50   47.10740   39.80800  F2               
0 04.04.2019 12:46:41.961   5.33300000   5333.75867   2.52  -58.2   27.2  28.0 10.20  216.0   884.7  216.17   40.50   33.64  1768.6  216.28   33.65   28.57  2650.7  216.36   26.65   24.26    1.3     46001.961     13.50   47.10740   39.80800  E                
0 04.04.2019 12:46:41.961   5.33300000   5333.75867   2.52  -58.2   27.2  28.0 51.61  211.7   466.6  212.05   43.51   36.74   948.3  212.30   39.73   33.89  1385.7  212.56   36.27   31.52    1.2     46001.961     13.50   47.10740   39.80800  F2               
0 04.04.2019 12:46:53.822   5.33300000   5333.62153   2.50  -73.0   23.0  28.0 54.01  214.6   409.2  214.94   44.05   36.88   812.4  215.17   40.99   34.24  1200.1  215.41   38.01   31.89    1.3     46013.822     13.50   47.10740   39.80800  F2               
0 04.04.2019 12:46:53.822   5.33300000   5333.62153   2.50  -73.0   23.0  28.0 15.60  215.3   641.5  215.40   42.31   35.29  1282.0  215.50   37.38   31.41  1921.2  215.58   32.35   28.00    1.2     46013.822     13.50   47.10740   39.80800  E                
0 04.04.2019 12:47:05.810   5.33300000   5333.79552   2.52  -59.2   28.2  28.0 11.40  215.3   817.1  215.43   40.97   34.17  1633.3  215.54   34.63   29.49  2448.4  215.62   28.14   25.47    1.4     46025.810     13.50   47.10740   39.80800  E                
0 04.04.2019 12:47:05.810   5.33300000   5333.79552   2.52  -59.2   28.2  28.0 51.00  210.2   502.3  210.62   43.17   36.65   994.2  210.85   39.26   33.90  1473.7  211.16   35.42   31.44    1.3     46025.810     13.50   47.10740   39.80800  F2               
0 04.04.2019 12:47:17.661   5.33300000   5333.84021   2.52  -59.8   27.6  28.0 51.60  208.1   467.2  208.42   43.38   37.06   948.6  208.64   39.49   34.52  1385.0  208.89   35.93   32.41    1.4     46037.661     13.50   47.10740   39.80800  F2               
0 04.04.2019 12:47:28.443   5.33300000   5333.75353   2.52  -60.0   23.4  28.0 17.40  215.3   586.6  215.41   42.73   35.65  1172.1  215.51   38.24   32.03  1756.6  215.59   33.66   28.83    1.3     46048.443     13.50   47.10740   39.80800  E                
0 04.04.2019 12:47:28.443   5.33300000   5333.75353   2.52  -60.0   23.4  28.0 52.20  208.8   445.5  209.13   43.57   37.12   894.9  209.34   39.97   34.67  1314.2  209.57   36.57   32.58    1.2     46048.443     13.50   47.10740   39.80800  F2               
0 04.04.2019 12:47:41.328   5.33300000   5333.89489   2.52  -66.1   19.4  28.0 49.80  211.0   490.2  211.29   43.29   36.66   958.8  211.50   39.59   33.97  1406.4  211.73   36.02   31.62    1.7     46061.328     13.50   47.10740   39.80800  F2               
0 04.04.2019 12:47:52.055   5.33300000   5333.79632   2.52  -58.4   29.1  28.0 51.01  209.5   501.6  209.91   43.15   36.73   993.4  210.13   39.22   34.03  1473.5  210.44   35.35   31.62    1.3     46072.055     13.50   47.10740   39.80800  F2               
0 04.04.2019 12:48:58.896   5.33300000   5333.19728   2.48  -74.5   21.1  28.0 51.00  210.2   503.0  210.63   43.17   36.65   994.5  210.86   39.26   33.90  1475.6  211.17   35.41   31.43    1.7     46138.896     13.50   47.10740   39.80800  F2               
0 04.04.2019 12:48:58.896   5.33300000   5333.19728   2.48  -74.5   21.1  28.0  7.80  215.3  1054.1  215.46   39.15   32.73  2107.3  215.57   30.87   27.09  3157.8  215.64   22.42   22.36    1.2     46138.896     13.50   47.10740   39.80800  E                
0 04.04.2019 12:49:10.758   5.33300000   5333.37468   2.52  -74.2   22.1  28.0  6.00  216.0  1221.0  216.14   37.92   31.62  2441.2  216.25   28.31   25.26  3658.2  216.32   18.49   19.98    1.2     46150.758     13.50   47.10740   39.80800  E                
0 04.04.2019 12:49:21.450   5.33300000   5332.60122   1.92  -78.4   20.6  28.0  6.60  215.3  1160.8  215.43   38.32   32.11  2321.1  215.54   29.15   26.09  3478.9  215.61   19.79   21.06    1.7     46161.450     13.50   47.10740   39.80800  E                
0 04.04.2019 12:49:21.450   5.33300000   5333.30991   2.32  -69.3   26.7  28.0  8.40  215.3  1006.6  215.47   39.51   33.01  2012.2  215.58   31.63   27.55  3015.4  215.65   23.57   22.95    1.2     46161.450     13.50   47.10740   39.80800  E                
0 04.04.2019 12:49:34.442   5.33300000   5333.31974   2.35  -68.1   27.9  28.0 52.80  210.2   430.3  210.59   43.74   37.08   859.2  210.80   40.34   34.63  1268.1  211.02   37.07   32.47    1.3     46174.442     13.50   47.10740   39.80800  F2               
0 04.04.2019 12:49:34.442   5.33300000   5333.31974   2.35  -68.1   27.9  28.0 10.80  215.3   849.7  215.45   40.72   33.97  1698.4  215.56   34.11   29.14  2545.6  215.63   27.37   25.02    1.2     46174.442     13.50   47.10740   39.80800  E                
0 04.04.2019 12:49:56.765   5.33300000   5333.94139   2.52  -63.2   22.2  28.0 10.80  215.3   849.6  215.45   40.72   33.97  1698.3  215.55   34.12   29.14  2545.4  215.63   27.37   25.02    1.2     46196.765     13.50   47.10740   39.80800  E                
0 04.04.2019 12:50:19.356   5.33300000   5333.04297   2.52  -70.8   18.8  28.0 48.59  209.5   476.4  209.80   43.35   36.88   936.6  209.98   39.67   34.35  1369.9  210.17   36.17   32.17    1.3     46219.356     13.50   47.10740   39.80800  F2               
0 04.04.2019 12:50:19.356   5.33300000   5333.04297   2.52  -70.8   18.8  28.0 12.00  215.3   786.7  215.43   41.20   34.36  1572.6  215.54   35.10   29.81  2357.5  215.62   28.87   25.89    1.3     46219.356     13.50   47.10740   39.80800  E                
0 04.04.2019 12:50:30.085   5.33300000   5333.27023   2.17  -77.4   12.0  28.0 18.00  214.6   570.4  214.71   42.82   35.83  1139.7  214.81   38.42   32.36  1707.8  214.89   33.96   29.28    1.3     46230.085     13.50   47.10740   39.80800  E                
0 04.04.2019 12:50:52.630   5.33300000   5333.33359   2.52  -72.6   20.8  28.0 12.00  215.3   786.7  215.41   41.20   34.36  1572.4  215.52   35.10   29.82  2357.0  215.59   28.87   25.90    1.4     46252.630     13.50   47.10740   39.80800  E                
0 04.04.2019 12:51:03.386   5.33300000   5333.84182   2.52  -66.0   19.4  28.0 10.20  215.3   884.7  215.47   40.45   33.75  1768.1  215.57   33.57   28.78  2649.6  215.65   26.53   24.55    1.2     46263.386     13.50   47.10740   39.80800  E                
0 04.04.2019 12:51:24.821   5.33300000   5333.03153   2.52  -71.5   20.2  28.0 46.81  217.4   475.7  217.71   43.66   36.19   941.4  217.89   40.21   33.01  1382.9  218.08   36.87   30.25    1.4     46284.821     13.50   47.10740   39.80800  F2               
0 04.04.2019 12:51:24.821   5.33300000   5333.03153   2.52  -71.5   20.2  28.0  8.40  216.0  1006.6  216.13   39.57   32.89  2012.0  216.25   31.73   27.34  3015.1  216.32   23.71   22.66    1.2     46284.821     13.50   47.10740   39.80800  E                
0 04.04.2019 12:51:47.495   5.33300000   5333.32552   2.52  -73.7   23.9  28.0 13.20  215.3   732.0  215.43   41.62   34.71  1463.0  215.54   35.97   30.40  2192.7  215.62   30.19   26.67    1.8     46307.495     13.50   47.10740   39.80800  E                
0 04.04.2019 12:51:58.247   5.33300000   5333.19301   2.21  -72.5   19.5  28.0 45.00  216.7   476.5  216.98   43.63   36.25   953.0  217.15   40.06   33.05  1410.6  217.33   36.58   30.26    1.4     46318.247     13.50   47.10740   39.80800  F2               
0 04.04.2019 12:51:58.247   5.33300000   5333.19301   2.21  -72.5   19.5  28.0 15.00  215.3   662.2  215.44   42.15   35.15  1323.2  215.54   37.06   31.17  1982.9  215.62   31.87   27.68    1.2     46318.247     13.50   47.10740   39.80800  E                
0 04.04.2019 12:52:10.111   5.33300000   5333.50110   2.52  -73.9   19.6  28.0 48.60  217.4   478.0  217.75   43.65   36.17   939.9  217.95   40.22   33.01  1381.9  218.17   36.89   30.23    1.6     46330.111     13.50   47.10740   39.80800  F2               
0 04.04.2019 12:52:10.111   5.33300000   5333.50110   2.52  -73.9   19.6  28.0  9.60  215.3   922.3  215.45   40.16   33.52  1843.1  215.56   32.97   28.40  2762.3  215.64   25.62   24.05    1.3     46330.111     13.50   47.10740   39.80800  E                
0 04.04.2019 12:52:20.873   5.33300000   5332.68627   0.24  -79.3   18.3  28.0 27.60  214.6   399.3  214.68   44.12   36.96   796.0  214.77   41.09   34.40  1190.7  214.85   38.03   32.06    1.6     46340.873     13.50   47.10740   39.80800  E                
0 04.04.2019 12:52:54.136   5.33300000   5333.99915   2.52  -69.2   19.4  28.0 51.01  213.8   502.5  214.25   43.32   36.31   993.8  214.48   39.54   33.26  1477.2  214.80   35.77   30.51    1.6     46374.136     13.50   47.10740   39.80800  F2               
0 04.04.2019 12:52:54.136   5.33300000   5333.99915   2.52  -69.2   19.4  28.0  9.60  216.0   922.3  216.17   40.22   33.41  1843.4  216.28   33.07   28.18  2762.8  216.36   25.75   23.75    1.2     46374.136     13.50   47.10740   39.80800  E                
0 04.04.2019 12:53:04.870   5.33300000   5333.19384   2.52  -72.2   22.6  28.0 10.80  216.0   849.7  216.12   40.77   33.87  1698.3  216.23   34.20   28.96  2545.2  216.31   27.49   24.76    1.2     46384.870     13.50   47.10740   39.80800  E                
0 04.04.2019 12:53:15.694   5.33300000   5333.78244   2.52  -66.6   18.8  28.0  7.80  215.3  1054.1  215.47   39.15   32.73  2107.0  215.58   30.87   27.09  3157.3  215.66   22.42   22.36    1.2     46395.694     13.50   47.10740   39.80800  E                
0 04.04.2019 12:53:37.210   5.33300000   5333.17498   2.50  -76.5   21.5  28.0  7.80  216.0  1054.1  216.18   39.21   32.60  2107.2  216.29   30.98   26.85  3157.8  216.37   22.57   22.02    1.2     46417.210     13.50   47.10740   39.80800  E                
0 04.04.2019 12:54:32.124   5.33300000   5333.36608   2.52  -74.0   24.0  28.0 12.00  216.0   786.8  216.12   41.25   34.27  1572.7  216.22   35.19   29.63  2357.6  216.30   28.99   25.64    1.2     46472.124     13.50   47.10740   39.80800  E                
0 04.04.2019 12:54:42.948   5.33300000   5333.17043   2.52  -70.5   21.0  28.0 13.20  216.0   732.1  216.11   41.66   34.62  1463.1  216.21   36.04   30.23  2193.1  216.29   30.30   26.43    1.2     46482.948     13.50   47.10740   39.80800  E                
0 04.04.2019 12:54:53.662   5.33300000   5333.73636   2.52  -66.5   20.9  28.0 10.20  215.3   884.7  215.45   40.45   33.75  1768.1  215.56   33.56   28.78  2649.6  215.63   26.53   24.55    1.2     46493.662     13.50   47.10740   39.80800  E                
0 04.04.2019 12:55:04.374   5.33300000   5333.75152   2.52  -66.0   21.5  28.0  9.00  216.0   962.8  216.12   39.90   33.16  1924.3  216.23   32.42   27.79  2883.8  216.30   24.77   23.24    1.2     46504.374     13.50   47.10740   39.80800  E                
0 04.04.2019 12:55:36.693   5.33300000   5333.74977   2.52  -63.8   23.7  28.0  9.00  216.0   962.8  216.13   39.90   33.16  1924.3  216.24   32.42   27.78  2883.8  216.32   24.77   23.23    1.2     46536.693     13.50   47.10740   39.80800  E                
0 04.04.2019 12:55:47.519   5.33300000   5333.79565   2.52  -64.5   22.9  28.0  5.40  216.0  1286.3  216.15   37.41   31.24  2571.7  216.26   27.27   24.66  3853.4  216.33   16.90   19.19    1.1     46547.519     13.50   47.10740   39.80800  E                
0 04.04.2019 12:55:58.230   5.33300000   5333.76690   2.52  -64.5   22.9  28.0  8.40  216.0  1006.7  216.13   39.57   32.89  2012.1  216.24   31.73   27.34  3015.2  216.32   23.71   22.66    1.2     46558.230     13.50   47.10740   39.80800  E                
0 04.04.2019 12:56:08.938   5.33300000   5333.90030   2.52  -64.0   23.4  28.0  8.40  216.0  1006.7  216.15   39.57   32.89  2012.1  216.26   31.73   27.33  3015.3  216.33   23.71   22.65    1.2     46568.938     13.50   47.10740   39.80800  E                
0 04.04.2019 12:56:20.777   5.33300000   5333.99451   2.52  -64.3   21.1  28.0  8.40  216.0  1006.6  216.14   39.57   32.89  2012.0  216.26   31.73   27.33  3015.1  216.33   23.71   22.65    1.2     46580.777     13.50   47.10740   39.80800  E                
0 04.04.2019 12:56:43.330   5.33300000   5333.89091   2.52  -65.6   21.8  28.0 41.40  213.1   494.2  213.40   43.34   36.44  1008.3  213.60   39.35   33.33  1509.5  213.81   35.41   30.58    1.3     46603.330     13.50   47.10740   39.80800  F1               
0 04.04.2019 12:57:04.795   5.33300000   5333.64346   2.52  -64.5   22.9  28.0  6.60  215.3  1160.7  215.47   38.32   32.11  2320.6  215.58   29.16   26.07  3477.6  215.65   19.81   21.04    1.2     46624.795     13.50   47.10740   39.80800  E                
0 04.04.2019 12:57:15.618   5.33300000   5333.76037   2.52  -64.6   22.8  28.0 49.21  211.7   481.4  211.97   43.39   36.65   944.3  212.16   39.75   33.94  1387.3  212.37   36.24   31.56    1.4     46635.618     13.50   47.10740   39.80800  F2               
0 04.04.2019 12:57:15.618   5.33300000   5333.76037   2.52  -64.6   22.8  28.0  8.40  216.0  1006.7  216.15   39.57   32.89  2012.1  216.26   31.73   27.33  3015.2  216.33   23.71   22.65    1.2     46635.618     13.50   47.10740   39.80800  E                
0 04.04.2019 12:57:26.403   5.33300000   5333.86698   2.52  -65.1   22.3  28.0  6.00  216.0  1220.9  216.15   37.92   31.62  2440.7  216.26   28.32   25.26  3657.1  216.33   18.50   19.98    1.2     46646.403     13.50   47.10740   39.80800  E                
0 04.04.2019 12:57:37.124   5.33300000   5333.77400   2.52  -64.7   23.0  28.0 44.40  214.6   476.4  214.83   43.54   36.43   958.0  215.00   39.85   33.38  1421.8  215.18   36.25   30.71    1.4     46657.124     13.50   47.10740   39.80800  F2               
0 04.04.2019 12:57:37.124   5.33300000   5333.77400   2.52  -64.7   23.0  28.0  6.00  216.0  1220.9  216.13   37.92   31.62  2440.6  216.24   28.31   25.27  3657.1  216.31   18.50   19.98    1.2     46657.124     13.50   47.10740   39.80800  E                
0 04.04.2019 12:57:47.926   5.33300000   5333.78755   2.52  -65.0   22.5  28.0 48.01  215.3   475.3  215.55   43.58   36.38   937.0  215.74   40.07   33.38  1370.5  215.94   36.73   30.81    1.5     46667.926     13.50   47.10740   39.80800  F2               
0 04.04.2019 12:57:47.926   5.33300000   5333.78755   2.52  -65.0   22.5  28.0  9.60  215.3   922.3  215.47   40.16   33.52  1843.2  215.58   32.97   28.40  2762.3  215.65   25.62   24.05    1.2     46667.926     13.50   47.10740   39.80800  E                
0 04.04.2019 12:58:31.925   5.33300000   5333.40676   2.50  -71.4   21.7  28.0 46.20  213.8   475.0  214.10   43.52   36.51   942.3  214.26   39.92   33.60  1387.6  214.44   36.44   31.07    1.6     46711.925     13.50   47.10740   39.80800  F2               
0 04.04.2019 12:58:31.925   5.33300000   5333.40676   2.50  -71.4   21.7  28.0  7.80  215.3  1054.1  215.47   39.15   32.73  2107.0  215.58   30.87   27.09  3157.3  215.65   22.42   22.36    1.2     46711.925     13.50   47.10740   39.80800  E                
0 04.04.2019 12:58:54.526   5.33300000   5332.56022   0.09  -86.7   15.3  28.0 53.41  209.5   418.3  209.85   43.81   37.21   833.4  210.05   40.50   34.88  1233.4  210.26   37.29   32.81    1.6     46734.526     13.50   47.10740   39.80800  F2               
0 04.04.2019 12:58:54.526   5.33300000   5332.56022   0.09  -86.7   15.3  28.0  8.40  216.0  1006.6  216.16   39.57   32.89  2012.0  216.27   31.73   27.33  3015.1  216.35   23.71   22.65    1.6     46734.526     13.50   47.10740   39.80800  E                
0 04.04.2019 12:58:54.526   5.33300000   5332.70842   0.13  -85.2   15.0  28.0 50.40  210.2   505.8  210.61   43.15   36.64   990.3  210.82   39.29   33.92  1442.8  211.06   35.66   31.61    2.0     46734.526     13.50   47.10740   39.80800  F2               
0 04.04.2019 12:58:54.526   5.33300000   5332.89762   2.30  -75.6   20.3  28.0 50.40  211.7   506.9  212.07   43.19   36.49   990.2  212.29   39.40   33.66  1447.1  212.55   35.77   31.22    1.4     46734.526     13.50   47.10740   39.80800  F2               
0 04.04.2019 12:58:54.526   5.33300000   5332.89762   2.30  -75.6   20.3  28.0  6.00  216.0  1220.8  216.13   37.92   31.62  2440.6  216.24   28.31   25.27  3657.0  216.31   18.50   19.98    1.2     46734.526     13.50   47.10740   39.80800  E                
0 04.04.2019 12:59:08.681   5.33300000   5332.63981   2.32  -80.3   18.7  28.0 15.00  215.3   662.2  215.41   42.15   35.16  1323.2  215.51   37.06   31.17  1982.8  215.59   31.86   27.69    1.6     46748.681     13.50   47.10740   39.80800  E                
0 04.04.2019 12:59:08.681   5.33300000   5332.85083   2.35  -74.1   22.5  28.0 10.80  215.3   849.7  215.45   40.72   33.97  1698.1  215.56   34.12   29.15  2544.9  215.63   27.37   25.02    1.3     46748.681     13.50   47.10740   39.80800  E                
0 04.04.2019 12:59:08.681   5.33300000   5332.85083   2.35  -74.1   22.5  28.0 49.21  211.7   481.1  211.97   43.39   36.66   943.7  212.16   39.76   33.94  1386.6  212.37   36.24   31.57    1.3     46748.681     13.50   47.10740   39.80800  F2               
0 04.04.2019 12:59:20.523   5.33300000   5333.43391   2.52  -71.5   20.4  28.0 11.40  216.0   817.2  216.14   41.02   34.07  1633.4  216.25   34.71   29.30  2448.4  216.32   28.27   25.20    1.2     46760.523     13.50   47.10740   39.80800  E                
0 04.04.2019 12:59:20.523   5.33300000   5333.43391   2.52  -71.5   20.4  28.0 42.60  215.3   484.3  215.56   43.51   36.32   984.1  215.75   39.71   33.10  1468.8  215.95   35.97   30.27    1.2     46760.523     13.50   47.10740   39.80800  F2               
0 04.04.2019 12:59:33.448   5.33300000   5333.30800   2.28  -69.7   23.3  28.0 10.20  216.0   884.7  216.12   40.50   33.65  1768.3  216.23   33.65   28.59  2650.0  216.31   26.65   24.28    1.2     46773.448     13.50   47.10740   39.80800  E                
0 04.04.2019 12:59:33.448   5.33300000   5333.30800   2.28  -69.7   23.3  28.0 42.60  215.3   484.2  215.57   43.51   36.32   984.1  215.76   39.71   33.10  1468.8  215.96   35.97   30.26    1.2     46773.448     13.50   47.10740   39.80800  F2               
