06.12.2023 21:01:18.713  11.99500000  11994.99635   0.00 -115.2   20.8  28.0 10.51  262.1     0.0    0.00    0.00    0.00  3071.0  237.26   28.74   13.41   3768.7 237.63   24.03    8.77    9.7     75678.713      5.50   47.24000   39.71000  F2F2F2           
06.12.2023 21:02:22.295  11.99500000  11995.00109   0.00 -117.3   20.7  28.0 24.05  197.3     0.0    0.00    0.00    0.00  3071.0  237.26   28.74   13.41   3768.7 237.63   24.03    8.77    2.4     75742.295      5.50   47.24000   39.71000  F2F2F2           
06.12.2023 21:02:43.493  11.99500000  11994.99623   0.00 -115.8   22.2  28.0 20.22  263.9     0.0    0.00    0.00    0.00  3071.0  237.26   28.74   13.41   3768.7 237.63   24.03    8.77    8.7     75763.493      5.50   47.24000   39.71000  F2F2F2           
06.12.2023 21:03:25.875  11.99500000  11994.99696   0.00 -117.8   20.2  28.0  8.80  234.0     0.0    0.00    0.00    0.00  3071.0  237.26   28.74   13.41   3768.7 237.63   24.03    8.77   11.4     75805.875      5.50   47.24000   39.71000  F2F2F2           
06.12.2023 21:05:32.959  11.99500000  11994.99635   0.00 -115.2   22.8  28.0  0.02  270.3     0.0    0.00    0.00    0.00  3071.0  237.26   28.74   13.41   3768.7 237.63   24.03    8.77    9.3     75932.959      5.50   47.24000   39.71000  F2F2F2           
06.12.2023 21:10:19.107  11.99500000  11994.99599   0.00 -112.9   23.1  28.0 18.52  251.1     0.0    0.00    0.00    0.00  3071.0  237.26   28.74   13.41   3768.7 237.63   24.03    8.77    2.6     76219.107      5.50   47.24000   39.71000  F2F2F2           
06.12.2023 21:12:47.986  11.99500000  11994.99587   0.00 -116.6   21.4  28.0 19.50  249.6     0.0    0.00    0.00    0.00  3071.0  237.26   28.74   13.41   3768.7 237.63   24.03    8.77    5.4     76367.986      5.50   47.24000   39.71000  F2F2F2           
06.12.2023 21:14:23.525  11.99500000  11994.99635   0.00 -114.7   21.3  28.0 13.75  260.1     0.0    0.00    0.00    0.00  3071.0  237.26   28.74   13.41   3768.7 237.63   24.03    8.77    9.8     76463.525      5.50   47.24000   39.71000  F2F2F2           
06.12.2023 21:16:30.898  11.99500000  11994.99611   0.00 -115.4   20.6  28.0 13.96  253.5     0.0    0.00    0.00    0.00  3071.0  237.26   28.74   13.41   3768.7 237.63   24.03    8.77    4.9     76590.898      5.50   47.24000   39.71000  F2F2F2           
06.12.2023 21:16:52.134  11.99500000  11994.99647   0.00 -114.6   21.4  28.0 15.42  244.9     0.0    0.00    0.00    0.00  3071.0  237.26   28.74   13.41   3768.7 237.63   24.03    8.77    5.2     76612.134      5.50   47.24000   39.71000  F2F2F2           
06.12.2023 21:20:13.595  11.99500000  11994.99660   0.00 -115.5   20.5  28.0 16.09  243.5     0.0    0.00    0.00    0.00  3071.0  237.26   28.74   13.41   3768.7 237.63   24.03    8.77    3.5     76813.595      5.50   47.24000   39.71000  F2F2F2           
06.12.2023 21:24:27.793  11.99500000  11994.99660   0.00 -114.9   21.1  28.0  9.56  247.9     0.0    0.00    0.00    0.00  3071.0  237.26   28.74   13.41   3768.7 237.63   24.03    8.77    6.8     77067.793      5.50   47.24000   39.71000  F2F2F2           
06.12.2023 21:24:48.976  11.99500000  11994.99672   0.00 -114.1   21.9  28.0  0.03  239.8  3322.8  240.04   27.92   10.57     0.0    0.00    0.00    0.00   3768.7 237.63   24.03    8.77    7.5     77088.976      5.50   47.24000   39.71000  F2F2F2           
06.12.2023 21:27:06.463  11.99500000  11994.99660   0.00 -115.2   20.8  28.0 15.75  246.4     0.0    0.00    0.00    0.00     0.0    0.00    0.00    0.00   3768.7 237.63   24.03    8.77    5.2     77226.463      5.50   47.24000   39.71000  F2F2F2           
06.12.2023 21:31:20.654  11.99500000  11994.99720   0.00 -115.2   20.8  28.0 25.06  219.8     0.0    0.00    0.00    0.00     0.0    0.00    0.00    0.00   3768.7 237.63   24.03    8.77    2.7     77480.654      5.50   47.24000   39.71000  F2F2F2           
06.12.2023 21:31:41.828  11.99500000  11994.99647   0.00 -115.0   21.0  28.0 13.72  248.4     0.0    0.00    0.00    0.00     0.0    0.00    0.00    0.00   3768.7 237.63   24.03    8.77    1.8     77501.828      5.50   47.24000   39.71000  F2F2F2           
06.12.2023 21:32:24.174  11.99500000  11994.99732   0.00 -117.0   21.0  28.0 29.46  217.1     0.0    0.00    0.00    0.00     0.0    0.00    0.00    0.00   3768.7 237.63   24.03    8.77   18.0     77544.174      5.50   47.24000   39.71000  F2F2F2           
06.12.2023 21:33:48.895  11.99500000  11994.99720   0.00 -116.5   21.5  28.0  0.09  226.1  3362.3  226.12   23.44   16.50     0.0    0.00    0.00    0.00   3768.7 237.63   24.03    8.77    8.7     77628.895      5.50   47.24000   39.71000  F2F2F2           
06.12.2023 21:35:13.605  11.99500000  11994.99769   0.00 -117.7   20.3  28.0 25.80  223.0     0.0    0.00    0.00    0.00     0.0    0.00    0.00    0.00   3768.7 237.63   24.03    8.77    9.1     77713.605      5.50   47.24000   39.71000  F2F2F2           
06.12.2023 21:37:20.657  11.99500000  11994.99769   0.00 -115.9   22.1  28.0  3.63   77.8     0.0    0.00    0.00    0.00     0.0    0.00    0.00    0.00   3768.7 237.63   24.03    8.77   18.7     77840.657      5.50   47.24000   39.71000  F2F2F2           
06.12.2023 21:38:03.002  11.99500000  11994.99720   0.00 -115.9   22.1  28.0 23.51  228.2     0.0    0.00    0.00    0.00     0.0    0.00    0.00    0.00   3768.7 237.63   24.03    8.77    6.2     77883.002      5.50   47.24000   39.71000  F2F2F2           
06.12.2023 21:38:45.273  11.99500000  11994.99745   0.00 -117.3   20.7  28.0 28.15  222.3     0.0    0.00    0.00    0.00     0.0    0.00    0.00    0.00   3768.7 237.63   24.03    8.77    8.3     77925.273      5.50   47.24000   39.71000  F2F2F2           
06.12.2023 21:38:45.273  11.99500000  11994.99708   0.00 -117.2   20.8  28.0 26.41  221.5     0.0    0.00    0.00    0.00     0.0    0.00    0.00    0.00   3768.7 237.63   24.03    8.77    8.1     77925.273      5.50   47.24000   39.71000  F2F2F2           
06.12.2023 21:39:27.630  11.99500000  11994.99708   0.00 -117.8   20.2  28.0 29.98  203.9     0.0    0.00    0.00    0.00     0.0    0.00    0.00    0.00   3768.7 237.63   24.03    8.77   22.8     77967.630      5.50   47.24000   39.71000  F2F2F2           
06.12.2023 21:41:02.812  11.99500000  11994.99708   0.00 -115.5   22.5  28.0 16.00  226.7     0.0    0.00    0.00    0.00     0.0    0.00    0.00    0.00   3768.7 237.63   24.03    8.77    3.8     78062.812      5.50   47.24000   39.71000  F2F2F2           
06.12.2023 21:45:27.066  11.99500000  11994.99745   0.00 -117.0   21.0  28.0 21.25  228.2     0.0    0.00    0.00    0.00     0.0    0.00    0.00    0.00   3768.7 237.63   24.03    8.77    8.7     78327.066      5.50   47.24000   39.71000  F2F2F2           
06.12.2023 21:45:48.183  11.99500000  11994.99684   0.00 -117.1   20.9  28.0 24.59  221.9     0.0    0.00    0.00    0.00     0.0    0.00    0.00    0.00   3768.7 237.63   24.03    8.77   12.3     78348.183      5.50   47.24000   39.71000  F2F2F2           
06.12.2023 21:53:12.286  11.99500000  11994.99720   0.00 -117.1   20.9  28.0 24.31  221.6     0.0    0.00    0.00    0.00     0.0    0.00    0.00    0.00   3768.7 237.63   24.03    8.77    6.1     78792.286      5.50   47.24000   39.71000  F2F2F2           
