07.12.2023 20:00:19.470  11.99500000  11994.99732   0.00 -116.0   20.0  28.0  0.00  288.5     0.0    0.00    0.00    0.00  3968.5  260.72   32.20   -3.07      0.0   0.00    0.00    0.00    8.6     72019.470      5.50   47.24000   39.71000                   
07.12.2023 20:00:19.470  11.99500000  11994.99672   0.00 -104.4   31.6  28.0  2.52  281.4     0.0    0.00    0.00    0.00  3968.5  260.72   32.20   -3.07      0.0   0.00    0.00    0.00    6.3     72019.470      5.50   47.24000   39.71000                   
07.12.2023 20:00:40.627  11.99500000  11994.99672   0.00 -106.9   31.1  28.0  2.78  280.3     0.0    0.00    0.00    0.00  3968.5  260.72   32.20   -3.07      0.0   0.00    0.00    0.00    5.8     72040.627      5.50   47.24000   39.71000                   
07.12.2023 20:01:01.744  11.99500000  11994.99660   0.00 -109.4   28.6  28.0  4.84  282.1     0.0    0.00    0.00    0.00  3968.5  260.72   32.20   -3.07      0.0   0.00    0.00    0.00    4.0     72061.744      5.50   47.24000   39.71000                   
07.12.2023 20:01:22.884  11.99500000  11994.99684   0.00 -104.1   31.9  28.0  0.06  283.1  3839.3  283.69   44.13  -10.30     0.0    0.00    0.00    0.00      0.0   0.00    0.00    0.00    4.9     72082.884      5.50   47.24000   39.71000                   
07.12.2023 20:01:43.996  11.99500000  11994.99708   0.00 -107.0   29.0  28.0  6.83  283.3     0.0    0.00    0.00    0.00     0.0    0.00    0.00    0.00      0.0   0.00    0.00    0.00    3.8     72103.996      5.50   47.24000   39.71000                   
07.12.2023 20:01:43.996  11.99500000  11994.99672   0.00 -104.8   31.2  28.0 12.65  280.1     0.0    0.00    0.00    0.00     0.0    0.00    0.00    0.00      0.0   0.00    0.00    0.00    5.1     72103.996      5.50   47.24000   39.71000                   
07.12.2023 20:02:26.301  11.99500000  11994.99732   0.00 -116.6   21.4  28.0  5.07  283.6     0.0    0.00    0.00    0.00     0.0    0.00    0.00    0.00      0.0   0.00    0.00    0.00    4.7     72146.301      5.50   47.24000   39.71000                   
07.12.2023 20:02:26.301  11.99500000  11994.99660   0.00 -115.5   22.5  28.0 20.67  279.2     0.0    0.00    0.00    0.00     0.0    0.00    0.00    0.00      0.0   0.00    0.00    0.00   12.3     72146.301      5.50   47.24000   39.71000                   
07.12.2023 20:02:26.301  11.99500000  11994.99635   0.00 -114.4   23.6  28.0  8.39  281.2     0.0    0.00    0.00    0.00     0.0    0.00    0.00    0.00      0.0   0.00    0.00    0.00    4.9     72146.301      5.50   47.24000   39.71000                   
07.12.2023 20:02:26.301  11.99500000  11994.99684   0.00 -113.3   24.7  28.0  2.80  285.2     0.0    0.00    0.00    0.00     0.0    0.00    0.00    0.00      0.0   0.00    0.00    0.00    6.4     72146.301      5.50   47.24000   39.71000                   
07.12.2023 20:02:47.496  11.99500000  11994.99672   0.00 -106.5   29.5  28.0  7.91  283.5     0.0    0.00    0.00    0.00     0.0    0.00    0.00    0.00      0.0   0.00    0.00    0.00    3.3     72167.496      5.50   47.24000   39.71000                   
07.12.2023 20:03:08.655  11.99500000  11994.99708   0.00 -107.4   30.6  28.0  2.09  284.2     0.0    0.00    0.00    0.00     0.0    0.00    0.00    0.00      0.0   0.00    0.00    0.00    6.2     72188.655      5.50   47.24000   39.71000                   
07.12.2023 20:03:29.809  11.99500000  11994.99635   0.00 -117.3   20.7  28.0 17.86  277.2     0.0    0.00    0.00    0.00     0.0    0.00    0.00    0.00      0.0   0.00    0.00    0.00    9.8     72209.809      5.50   47.24000   39.71000                   
07.12.2023 20:03:29.809  11.99500000  11994.99660   0.00 -114.4   23.6  28.0  0.01  284.3     0.0    0.00    0.00    0.00     0.0    0.00    0.00    0.00      0.0   0.00    0.00    0.00   11.3     72209.809      5.50   47.24000   39.71000                   
07.12.2023 20:03:29.809  11.99500000  11994.99708   0.00 -107.9   30.1  28.0  8.74  283.2     0.0    0.00    0.00    0.00     0.0    0.00    0.00    0.00      0.0   0.00    0.00    0.00    3.4     72209.809      5.50   47.24000   39.71000                   
07.12.2023 20:03:50.990  11.99500000  11994.99660   0.00 -111.7   26.3  28.0  5.63  283.5     0.0    0.00    0.00    0.00     0.0    0.00    0.00    0.00      0.0   0.00    0.00    0.00    4.4     72230.990      5.50   47.24000   39.71000                   
07.12.2023 20:03:50.990  11.99500000  11994.99696   0.00 -107.8   30.2  28.0  0.01  282.8  3907.0  283.46   43.76  -11.00     0.0    0.00    0.00    0.00      0.0   0.00    0.00    0.00    4.7     72230.990      5.50   47.24000   39.71000                   
07.12.2023 20:04:22.694  11.99500000  11994.99647   0.00 -111.7   26.3  28.0  8.66  282.0     0.0    0.00    0.00    0.00     0.0    0.00    0.00    0.00      0.0   0.00    0.00    0.00    6.0     72262.694      5.50   47.24000   39.71000                   
07.12.2023 20:04:22.694  11.99500000  11994.99696   0.00 -110.6   27.4  28.0  0.03  284.5     0.0    0.00    0.00    0.00     0.0    0.00    0.00    0.00      0.0   0.00    0.00    0.00    5.4     72262.694      5.50   47.24000   39.71000                   
07.12.2023 20:04:43.842  11.99500000  11994.99672   0.00 -108.1   27.9  28.0 12.60  281.1     0.0    0.00    0.00    0.00     0.0    0.00    0.00    0.00      0.0   0.00    0.00    0.00    5.6     72283.842      5.50   47.24000   39.71000                   
07.12.2023 20:05:04.996  11.99500000  11994.99708   0.00 -113.3   22.7  28.0 10.51  282.9     0.0    0.00    0.00    0.00     0.0    0.00    0.00    0.00      0.0   0.00    0.00    0.00    6.6     72304.996      5.50   47.24000   39.71000                   
07.12.2023 20:05:04.996  11.99500000  11994.99684   0.00 -103.1   32.9  28.0  7.88  283.4     0.0    0.00    0.00    0.00     0.0    0.00    0.00    0.00      0.0   0.00    0.00    0.00    4.6     72304.996      5.50   47.24000   39.71000                   
07.12.2023 20:05:26.161  11.99500000  11994.99647   0.00 -113.2   24.8  28.0  6.96  280.2     0.0    0.00    0.00    0.00     0.0    0.00    0.00    0.00      0.0   0.00    0.00    0.00    4.9     72326.161      5.50   47.24000   39.71000                   
07.12.2023 20:05:26.161  11.99500000  11994.99684   0.00 -108.3   29.7  28.0  7.66  283.8     0.0    0.00    0.00    0.00     0.0    0.00    0.00    0.00      0.0   0.00    0.00    0.00    3.5     72326.161      5.50   47.24000   39.71000                   
07.12.2023 20:05:47.335  11.99500000  11994.99696   0.00 -114.7   23.3  28.0  9.48  274.4     0.0    0.00    0.00    0.00     0.0    0.00    0.00    0.00      0.0   0.00    0.00    0.00    6.2     72347.335      5.50   47.24000   39.71000                   
07.12.2023 20:05:47.335  11.99500000  11994.99672   0.00 -110.4   27.6  28.0 12.10  284.0     0.0    0.00    0.00    0.00     0.0    0.00    0.00    0.00      0.0   0.00    0.00    0.00    4.1     72347.335      5.50   47.24000   39.71000                   
07.12.2023 20:06:08.516  11.99500000  11994.99623   0.00 -116.7   21.3  28.0  8.52  281.9     0.0    0.00    0.00    0.00     0.0    0.00    0.00    0.00      0.0   0.00    0.00    0.00    3.6     72368.516      5.50   47.24000   39.71000                   
07.12.2023 20:06:08.516  11.99500000  11994.99660   0.00 -107.5   30.5  28.0  9.49  282.0     0.0    0.00    0.00    0.00     0.0    0.00    0.00    0.00      0.0   0.00    0.00    0.00    5.4     72368.516      5.50   47.24000   39.71000                   
07.12.2023 20:06:29.694  11.99500000  11994.99623   0.00 -117.1   20.9  28.0  0.24  282.8     0.0    0.00    0.00    0.00     0.0    0.00    0.00    0.00      0.0   0.00    0.00    0.00    3.6     72389.694      5.50   47.24000   39.71000                   
07.12.2023 20:06:29.694  11.99500000  11994.99647   0.00 -115.1   22.9  28.0  4.57  282.6     0.0    0.00    0.00    0.00     0.0    0.00    0.00    0.00      0.0   0.00    0.00    0.00    9.2     72389.694      5.50   47.24000   39.71000                   
07.12.2023 20:06:29.694  11.99500000  11994.99684   0.00 -107.6   30.4  28.0  9.98  284.1     0.0    0.00    0.00    0.00     0.0    0.00    0.00    0.00      0.0   0.00    0.00    0.00    5.0     72389.694      5.50   47.24000   39.71000                   
07.12.2023 20:06:50.852  11.99500000  11994.99684   0.00 -110.3   25.7  28.0  3.11  281.7     0.0    0.00    0.00    0.00     0.0    0.00    0.00    0.00      0.0   0.00    0.00    0.00    5.4     72410.852      5.50   47.24000   39.71000                   
07.12.2023 20:06:50.852  11.99500000  11994.99647   0.00 -105.1   30.9  28.0 10.03  282.1     0.0    0.00    0.00    0.00     0.0    0.00    0.00    0.00      0.0   0.00    0.00    0.00    3.5     72410.852      5.50   47.24000   39.71000                   
07.12.2023 20:07:12.020  11.99500000  11994.99647   0.00 -114.6   23.4  28.0  0.96  281.1     0.0    0.00    0.00    0.00     0.0    0.00    0.00    0.00      0.0   0.00    0.00    0.00    7.3     72432.020      5.50   47.24000   39.71000                   
07.12.2023 20:07:12.020  11.99500000  11994.99672   0.00 -110.3   27.7  28.0 18.26  273.3     0.0    0.00    0.00    0.00     0.0    0.00    0.00    0.00      0.0   0.00    0.00    0.00   13.9     72432.020      5.50   47.24000   39.71000                   
07.12.2023 20:07:33.161  11.99500000  11994.99757   0.00 -117.9   20.1  28.0  0.14  281.9     0.0    0.00    0.00    0.00     0.0    0.00    0.00    0.00      0.0   0.00    0.00    0.00    5.4     72453.161      5.50   47.24000   39.71000                   
07.12.2023 20:07:33.161  11.99500000  11994.99696   0.00 -115.9   22.1  28.0  0.01  283.8     0.0    0.00    0.00    0.00     0.0    0.00    0.00    0.00      0.0   0.00    0.00    0.00    7.0     72453.161      5.50   47.24000   39.71000                   
07.12.2023 20:07:33.161  11.99500000  11994.99660   0.00 -105.1   32.9  28.0  0.05  281.4  3896.2  282.10   43.09  -10.43     0.0    0.00    0.00    0.00      0.0   0.00    0.00    0.00    7.2     72453.161      5.50   47.24000   39.71000                   
07.12.2023 20:08:04.865  11.99500000  11994.99696   0.00 -117.6   20.4  28.0  3.25  282.7     0.0    0.00    0.00    0.00     0.0    0.00    0.00    0.00      0.0   0.00    0.00    0.00    8.3     72484.865      5.50   47.24000   39.71000                   
07.12.2023 20:08:04.865  11.99500000  11994.99635   0.00 -108.0   30.0  28.0  2.83  281.6     0.0    0.00    0.00    0.00     0.0    0.00    0.00    0.00      0.0   0.00    0.00    0.00    5.3     72484.865      5.50   47.24000   39.71000                   
07.12.2023 20:08:25.984  11.99500000  11994.99647   0.00 -111.9   26.1  28.0  0.04  284.1     0.0    0.00    0.00    0.00     0.0    0.00    0.00    0.00      0.0   0.00    0.00    0.00    6.2     72505.984      5.50   47.24000   39.71000                   
07.12.2023 20:08:25.984  11.99500000  11994.99672   0.00 -109.9   28.1  28.0  3.54  282.6     0.0    0.00    0.00    0.00     0.0    0.00    0.00    0.00      0.0   0.00    0.00    0.00    3.8     72505.984      5.50   47.24000   39.71000                   
07.12.2023 20:08:47.092  11.99500000  11994.99684   0.00 -116.8   21.2  28.0  5.22  283.4     0.0    0.00    0.00    0.00     0.0    0.00    0.00    0.00      0.0   0.00    0.00    0.00    2.0     72527.092      5.50   47.24000   39.71000                   
07.12.2023 20:08:47.092  11.99500000  11994.99660   0.00 -116.2   21.8  28.0 10.12  279.0     0.0    0.00    0.00    0.00     0.0    0.00    0.00    0.00      0.0   0.00    0.00    0.00    9.4     72527.092      5.50   47.24000   39.71000                   
07.12.2023 20:09:08.236  11.99500000  11994.99660   0.00 -112.9   25.1  28.0 11.80  281.4     0.0    0.00    0.00    0.00     0.0    0.00    0.00    0.00      0.0   0.00    0.00    0.00    5.4     72548.236      5.50   47.24000   39.71000                   
07.12.2023 20:09:29.404  11.99500000  11994.99684   0.00 -112.4   25.6  28.0  6.65  281.8     0.0    0.00    0.00    0.00     0.0    0.00    0.00    0.00      0.0   0.00    0.00    0.00    5.3     72569.404      5.50   47.24000   39.71000                   
07.12.2023 20:09:29.404  11.99500000  11994.99660   0.00 -110.0   28.0  28.0  6.37  282.5     0.0    0.00    0.00    0.00     0.0    0.00    0.00    0.00      0.0   0.00    0.00    0.00    5.0     72569.404      5.50   47.24000   39.71000                   
07.12.2023 20:09:50.532  11.99500000  11994.99684   0.00 -103.7   32.3  28.0  9.56  281.1     0.0    0.00    0.00    0.00     0.0    0.00    0.00    0.00      0.0   0.00    0.00    0.00    3.8     72590.532      5.50   47.24000   39.71000                   
07.12.2023 20:10:22.181  11.99500000  11994.99660   0.00 -102.9   33.1  28.0  9.54  281.3     0.0    0.00    0.00    0.00     0.0    0.00    0.00    0.00      0.0   0.00    0.00    0.00    4.0     72622.181      5.50   47.24000   39.71000                   
07.12.2023 20:10:43.302  11.99500000  11994.99672   0.00 -101.4   34.6  28.0  7.48  281.6     0.0    0.00    0.00    0.00     0.0    0.00    0.00    0.00      0.0   0.00    0.00    0.00    4.1     72643.302      5.50   47.24000   39.71000                   
07.12.2023 20:11:04.436  11.99500000  11994.99623   0.00 -114.9   23.1  28.0  7.98  282.7     0.0    0.00    0.00    0.00     0.0    0.00    0.00    0.00      0.0   0.00    0.00    0.00    6.0     72664.436      5.50   47.24000   39.71000                   
07.12.2023 20:11:04.436  11.99500000  11994.99660   0.00 -106.9   31.1  28.0 11.31  281.0     0.0    0.00    0.00    0.00     0.0    0.00    0.00    0.00      0.0   0.00    0.00    0.00    3.9     72664.436      5.50   47.24000   39.71000                   
07.12.2023 20:11:25.575  11.99500000  11994.99672   0.00 -115.9   22.1  28.0  3.95  280.1     0.0    0.00    0.00    0.00     0.0    0.00    0.00    0.00      0.0   0.00    0.00    0.00    3.6     72685.575      5.50   47.24000   39.71000                   
07.12.2023 20:11:46.716  11.99500000  11994.99684   0.00 -116.8   21.2  28.0  1.13  280.9     0.0    0.00    0.00    0.00     0.0    0.00    0.00    0.00      0.0   0.00    0.00    0.00    4.2     72706.716      5.50   47.24000   39.71000                   
07.12.2023 20:12:07.855  11.99500000  11994.99660   0.00 -109.9   28.1  28.0  8.02  282.2     0.0    0.00    0.00    0.00     0.0    0.00    0.00    0.00      0.0   0.00    0.00    0.00    8.0     72727.855      5.50   47.24000   39.71000                   
07.12.2023 20:12:39.533  11.99500000  11994.99660   0.00 -111.9   26.1  28.0  6.55  280.0     0.0    0.00    0.00    0.00     0.0    0.00    0.00    0.00      0.0   0.00    0.00    0.00    4.0     72759.533      5.50   47.24000   39.71000                   
07.12.2023 20:13:00.654  11.99500000  11994.99696   0.00 -117.7   20.3  28.0  7.14  280.7     0.0    0.00    0.00    0.00     0.0    0.00    0.00    0.00      0.0   0.00    0.00    0.00    6.4     72780.654      5.50   47.24000   39.71000                   
07.12.2023 20:13:00.654  11.99500000  11994.99660   0.00 -115.2   22.8  28.0  0.10  282.4     0.0    0.00    0.00    0.00     0.0    0.00    0.00    0.00      0.0   0.00    0.00    0.00    8.9     72780.654      5.50   47.24000   39.71000                   
07.12.2023 20:13:21.796  11.99500000  11994.99647   0.00 -114.6   23.4  28.0 10.33  279.3     0.0    0.00    0.00    0.00     0.0    0.00    0.00    0.00      0.0   0.00    0.00    0.00    6.2     72801.796      5.50   47.24000   39.71000                   
07.12.2023 20:13:42.938  11.99500000  11994.99647   0.00 -116.4   21.6  28.0 11.33  278.3     0.0    0.00    0.00    0.00     0.0    0.00    0.00    0.00      0.0   0.00    0.00    0.00    4.5     72822.938      5.50   47.24000   39.71000                   
07.12.2023 20:14:46.335  11.99500000  11994.99672   0.00 -116.0   22.0  28.0  1.05  280.0     0.0    0.00    0.00    0.00     0.0    0.00    0.00    0.00      0.0   0.00    0.00    0.00    3.9     72886.335      5.50   47.24000   39.71000                   
07.12.2023 20:15:07.471  11.99500000  11994.99672   0.00 -112.5   23.5  28.0  8.34  278.8     0.0    0.00    0.00    0.00     0.0    0.00    0.00    0.00      0.0   0.00    0.00    0.00    6.0     72907.471      5.50   47.24000   39.71000                   
07.12.2023 20:19:31.532  11.99500000  11994.99684   0.00 -116.5   21.5  28.0  2.45  281.3     0.0    0.00    0.00    0.00     0.0    0.00    0.00    0.00      0.0   0.00    0.00    0.00    3.9     73171.532      5.50   47.24000   39.71000                   
07.12.2023 20:20:13.776  11.99500000  11994.99672   0.00 -117.9   20.1  28.0  0.02  281.5     0.0    0.00    0.00    0.00     0.0    0.00    0.00    0.00      0.0   0.00    0.00    0.00    5.7     73213.776      5.50   47.24000   39.71000                   
07.12.2023 20:20:34.882  11.99500000  11994.99684   0.00 -117.4   20.6  28.0  0.00  283.5     0.0    0.00    0.00    0.00     0.0    0.00    0.00    0.00      0.0   0.00    0.00    0.00    4.4     73234.882      5.50   47.24000   39.71000                   
07.12.2023 20:21:59.421  11.99500000  11994.99672   0.00 -118.0   20.0  28.0  1.59  285.5     0.0    0.00    0.00    0.00     0.0    0.00    0.00    0.00      0.0   0.00    0.00    0.00    5.7     73319.421      5.50   47.24000   39.71000                   
07.12.2023 20:21:59.421  11.99500000  11994.99708   0.00 -116.5   21.5  28.0  0.02  282.3     0.0    0.00    0.00    0.00     0.0    0.00    0.00    0.00      0.0   0.00    0.00    0.00    3.7     73319.421      5.50   47.24000   39.71000                   
07.12.2023 20:22:20.552  11.99500000  11994.99672   0.00 -116.9   21.1  28.0 11.15  280.2     0.0    0.00    0.00    0.00     0.0    0.00    0.00    0.00      0.0   0.00    0.00    0.00    4.1     73340.552      5.50   47.24000   39.71000                   
07.12.2023 20:22:20.552  11.99500000  11994.99696   0.00 -116.1   21.9  28.0  0.07  283.4     0.0    0.00    0.00    0.00     0.0    0.00    0.00    0.00      0.0   0.00    0.00    0.00    8.6     73340.552      5.50   47.24000   39.71000                   
07.12.2023 20:22:41.694  11.99500000  11994.99696   0.00 -117.4   20.6  28.0  0.00  283.3     0.0    0.00    0.00    0.00     0.0    0.00    0.00    0.00      0.0   0.00    0.00    0.00    7.6     73361.694      5.50   47.24000   39.71000                   
07.12.2023 20:23:23.957  11.99500000  11994.99672   0.00 -116.4   21.6  28.0 10.55  280.9     0.0    0.00    0.00    0.00     0.0    0.00    0.00    0.00      0.0   0.00    0.00    0.00    6.5     73403.957      5.50   47.24000   39.71000                   
07.12.2023 20:23:45.082  11.99500000  11994.99684   0.00 -111.7   26.3  28.0 10.83  280.2     0.0    0.00    0.00    0.00     0.0    0.00    0.00    0.00      0.0   0.00    0.00    0.00    3.1     73425.082      5.50   47.24000   39.71000                   
07.12.2023 20:24:06.216  11.99500000  11994.99684   0.00 -115.6   22.4  28.0 13.24  280.1     0.0    0.00    0.00    0.00     0.0    0.00    0.00    0.00      0.0   0.00    0.00    0.00    6.2     73446.216      5.50   47.24000   39.71000                   
07.12.2023 20:24:27.345  11.99500000  11994.99696   0.00 -116.0   22.0  28.0  0.08  282.1     0.0    0.00    0.00    0.00     0.0    0.00    0.00    0.00      0.0   0.00    0.00    0.00    4.5     73467.345      5.50   47.24000   39.71000                   
07.12.2023 20:24:48.440  11.99500000  11994.99684   0.00 -117.5   20.5  28.0  2.07  281.5     0.0    0.00    0.00    0.00     0.0    0.00    0.00    0.00      0.0   0.00    0.00    0.00    5.6     73488.440      5.50   47.24000   39.71000                   
07.12.2023 20:25:09.581  11.99500000  11994.99684   0.00 -114.0   24.0  28.0 11.15  280.5     0.0    0.00    0.00    0.00     0.0    0.00    0.00    0.00      0.0   0.00    0.00    0.00    5.0     73509.581      5.50   47.24000   39.71000                   
07.12.2023 20:26:12.956  11.99500000  11994.99684   0.00 -110.7   27.3  28.0 10.26  281.7     0.0    0.00    0.00    0.00     0.0    0.00    0.00    0.00      0.0   0.00    0.00    0.00    4.8     73572.956      5.50   47.24000   39.71000                   
07.12.2023 20:26:34.055  11.99500000  11994.99672   0.00 -112.6   25.4  28.0  6.37  281.1     0.0    0.00    0.00    0.00     0.0    0.00    0.00    0.00      0.0   0.00    0.00    0.00    5.1     73594.055      5.50   47.24000   39.71000                   
07.12.2023 20:26:55.180  11.99500000  11994.99684   0.00 -116.5   21.5  28.0  4.30  283.5     0.0    0.00    0.00    0.00     0.0    0.00    0.00    0.00      0.0   0.00    0.00    0.00    3.6     73615.180      5.50   47.24000   39.71000                   
07.12.2023 20:27:37.421  11.99500000  11994.99672   0.00 -112.4   25.6  28.0  0.02  282.2     0.0    0.00    0.00    0.00     0.0    0.00    0.00    0.00      0.0   0.00    0.00    0.00    5.3     73657.421      5.50   47.24000   39.71000                   
07.12.2023 20:27:58.535  11.99500000  11994.99684   0.00 -108.8   29.2  28.0  4.72  281.6     0.0    0.00    0.00    0.00     0.0    0.00    0.00    0.00      0.0   0.00    0.00    0.00    3.9     73678.535      5.50   47.24000   39.71000                   
07.12.2023 20:28:19.663  11.99500000  11994.99672   0.00 -107.8   30.2  28.0  2.85  281.3     0.0    0.00    0.00    0.00     0.0    0.00    0.00    0.00      0.0   0.00    0.00    0.00    4.2     73699.663      5.50   47.24000   39.71000                   
07.12.2023 20:29:01.967  11.99500000  11994.99684   0.00 -109.2   28.8  28.0  0.22  282.0     0.0    0.00    0.00    0.00     0.0    0.00    0.00    0.00      0.0   0.00    0.00    0.00    5.3     73741.967      5.50   47.24000   39.71000                   
07.12.2023 20:29:23.082  11.99500000  11994.99672   0.00 -116.2   21.8  28.0  0.02  283.9     0.0    0.00    0.00    0.00     0.0    0.00    0.00    0.00      0.0   0.00    0.00    0.00   19.0     73763.082      5.50   47.24000   39.71000                   
07.12.2023 20:29:44.197  11.99500000  11994.99672   0.00 -110.2   27.8  28.0  9.39  281.7     0.0    0.00    0.00    0.00     0.0    0.00    0.00    0.00      0.0   0.00    0.00    0.00    4.6     73784.197      5.50   47.24000   39.71000                   
07.12.2023 20:30:15.903  11.99500000  11994.99672   0.00 -114.0   24.0  28.0  1.39  280.7     0.0    0.00    0.00    0.00     0.0    0.00    0.00    0.00      0.0   0.00    0.00    0.00   16.7     73815.903      5.50   47.24000   39.71000                   
07.12.2023 20:30:37.088  11.99500000  11994.99684   0.00 -116.4   21.6  28.0  0.12  282.3     0.0    0.00    0.00    0.00     0.0    0.00    0.00    0.00      0.0   0.00    0.00    0.00    6.1     73837.088      5.50   47.24000   39.71000                   
07.12.2023 20:30:58.262  11.99500000  11994.99684   0.00 -116.7   21.3  28.0  0.01  282.3     0.0    0.00    0.00    0.00     0.0    0.00    0.00    0.00      0.0   0.00    0.00    0.00   10.6     73858.262      5.50   47.24000   39.71000                   
07.12.2023 20:31:19.398  11.99500000  11994.99672   0.00 -110.4   27.6  28.0  7.77  280.0     0.0    0.00    0.00    0.00     0.0    0.00    0.00    0.00      0.0   0.00    0.00    0.00    6.8     73879.398      5.50   47.24000   39.71000                   
07.12.2023 20:31:40.533  11.99500000  11994.99708   0.00 -116.1   21.9  28.0  0.22  283.0     0.0    0.00    0.00    0.00     0.0    0.00    0.00    0.00      0.0   0.00    0.00    0.00    4.6     73900.533      5.50   47.24000   39.71000                   
07.12.2023 20:31:40.533  11.99500000  11994.99672   0.00 -110.3   27.7  28.0 10.14  281.5     0.0    0.00    0.00    0.00     0.0    0.00    0.00    0.00      0.0   0.00    0.00    0.00    6.1     73900.533      5.50   47.24000   39.71000                   
07.12.2023 20:32:01.658  11.99500000  11994.99660   0.00 -113.3   24.7  28.0  4.93  282.0     0.0    0.00    0.00    0.00     0.0    0.00    0.00    0.00      0.0   0.00    0.00    0.00    4.0     73921.658      5.50   47.24000   39.71000                   
07.12.2023 20:32:22.773  11.99500000  11994.99684   0.00 -114.5   23.5  28.0  0.03  284.3     0.0    0.00    0.00    0.00     0.0    0.00    0.00    0.00      0.0   0.00    0.00    0.00    6.0     73942.773      5.50   47.24000   39.71000                   
07.12.2023 20:32:43.940  11.99500000  11994.99660   0.00 -117.0   21.0  28.0 15.54  273.1     0.0    0.00    0.00    0.00     0.0    0.00    0.00    0.00      0.0   0.00    0.00    0.00    7.5     73963.940      5.50   47.24000   39.71000                   
07.12.2023 20:32:43.940  11.99500000  11994.99696   0.00 -112.7   25.3  28.0  7.63  282.3     0.0    0.00    0.00    0.00     0.0    0.00    0.00    0.00      0.0   0.00    0.00    0.00    4.6     73963.940      5.50   47.24000   39.71000                   
07.12.2023 20:33:05.105  11.99500000  11994.99672   0.00 -111.6   26.4  28.0 10.67  281.2     0.0    0.00    0.00    0.00     0.0    0.00    0.00    0.00      0.0   0.00    0.00    0.00    4.0     73985.105      5.50   47.24000   39.71000                   
07.12.2023 20:33:26.266  11.99500000  11994.99708   0.00 -117.1   20.9  28.0  7.93  282.0     0.0    0.00    0.00    0.00     0.0    0.00    0.00    0.00      0.0   0.00    0.00    0.00    3.6     74006.266      5.50   47.24000   39.71000                   
07.12.2023 20:33:26.266  11.99500000  11994.99672   0.00 -114.7   23.3  28.0  8.83  281.6     0.0    0.00    0.00    0.00     0.0    0.00    0.00    0.00      0.0   0.00    0.00    0.00    4.5     74006.266      5.50   47.24000   39.71000                   
07.12.2023 20:33:47.400  11.99500000  11994.99684   0.00 -114.5   23.5  28.0  9.10  283.6     0.0    0.00    0.00    0.00     0.0    0.00    0.00    0.00      0.0   0.00    0.00    0.00    3.8     74027.400      5.50   47.24000   39.71000                   
07.12.2023 20:34:40.176  11.99500000  11994.99684   0.00 -111.5   26.5  28.0  8.41  280.6     0.0    0.00    0.00    0.00     0.0    0.00    0.00    0.00      0.0   0.00    0.00    0.00    4.4     74080.176      5.50   47.24000   39.71000                   
07.12.2023 20:35:01.326  11.99500000  11994.99672   0.00 -109.7   28.3  28.0  7.60  281.6     0.0    0.00    0.00    0.00     0.0    0.00    0.00    0.00      0.0   0.00    0.00    0.00    5.3     74101.326      5.50   47.24000   39.71000                   
07.12.2023 20:35:22.486  11.99500000  11994.99672   0.00 -115.1   22.9  28.0  1.06  282.4     0.0    0.00    0.00    0.00     0.0    0.00    0.00    0.00      0.0   0.00    0.00    0.00    5.4     74122.486      5.50   47.24000   39.71000                   
07.12.2023 20:35:43.640  11.99500000  11994.99660   0.00 -116.7   21.3  28.0 15.47  282.0     0.0    0.00    0.00    0.00     0.0    0.00    0.00    0.00      0.0   0.00    0.00    0.00    3.2     74143.640      5.50   47.24000   39.71000                   
07.12.2023 20:35:43.640  11.99500000  11994.99684   0.00 -116.5   21.5  28.0  7.50  281.2     0.0    0.00    0.00    0.00     0.0    0.00    0.00    0.00      0.0   0.00    0.00    0.00    6.9     74143.640      5.50   47.24000   39.71000                   
07.12.2023 20:36:04.779  11.99500000  11994.99684   0.00 -106.2   31.8  28.0  6.54  281.9     0.0    0.00    0.00    0.00     0.0    0.00    0.00    0.00      0.0   0.00    0.00    0.00    3.7     74164.779      5.50   47.24000   39.71000                   
07.12.2023 20:36:25.887  11.99500000  11994.99684   0.00 -111.7   26.3  28.0  7.73  281.7     0.0    0.00    0.00    0.00     0.0    0.00    0.00    0.00      0.0   0.00    0.00    0.00    3.8     74185.887      5.50   47.24000   39.71000                   
07.12.2023 20:36:47.035  11.99500000  11994.99684   0.00 -107.9   30.1  28.0  8.84  282.0     0.0    0.00    0.00    0.00     0.0    0.00    0.00    0.00      0.0   0.00    0.00    0.00    3.5     74207.035      5.50   47.24000   39.71000                   
07.12.2023 20:37:08.184  11.99500000  11994.99672   0.00 -109.0   29.0  28.0  9.25  281.1     0.0    0.00    0.00    0.00     0.0    0.00    0.00    0.00      0.0   0.00    0.00    0.00    4.7     74228.184      5.50   47.24000   39.71000                   
07.12.2023 20:37:29.335  11.99500000  11994.99672   0.00 -111.5   26.5  28.0 10.45  281.1     0.0    0.00    0.00    0.00     0.0    0.00    0.00    0.00      0.0   0.00    0.00    0.00    3.3     74249.335      5.50   47.24000   39.71000                   
07.12.2023 20:38:22.125  11.99500000  11994.99672   0.00 -112.2   25.8  28.0  9.51  281.9     0.0    0.00    0.00    0.00     0.0    0.00    0.00    0.00      0.0   0.00    0.00    0.00    5.7     74302.125      5.50   47.24000   39.71000                   
07.12.2023 20:38:43.253  11.99500000  11994.99684   0.00 -117.3   20.7  28.0 13.20  281.7     0.0    0.00    0.00    0.00     0.0    0.00    0.00    0.00      0.0   0.00    0.00    0.00    6.5     74323.253      5.50   47.24000   39.71000                   
07.12.2023 20:39:25.510  11.99500000  11994.99672   0.00 -116.2   21.8  28.0 13.75  281.4     0.0    0.00    0.00    0.00     0.0    0.00    0.00    0.00      0.0   0.00    0.00    0.00    4.2     74365.510      5.50   47.24000   39.71000                   
07.12.2023 20:40:07.773  11.99500000  11994.99696   0.00 -113.3   24.7  28.0  8.70  284.3     0.0    0.00    0.00    0.00     0.0    0.00    0.00    0.00      0.0   0.00    0.00    0.00    4.7     74407.773      5.50   47.24000   39.71000                   
07.12.2023 20:40:39.424  11.99500000  11994.99684   0.00 -112.7   25.3  28.0  9.78  283.4     0.0    0.00    0.00    0.00     0.0    0.00    0.00    0.00      0.0   0.00    0.00    0.00    3.5     74439.424      5.50   47.24000   39.71000                   
07.12.2023 20:41:00.565  11.99500000  11994.99696   0.00 -115.6   22.4  28.0  7.81  283.8     0.0    0.00    0.00    0.00     0.0    0.00    0.00    0.00      0.0   0.00    0.00    0.00    7.1     74460.565      5.50   47.24000   39.71000                   
07.12.2023 20:41:21.694  11.99500000  11994.99696   0.00 -111.6   26.4  28.0  2.63  282.0     0.0    0.00    0.00    0.00     0.0    0.00    0.00    0.00      0.0   0.00    0.00    0.00    3.2     74481.694      5.50   47.24000   39.71000                   
07.12.2023 20:41:42.823  11.99500000  11994.99684   0.00 -108.8   29.2  28.0 10.46  282.7     0.0    0.00    0.00    0.00     0.0    0.00    0.00    0.00      0.0   0.00    0.00    0.00    4.7     74502.823      5.50   47.24000   39.71000                   
07.12.2023 20:42:03.959  11.99500000  11994.99684   0.00 -116.4   21.6  28.0  4.24  282.7     0.0    0.00    0.00    0.00     0.0    0.00    0.00    0.00      0.0   0.00    0.00    0.00    4.5     74523.959      5.50   47.24000   39.71000                   
07.12.2023 20:42:25.055  11.99500000  11994.99696   0.00 -115.9   22.1  28.0  5.04  281.3     0.0    0.00    0.00    0.00     0.0    0.00    0.00    0.00      0.0   0.00    0.00    0.00    6.9     74545.055      5.50   47.24000   39.71000                   
07.12.2023 20:42:56.713  11.99500000  11994.99672   0.00 -112.3   25.7  28.0  7.81  281.3     0.0    0.00    0.00    0.00     0.0    0.00    0.00    0.00      0.0   0.00    0.00    0.00    4.6     74576.713      5.50   47.24000   39.71000                   
07.12.2023 20:43:17.836  11.99500000  11994.99660   0.00 -113.8   24.2  28.0  9.81  281.4     0.0    0.00    0.00    0.00     0.0    0.00    0.00    0.00      0.0   0.00    0.00    0.00    5.8     74597.836      5.50   47.24000   39.71000                   
07.12.2023 20:43:17.836  11.99500000  11994.99684   0.00 -113.6   24.4  28.0  7.68  281.0     0.0    0.00    0.00    0.00     0.0    0.00    0.00    0.00      0.0   0.00    0.00    0.00    4.7     74597.836      5.50   47.24000   39.71000                   
07.12.2023 20:43:38.974  11.99500000  11994.99660   0.00 -118.0   20.0  28.0  6.53  279.5     0.0    0.00    0.00    0.00     0.0    0.00    0.00    0.00      0.0   0.00    0.00    0.00    9.2     74618.974      5.50   47.24000   39.71000                   
07.12.2023 20:44:00.095  11.99500000  11994.99696   0.00 -114.3   23.7  28.0  0.47  283.3     0.0    0.00    0.00    0.00     0.0    0.00    0.00    0.00      0.0   0.00    0.00    0.00    3.3     74640.095      5.50   47.24000   39.71000                   
07.12.2023 20:44:21.213  11.99500000  11994.99672   0.00 -109.4   28.6  28.0  9.49  282.2     0.0    0.00    0.00    0.00     0.0    0.00    0.00    0.00      0.0   0.00    0.00    0.00    5.2     74661.213      5.50   47.24000   39.71000                   
07.12.2023 20:45:24.647  11.99500000  11994.99660   0.00 -115.6   22.4  28.0 13.71  278.3     0.0    0.00    0.00    0.00     0.0    0.00    0.00    0.00      0.0   0.00    0.00    0.00    4.9     74724.647      5.50   47.24000   39.71000                   
07.12.2023 20:46:06.835  11.99500000  11994.99672   0.00 -116.2   21.8  28.0  9.45  282.4     0.0    0.00    0.00    0.00     0.0    0.00    0.00    0.00      0.0   0.00    0.00    0.00    6.0     74766.835      5.50   47.24000   39.71000                   
07.12.2023 20:46:27.974  11.99500000  11994.99672   0.00 -114.2   23.8  28.0 12.45  281.3     0.0    0.00    0.00    0.00     0.0    0.00    0.00    0.00      0.0   0.00    0.00    0.00    2.8     74787.974      5.50   47.24000   39.71000                   
07.12.2023 20:46:49.111  11.99500000  11994.99672   0.00 -108.2   29.8  28.0  9.87  281.7     0.0    0.00    0.00    0.00     0.0    0.00    0.00    0.00      0.0   0.00    0.00    0.00    5.4     74809.111      5.50   47.24000   39.71000                   
07.12.2023 20:47:41.881  11.99500000  11994.99684   0.00 -115.7   22.3  28.0  9.50  281.2     0.0    0.00    0.00    0.00     0.0    0.00    0.00    0.00      0.0   0.00    0.00    0.00    5.0     74861.881      5.50   47.24000   39.71000                   
07.12.2023 20:48:02.993  11.99500000  11994.99696   0.00 -117.3   20.7  28.0  8.54  281.3     0.0    0.00    0.00    0.00     0.0    0.00    0.00    0.00      0.0   0.00    0.00    0.00    1.7     74882.993      5.50   47.24000   39.71000                   
07.12.2023 20:48:24.117  11.99500000  11994.99684   0.00 -116.3   21.7  28.0  9.42  280.9     0.0    0.00    0.00    0.00     0.0    0.00    0.00    0.00      0.0   0.00    0.00    0.00    4.0     74904.117      5.50   47.24000   39.71000                   
07.12.2023 20:48:45.259  11.99500000  11994.99672   0.00 -112.8   25.2  28.0  9.52  281.8     0.0    0.00    0.00    0.00     0.0    0.00    0.00    0.00      0.0   0.00    0.00    0.00    3.1     74925.259      5.50   47.24000   39.71000                   
07.12.2023 20:49:48.635  11.99500000  11994.99684   0.00 -114.5   23.5  28.0  9.69  282.3     0.0    0.00    0.00    0.00     0.0    0.00    0.00    0.00      0.0   0.00    0.00    0.00    4.5     74988.635      5.50   47.24000   39.71000                   
07.12.2023 20:50:09.756  11.99500000  11994.99684   0.00 -113.7   24.3  28.0  0.07  283.0     0.0    0.00    0.00    0.00     0.0    0.00    0.00    0.00      0.0   0.00    0.00    0.00    2.9     75009.756      5.50   47.24000   39.71000                   
07.12.2023 20:50:51.993  11.99500000  11994.99672   0.00 -114.6   23.4  28.0  6.88  282.8     0.0    0.00    0.00    0.00     0.0    0.00    0.00    0.00      0.0   0.00    0.00    0.00    2.4     75051.993      5.50   47.24000   39.71000                   
07.12.2023 20:51:13.138  11.99500000  11994.99672   0.00 -116.9   21.1  28.0 10.98  282.5     0.0    0.00    0.00    0.00     0.0    0.00    0.00    0.00      0.0   0.00    0.00    0.00    5.0     75073.138      5.50   47.24000   39.71000                   
07.12.2023 20:52:16.503  11.99500000  11994.99672   0.00 -117.2   20.8  28.0 11.51  280.9     0.0    0.00    0.00    0.00     0.0    0.00    0.00    0.00      0.0   0.00    0.00    0.00    5.6     75136.503      5.50   47.24000   39.71000                   
07.12.2023 20:52:37.622  11.99500000  11994.99684   0.00 -116.2   21.8  28.0  7.11  281.3     0.0    0.00    0.00    0.00     0.0    0.00    0.00    0.00      0.0   0.00    0.00    0.00    4.4     75157.622      5.50   47.24000   39.71000                   
07.12.2023 20:53:19.882  11.99500000  11994.99684   0.00 -114.6   23.4  28.0  6.21  280.6     0.0    0.00    0.00    0.00     0.0    0.00    0.00    0.00      0.0   0.00    0.00    0.00    4.3     75199.882      5.50   47.24000   39.71000                   
07.12.2023 20:54:23.266  11.99500000  11994.99684   0.00 -109.5   28.5  28.0  7.88  281.0     0.0    0.00    0.00    0.00     0.0    0.00    0.00    0.00      0.0   0.00    0.00    0.00    5.3     75263.266      5.50   47.24000   39.71000                   
07.12.2023 20:55:05.502  11.99500000  11994.99684   0.00 -112.1   25.9  28.0  6.64  281.4     0.0    0.00    0.00    0.00     0.0    0.00    0.00    0.00      0.0   0.00    0.00    0.00    3.3     75305.502      5.50   47.24000   39.71000                   
