 26.42 28.99  851.28  -15.74 F2              
 26.42 28.62 1681.59  -15.25 F2F2            
 26.42 24.55 2675.46  -14.58 F2F2F2          
 22.36 24.88  968.99  -10.65 F2              
 22.36 23.66 1937.75  -10.19 F2F2            
 22.36 17.89 3236.67   -9.57 F2F2F2          
 15.15 17.93 1252.48  -11.88 F2              
 15.15 15.03 2572.01  -11.51 F2F2            
 15.15  0.00    0.00    0.00                 
 16.36 19.07 1196.68  -10.14 F2              
 16.36 16.45 2445.19   -9.77 F2F2            
 16.36  0.00    0.00    0.00                 
 22.52 24.69  976.81    1.81 F2              
 22.52 23.16 1980.68    2.35 F2F2            
 22.52 15.96 3432.28    2.84 F2F2F2          
 30.36 33.33  749.02  -62.39 F2              
 30.36 35.04 1427.15  -62.50 F2F2            
 30.36 36.04 2072.58  -62.54 F2F2F2          
 43.55 41.61  583.26  153.15 F2              
 43.55 42.34 1181.94  152.09 F2F2            
 43.55 45.62 1741.30  150.96 F2F2F2          
 29.16 31.85  784.62  -19.55 F2              
 29.16 32.04 1537.69  -19.05 F2F2            
 29.16 29.02 2387.02  -18.37 F2F2F2          
 10.89 15.72 1612.16 -149.96 F2              
 10.89 18.59 2930.56 -150.25 F2F2            
 10.89  0.00    0.00    0.00                 
 19.89 22.53 1052.28  -10.19 F2              
 19.89 20.88 2113.89   -9.77 F2F2            
 19.89 14.25 3639.99   -9.15 F2F2F2          
 38.80 40.44  623.97    3.13 F2              
 38.80 40.35 1260.58    4.29 F2F2            
 38.80 36.61 2017.21    5.48 F2F2F2          
  0.02  2.92 2160.63  -48.53 Es              
  0.02  3.55 3936.41  -48.46 EEs             
  0.02  0.00    0.00    0.00                 
 23.61 26.66  920.63  -72.55 F2              
 23.61 28.34 1748.02  -72.73 F2F2            
 23.61 29.33 2537.61  -72.86 F2F2F2          
 26.70 29.00  854.55   -2.75 F2              
 26.70 28.28 1709.49   -2.13 F2F2            
 26.70 22.76 2806.10   -1.51 F2F2F2          
  0.05  4.07 2107.00 -151.35 E               
  0.05  4.31 3645.41 -151.38 EE              
  0.05  0.00    0.00    0.00                 
  4.45  4.25 1611.18   -8.57 Es              
  4.45  0.00    0.00    0.00                 
  4.45  0.00    0.00    0.00                 
 21.95 24.55  983.88   -7.92 F2              
 21.95 23.28 1968.05   -7.46 F2F2            
 21.95 16.94 3324.73   -6.87 F2F2F2          
 24.14 26.57  921.22   -4.43 F2              
 24.14 25.54 1844.15   -3.90 F2F2            
 24.14 19.46 3078.59   -3.31 F2F2F2          
 32.66 32.43  760.45 -172.89 F2              
 32.66 35.20 1488.20 -173.59 F2F2            
 32.66 37.98 2145.11 -174.03 F2F2F2          
 19.49 22.18 1069.16   -7.26 F2              
 19.49 20.39 2152.64   -6.84 F2F2            
 19.49 13.01 3776.12   -6.26 F2F2F2          
 34.57 36.61  680.48 -103.88 F2              
 34.57 38.24 1315.17 -104.47 F2F2            
 34.57 39.65 1922.26 -104.89 F2F2F2          
 29.75 32.35  770.60  -86.36 F2              
 29.75 34.05 1476.40  -86.77 F2F2            
 29.75 35.11 2152.04  -87.09 F2F2F2          
 35.81 38.46  649.84  -80.38 F2              
 35.81 40.26 1243.58  -80.83 F2F2            
 35.81 41.38 1807.15  -81.23 F2F2F2          
 26.52 24.74  960.95  147.58 F2              
 26.52 28.92 1867.78  146.90 F2F2            
 26.52 33.42 2593.69  146.26 F2F2F2          
  0.00  0.00    0.00    0.00                 
  0.00 28.92 1867.78  146.90 F2F2            
  0.00 33.42 2593.69  146.26 F2F2F2          
 21.44 24.14 1000.33   -7.43 F2              
 21.44 22.84 1998.54   -6.97 F2F2            
 21.44 16.26 3394.01   -6.39 F2F2F2          
 18.94 21.88 1084.16  -11.52 F2              
 18.94 20.28 2163.98  -11.13 F2F2            
 18.94 13.64 3724.72  -10.50 F2F2F2          
  0.00  0.00    0.00    0.00                 
  0.00 20.28 2163.98  -11.13 F2F2            
  0.00 13.64 3724.72  -10.50 F2F2F2          
  0.05  3.84 2146.19 -160.77 E               
  0.05  4.13 3727.97 -160.83 EE              
  0.05  0.00    0.00    0.00                 
 16.20 18.38 1309.41 -169.63 F2              
 16.20 22.20 2411.77 -169.97 F2F2            
 16.20 22.52 3424.01 -170.16 F2F2F2          
  7.20 14.67 1924.86 -152.10 F2              
  7.20 16.86 3305.64 -152.36 F2F2            
  7.20  0.00    0.00    0.00                 
 20.17 21.56 1126.07 -164.68 F2              
 20.17 25.33 2121.57 -165.07 F2F2            
 20.17 26.48 3020.67 -165.27 F2F2F2          
 21.64 20.45 1135.70  149.60 F2              
 21.64 25.81 2134.62  149.04 F2F2            
 21.64 29.21 2902.28  148.58 F2F2F2          
  0.00  0.00    0.00    0.00                 
  0.00 25.81 2134.62  149.04 F2F2            
  0.00 29.21 2902.28  148.58 F2F2F2          
 23.16 25.97  947.45   -5.26 F2              
 23.16 25.08 1881.13   -4.75 F2F2            
 23.16 18.89 3134.09   -4.17 F2F2F2          
 20.08 21.88 1117.63 -150.13 F2              
 20.08 25.48 2116.17 -150.48 F2F2            
 20.08 26.79 3030.14 -150.68 F2F2F2          
 17.09 19.98 1170.24   -1.14 F2              
 17.09 17.45 2383.97   -0.72 F2F2            
 17.09  0.00    0.00    0.00                 
  0.00  0.00    0.00    0.00                 
  0.00 17.45 2383.97   -0.72 F2F2            
  0.00  0.00    0.00    0.00                 
 26.81 29.54  847.82   -6.30 F2              
 26.81 29.23 1675.45   -5.70 F2F2            
 26.81 24.20 2702.13   -5.05 F2F2F2          
 26.09 28.77  867.59   -4.38 F2              
 26.09 28.30 1719.38   -3.79 F2F2            
 26.09 22.91 2799.65   -3.15 F2F2F2          
  0.00  0.00    0.00    0.00                 
  0.00 28.30 1719.38   -3.79 F2F2            
  0.00 22.91 2799.65   -3.15 F2F2F2          
  0.00  0.00    0.00    0.00                 
  0.00 28.30 1719.38   -3.79 F2F2            
  0.00 22.91 2799.65   -3.15 F2F2F2          
  0.00  0.00    0.00    0.00                 
  0.00 28.30 1719.38   -3.79 F2F2            
  0.00 22.91 2799.65   -3.15 F2F2F2          
 27.86 30.43  825.65   -2.81 F2              
 27.86 30.13 1638.13   -2.15 F2F2            
 27.86 25.07 2647.09   -1.47 F2F2F2          
  0.00  0.00    0.00    0.00                 
  0.00 30.13 1638.13   -2.15 F2F2            
  0.00 25.07 2647.09   -1.47 F2F2F2          
  0.00  0.00    0.00    0.00                 
  0.00 30.13 1638.13   -2.15 F2F2            
  0.00 25.07 2647.09   -1.47 F2F2F2          
  0.00  0.00    0.00    0.00                 
  0.00 30.13 1638.13   -2.15 F2F2            
  0.00 25.07 2647.09   -1.47 F2F2F2          
 24.90 27.66  897.94   -5.43 F2              
 24.90 27.05 1778.82   -4.87 F2F2            
 24.90 21.42 2914.93   -4.26 F2F2F2          
  0.00  0.00    0.00    0.00                 
  0.00 27.05 1778.82   -4.87 F2F2            
  0.00 21.42 2914.93   -4.26 F2F2F2          
 13.98 17.23 1306.54   -9.28 F2              
 13.98 13.89 2686.80   -8.94 F2F2            
 13.98  0.00    0.00    0.00                 
  0.00  0.00    0.00    0.00                 
  0.00 13.89 2686.80   -8.94 F2F2            
  0.00  0.00    0.00    0.00                 
  0.00  0.00    0.00    0.00                 
  0.00 13.89 2686.80   -8.94 F2F2            
  0.00  0.00    0.00    0.00                 
 11.63 14.84 1453.34   -2.57 F2              
 11.63  9.42 3155.57   -2.23 F2F2            
 11.63  0.00    0.00    0.00                 
  0.00  0.00    0.00    0.00                 
  0.00  9.42 3155.57   -2.23 F2F2            
  0.00  0.00    0.00    0.00                 
 33.09 35.49  715.58   -3.27 F2              
 33.09 35.71 1419.35   -2.43 F2F2            
 33.09 31.81 2242.93   -1.57 F2F2F2          
  0.00  0.00    0.00    0.00                 
  0.00 35.71 1419.35   -2.43 F2F2            
  0.00 31.81 2242.93   -1.57 F2F2F2          
 27.89 30.56  822.37   -5.76 F2              
 27.89 30.38 1625.57   -5.13 F2F2            
 27.89 25.56 2608.48   -4.45 F2F2F2          
  0.00  0.00    0.00    0.00                 
  0.00 30.38 1625.57   -5.13 F2F2            
  0.00 25.56 2608.48   -4.45 F2F2F2          
  0.00  0.00    0.00    0.00 E               
  0.00 30.38 1625.57   -5.13 F2F2            
  0.00 25.56 2608.48   -4.45 F2F2F2          
  0.00  0.00    0.00    0.00                 
  0.00 30.38 1625.57   -5.13 F2F2            
  0.00 25.56 2608.48   -4.45 F2F2F2          
 25.46 28.21  882.68   -5.72 F2              
 25.46 27.70 1747.10   -5.15 F2F2            
 25.46 22.25 2848.14   -4.53 F2F2F2          
  0.00  0.00    0.00    0.00                 
  0.00 27.70 1747.10   -5.15 F2F2            
  0.00 22.25 2848.14   -4.53 F2F2F2          
  0.00  0.00    0.00    0.00                 
  0.00 27.70 1747.10   -5.15 F2F2            
  0.00 22.25 2848.14   -4.53 F2F2F2          
  0.00  0.00    0.00    0.00                 
  0.00 27.70 1747.10   -5.15 F2F2            
  0.00 22.25 2848.14   -4.53 F2F2F2          
  0.00  0.00    0.00    0.00                 
  0.00 27.70 1747.10   -5.15 F2F2            
  0.00 22.25 2848.14   -4.53 F2F2F2          
  0.00  0.00    0.00    0.00                 
  0.00 27.70 1747.10   -5.15 F2F2            
  0.00 22.25 2848.14   -4.53 F2F2F2          
  0.00  0.00    0.00    0.00                 
  0.00 27.70 1747.10   -5.15 F2F2            
  0.00 22.25 2848.14   -4.53 F2F2F2          
  0.00  0.00    0.00    0.00                 
  0.00 27.70 1747.10   -5.15 F2F2            
  0.00 22.25 2848.14   -4.53 F2F2F2          
  0.00  0.00    0.00    0.00                 
  0.00 27.70 1747.10   -5.15 F2F2            
  0.00 22.25 2848.14   -4.53 F2F2F2          
  0.00  0.00    0.00    0.00                 
  0.00 27.70 1747.10   -5.15 F2F2            
  0.00 22.25 2848.14   -4.53 F2F2F2          
  0.00  0.00    0.00    0.00                 
  0.00 27.70 1747.10   -5.15 F2F2            
  0.00 22.25 2848.14   -4.53 F2F2F2          
  0.00  0.00    0.00    0.00                 
  0.00 27.70 1747.10   -5.15 F2F2            
  0.00 22.25 2848.14   -4.53 F2F2F2          
  0.00  0.00    0.00    0.00                 
  0.00 27.70 1747.10   -5.15 F2F2            
  0.00 22.25 2848.14   -4.53 F2F2F2          
  0.00  0.00    0.00    0.00                 
  0.00 27.70 1747.10   -5.15 F2F2            
  0.00 22.25 2848.14   -4.53 F2F2F2          
  0.00  0.00    0.00    0.00                 
  0.00 27.70 1747.10   -5.15 F2F2            
  0.00 22.25 2848.14   -4.53 F2F2F2          
  0.00  0.00    0.00    0.00                 
  0.00 27.70 1747.10   -5.15 F2F2            
  0.00 22.25 2848.14   -4.53 F2F2F2          
  0.00  0.00    0.00    0.00                 
  0.00 27.70 1747.10   -5.15 F2F2            
  0.00 22.25 2848.14   -4.53 F2F2F2          
  0.00  0.00    0.00    0.00                 
  0.00 27.70 1747.10   -5.15 F2F2            
  0.00 22.25 2848.14   -4.53 F2F2F2          
  0.00  0.00    0.00    0.00                 
  0.00 27.70 1747.10   -5.15 F2F2            
  0.00 22.25 2848.14   -4.53 F2F2F2          
  0.00  0.00    0.00    0.00                 
  0.00 27.70 1747.10   -5.15 F2F2            
  0.00 22.25 2848.14   -4.53 F2F2F2          
  0.00  0.00    0.00    0.00                 
  0.00 27.70 1747.10   -5.15 F2F2            
  0.00 22.25 2848.14   -4.53 F2F2F2          
  0.00  0.00    0.00    0.00                 
  0.00 27.70 1747.10   -5.15 F2F2            
  0.00 22.25 2848.14   -4.53 F2F2F2          
  0.00  0.00    0.00    0.00                 
  0.00 27.70 1747.10   -5.15 F2F2            
  0.00 22.25 2848.14   -4.53 F2F2F2          
  0.00  0.00    0.00    0.00                 
  0.00 27.70 1747.10   -5.15 F2F2            
  0.00 22.25 2848.14   -4.53 F2F2F2          
  0.00  0.00    0.00    0.00                 
  0.00 27.70 1747.10   -5.15 F2F2            
  0.00 22.25 2848.14   -4.53 F2F2F2          
  0.00  0.00    0.00    0.00                 
  0.00 27.70 1747.10   -5.15 F2F2            
  0.00 22.25 2848.14   -4.53 F2F2F2          
  0.00  0.00    0.00    0.00                 
  0.00 27.70 1747.10   -5.15 F2F2            
  0.00 22.25 2848.14   -4.53 F2F2F2          
  0.00  0.00    0.00    0.00                 
  0.00 27.70 1747.10   -5.15 F2F2            
  0.00 22.25 2848.14   -4.53 F2F2F2          
  0.00  0.00    0.00    0.00                 
  0.00 27.70 1747.10   -5.15 F2F2            
  0.00 22.25 2848.14   -4.53 F2F2F2          
  0.00  0.00    0.00    0.00                 
  0.00 27.70 1747.10   -5.15 F2F2            
  0.00 22.25 2848.14   -4.53 F2F2F2          
  0.00  0.00    0.00    0.00                 
  0.00 27.70 1747.10   -5.15 F2F2            
  0.00 22.25 2848.14   -4.53 F2F2F2          
  0.00  0.00    0.00    0.00                 
  0.00 27.70 1747.10   -5.15 F2F2            
  0.00 22.25 2848.14   -4.53 F2F2F2          
  0.00  0.00    0.00    0.00                 
  0.00 27.70 1747.10   -5.15 F2F2            
  0.00 22.25 2848.14   -4.53 F2F2F2          
  0.00  0.00    0.00    0.00                 
  0.00 27.70 1747.10   -5.15 F2F2            
  0.00 22.25 2848.14   -4.53 F2F2F2          
  0.00  0.00    0.00    0.00                 
  0.00 27.70 1747.10   -5.15 F2F2            
  0.00 22.25 2848.14   -4.53 F2F2F2          
  0.00  0.00    0.00    0.00                 
  0.00 27.70 1747.10   -5.15 F2F2            
  0.00 22.25 2848.14   -4.53 F2F2F2          
  0.00  0.00    0.00    0.00                 
  0.00 27.70 1747.10   -5.15 F2F2            
  0.00 22.25 2848.14   -4.53 F2F2F2          
  0.00  0.00    0.00    0.00                 
  0.00 27.70 1747.10   -5.15 F2F2            
  0.00 22.25 2848.14   -4.53 F2F2F2          
  0.00  0.00    0.00    0.00                 
  0.00 27.70 1747.10   -5.15 F2F2            
  0.00 22.25 2848.14   -4.53 F2F2F2          
  0.00  0.00    0.00    0.00                 
  0.00 27.70 1747.10   -5.15 F2F2            
  0.00 22.25 2848.14   -4.53 F2F2F2          
  0.00  0.00    0.00    0.00                 
  0.00 27.70 1747.10   -5.15 F2F2            
  0.00 22.25 2848.14   -4.53 F2F2F2          
  0.00  0.00    0.00    0.00                 
  0.00 27.70 1747.10   -5.15 F2F2            
  0.00 22.25 2848.14   -4.53 F2F2F2          
  0.00  0.00    0.00    0.00                 
  0.00 27.70 1747.10   -5.15 F2F2            
  0.00 22.25 2848.14   -4.53 F2F2F2          
  0.00  0.00    0.00    0.00                 
  0.00 27.70 1747.10   -5.15 F2F2            
  0.00 22.25 2848.14   -4.53 F2F2F2          
  0.00  0.00    0.00    0.00                 
  0.00 27.70 1747.10   -5.15 F2F2            
  0.00 22.25 2848.14   -4.53 F2F2F2          
  0.00  0.00    0.00    0.00                 
  0.00 27.70 1747.10   -5.15 F2F2            
  0.00 22.25 2848.14   -4.53 F2F2F2          
  0.00  0.00    0.00    0.00                 
  0.00 27.70 1747.10   -5.15 F2F2            
  0.00 22.25 2848.14   -4.53 F2F2F2          
  0.00  0.00    0.00    0.00                 
  0.00 27.70 1747.10   -5.15 F2F2            
  0.00 22.25 2848.14   -4.53 F2F2F2          
  0.00  0.00    0.00    0.00                 
  0.00 27.70 1747.10   -5.15 F2F2            
  0.00 22.25 2848.14   -4.53 F2F2F2          
  0.00  0.00    0.00    0.00                 
  0.00 27.70 1747.10   -5.15 F2F2            
  0.00 22.25 2848.14   -4.53 F2F2F2          
  0.00  0.00    0.00    0.00                 
  0.00 27.70 1747.10   -5.15 F2F2            
  0.00 22.25 2848.14   -4.53 F2F2F2          
  0.00  0.00    0.00    0.00                 
  0.00 27.70 1747.10   -5.15 F2F2            
  0.00 22.25 2848.14   -4.53 F2F2F2          
  0.00  0.00    0.00    0.00                 
  0.00 27.70 1747.10   -5.15 F2F2            
  0.00 22.25 2848.14   -4.53 F2F2F2          
  0.00  0.00    0.00    0.00                 
  0.00 27.70 1747.10   -5.15 F2F2            
  0.00 22.25 2848.14   -4.53 F2F2F2          
 11.30 14.85 1467.03   -2.07 F2              
 11.30  9.41 3166.19   -1.74 F2F2            
 11.30  0.00    0.00    0.00                 
  0.00  0.00    0.00    0.00                 
  0.00  9.41 3166.19   -1.74 F2F2            
  0.00  0.00    0.00    0.00                 
  0.00  0.00    0.00    0.00                 
  0.00  9.41 3166.19   -1.74 F2F2            
  0.00  0.00    0.00    0.00                 
  0.00  0.00    0.00    0.00                 
  0.00  9.41 3166.19   -1.74 F2F2            
  0.00  0.00    0.00    0.00                 
  0.00  0.00    0.00    0.00                 
  0.00  9.41 3166.19   -1.74 F2F2            
  0.00  0.00    0.00    0.00                 
  0.00  0.00    0.00    0.00                 
  0.00  9.41 3166.19   -1.74 F2F2            
  0.00  0.00    0.00    0.00                 
  0.00  0.00    0.00    0.00                 
  0.00  9.41 3166.19   -1.74 F2F2            
  0.00  0.00    0.00    0.00                 
  0.00  0.00    0.00    0.00                 
  0.00  9.41 3166.19   -1.74 F2F2            
  0.00  0.00    0.00    0.00                 
  0.00  0.00    0.00    0.00                 
  0.00  9.41 3166.19   -1.74 F2F2            
  0.00  0.00    0.00    0.00                 
  0.00  0.00    0.00    0.00                 
  0.00  9.41 3166.19   -1.74 F2F2            
  0.00  0.00    0.00    0.00                 
  0.00  0.00    0.00    0.00                 
  0.00  9.41 3166.19   -1.74 F2F2            
  0.00  0.00    0.00    0.00                 
  0.00  0.00    0.00    0.00                 
  0.00  9.41 3166.19   -1.74 F2F2            
  0.00  0.00    0.00    0.00                 
  0.00  0.00    0.00    0.00                 
  0.00  9.41 3166.19   -1.74 F2F2            
  0.00  0.00    0.00    0.00                 
  0.00  0.00    0.00    0.00                 
  0.00  9.41 3166.19   -1.74 F2F2            
  0.00  0.00    0.00    0.00                 
  0.00  0.00    0.00    0.00                 
  0.00  9.41 3166.19   -1.74 F2F2            
  0.00  0.00    0.00    0.00                 
  0.00  0.00    0.00    0.00                 
  0.00  9.41 3166.19   -1.74 F2F2            
  0.00  0.00    0.00    0.00                 
  0.00  0.00    0.00    0.00                 
  0.00  9.41 3166.19   -1.74 F2F2            
  0.00  0.00    0.00    0.00                 
  0.00  0.00    0.00    0.00                 
  0.00  9.41 3166.19   -1.74 F2F2            
  0.00  0.00    0.00    0.00                 
  0.00  0.00    0.00    0.00                 
  0.00  9.41 3166.19   -1.74 F2F2            
  0.00  0.00    0.00    0.00                 
  0.00  0.00    0.00    0.00                 
  0.00  9.41 3166.19   -1.74 F2F2            
  0.00  0.00    0.00    0.00                 
  0.00  0.00    0.00    0.00                 
  0.00  9.41 3166.19   -1.74 F2F2            
  0.00  0.00    0.00    0.00                 
  0.00  0.00    0.00    0.00                 
  0.00  9.41 3166.19   -1.74 F2F2            
  0.00  0.00    0.00    0.00                 
  0.00  0.00    0.00    0.00                 
  0.00  9.41 3166.19   -1.74 F2F2            
  0.00  0.00    0.00    0.00                 
  0.00  0.00    0.00    0.00                 
  0.00  9.41 3166.19   -1.74 F2F2            
  0.00  0.00    0.00    0.00                 
  0.00  0.00    0.00    0.00                 
  0.00  9.41 3166.19   -1.74 F2F2            
  0.00  0.00    0.00    0.00                 
  0.00  0.00    0.00    0.00                 
  0.00  9.41 3166.19   -1.74 F2F2            
  0.00  0.00    0.00    0.00                 
  0.00  0.00    0.00    0.00                 
  0.00  9.41 3166.19   -1.74 F2F2            
  0.00  0.00    0.00    0.00                 
  0.00  0.00    0.00    0.00                 
  0.00  9.41 3166.19   -1.74 F2F2            
  0.00  0.00    0.00    0.00                 
  0.00  0.00    0.00    0.00                 
  0.00  9.41 3166.19   -1.74 F2F2            
  0.00  0.00    0.00    0.00                 
  0.00  0.00    0.00    0.00                 
  0.00  9.41 3166.19   -1.74 F2F2            
  0.00  0.00    0.00    0.00                 
  0.00  0.00    0.00    0.00                 
  0.00  9.41 3166.19   -1.74 F2F2            
  0.00  0.00    0.00    0.00                 
  0.00  0.00    0.00    0.00                 
  0.00  9.41 3166.19   -1.74 F2F2            
  0.00  0.00    0.00    0.00                 
  0.00  0.00    0.00    0.00                 
  0.00  9.41 3166.19   -1.74 F2F2            
  0.00  0.00    0.00    0.00                 
  0.00  0.00    0.00    0.00                 
  0.00  9.41 3166.19   -1.74 F2F2            
  0.00  0.00    0.00    0.00                 
  0.00  0.00    0.00    0.00                 
  0.00  9.41 3166.19   -1.74 F2F2            
  0.00  0.00    0.00    0.00                 
  0.00  0.00    0.00    0.00                 
  0.00  9.41 3166.19   -1.74 F2F2            
  0.00  0.00    0.00    0.00                 
  0.00  0.00    0.00    0.00                 
  0.00  9.41 3166.19   -1.74 F2F2            
  0.00  0.00    0.00    0.00                 
  0.00  0.00    0.00    0.00                 
  0.00  9.41 3166.19   -1.74 F2F2            
  0.00  0.00    0.00    0.00                 
  0.00  0.00    0.00    0.00                 
  0.00  9.41 3166.19   -1.74 F2F2            
  0.00  0.00    0.00    0.00                 
  0.00  0.00    0.00    0.00                 
  0.00  9.41 3166.19   -1.74 F2F2            
  0.00  0.00    0.00    0.00                 
  0.00  0.00    0.00    0.00                 
  0.00  9.41 3166.19   -1.74 F2F2            
  0.00  0.00    0.00    0.00                 
  0.00  0.00    0.00    0.00                 
  0.00  9.41 3166.19   -1.74 F2F2            
  0.00  0.00    0.00    0.00                 
  0.00  0.00    0.00    0.00                 
  0.00  9.41 3166.19   -1.74 F2F2            
  0.00  0.00    0.00    0.00                 
  0.00  0.00    0.00    0.00                 
  0.00  9.41 3166.19   -1.74 F2F2            
  0.00  0.00    0.00    0.00                 
  0.00  0.00    0.00    0.00                 
  0.00  9.41 3166.19   -1.74 F2F2            
  0.00  0.00    0.00    0.00                 
  0.00  0.00    0.00    0.00                 
  0.00  9.41 3166.19   -1.74 F2F2            
  0.00  0.00    0.00    0.00                 
  0.00  0.00    0.00    0.00                 
  0.00  9.41 3166.19   -1.74 F2F2            
  0.00  0.00    0.00    0.00                 
  0.00  0.00    0.00    0.00                 
  0.00  9.41 3166.19   -1.74 F2F2            
  0.00  0.00    0.00    0.00                 
  0.00  0.00    0.00    0.00                 
  0.00  9.41 3166.19   -1.74 F2F2            
  0.00  0.00    0.00    0.00                 
  0.00  0.00    0.00    0.00                 
  0.00  9.41 3166.19   -1.74 F2F2            
  0.00  0.00    0.00    0.00                 
  0.00  0.00    0.00    0.00                 
  0.00  9.41 3166.19   -1.74 F2F2            
  0.00  0.00    0.00    0.00                 
  0.00  0.00    0.00    0.00                 
  0.00  9.41 3166.19   -1.74 F2F2            
  0.00  0.00    0.00    0.00                 
  0.00  0.00    0.00    0.00                 
  0.00  9.41 3166.19   -1.74 F2F2            
  0.00  0.00    0.00    0.00                 
  0.00  0.00    0.00    0.00                 
  0.00  9.41 3166.19   -1.74 F2F2            
  0.00  0.00    0.00    0.00                 
  0.00  0.00    0.00    0.00                 
  0.00  9.41 3166.19   -1.74 F2F2            
  0.00  0.00    0.00    0.00                 
  0.00  0.00    0.00    0.00                 
  0.00  9.41 3166.19   -1.74 F2F2            
  0.00  0.00    0.00    0.00                 
  0.00  0.00    0.00    0.00                 
  0.00  9.41 3166.19   -1.74 F2F2            
  0.00  0.00    0.00    0.00                 
  0.00  0.00    0.00    0.00                 
  0.00  9.41 3166.19   -1.74 F2F2            
  0.00  0.00    0.00    0.00                 
  0.00  0.00    0.00    0.00                 
  0.00  9.41 3166.19   -1.74 F2F2            
  0.00  0.00    0.00    0.00                 
  0.00  0.00    0.00    0.00                 
  0.00  9.41 3166.19   -1.74 F2F2            
  0.00  0.00    0.00    0.00                 
  0.00  0.00    0.00    0.00                 
  0.00  9.41 3166.19   -1.74 F2F2            
  0.00  0.00    0.00    0.00                 
  0.00  0.00    0.00    0.00                 
  0.00  9.41 3166.19   -1.74 F2F2            
  0.00  0.00    0.00    0.00                 
  0.00  0.00    0.00    0.00                 
  0.00  9.41 3166.19   -1.74 F2F2            
  0.00  0.00    0.00    0.00                 
  0.00  0.00    0.00    0.00                 
  0.00  9.41 3166.19   -1.74 F2F2            
  0.00  0.00    0.00    0.00                 
  0.00  0.00    0.00    0.00                 
  0.00  9.41 3166.19   -1.74 F2F2            
  0.00  0.00    0.00    0.00                 
  0.00  0.00    0.00    0.00                 
  0.00  9.41 3166.19   -1.74 F2F2            
  0.00  0.00    0.00    0.00                 
  0.00  0.00    0.00    0.00                 
  0.00  9.41 3166.19   -1.74 F2F2            
  0.00  0.00    0.00    0.00                 
  0.00  0.00    0.00    0.00                 
  0.00  9.41 3166.19   -1.74 F2F2            
  0.00  0.00    0.00    0.00                 
  0.00  0.00    0.00    0.00                 
  0.00  9.41 3166.19   -1.74 F2F2            
  0.00  0.00    0.00    0.00                 
  0.00  0.00    0.00    0.00                 
  0.00  9.41 3166.19   -1.74 F2F2            
  0.00  0.00    0.00    0.00                 
  0.00  0.00    0.00    0.00                 
  0.00  9.41 3166.19   -1.74 F2F2            
  0.00  0.00    0.00    0.00                 
  0.00  0.00    0.00    0.00                 
  0.00  9.41 3166.19   -1.74 F2F2            
  0.00  0.00    0.00    0.00                 
  0.00  0.00    0.00    0.00                 
  0.00  9.41 3166.19   -1.74 F2F2            
  0.00  0.00    0.00    0.00                 
  0.00  0.00    0.00    0.00                 
  0.00  9.41 3166.19   -1.74 F2F2            
  0.00  0.00    0.00    0.00                 
  0.00  0.00    0.00    0.00                 
  0.00  9.41 3166.19   -1.74 F2F2            
  0.00  0.00    0.00    0.00                 
  0.00  0.00    0.00    0.00                 
  0.00  9.41 3166.19   -1.74 F2F2            
  0.00  0.00    0.00    0.00                 
  0.00  0.00    0.00    0.00                 
  0.00  9.41 3166.19   -1.74 F2F2            
  0.00  0.00    0.00    0.00                 
  0.00  0.00    0.00    0.00                 
  0.00  9.41 3166.19   -1.74 F2F2            
  0.00  0.00    0.00    0.00                 
  0.00  0.00    0.00    0.00                 
  0.00  9.41 3166.19   -1.74 F2F2            
  0.00  0.00    0.00    0.00                 
  0.00  0.00    0.00    0.00                 
  0.00  9.41 3166.19   -1.74 F2F2            
  0.00  0.00    0.00    0.00                 
  0.00  0.00    0.00    0.00                 
  0.00  9.41 3166.19   -1.74 F2F2            
  0.00  0.00    0.00    0.00                 
  0.00  0.00    0.00    0.00                 
  0.00  9.41 3166.19   -1.74 F2F2            
  0.00  0.00    0.00    0.00                 
  0.00  0.00    0.00    0.00                 
  0.00  9.41 3166.19   -1.74 F2F2            
  0.00  0.00    0.00    0.00                 
  0.00  0.00    0.00    0.00                 
  0.00  9.41 3166.19   -1.74 F2F2            
  0.00  0.00    0.00    0.00                 
  0.00  0.00    0.00    0.00                 
  0.00  9.41 3166.19   -1.74 F2F2            
  0.00  0.00    0.00    0.00                 
  0.00  0.00    0.00    0.00                 
  0.00  9.41 3166.19   -1.74 F2F2            
  0.00  0.00    0.00    0.00                 
  0.00  0.00    0.00    0.00                 
  0.00  9.41 3166.19   -1.74 F2F2            
  0.00  0.00    0.00    0.00                 
  0.00  0.00    0.00    0.00                 
  0.00  9.41 3166.19   -1.74 F2F2            
  0.00  0.00    0.00    0.00                 
  0.00  0.00    0.00    0.00                 
  0.00  9.41 3166.19   -1.74 F2F2            
  0.00  0.00    0.00    0.00                 
  0.00  0.00    0.00    0.00                 
  0.00  9.41 3166.19   -1.74 F2F2            
  0.00  0.00    0.00    0.00                 
  0.00  0.00    0.00    0.00                 
  0.00  9.41 3166.19   -1.74 F2F2            
  0.00  0.00    0.00    0.00                 
  0.00  0.00    0.00    0.00                 
  0.00  9.41 3166.19   -1.74 F2F2            
  0.00  0.00    0.00    0.00                 
  0.00  0.00    0.00    0.00                 
  0.00  9.41 3166.19   -1.74 F2F2            
  0.00  0.00    0.00    0.00                 
  0.00  0.00    0.00    0.00                 
  0.00  9.41 3166.19   -1.74 F2F2            
  0.00  0.00    0.00    0.00                 
  0.00  0.00    0.00    0.00                 
  0.00  9.41 3166.19   -1.74 F2F2            
  0.00  0.00    0.00    0.00                 
  0.00  0.00    0.00    0.00                 
  0.00  9.41 3166.19   -1.74 F2F2            
  0.00  0.00    0.00    0.00                 
  0.00  0.00    0.00    0.00                 
  0.00  9.41 3166.19   -1.74 F2F2            
  0.00  0.00    0.00    0.00                 
  0.00  0.00    0.00    0.00                 
  0.00  9.41 3166.19   -1.74 F2F2            
  0.00  0.00    0.00    0.00                 
  0.00  0.00    0.00    0.00                 
  0.00  9.41 3166.19   -1.74 F2F2            
  0.00  0.00    0.00    0.00                 
  0.00  0.00    0.00    0.00                 
  0.00  9.41 3166.19   -1.74 F2F2            
  0.00  0.00    0.00    0.00                 
  0.00  0.00    0.00    0.00                 
  0.00  9.41 3166.19   -1.74 F2F2            
  0.00  0.00    0.00    0.00                 
  0.00  0.00    0.00    0.00                 
  0.00  9.41 3166.19   -1.74 F2F2            
  0.00  0.00    0.00    0.00                 
  0.00  0.00    0.00    0.00                 
  0.00  9.41 3166.19   -1.74 F2F2            
  0.00  0.00    0.00    0.00                 
  0.00  0.00    0.00    0.00                 
  0.00  9.41 3166.19   -1.74 F2F2            
  0.00  0.00    0.00    0.00                 
  0.00  0.00    0.00    0.00                 
  0.00  9.41 3166.19   -1.74 F2F2            
  0.00  0.00    0.00    0.00                 
  0.00  0.00    0.00    0.00                 
  0.00  9.41 3166.19   -1.74 F2F2            
  0.00  0.00    0.00    0.00                 
  0.00  0.00    0.00    0.00                 
  0.00  9.41 3166.19   -1.74 F2F2            
  0.00  0.00    0.00    0.00                 
  0.00  0.00    0.00    0.00                 
  0.00  9.41 3166.19   -1.74 F2F2            
  0.00  0.00    0.00    0.00                 
  0.00  0.00    0.00    0.00                 
  0.00  9.41 3166.19   -1.74 F2F2            
  0.00  0.00    0.00    0.00                 
  0.00  0.00    0.00    0.00                 
  0.00  9.41 3166.19   -1.74 F2F2            
  0.00  0.00    0.00    0.00                 
  0.00  0.00    0.00    0.00                 
  0.00  9.41 3166.19   -1.74 F2F2            
  0.00  0.00    0.00    0.00                 
  0.00  0.00    0.00    0.00                 
  0.00  9.41 3166.19   -1.74 F2F2            
  0.00  0.00    0.00    0.00                 
  0.00  0.00    0.00    0.00                 
  0.00  9.41 3166.19   -1.74 F2F2            
  0.00  0.00    0.00    0.00                 
  0.00  0.00    0.00    0.00                 
  0.00  9.41 3166.19   -1.74 F2F2            
  0.00  0.00    0.00    0.00                 
  0.00  0.00    0.00    0.00                 
  0.00  9.41 3166.19   -1.74 F2F2            
  0.00  0.00    0.00    0.00                 
  0.00  0.00    0.00    0.00                 
  0.00  9.41 3166.19   -1.74 F2F2            
  0.00  0.00    0.00    0.00                 
  0.00  0.00    0.00    0.00                 
  0.00  9.41 3166.19   -1.74 F2F2            
  0.00  0.00    0.00    0.00                 
  0.00  0.00    0.00    0.00                 
  0.00  9.41 3166.19   -1.74 F2F2            
  0.00  0.00    0.00    0.00                 
  0.00  0.00    0.00    0.00                 
  0.00  9.41 3166.19   -1.74 F2F2            
  0.00  0.00    0.00    0.00                 
  0.00  0.00    0.00    0.00                 
  0.00  9.41 3166.19   -1.74 F2F2            
  0.00  0.00    0.00    0.00                 
  0.00  0.00    0.00    0.00                 
  0.00  9.41 3166.19   -1.74 F2F2            
  0.00  0.00    0.00    0.00                 
  0.00  0.00    0.00    0.00                 
  0.00  9.41 3166.19   -1.74 F2F2            
  0.00  0.00    0.00    0.00                 
  0.00  0.00    0.00    0.00                 
  0.00  9.41 3166.19   -1.74 F2F2            
  0.00  0.00    0.00    0.00                 
  0.00  0.00    0.00    0.00                 
  0.00  9.41 3166.19   -1.74 F2F2            
  0.00  0.00    0.00    0.00                 
  0.00  0.00    0.00    0.00                 
  0.00  9.41 3166.19   -1.74 F2F2            
  0.00  0.00    0.00    0.00                 
  0.00  0.00    0.00    0.00                 
  0.00  9.41 3166.19   -1.74 F2F2            
  0.00  0.00    0.00    0.00                 
  0.00  0.00    0.00    0.00                 
  0.00  9.41 3166.19   -1.74 F2F2            
  0.00  0.00    0.00    0.00                 
  0.00  0.00    0.00    0.00                 
  0.00  9.41 3166.19   -1.74 F2F2            
  0.00  0.00    0.00    0.00                 
  0.00  0.00    0.00    0.00                 
  0.00  9.41 3166.19   -1.74 F2F2            
  0.00  0.00    0.00    0.00                 
  0.00  0.00    0.00    0.00                 
  0.00  9.41 3166.19   -1.74 F2F2            
  0.00  0.00    0.00    0.00                 
  0.00  0.00    0.00    0.00                 
  0.00  9.41 3166.19   -1.74 F2F2            
  0.00  0.00    0.00    0.00                 
  0.00  0.00    0.00    0.00                 
  0.00  9.41 3166.19   -1.74 F2F2            
  0.00  0.00    0.00    0.00                 
 18.48 21.63 1138.77  -91.69 F2              
 18.48 23.96 2160.82  -92.05 F2F2            
 18.48 25.69 3127.64  -92.21 F2F2F2          
 47.79 45.35  547.33   73.36 F2              
 47.79 41.72 1216.00   74.87 F2F2            
 47.79  0.00    0.00    0.00                 
 30.93 33.93  753.40  -80.72 F2              
 30.93 35.95 1429.26  -81.41 F2F2            
 30.93 37.18 2068.19  -82.04 F2F2F2          
 32.61 34.52  750.88   22.15 F2              
 32.61 34.58 1517.66   23.58 F2F2            
 32.61 29.83 2508.81   25.07 F2F2F2          
 12.94 17.14 1402.72  -82.84 F2              
 12.94 19.60 2644.85  -83.05 F2F2            
 12.94 21.12 3860.67  -83.10 F2F2F2          
 19.07 22.95 1082.11  -70.12 F2              
 19.07 24.93 2014.34  -70.46 F2F2            
 19.07 25.99 2902.80  -70.71 F2F2F2          
  0.03  3.46 2709.55   -3.64 F2              
  0.03  0.00    0.00    0.00                 
  0.03 25.99 2902.80  -70.71 F2F2F2          
 20.17 23.96 1044.38  -71.47 F2              
 20.17 25.97 1947.05  -71.86 F2F2            
 20.17 27.05 2806.00  -72.16 F2F2F2          
 28.46 25.19  960.83  103.67 F2              
 28.46 24.51 2050.31  103.38 F2F2            
 28.46 26.16 3137.14  102.31 F2F2F2          
 26.92 30.20  845.65  -76.74 F2              
 26.92 32.26 1594.21  -77.33 F2F2            
 26.92 33.42 2302.19  -77.84 F2F2F2          
 27.11 30.24  843.75  -80.17 F2              
 27.11 32.25 1595.63  -80.78 F2F2            
 27.11 33.44 2308.53  -81.31 F2F2F2          
  0.00  0.00    0.00    0.00                 
  0.00 32.25 1595.63  -80.78 F2F2            
  0.00 33.44 2308.53  -81.31 F2F2F2          
 27.98 24.71  978.31  102.11 F2              
 27.98 23.87 2095.01  101.87 F2F2            
 27.98 25.28 3220.81  100.88 F2F2F2          
 24.08 28.25  906.48  -55.66 F2              
 24.08 30.41 1679.60  -55.98 F2F2            
 24.08 31.26 2409.11  -56.19 F2F2F2          
  9.38 14.68 1715.31 -106.12 F2              
  9.38 18.75 3175.38 -106.18 F2F2            
  9.38  0.00    0.00    0.00                 
 35.73 38.36  664.88  -87.90 F2              
 35.73 40.27 1269.28  -88.78 F2F2            
 35.73 41.60 1841.18  -89.57 F2F2F2          
 16.02 20.23 1209.24  -67.86 F2              
 16.02 22.22 2233.98  -68.14 F2F2            
 16.02 23.30 3217.45  -68.32 F2F2F2          
 13.67 18.28 1311.71  -59.64 F2              
 13.67 20.07 2402.95  -59.80 F2F2            
 13.67 21.15 3452.45  -59.84 F2F2F2          
  0.00  0.00    0.00    0.00                 
  0.00 20.07 2402.95  -59.80 F2F2            
  0.00 21.15 3452.45  -59.84 F2F2F2          
  0.00  0.00    0.00    0.00 Es              
  0.00 20.07 2402.95  -59.80 F2F2            
  0.00 21.15 3452.45  -59.84 F2F2F2          
  0.07  2.32 2729.97   -1.16 F2              
  0.07  0.00    0.00    0.00                 
  0.07 21.15 3452.45  -59.84 F2F2F2          
 12.67 17.02 1410.29  -78.04 F2              
 12.67 19.37 2636.22  -78.27 F2F2            
 12.67 20.77 3845.19  -78.35 F2F2F2          
  0.00  0.00    0.00    0.00                 
  0.00 19.37 2636.22  -78.27 F2F2            
  0.00 20.77 3845.19  -78.35 F2F2F2          
  0.08  2.46 2719.92   -2.36 F2              
  0.08  0.00    0.00    0.00                 
  0.08 20.77 3845.19  -78.35 F2F2F2          
 26.79 30.20  848.74  -74.44 F2              
 26.79 32.31 1595.21  -75.04 F2F2            
 26.79 33.48 2299.23  -75.56 F2F2F2          
 25.96 29.20  874.53  -78.76 F2              
 25.96 31.25 1649.09  -79.37 F2F2            
 25.96 32.43 2383.05  -79.88 F2F2F2          
  0.00  0.00    0.00    0.00                 
  0.00 31.25 1649.09  -79.37 F2F2            
  0.00 32.43 2383.05  -79.88 F2F2F2          
 39.56 36.40  688.15  101.17 F2              
 39.56 34.22 1481.22  101.17 F2F2            
 39.56 33.66 2364.04  100.36 F2F2F2          
  0.00  0.00    0.00    0.00                 
  0.00 34.22 1481.22  101.17 F2F2            
  0.00 33.66 2364.04  100.36 F2F2F2          
 23.98 26.18  963.13 -105.35 F2              
 23.98 28.57 1847.80 -105.83 F2F2            
 23.98 30.89 2670.87 -106.05 F2F2F2          
 34.85 38.47  671.23  -64.84 F2              
 34.85 40.99 1259.22  -65.48 F2F2            
 34.85 42.45 1803.28  -66.11 F2F2F2          
 24.96 28.37  900.08  -76.03 F2              
 24.96 30.45 1690.83  -76.61 F2F2            
 24.96 31.60 2439.22  -77.10 F2F2F2          
  0.00  0.00    0.00    0.00                 
  0.00 30.45 1690.83  -76.61 F2F2            
  0.00 31.60 2439.22  -77.10 F2F2F2          
  0.19  1.34 2216.86 -177.53 E               
  0.19  2.95 4245.71 -177.59 EE              
  0.19  0.00    0.00    0.00                 
 16.32 14.86 1489.57  122.10 F2              
 16.32 21.38 2729.61  121.26 F2F2            
 16.32 22.68 3619.09  120.28 F2F2F2          
 20.28 23.09 1081.15  -95.28 F2              
 20.28 25.49 2056.52  -95.72 F2F2            
 20.28 27.47 2971.33  -95.93 F2F2F2          
 27.15 30.28  846.56  -80.61 F2              
 27.15 32.33 1599.55  -81.29 F2F2            
 27.15 33.56 2312.64  -81.87 F2F2F2          
  2.50  2.14 1930.83    9.70 Es              
  2.50  0.00    0.00    0.00                 
  2.50 33.56 2312.64  -81.87 F2F2F2          
 38.43 41.24  618.38  -83.78 F2              
 38.43 43.30 1176.05  -84.78 F2F2            
 38.43 44.69 1699.38  -85.76 F2F2F2          
 19.67 23.19 1081.49  -80.17 F2              
 19.67 25.32 2027.71  -80.66 F2F2            
 19.67 26.57 2931.85  -81.01 F2F2F2          
 40.37 42.61  592.70  -96.40 F2              
 40.37 44.33 1137.81  -97.48 F2F2            
 40.37 45.73 1654.67  -98.43 F2F2F2          
 16.76 21.14 1171.93  -63.99 F2              
 16.76 23.15 2151.55  -64.31 F2F2            
 16.76 24.17 3084.85  -64.53 F2F2F2          
  0.00  0.00    0.00    0.00 F2              
  0.00 23.15 2151.55  -64.31 F2F2            
  0.00 24.17 3084.85  -64.53 F2F2F2          
  0.00  0.00    0.00    0.00                 
  0.00 23.15 2151.55  -64.31 F2F2            
  0.00 24.17 3084.85  -64.53 F2F2F2          
  0.00  0.00    0.00    0.00                 
  0.00 23.15 2151.55  -64.31 F2F2            
  0.00 24.17 3084.85  -64.53 F2F2F2          
  0.00  0.00    0.00    0.00                 
  0.00 23.15 2151.55  -64.31 F2F2            
  0.00 24.17 3084.85  -64.53 F2F2F2          
  0.00  0.00    0.00    0.00                 
  0.00 23.15 2151.55  -64.31 F2F2            
  0.00 24.17 3084.85  -64.53 F2F2F2          
  0.00  0.00    0.00    0.00                 
  0.00 23.15 2151.55  -64.31 F2F2            
  0.00 24.17 3084.85  -64.53 F2F2F2          
  0.00  0.00    0.00    0.00                 
  0.00 23.15 2151.55  -64.31 F2F2            
  0.00 24.17 3084.85  -64.53 F2F2F2          
  0.00  0.00    0.00    0.00                 
  0.00 23.15 2151.55  -64.31 F2F2            
  0.00 24.17 3084.85  -64.53 F2F2F2          
  0.00  0.00    0.00    0.00                 
  0.00 23.15 2151.55  -64.31 F2F2            
  0.00 24.17 3084.85  -64.53 F2F2F2          
  0.00  0.00    0.00    0.00                 
  0.00 23.15 2151.55  -64.31 F2F2            
  0.00 24.17 3084.85  -64.53 F2F2F2          
  0.00  0.00    0.00    0.00                 
  0.00 23.15 2151.55  -64.31 F2F2            
  0.00 24.17 3084.85  -64.53 F2F2F2          
  0.00  0.00    0.00    0.00                 
  0.00 23.15 2151.55  -64.31 F2F2            
  0.00 24.17 3084.85  -64.53 F2F2F2          
  0.00  0.00    0.00    0.00                 
  0.00 23.15 2151.55  -64.31 F2F2            
  0.00 24.17 3084.85  -64.53 F2F2F2          
  0.00  0.00    0.00    0.00                 
  0.00 23.15 2151.55  -64.31 F2F2            
  0.00 24.17 3084.85  -64.53 F2F2F2          
  0.00  0.00    0.00    0.00                 
  0.00 23.15 2151.55  -64.31 F2F2            
  0.00 24.17 3084.85  -64.53 F2F2F2          
  0.00  0.00    0.00    0.00                 
  0.00 23.15 2151.55  -64.31 F2F2            
  0.00 24.17 3084.85  -64.53 F2F2F2          
  0.00  0.00    0.00    0.00                 
  0.00 23.15 2151.55  -64.31 F2F2            
  0.00 24.17 3084.85  -64.53 F2F2F2          
  0.00  0.00    0.00    0.00                 
  0.00 23.15 2151.55  -64.31 F2F2            
  0.00 24.17 3084.85  -64.53 F2F2F2          
  0.00  0.00    0.00    0.00                 
  0.00 23.15 2151.55  -64.31 F2F2            
  0.00 24.17 3084.85  -64.53 F2F2F2          
  0.00  0.00    0.00    0.00                 
  0.00 23.15 2151.55  -64.31 F2F2            
  0.00 24.17 3084.85  -64.53 F2F2F2          
  0.00  0.00    0.00    0.00                 
  0.00 23.15 2151.55  -64.31 F2F2            
  0.00 24.17 3084.85  -64.53 F2F2F2          
  0.00  0.00    0.00    0.00                 
  0.00 23.15 2151.55  -64.31 F2F2            
  0.00 24.17 3084.85  -64.53 F2F2F2          
  0.00  0.00    0.00    0.00                 
  0.00 23.15 2151.55  -64.31 F2F2            
  0.00 24.17 3084.85  -64.53 F2F2F2          
  0.00  0.00    0.00    0.00                 
  0.00 23.15 2151.55  -64.31 F2F2            
  0.00 24.17 3084.85  -64.53 F2F2F2          
  0.00  0.00    0.00    0.00                 
  0.00 23.15 2151.55  -64.31 F2F2            
  0.00 24.17 3084.85  -64.53 F2F2F2          
  0.00  0.00    0.00    0.00                 
  0.00 23.15 2151.55  -64.31 F2F2            
  0.00 24.17 3084.85  -64.53 F2F2F2          
  0.00  0.00    0.00    0.00                 
  0.00 23.15 2151.55  -64.31 F2F2            
  0.00 24.17 3084.85  -64.53 F2F2F2          
  0.08  2.91 2124.69  -65.26 Es              
  0.08  3.55 3841.47  -65.22 EEs             
  0.08  0.00    0.00    0.00                 
 16.09 20.92 1199.09  -62.16 F2              
 16.09 23.04 2178.38  -62.57 F2F2            
 16.09 24.00 3109.47  -62.86 F2F2F2          
 26.80 30.93  846.01  -65.11 F2              
 26.80 33.46 1565.40  -65.81 F2F2            
 26.80 34.73 2233.18  -66.47 F2F2F2          
  7.25 13.78 1676.01   -7.82 F2              
  7.25  9.54 3284.90   -7.48 F2F2            
  7.25  0.00    0.00    0.00                 
 25.64 29.94  873.61  -62.66 F2              
 25.64 32.49 1610.62  -63.30 F2F2            
 25.64 33.69 2294.83  -63.90 F2F2F2          
 22.49 26.93  962.94  -62.40 F2              
 22.49 29.36 1767.56  -62.98 F2F2            
 22.49 30.43 2518.90  -63.47 F2F2F2          
  0.00  0.00    0.00    0.00                 
  0.00 29.36 1767.56  -62.98 F2F2            
  0.00 30.43 2518.90  -63.47 F2F2F2          
  0.00  0.00    0.00    0.00                 
  0.00 29.36 1767.56  -62.98 F2F2            
  0.00 30.43 2518.90  -63.47 F2F2F2          
  0.00  0.00    0.00    0.00                 
  0.00 29.36 1767.56  -62.98 F2F2            
  0.00 30.43 2518.90  -63.47 F2F2F2          
  0.00  0.00    0.00    0.00                 
  0.00 29.36 1767.56  -62.98 F2F2            
  0.00 30.43 2518.90  -63.47 F2F2F2          
  0.00  0.00    0.00    0.00                 
  0.00 29.36 1767.56  -62.98 F2F2            
  0.00 30.43 2518.90  -63.47 F2F2F2          
 29.90 29.39  878.56  150.15 F2              
 29.90 35.97 1646.88  149.32 F2F2            
 29.90 41.78 2228.63  148.39 F2F2F2          
 31.31 30.73  840.58  152.43 F2              
 31.31 37.03 1584.09  151.61 F2F2            
 31.31 43.12 2153.06  150.71 F2F2F2          
 25.89 30.27  867.16  -62.61 F2              
 25.89 32.91 1596.20  -63.30 F2F2            
 25.89 34.15 2271.27  -63.95 F2F2F2          
 15.23 20.33 1234.06  -60.56 F2              
 15.23 22.42 2230.29  -60.97 F2F2            
 15.23 23.35 3178.64  -61.25 F2F2F2          
 23.25 27.82  938.75  -61.24 F2              
 23.25 30.38 1719.66  -61.86 F2F2            
 23.25 31.47 2445.79  -62.41 F2F2F2          
 27.26 31.57  832.88  -62.93 F2              
 27.26 34.26 1536.15  -63.66 F2F2            
 27.26 35.57 2185.92  -64.35 F2F2F2          
 25.81 26.45  986.91  152.68 F2              
 25.81 34.72 1789.34  151.92 F2F2            
 25.81 39.20 2368.49  151.19 F2F2F2          
 28.89 28.09  917.01  140.92 F2              
 28.89 34.20 1730.18  139.99 F2F2            
 28.89 40.21 2349.26  138.71 F2F2F2          
  0.10  2.46 2137.29  -57.27 Es              
  0.10  3.82 3953.55  -57.23 EEs             
  0.10  0.00    0.00    0.00                 
 11.35 17.48 1413.97  -53.07 F2              
 11.35 18.94 2507.87  -53.34 F2F2            
 11.35 19.67 3588.13  -53.43 F2F2F2          
 24.01 25.63  993.01 -118.33 F2              
 24.01 28.87 1902.26 -118.65 F2F2            
 24.01 31.64 2728.47 -118.69 F2F2F2          
  0.21  3.27 2033.65 -117.21 E               
  0.21  3.71 3679.22 -117.22 EE              
  0.21  0.00    0.00    0.00                 
 18.89 21.10 1188.81 -118.85 F2              
 18.89 25.12 2244.22 -119.03 F2F2            
 18.89 27.69 3184.98 -119.01 F2F2F2          
 28.98 32.77  801.10  -72.98 F2              
 28.98 35.29 1493.17  -73.99 F2F2            
 28.98 36.67 2136.28  -74.95 F2F2F2          
 22.42 26.89  971.54  -67.50 F2              
 22.42 29.39 1783.42  -68.26 F2F2            
 22.42 30.57 2541.88  -68.95 F2F2F2          
  0.11 11.06 2544.59  -69.22 F2              
  0.11  0.00    0.00    0.00                 
  0.11 30.57 2541.88  -68.95 F2F2F2          
